2,1
48	562	97	533	1437	1251	1285	1108	539	440	1069	1317	326	273	1079	832	850	744	501	764	345	1238	1013	1214	299	370	115	793	35	372	344	125	1414	1506	991	1352	233	775	808	839	1246	1331	1058	102	1378	1432	748	64	123	481
36	1342	470	964	1306	301	369	896	773	965	869	1418	961	1123	1090	217	1000	1082	31	1242	74	1615	1545	130	366	1547	1284	230	1129	108	633	786	375	417	339	452	212	794	667	731	1218	348	1459	1241	507	886	619	907	336	1195
191	60	1278	1416	56	1254	264	970	612	1423	454	1088	1276	829	691	899	1054	897	67	494	428	1133	1491	317	962	1268	421	1154	661	1307	601	1553	126	1583	449	576	863	220	475	34	1320	143	1577	1099	1269	491	392	87	359	120
591	1566	1134	876	413	890	24	817	1101	1330	756	638	1543	1100	643	85	1137	1358	604	668	383	203	1465	463	1505	267	1597	1385	403	471	1363	1042	1486	1148	1476	1303	1314	1167	684	1247	1587	384	69	131	1166	244	1132	1380	1481	225
334	379	1308	329	1243	1057	1602	1376	828	909	700	1422	133	879	966	649	1263	1259	621	1609	1457	332	270	7	1431	1471	654	318	1293	218	564	721	544	558	1040	598	647	1581	1239	96	1541	637	537	109	1117	171	1433	278	367	1
27	910	1608	1498	707	146	1351	234	145	153	922	1428	596	1197	802	1249	1475	307	1026	1409	1189	16	426	589	1549	1585	304	1203	75	857	1036	435	29	1487	824	990	776	528	190	782	742	567	800	1178	565	579	529	660	725	1104
763	1582	1464	1357	1515	1527	1600	854	672	1513	1143	1124	904	729	112	1211	1542	1382	28	1310	1059	361	958	693	1401	1568	703	1386	1200	414	846	124	948	1336	303	175	1260	1604	323	940	1349	843	900	678	734	1346	298	957	1216	245
788	1191	895	43	861	1041	247	228	1463	718	47	1244	194	942	1068	1525	418	486	1540	844	1207	1173	936	489	1196	11	1067	930	73	450	976	261	588	222	1215	518	798	274	1570	960	663	1163	1458	483	1524	893	1551	979	1589	689
1334	1434	1162	884	866	1353	615	810	722	987	1379	512	223	816	118	1194	1304	555	932	1051	1605	1181	1272	617	39	949	704	188	1212	1300	996	695	1007	1548	78	179	142	1438	1076	1613	202	1404	809	1085	819	1407	121	72	778	1318
781	110	1531	1516	954	1403	510	752	211	1248	952	951	1112	524	1187	577	1350	618	625	1574	989	1408	572	1398	636	1311	761	325	935	811	139	427	271	822	688	903	805	68	1415	559	1584	939	354	1199	37	723	1396	1616	887	593
1094	1528	1511	774	1391	1325	445	174	387	1151	616	1493	305	1323	3	1161	838	968	1383	447	894	571	104	363	1430	1044	1612	1539	1503	573	1126	1601	986	1411	532	719	22	164	613	795	1164	381	1116	882	151	514	461	685	994	365
1517	172	750	229	995	1223	820	80	438	157	699	1022	1213	666	1102	1394	1514	1172	177	1410	1367	1093	1550	1087	827	767	341	1395	482	708	657	498	431	300	1343	1156	282	358	1176	52	1455	870	1603	467	821	411	1298	784	373	20
152	1389	1002	41	980	1255	1155	679	873	280	495	173	1061	789	550	439	51	1118	425	845	1526	224	908	538	953	880	751	30	204	1598	180	420	199	1165	1018	941	525	1175	213	1220	1014	255	872	106	1012	815	963	1429	1536	1009
1474	1468	1120	374	6	1122	226	397	437	419	196	520	378	1266	945	603	442	1301	82	521	1446	1035	1313	1049	803	769	500	287	335	730	416	858	1030	1405	738	1578	1046	1227	906	1538	511	855	1518	860	1297	658	1469	739	924	479
835	1338	779	1139	590	1467	881	665	1138	236	399	95	284	441	554	1055	492	946	155	1198	981	477	1063	1192	1153	833	1592	101	215	1435	140	1050	582	410	79	842	253	1501	249	1029	205	1452	393	891	1031	88	242	898	1461	349
513	772	250	99	1219	243	1281	1579	735	1179	1140	1595	611	1470	10	276	193	1370	859	504	1083	840	1347	434	1256	443	45	955	745	526	997	385	1234	1448	1034	53	563	342	132	1158	1252	682	841	1288	195	1152	1081	683	1273	141
508	580	1064	982	905	147	238	1003	474	1277	57	285	1190	197	138	646	23	566	812	1329	1591	92	712	1019	1062	163	1005	1460	1186	448	1086	1322	531	687	874	1534	1257	1537	973	1265	1447	216	302	176	114	915	484	609	429	386
315	181	65	916	277	262	292	1335	1449	1008	999	696	1425	1365	1567	1508	1427	711	1356	675	1048	716	546	1480	1128	9	1092	337	1319	408	76	235	1221	248	33	628	1016	1495	799	240	312	1377	705	1114	871	1084	1590	883	8	1226
741	868	192	353	1202	1557	444	706	294	1274	1174	487	1282	569	499	1420	49	622	1177	12	1141	933	1208	169	1337	548	585	496	823	912	430	1556	545	259	807	530	1530	1264	170	702	252	1328	911	458	1145	602	1576	831	1562	1341
260	1332	1183	322	758	867	94	1025	1286	635	473	629	351	709	931	1375	1296	984	83	505	664	1450	398	457	1261	357	254	161	116	1232	1253	1302	920	631	19	1575	485	1295	263	792	1521	608	167	1563	295	1321	423	237	584	549
321	969	992	100	614	1339	592	1490	971	84	1111	519	1015	720	456	754	42	669	122	135	692	768	186	697	578	547	1115	1053	293	1489	726	1359	804	1056	415	1509	770	743	1109	988	1478	1074	673	698	1157	1121	1160	993	1500	913
183	517	834	878	983	1205	568	950	1402	1144	639	184	309	198	1354	1080	1369	1290	1131	389	1184	814	159	1071	790	166	1188	1355	1231	681	610	623	1201	1348	1193	1045	1424	536	791	594	1089	460	1373	272	200	311	1052	1360	581	1023
937	1017	1614	836	402	1412	352	1496	1473	943	1185	1235	1507	1510	21	1096	1532	1004	388	1559	105	1217	91	740	771	626	1439	853	156	1245	967	466	1150	1466	1024	497	86	396	257	1421	849	231	462	1479	1484	1305	407	1028	1462	296
1371	1499	478	1001	503	107	765	934	377	70	1105	1262	390	424	333	728	641	862	1171	1453	1142	154	1494	600	1392	136	50	864	753	1283	1384	241	757	1327	98	1443	451	1535	583	1107	405	956	634	694	61	1170	400	162	59	1011
306	1027	316	759	1324	676	1070	651	119	210	509	523	266	570	1441	129	279	522	81	926	888	14	469	178	947	620	1588	111	677	1135	468	1038	214	1497	327	160	476	1607	26	1436	1523	182	1039	25	275	1316	901	1326	1073	885
38	848	1372	1560	586	1399	382	465	343	1558	1483	66	1229	338	1250	642	289	433	148	852	686	227	724	149	1236	975	1125	1610	605	587	737	488	1292	659	1047	113	1309	1456	308	1572	265	320	560	1599	1209	851	63	889	144	219
1565	837	928	1504	650	58	1561	2	208	1573	599	938	251	391	1299	1130	541	1413	959	1222	17	542	1426	1010	575	281	1280	1113	1333	187	207	165	1312	927	892	246	269	288	830	1182	1275	1060	394	701	977	297	1043	978	310	553
1291	1136	291	632	1315	1512	1529	787	918	644	714	1519	189	710	1271	5	1442	925	1169	1228	515	826	1340	432	453	847	362	1230	1564	127	561	209	314	331	656	552	404	806	368	1225	1066	902	117	493	1294	324	556	0	1033	55
1533	1127	1546	455	595	1472	717	875	319	18	813	1400	1210	1110	350	46	168	674	944	340	221	1544	436	1580	627	998	258	137	330	376	1006	158	972	1204	32	150	1287	777	103	347	551	540	1374	727	516	929	1037	1237	206	985
1611	877	1279	412	328	648	346	1451	1482	680	1606	736	607	917	1445	459	1397	1072	1593	506	1522	1106	923	355	1119	446	1091	534	766	422	380	201	1381	671	128	1168	1020	401	1233	286	268	90	1065	464	1361	1440	1502	1258	1390	921
1077	690	785	1267	1103	1075	1362	1364	797	535	914	640	713	557	818	865	747	313	749	232	364	185	62	480	732	780	624	662	746	597	1270	134	1021	655	856	1485	783	360	290	1206	1388	1555	71	4	645	44	472	762	1492	801
796	715	1159	1454	1419	1594	1095	630	1488	1571	15	1417	1240	1098	1596	760	606	919	406	1586	93	1554	283	825	543	1345	652	89	670	1366	653	1406	409	755	13	1477	77	1078	974	1224	1569	574	1146	1387	1368	54	395	239	356	1552
371	1444	502	40	490	256	1097	1032	1520	733	1180	1147	1393	1344	527	1149	1289	326	497	1003	1121	88	855	914	887	1573	506	1353	1317	130	1262	1180	1306	403	1362	420	673	815	1551	985	42	58	176	286	216	976	101	236	610	613
1102	679	918	146	147	1101	554	1561	1036	1325	46	310	619	420	559	1305	1616	861	1122	1076	1574	1018	218	1117	1609	322	718	1132	884	1486	1105	470	611	498	792	1346	1272	1604	965	711	1371	229	673	880	107	1420	325	1266	1093	1181
235	1218	1537	1203	660	502	597	414	1027	1262	1221	953	1562	37	926	840	493	1220	831	1193	731	1168	1056	824	1025	1461	483	1170	338	803	753	396	924	1441	749	1178	817	484	857	1322	1370	1114	1526	1182	1383	1400	1177	1552	647	1343
847	1234	850	727	1548	1012	1175	969	839	1518	1216	959	984	1336	1070	1259	300	1157	123	945	1169	1152	696	95	475	1190	1340	339	1430	1558	1049	205	1588	97	491	42	90	497	430	584	736	883	732	615	1316	527	135	599	406	1065
376	1354	704	1309	1540	1053	1532	370	688	742	1519	1028	709	1241	1464	876	386	1083	1494	54	1474	1148	954	912	703	16	422	987	88	402	1508	418	436	453	1342	988	645	1395	222	553	714	828	1337	1183	1590	995	190	58	1042	908
1421	581	1282	796	1509	43	1007	643	1303	1592	388	621	76	20	290	1232	548	744	639	783	159	1607	464	692	1610	294	240	40	1366	166	719	126	1456	909	133	1481	1382	1437	888	770	1429	194	1010	261	368	544	189	577	1602	1564
1003	1329	136	398	276	245	1601	676	1202	85	1127	555	1123	1163	903	854	981	723	452	1598	623	389	468	725	57	1250	279	424	1245	931	74	286	333	314	192	962	882	89	1527	1358	201	1380	867	60	330	467	881	1439	413	121
693	705	311	606	955	1091	1167	1512	224	708	1379	960	1538	756	346	841	822	1603	566	219	1448	1330	1393	592	117	536	1542	12	1319	1249	1496	1362	474	1490	631	1154	1147	1045	1529	29	360	672	1522	1141	1229	1294	275	594	132	877
98	1364	28	1151	53	525	620	433	283	1223	227	807	586	1444	595	137	1059	935	622	655	658	1442	1124	66	547	580	790	852	404	1039	543	1200	667	1477	1505	937	1593	1458	435	697	1302	1089	1313	274	242	331	774	110	328	1098
524	1120	614	1006	1192	805	1547	366	1033	1572	872	1397	633	562	804	752	1138	1275	47	1483	518	1112	885	1225	237	537	579	1584	938	1492	758	0	271	71	1128	454	690	1559	212	1207	374	1052	1398	809	991	750	1224	1222	129	304
1115	1129	24	116	515	115	990	432	1579	482	1327	303	1293	1586	228	706	375	862	293	546	1462	285	801	1388	463	511	894	347	394	291	941	1511	1345	1425	1137	932	1612	529	378	1011	80	1289	1238	1288	1063	73	516	1466	814	284
334	344	1323	277	915	1333	1276	231	141	1013	802	213	179	1143	816	1060	99	508	994	1001	1068	1408	1121	1198	443	329	114	316	589	494	168	910	843	262	1080	603	1489	773	485	251	593	1465	966	784	618	898	397	1401	605	1095
1545	1298	244	170	492	815	1385	640	939	826	576	364	1292	1096	3	1159	930	1328	856	1285	538	148	551	411	204	63	853	1090	17	835	1268	1041	574	849	1423	8	845	1155	827	1549	149	1106	768	361	1160	1413	1599	1279	1116	1582
726	1248	408	1030	1611	358	653	1219	250	92	109	336	165	517	318	686	1312	96	510	1357	172	175	1044	879	1208	417	1	113	309	139	1022	808	298	1431	772	707	1031	1162	683	448	1300	1244	477	263	156	1387	757	775	59	1418
813	1087	1206	787	986	1308	893	243	1184	1434	534	659	154	575	86	106	1404	400	951	972	151	1596	1077	197	785	78	780	735	1409	423	1394	1482	4	738	1075	253	1531	666	798	489	1368	929	373	1040	1271	887	1066	1047	410	349
461	532	176	270	1484	1296	177	961	644	345	1435	572	1153	22	836	1029	1485	180	535	829	1566	1422	1108	273	998	806	1452	162	238	1478	1236	1491	1257	866	601	1131	10	252	39	68	449	1256	26	321	590	974	1376	93	18	762
188	1595	91	150	216	1118	1391	1156	700	837	570	855	125	1502	890	56	567	1424	1264	889	1000	628	1318	1088	351	1541	979	278	409	1046	1227	1180	48	1403	989	288	1310	1199	902	1291	1314	381	246	914	62	1280	1246	793	144	789
980	260	1363	869	810	1517	1277	737	1365	1242	1061	649	82	1389	957	1320	1446	530	626	970	254	934	501	391	677	1347	512	1567	392	1212	919	1210	36	1533	1554	1605	1378	1498	1079	1386	873	943	763	77	712	1133	1217	415	925	1581
1269	100	1211	341	365	447	1396	821	596	670	858	865	1043	1594	812	1015	1231	747	131	733	1034	585	1460	509	421	301	550	94	1009	7	1171	257	69	717	202	158	1233	1447	75	1469	1174	83	255	1614	119	1344	634	1516	1438	379
1139	985	297	977	842	64	523	1553	671	55	557	1334	1583	571	426	308	479	343	754	761	1557	52	948	21	1317	900	779	236	1144	874	419	1240	610	1468	916	471	1514	1551	428	1188	469	654	1416	155	393	1237	118	766	875	982
217	1017	950	1331	1187	458	958	1094	1361	565	695	1073	669	1215	539	1410	1195	438	1135	1311	1016	680	1544	1585	1165	825	1021	1454	128	920	1058	1261	664	407	564	549	1004	138	1281	234	488	651	210	281	1374	265	967	1432	710	767
178	299	1450	359	522	105	102	437	1523	1071	624	942	607	558	326	387	315	928	1134	687	514	541	788	1230	13	72	1201	1591	870	507	1158	896	1500	401	160	1577	975	280	907	1002	187	296	371	741	225	1467	635	111	1172	1254
1427	1352	399	759	682	650	944	701	811	1284	1520	1026	460	287	1457	531	734	627	1510	313	1524	1103	1247	455	771	1406	157	844	1453	533	324	1110	1555	913	648	1377	429	833	367	668	1321	1501	395	1304	917	1263	786	356	561	486
1455	1274	1100	684	720	348	520	1235	642	656	200	256	1412	403	933	1369	241	1082	1064	186	1381	1038	1587	1209	456	173	1032	353	1173	794	694	745	1185	317	663	1290	1351	1528	1051	431	563	384	1048	490	871	1084	1392	193	1428	215
1449	444	1570	312	999	830	1125	1194	971	198	478	1589	163	641	1142	221	369	689	578	182	506	38	61	1113	743	1521	87	1615	1573	1295	598	1265	652	528	209	124	1283	819	332	167	777	901	1536	1568	946	699	820	108	1332	1204
674	451	41	1326	940	617	1571	208	145	556	1062	604	740	476	1419	1565	269	1470	81	472	140	1273	335	362	1239	1267	184	226	1037	616	904	863	681	1372	1451	730	199	1359	272	1035	1161	588	33	1008	1140	49	127	936	1443	838
560	927	992	1445	34	19	947	305	996	282	1196	513	101	1440	1373	1417	267	1578	445	2	169	1166	355	1005	800	385	923	748	983	323	1504	1534	1307	1497	27	746	319	354	1507	1375	1608	1278	239	427	259	1149	755	868	1315	174
1353	573	582	751	473	70	1146	134	997	1356	1258	220	268	973	859	848	818	1191	949	363	886	357	1569	905	342	1197	922	545	1099	1539	1360	6	84	691	1109	721	1214	340	1335	716	613	416	1543	851	1255	1436	30	1506	1513	956
1399	1480	122	1078	891	1054	1576	1164	661	1341	1407	442	952	446	864	203	32	637	1487	1081	120	31	993	1338	878	196	665	153	14	1560	521	976	964	1515	729	350	791	778	1550	1085	519	462	728	1019	496	1074	44	1479	1546	1349
1415	457	724	503	185	289	1414	782	1111	390	713	1126	1475	1473	211	1130	1495	702	823	1136	459	1488	1179	50	171	130	1057	526	781	760	207	441	657	583	1119	602	1287	698	266	895	1463	1324	1097	662	11	248	685	1251	161	1252
795	67	480	1205	1556	1433	1597	295	860	51	258	1176	103	1339	722	715	776	799	1020	232	466	678	1297	609	1350	540	1405	1270	797	587	434	412	500	505	1024	35	181	112	439	765	1367	1104	440	306	892	405	372	1600	897	1613
352	1306	1092	142	1107	646	214	377	832	1086	1072	1150	307	591	1355	487	1243	1390	1186	764	1402	292	450	191	104	1426	143	600	1530	638	1226	1459	1525	195	380	769	495	632	223	1260	1055	383	630	1384	636	152	834	233	978	1299
230	499	9	1050	739	1575	1228	1535	327	45	906	911	1023	1563	1286	465	1580	608	629	1301	79	968	1499	425	382	302	568	1067	569	1472	921	247	164	1189	1493	1411	1145	65	1253	5	1476	1471	15	1213	625	25	1606	206	963	337
249	23	846	1069	264	675	542	1503	504	1348	612	481	183	899	320	552	1014	890	352	818	662	1570	1319	894	1258	9	1108	378	1600	972	822	473	409	869	1200	1084	1017	726	341	1290	1349	851	578	831	1212	1454	1565	304	1158	1462
1398	1565	1471	951	969	1299	436	362	930	1435	920	426	529	369	1535	776	416	619	1501	1411	91	520	1197	531	766	388	200	868	832	189	232	624	1152	329	662	921	1143	116	1542	63	1250	1440	392	330	1547	77	755	1294	1060	139
507	806	471	2	691	931	1074	919	1308	1417	128	559	1030	9	1067	466	1419	1326	828	1495	933	823	443	770	81	1362	1206	1455	881	1370	20	997	343	967	1178	855	1407	708	21	563	1316	1504	1334	1357	606	258	1453	1383	1108	922
1459	1054	239	717	408	147	44	1533	1321	940	975	1230	98	96	589	743	1558	1377	887	474	1456	905	1008	1385	677	1027	285	715	367	777	357	321	1513	377	190	1086	504	548	1367	1432	342	556	659	1611	1464	523	1115	265	1330	159
1231	278	4	1394	1127	712	552	1552	748	1275	1578	413	765	695	237	1463	32	851	1434	1181	824	65	678	1182	119	891	193	833	407	1412	1441	66	1344	625	811	760	1195	1596	1215	632	501	996	1606	1460	462	809	348	452	1216	810
1465	578	151	1135	1137	1006	29	1239	455	233	307	1562	928	293	1099	19	779	442	1452	1496	621	171	874	1526	819	787	378	1022	51	118	1080	707	174	481	593	687	1061	673	1389	176	915	1276	1497	878	577	194	1221	1142	275	1503
518	1297	1443	1585	622	1355	380	202	1364	1268	711	612	1082	1293	870	479	562	172	1284	875	1568	1093	493	494	532	1187	568	1368	1003	754	1223	75	884	1490	860	1304	617	665	1259	530	570	1519	747	904	196	539	1563	1570	41	974
1226	817	160	1461	862	602	725	925	873	191	1586	1011	850	1015	1555	322	1290	1092	511	499	1153	982	437	475	1132	807	1133	1477	929	1393	215	1374	335	1564	1600	946	1478	262	246	291	793	1549	1312	588	856	1481	538	1381	1107	389
1521	371	37	752	526	1318	521	886	274	444	1148	584	1144	323	522	1113	718	844	1395	649	92	1553	1157	515	1192	484	783	1	85	859	896	516	438	70	861	433	857	1179	1101	150	349	1155	1211	212	694	699	795	1603	1506	655
1209	791	467	799	1492	620	1162	62	838	1379	1114	314	67	490	663	489	355	1517	756	503	610	399	427	958	162	169	1012	1271	1075	1469	684	125	826	1524	701	642	1365	482	1508	1090	1110	1571	109	1399	255	1309	749	157	354	1253
129	727	1489	586	1291	1397	1040	661	1540	613	1532	318	780	1272	1122	670	1190	224	692	567	52	775	16	1296	368	142	1121	1218	716	986	83	341	206	524	576	1051	937	78	544	947	208	360	227	1270	84	1292	1193	866	1069	1205
1335	411	106	794	1429	461	1341	11	1424	46	713	42	1019	105	1131	962	936	428	103	596	331	575	228	425	952	892	1545	546	1062	1576	1072	1589	723	979	1034	1044	1525	1375	56	865	218	722	112	837	1551	95	788	703	902	1356
213	231	600	1045	1251	728	536	0	1342	480	1322	38	1550	214	1280	310	742	1300	288	800	1246	1087	498	1258	1502	1232	1247	108	1615	916	569	320	1237	681	1436	1331	43	705	1287	1499	1530	137	1541	1140	1483	121	724	605	8	730
913	24	1538	1482	1243	463	968	259	1185	1438	412	1401	781	124	1324	249	768	542	133	432	182	15	993	31	1588	685	580	1559	1158	774	73	459	395	1032	394	1413	803	222	733	477	854	405	1557	1416	312	115	1233	1202	1605	216
1317	1245	738	700	671	209	512	1539	696	308	1610	1408	33	385	1029	1013	990	744	1138	1608	631	420	960	1242	332	1351	429	1109	597	1260	94	914	257	1025	558	550	1225	1572	668	840	384	565	390	888	784	977	652	345	814	419
912	1222	948	23	100	1323	812	1584	1544	1491	1186	882	1387	198	1279	315	825	616	230	456	734	965	835	225	6	1487	1120	847	478	956	1369	87	1425	1333	197	1151	1405	135	45	900	54	555	382	1278	28	983	829	1224	113	132
683	152	1016	1091	1415	1057	131	333	1007	306	1363	645	248	117	989	111	1088	647	502	358	704	1098	1328	304	658	336	1191	853	1352	422	1249	1514	244	1049	898	1085	181	1494	963	1002	145	179	1554	706	1353	457	1100	740	629	890
1073	978	325	1488	1065	1183	1042	1177	496	254	1582	709	305	1616	1380	251	1458	1348	680	1396	491	430	741	266	338	1028	1510	1476	954	1059	808	192	53	547	739	934	909	1587	418	1451	827	435	12	813	1473	311	636	177	361	363
1384	439	926	154	1219	1020	185	1613	1581	1198	393	1220	1261	785	1360	1406	1041	240	880	1466	1358	848	110	1315	1523	374	1319	245	1518	1325	173	1361	1201	441	1210	18	1010	1281	294	1543	1537	939	1594	469	1149	510	901	1560	99	1579
263	164	822	797	126	601	633	347	863	1156	421	1591	845	651	1217	22	893	1302	582	528	1400	644	1146	970	1147	839	985	1500	269	1479	319	1001	1593	500	1166	1599	144	365	1252	1556	403	674	1329	10	1199	344	447	340	298	583
763	1366	204	1548	751	846	615	972	591	689	767	424	1561	1472	579	1484	1457	773	313	17	574	276	1390	107	561	49	697	943	1430	945	1439	792	372	1493	123	1070	1064	449	1391	3	1071	1410	1373	560	256	1089	1018	595	682	999
14	166	1128	1282	346	352	223	221	27	1257	1566	551	370	519	165	549	543	984	287	1583	842	235	60	1159	402	872	554	816	1129	611	1254	301	383	1240	796	414	1310	387	141	1332	1274	101	460	1125	309	175	1273	238	1238	666
1313	1595	895	1311	488	497	1194	184	735	1169	679	540	908	789	876	571	1081	440	746	1418	220	648	924	553	5	1037	199	260	1295	242	458	643	120	149	207	971	168	406	995	667	535	1392	957	1480	1263	654	1154	1184	1301	992
581	454	820	664	1427	290	1527	557	1516	1277	1575	163	852	1031	534	757	525	1512	1339	672	801	1378	59	450	1498	252	790	415	68	1248	1227	1145	492	1485	1602	268	1048	869	1347	170	64	1126	1528	1574	409	1614	1203	379	1241	89
1475	153	1095	903	1371	1264	506	434	626	279	376	300	1604	102	966	451	1320	1437	1590	834	1285	69	714	517	186	657	973	1447	1052	364	292	858	201	1189	317	883	57	894	545	1298	1236	804	879	1168	566	229	1305	1176	594	234
264	1118	326	1078	1134	448	587	35	236	1354	282	47	1173	867	1445	495	211	356	328	1520	1017	953	1228	187	1213	778	938	241	641	1036	302	183	541	1609	1350	1112	324	299	40	1180	690	1340	932	1164	127	758	1055	247	1130	271
136	1014	608	764	180	1256	48	400	1111	592	630	688	1546	906	1235	1607	1286	1097	1343	843	533	1262	1303	1444	134	1212	831	485	676	1139	917	646	483	918	1255	877	410	280	1567	297	1165	899	572	1117	508	156	1409	273	473	286
401	1039	79	1200	1103	1076	935	1515	1021	669	1327	1288	50	1102	1079	1449	889	210	1196	205	423	76	1046	614	509	1612	391	476	635	1338	949	1289	339	316	736	639	1119	1077	1172	417	219	769	1026	337	1531	871	1174	277	737	762
998	188	864	841	1442	772	1244	375	327	604	1428	1035	1336	726	1269	1388	634	599	97	226	980	1422	1170	1426	61	1106	910	721	830	607	1058	1123	1601	1005	1214	702	609	122	1066	731	373	1386	138	732	729	1167	1056	745	1160	753
71	203	1043	798	350	1372	82	686	527	250	564	1188	86	1431	1307	1163	284	431	1208	1345	640	1534	911	638	381	90	836	849	1265	270	1033	36	1047	104	1359	1136	1207	994	1234	1470	1376	1337	148	353	195	1592	25	1104	950	1446
158	590	1124	885	1096	167	653	981	445	140	1511	1204	7	637	1000	907	1161	1116	1382	161	1454	805	650	243	446	1486	1084	296	660	253	759	58	1414	1474	359	944	1024	1402	698	303	1038	955	1229	585	1423	1053	396	818	1105	472
1314	1433	505	487	802	114	261	623	897	1068	1083	295	964	941	1404	386	1009	1306	761	710	514	155	1580	272	1094	1283	627	1063	628	942	603	1023	598	1150	453	1420	470	80	486	1468	1507	1349	987	786	1522	1536	130	988	618	693
976	146	656	1598	13	961	93	30	1175	720	927	1509	923	397	74	143	1597	88	821	289	1346	719	366	1467	267	468	1505	1050	537	1421	34	1141	771	39	1448	1171	283	513	1004	72	1569	464	1577	1450	1573	55	782	217	1529	750
1462	959	573	351	1267	398	178	281	26	1403	991	815	334	675	404	465	1266	1470	977	955	79	871	1348	276	1366	677	28	1249	935	1339	425	1109	527	84	558	434	26	1165	686	947	1287	94	859	1173	694	132	950	1603	1262	195
682	450	748	983	190	350	47	1482	1254	90	1164	1376	758	135	572	1004	1261	890	407	1414	641	1098	1263	500	1459	106	1556	1324	445	402	1253	199	1600	1042	661	488	55	1563	626	918	653	210	897	1448	1613	671	816	817	250	1193
75	72	1493	235	1152	631	742	947	1478	50	43	383	886	166	920	1539	1521	428	1081	608	872	1251	767	971	531	502	364	1557	729	69	421	208	662	134	892	1065	605	306	1472	908	1607	409	1451	953	1068	232	1286	1522	1323	576
862	798	99	203	1312	167	942	536	128	1176	1013	1309	1372	157	1089	1113	790	459	756	1300	397	292	448	38	885	446	1612	637	341	1091	984	988	994	986	212	493	111	1592	100	351	552	1354	83	430	64	1520	348	577	411	881
997	434	1529	1573	458	534	127	835	561	518	36	1463	485	1306	316	94	734	373	175	1435	1434	1094	1447	24	79	150	995	585	209	1304	406	1156	651	645	121	109	543	327	390	1003	1494	560	1401	1518	732	1190	765	413	1199	1213
1548	672	105	181	1192	405	309	600	1550	213	650	933	923	230	324	996	704	989	774	929	1116	1150	141	799	1033	753	46	293	1245	1037	1389	289	54	431	87	990	1584	1611	1475	218	926	215	110	529	544	1120	528	841	1074	22
1148	1344	1166	1232	1446	722	1297	875	584	460	1564	568	1534	778	362	1236	1476	1571	1367	1249	726	82	107	1378	223	489	627	1032	801	1368	27	304	1073	481	452	708	1151	1224	80	229	243	1466	1326	334	749	1335	707	513	1215	192
494	822	376	1504	42	1157	1014	845	948	346	1589	762	788	832	13	1559	193	959	1196	1523	1080	441	794	968	336	484	1053	1473	255	176	1045	1456	1458	1138	295	1260	478	1586	1503	545	1314	1137	1497	389	370	537	644	1457	1605	1112
910	220	583	911	1070	1048	360	1469	0	1230	297	592	810	387	1018	53	557	290	1416	1483	922	1362	1272	943	333	179	805	455	1330	499	1147	206	244	1211	1031	115	754	23	479	1198	330	1585	647	928	1409	1370	1250	435	515	1500
840	1553	1424	851	1039	388	1485	961	34	1535	76	1308	325	1082	1599	978	738	1474	473	1427	1339	1177	589	905	1189	1496	906	1145	1609	247	721	868	1043	977	702	1168	392	1110	730	408	133	1461	103	654	412	1275	532	1130	542	1565
1209	254	1430	1136	1228	1398	610	7	426	714	507	705	678	900	442	400	677	1321	114	1543	869	860	1524	399	1597	1178	1214	308	224	161	632	549	140	907	275	174	1231	1128	231	1587	1411	776	1614	745	86	1087	648	1369	1454	551
314	291	170	877	1139	1388	1343	278	1420	930	665	344	972	1386	1393	1319	616	234	152	558	685	1000	125	1342	273	469	878	602	759	277	172	1057	1257	1049	598	49	514	201	773	1337	870	1273	17	1182	833	315	1017	310	884	1602
846	936	554	1375	476	1085	588	938	253	859	1280	597	1011	272	520	12	1470	263	1291	1318	853	527	1121	477	724	1358	1225	1294	1096	578	102	580	668	1345	357	856	356	1241	1380	1567	414	857	517	21	1422	463	404	607	628	1516
1161	1449	1281	1083	565	1252	1489	1596	1441	1023	656	1507	1352	1579	643	839	680	546	280	944	777	285	283	163	1492	693	1174	1452	183	447	35	639	975	744	880	1129	710	422	288	73	1248	1391	424	1583	1202	60	1103	1041	596	396
540	1590	1382	1005	1283	1117	1155	137	1141	1099	505	1255	955	1403	1506	217	530	1076	294	743	1289	670	195	1064	457	11	522	1322	1106	116	951	695	1558	1560	1533	999	361	736	1574	418	663	358	487	1008	1035	1027	266	701	697	838
1267	1418	1364	1265	1060	634	1010	854	603	267	1580	124	784	617	1562	251	1285	1235	1437	615	1541	211	786	1514	642	1445	474	807	164	512	1088	976	384	535	130	56	700	2	440	667	1055	196	957	1595	363	265	683	5	825	91
1346	1598	269	686	84	259	1194	1123	575	449	1301	1610	1179	1413	1077	511	591	207	675	148	510	1237	366	1234	952	1395	168	374	646	937	194	1206	858	1124	1488	636	1165	800	191	1313	354	746	443	287	1348	365	432	1180	410	1238
679	1480	301	783	1417	834	41	789	1606	1551	843	761	317	187	438	768	1115	1405	896	1517	1495	491	328	385	1227	723	539	322	1510	1479	1019	1404	1242	162	1050	766	313	318	119	65	1067	417	32	1582	750	1173	1415	1029	154	550
112	865	1101	556	1554	1246	347	1360	970	740	1302	555	62	1542	1020	731	813	914	861	716	811	241	178	1552	1292	68	1100	1429	715	1262	901	828	61	867	954	1021	248	1079	1316	1075	1135	562	1185	1347	1044	967	611	504	395	775
687	964	664	638	874	420	257	307	1181	226	526	403	339	924	1502	893	925	979	1200	1428	941	349	623	394	1334	883	1204	619	919	601	582	401	1125	720	916	808	973	559	143	579	138	1329	1444	451	185	1086	797	1040	882	1030
329	1531	1561	1603	337	1059	300	699	525	379	725	227	454	932	1186	1384	1450	200	271	709	553	205	625	815	242	15	604	836	139	889	871	1219	1477	1276	1127	1490	1325	238	594	1385	633	1036	1443	1233	595	96	887	1402	1353	509
1356	1051	915	169	305	70	444	1511	1034	1486	1054	1569	622	1149	1290	380	987	1320	1442	1142	1408	1340	222	848	58	1307	689	44	1097	960	93	1102	1271	1126	566	1111	1205	1525	1317	1396	618	780	1576	876	821	669	814	1566	1540	563
158	791	1530	781	343	268	829	423	904	153	696	621	338	326	204	1455	676	1460	1	1172	962	1191	391	20	416	419	1264	688	706	934	712	437	1218	564	425	1277	548	1183	755	1072	666	1095	279	182	1212	1104	958	803	1527	118
772	1351	1119	1374	980	1432	1338	237	1163	95	123	1426	1162	429	1207	372	67	1201	1069	1258	1397	472	1279	1287	1537	456	1159	4	1407	296	1195	353	355	826	1390	939	1084	1274	1528	824	630	593	1140	77	770	1336	1577	1221	1350	728
847	249	264	98	184	159	673	19	760	427	1453	1536	691	1038	492	852	1471	246	894	146	624	1331	1090	1188	462	787	1508	830	501	1146	433	219	282	467	1015	1359	587	480	415	818	516	10	1066	503	312	1431	949	717	225	1114
1256	14	1093	1363	769	1439	524	523	1332	1105	393	145	1240	1171	270	795	903	739	495	1392	1061	108	1216	1288	735	1515	519	136	1063	436	649	1133	1299	498	1026	466	586	1108	378	1223	570	1538	1118	1462	129	1593	1615	752	331	1153
659	820	612	1270	340	751	6	812	614	1568	97	18	1239	165	609	1154	85	764	1293	1366	1047	302	382	1421	470	1440	1052	719	945	1371	1546	236	228	1310	71	321	1468	1284	782	1278	809	956	855	1570	1266	9	1399	78	873	1509
342	33	216	927	863	239	982	571	1328	377	898	122	1575	1203	1122	202	713	274	613	1109	261	1355	827	252	1438	690	1006	155	1400	299	3	1383	240	1327	352	319	1505	149	1549	1071	156	1499	1501	991	652	620	969	902	1058	171
850	547	567	1226	1107	1604	52	1002	974	1349	844	398	1341	369	785	658	332	804	45	1229	367	1608	921	998	57	1547	1131	684	51	1187	496	1243	737	581	1210	771	657	1269	375	1555	1387	842	29	256	1268	28	464	1498	1169	180
120	1433	963	1425	439	37	837	1167	453	1616	1544	461	831	25	741	879	245	113	26	935	692	1588	931	946	359	1419	506	142	497	320	1143	888	371	895	1436	81	117	1247	368	16	1078	1001	606	281	1373	866	1412	381	1594	303
1491	1296	490	147	323	1056	899	635	1581	126	1298	189	733	483	1601	917	698	1361	39	792	92	30	1022	1410	913	1467	160	214	104	221	311	1333	806	1532	891	186	574	966	66	573	298	1303	819	1208	89	1311	763	1012	386	864
345	1007	1220	1024	1578	694	674	74	286	173	655	796	1545	1217	31	1197	802	1315	260	950	262	681	508	335	8	1259	793	757	475	1009	640	1379	1158	993	521	1062	629	1365	747	1512	132	1513	779	909	1175	1028	1222	1016	1377	912
590	1519	1170	1295	1092	198	538	1144	1305	1046	569	541	965	1591	144	1244	981	718	63	486	1487	284	1357	188	482	533	177	258	1025	276	992	197	599	151	1160	1526	1134	1464	59	985	823	1406	471	1381	1572	703	711	101	1481	40
727	1465	1282	88	849	48	468	1484	1423	1184	465	940	131	660	233	1394	1132	651	1202	149	1183	1106	544	48	815	507	1423	1139	742	967	473	9	616	1310	1395	477	240	1192	1134	323	906	899	1264	993	119	334	1456	521	1032	1533
696	622	837	856	723	1580	1141	1501	106	720	1231	78	1281	22	1359	23	192	738	1194	955	596	839	991	1075	14	1310	952	808	1059	1398	1064	983	435	1217	529	1062	806	1308	1023	176	686	1093	1601	521	391	675	666	1076	276	318
498	881	37	135	139	1155	1598	624	232	867	1606	431	602	589	1512	1341	1149	540	447	1498	1390	813	213	351	1451	32	672	1584	1047	820	986	802	1225	951	315	1449	303	901	1332	1078	537	887	669	286	1594	920	241	445	1379	994
1006	250	1563	681	577	1564	1535	914	1407	968	1173	1574	891	1081	160	328	1360	169	461	944	640	294	1297	450	424	75	1358	1391	144	1433	1103	258	787	1068	1085	554	932	317	1211	507	779	794	1327	834	1517	226	479	480	1139	1575
56	1133	1135	1246	179	753	872	421	894	466	1330	3	1100	1366	843	676	682	1496	1212	1054	88	553	1410	517	600	816	190	714	1374	43	1287	1579	873	290	748	452	777	611	1302	440	120	80	1373	581	760	817	1437	527	1385	1589
281	432	1117	937	716	272	1479	283	1569	641	1388	407	938	560	1434	1015	1170	1258	749	217	566	1427	1058	1079	484	100	211	1019	658	1189	1223	854	771	52	208	1416	1271	694	750	1122	844	1040	1199	1321	49	1146	809	40	1515	481
1553	978	1337	756	24	524	138	233	961	1444	1399	83	60	1534	264	751	428	526	623	148	146	1354	170	248	1548	852	911	335	1266	945	1533	1320	1480	1461	305	509	1367	1037	240	1012	1597	544	1306	1352	663	593	1206	1005	744	659
528	740	374	1489	467	1	670	377	1389	568	58	62	495	1095	186	420	502	674	206	1425	433	119	1435	789	1523	1508	1526	1551	166	1317	1426	312	1151	1430	845	773	1608	436	874	336	605	1602	953	423	590	254	728	776	20	594
187	1599	76	1214	397	546	871	617	807	1099	984	1175	296	347	0	288	4	916	156	974	934	1205	291	90	607	556	810	567	101	1236	1289	767	1324	868	1588	615	606	711	959	1179	189	1418	861	145	1000	361	1048	324	251	1487
1275	1562	513	342	797	442	1123	1550	900	1483	1130	708	504	1174	133	1290	1284	1083	1355	1595	575	963	539	1438	8	1539	541	1586	1088	732	558	42	1521	656	860	514	679	419	1268	344	1192	418	381	774	841	19	1028	1004	976	1528
483	373	368	700	199	379	1221	1166	230	277	1124	1097	1329	898	826	1156	1204	1073	786	471	151	1034	299	117	899	473	1035	1265	228	237	798	1111	1510	805	180	1469	1065	1509	735	1254	168	616	651	134	380	897	965	220	1464	1376
112	1260	102	227	769	1191	173	896	730	1503	340	969	365	196	1603	697	1296	1314	1020	811	1222	1249	468	1227	1250	378	1195	1348	654	1112	439	70	996	1251	862	741	941	1478	639	677	782	1092	1333	1031	1421	1074	1178	1153	1344	1511
893	604	823	1463	1096	632	1326	369	736	942	1459	16	1163	908	610	34	1242	370	222	1454	931	1091	680	99	1108	1072	214	1261	859	1118	731	1453	829	511	282	1069	1311	1060	44	885	21	1422	405	763	1383	1036	1325	1131	271	1364
1032	603	1186	1450	947	638	1565	142	1520	273	434	287	501	889	1439	1022	550	1502	657	533	72	1546	1160	1234	1362	35	289	337	1110	496	510	721	1121	585	719	1513	1417	1278	702	1475	410	325	824	1396	1415	1232	1342	1345	45	962
1571	950	1549	601	453	1440	1335	302	1167	161	1050	1610	685	846	1259	649	224	987	1573	403	98	404	673	177	1190	692	59	1256	382	1414	954	587	354	1198	458	1319	508	188	69	113	304	718	998	764	883	1018	456	307	476	557
804	822	733	429	152	1419	1010	1578	96	940	216	635	1025	1316	15	915	25	1527	1497	506	691	193	1304	979	775	1263	183	547	408	1084	1492	322	1494	266	943	1577	620	1429	463	1466	411	426	327	9	704	1140	207	1493	67	1543
563	907	65	1605	1507	1356	1070	86	1557	197	1202	362	203	1090	278	339	122	79	588	319	1269	1447	1334	523	329	163	422	1128	490	1405	875	1542	364	385	1026	857	265	175	722	389	1159	1210	530	1029	647	579	270	1570	1484	1614
584	39	84	1448	108	137	1002	578	838	742	665	1300	71	1162	1485	469	576	1240	17	427	178	621	1277	48	1219	1237	1052	599	1505	444	1370	280	485	890	1499	1476	535	33	1371	457	1077	371	184	97	706	256	591	1582	812	799
1558	267	1244	729	1303	1612	618	1014	1544	555	977	1442	653	713	109	1336	1196	114	690	970	500	474	472	413	709	543	1144	1267	634	1230	223	1394	1082	652	877	1293	788	1516	1424	882	1592	41	985	698	705	61	918	252	925	292
1008	919	149	1182	1080	1003	1346	1089	1525	1596	1270	710	904	1504	209	38	790	1180	1216	334	73	1247	512	922	1215	372	939	1495	437	470	494	1294	1238	1547	1245	107	1292	386	1611	926	830	505	1609	51	1137	497	631	924	1115	383
583	503	141	1213	155	1150	1350	1413	619	1559	1285	1282	454	643	448	542	1615	796	884	1235	1600	219	1200	194	1384	384	831	465	1105	766	1169	625	850	1276	1228	136	26	359	1056	949	400	1101	853	1243	518	306	394	128	586	569
1567	234	848	684	1530	399	81	390	396	124	7	269	927	127	417	765	828	752	645	11	520	906	247	628	147	972	333	414	990	1229	562	909	212	1041	129	326	1201	1262	538	331	851	785	1288	118	1033	551	191	637	295	1443
745	53	515	525	1372	1361	430	1456	464	493	91	262	660	574	780	352	375	31	66	598	162	725	89	707	1529	1566	814	1522	1165	1071	683	1474	1157	1102	552	863	1593	1116	416	1126	321	988	28	1375	174	1184	215	388	930	1353
68	1401	406	1323	1318	131	966	298	1279	5	572	1585	1039	1486	358	1537	935	1331	393	260	864	878	401	1381	64	1552	971	210	165	743	549	123	164	345	712	1531	1404	768	1164	349	1382	1554	903	842	532	1409	608	1208	795	803
964	982	531	1572	459	1172	1315	791	314	1038	1142	1431	612	1063	244	1532	77	858	231	1583	111	125	279	54	876	703	662	1490	1403	1471	346	1587	1188	1313	895	460	1452	172	1460	1378	478	126	1428	1395	482	836	221	47	238	833
1207	95	1328	832	821	1392	154	1613	849	737	958	946	1349	1183	1136	869	614	1197	1524	245	63	366	781	1470	1145	1581	1009	332	880	571	309	840	1011	793	1343	1094	330	103	815	1045	747	545	921	1357	936	1301	755	1338	1187	1043
284	1152	1481	580	1420	997	1445	1387	1051	734	257	917	595	565	992	1380	185	1013	1339	1274	1393	1436	1432	1125	1001	6	801	1061	1021	121	1299	1491	1340	717	1239	1055	92	462	1441	1253	1506	678	311	1255	446	519	695	770	253	699
1024	355	491	1017	548	1283	923	522	1176	1560	85	1455	243	1458	825	246	630	1556	87	116	140	592	1106	1462	1193	1272	1057	646	249	1044	1472	1446	402	629	960	866	94	204	1049	143	650	201	1042	1365	300	633	847	1181	1467	948
36	1098	392	1604	1171	1143	1616	739	1113	1518	1147	1154	783	1514	879	104	1109	727	235	1568	1046	313	800	759	636	12	888	18	443	1541	236	130	912	316	27	757	1322	1220	1161	693	1536	1138	1224	1226	1400	835	218	1386	688	30
1248	762	746	573	981	1203	627	892	1273	648	475	285	202	1107	492	661	905	93	10	259	338	198	438	225	980	55	415	667	701	1477	1114	268	477	1397	387	1555	57	455	772	1468	559	1218	671	1280	1406	818	664	159	886	761
398	360	1500	1411	1465	205	642	1590	323	582	724	1104	1307	1264	1007	999	449	1241	29	1351	1129	644	320	792	1027	499	1134	1607	13	132	1538	516	928	1305	255	308	1066	1168	441	534	376	1412	1298	274	715	1158	1519	1086	1591	157
1423	1369	451	957	778	310	609	1209	1148	626	261	1457	1576	913	902	1540	356	395	110	50	412	1377	1257	167	348	827	350	1482	74	1286	263	1127	341	561	1347	726	1488	46	150	655	784	357	1402	1252	1016	995	1312	409	1053	1545
1561	1177	195	956	933	865	158	1291	182	239	1120	758	343	993	153	105	1368	1067	1295	975	1363	115	1408	489	229	910	1087	967	1233	689	293	754	597	171	1309	989	242	297	353	301	564	1132	570	425	1030	973	668	687	613	929
181	819	855	200	363	82	488	1473	486	1119	870	487	367	536	275	1185	2	1310	1602	263	1362	1038	861	73	888	1132	185	924	865	543	1456	153	1267	174	859	874	1500	1238	866	1322	161	770	267	1483	714	283	1224	699	307	618
315	153	652	1215	524	93	913	359	102	80	434	1356	1174	1093	337	695	1009	618	451	1349	63	726	1203	502	1326	575	968	437	1112	696	1546	665	66	1412	443	1572	142	500	1511	1001	664	730	708	699	1243	135	906	1208	223	183
205	858	1507	1169	1384	1344	1515	393	67	447	1318	39	523	1430	862	992	593	749	1156	1006	244	9	867	1172	1251	1017	1109	1036	2	475	579	97	577	215	586	71	343	274	892	1269	917	344	883	1404	1600	79	450	698	1340	1370
131	723	35	1338	1193	1054	65	700	627	953	1288	606	1504	1603	759	1277	87	419	139	784	666	752	823	25	365	116	1067	1059	957	701	836	366	1577	197	33	847	1486	427	1117	1294	802	458	841	24	765	1280	509	1438	975	469
1468	590	967	521	550	1429	554	323	485	1095	604	117	144	20	456	829	1368	1352	973	1355	1271	1192	439	640	1233	544	201	1234	1343	1254	129	1049	1346	1007	1062	1003	1241	1202	1331	685	1543	819	1407	81	1518	498	1114	572	745	778
782	275	508	734	826	111	808	1528	409	208	34	927	1527	546	541	553	424	277	1358	915	1422	735	1357	363	1045	32	853	377	1100	768	1400	1598	386	311	571	1408	1147	589	73	400	712	1104	1076	532	1173	43	1025	849	744	342
649	989	278	237	918	852	479	645	120	185	1073	184	1526	1409	375	795	894	318	996	783	796	911	1201	1390	815	1411	1069	1443	969	1333	1255	669	1115	154	322	616	940	607	613	1021	1484	1046	429	1478	1496	159	462	1094	271	199
1187	1548	1013	1300	799	114	272	646	635	1005	480	168	1401	250	59	557	1155	1101	23	870	1024	542	764	351	675	1421	181	1597	702	777	426	868	1578	1016	1616	1188	1121	465	1554	865	398	529	558	110	88	1130	564	610	599	1445
1365	885	100	1159	1345	125	1335	982	446	1539	287	952	372	991	1050	1307	715	884	933	1081	910	107	864	219	243	549	1047	31	916	668	591	812	1066	1267	612	697	890	790	1068	163	1360	1064	448	714	1610	821	453	212	632	869
831	143	1386	216	1029	959	543	1091	68	1425	1008	317	898	987	663	15	998	1301	316	995	333	423	1481	438	1316	188	628	560	150	220	282	1122	937	551	811	780	1099	1461	399	1424	1075	1287	374	1393	478	727	238	402	854	538
417	750	492	556	286	912	1126	872	283	186	1027	1011	1516	1435	1395	537	178	806	1082	239	657	528	1151	495	301	801	1470	1235	1144	325	638	1278	1613	772	1464	209	658	746	567	16	1565	1315	1297	1061	335	813	615	441	1120	717
919	687	600	236	1596	432	189	822	1589	156	256	905	12	650	1482	1040	491	305	1377	679	1146	1085	484	1225	1560	848	588	689	743	1086	133	1135	394	217	1113	1052	1108	644	775	1587	871	742	1213	1110	1467	167	145	1252	1479	1264
621	1214	310	1139	1426	176	942	1491	1533	966	1462	221	1223	526	1495	470	165	1083	1039	1167	1132	17	494	395	382	149	902	748	1342	37	1513	1454	1165	361	909	1431	692	1089	1423	474	106	228	330	760	260	1299	1615	1163	757	36
1296	766	531	29	1030	545	824	900	1012	180	196	1310	1136	709	444	1544	1592	362	360	21	158	673	1265	690	86	1056	662	1031	774	504	970	578	1519	1440	177	548	585	1	1413	1341	357	207	724	676	1542	341	3	225	227	332
1555	390	1522	961	1371	625	993	880	941	1051	878	1116	1010	943	69	486	1289	986	141	1558	383	1354	1048	879	710	719	285	14	994	51	1396	725	1473	1248	762	1417	397	190	489	1129	661	1483	121	105	1348	46	50	214	89	173
754	896	1312	45	713	619	364	1521	414	527	1181	340	767	1044	559	979	292	1074	1535	1512	1157	1000	91	490	161	999	258	1158	269	254	1588	1138	476	481	1070	1319	195	204	404	936	1459	1191	1127	1019	1453	1240	152	1038	459	369
1229	948	1168	1043	62	515	582	728	1594	339	347	1480	367	608	1274	1222	861	1570	440	345	507	211	1378	851	253	1392	786	566	103	648	1336	1471	1564	1291	230	263	985	623	155	1275	1398	1493	313	1442	594	827	321	899	302	327
893	1330	602	1204	477	75	1532	1026	1150	1452	626	721	595	1166	1323	705	1042	1367	1497	598	1606	497	297	787	740	48	704	1285	224	755	213	1014	1226	1474	654	771	843	401	49	242	1477	1141	1015	1485	411	346	10	1220	1456	769
683	410	803	758	26	949	182	611	1078	779	519	1028	259	720	1447	247	1449	276	418	1332	1446	415	741	642	609	169	1140	137	932	1035	1361	901	123	56	718	1177	1175	319	501	1524	1125	633	1311	1394	1609	855	296	1088	1290	1579
517	452	874	1334	295	761	1041	1111	923	873	298	356	1559	1329	930	1359	1200	947	1576	273	38	1525	555	984	61	636	931	170	788	763	268	1186	430	1171	1058	308	1268	1547	234	353	1253	416	281	1410	7	1182	488	835	958	903
245	1364	172	13	306	751	384	1128	1328	1259	921	980	800	391	653	1250	1211	1505	1219	963	1490	1523	925	126	354	1060	463	1458	255	19	1184	84	1541	877	389	279	1534	814	1217	681	506	1118	1437	1472	1599	1284	18	659	1325	1206
385	977	1608	8	132	907	1530	1514	1185	403	1465	193	1022	326	580	617	1034	539	1350	371	1561	464	944	605	454	533	576	119	563	1246	520	226	435	817	1071	1376	624	1228	935	737	40	1305	1488	630	1037	241	396	1382	140	1196
1593	1366	1466	420	312	82	693	138	406	90	707	1568	1562	1369	1295	1337	828	981	677	85	309	1399	956	733	1574	467	1209	1164	1032	1582	756	651	694	1221	1142	1189	568	753	1137	1239	789	601	614	368	473	493	457	1273	232	1055
1415	122	889	1309	472	684	1567	1084	776	60	44	1218	47	1232	1552	30	838	732	265	1494	304	104	57	547	988	1143	1381	540	248	289	583	513	1298	1097	1595	1179	631	270	875	535	112	574	27	670	1261	1406	1508	1212	518	881
1148	960	711	422	6	284	934	1347	1306	358	1154	834	203	882	1385	151	191	146	1256	1432	264	240	1506	797	5	938	1224	442	99	210	1272	1498	1313	1324	408	175	53	108	818	1063	483	1020	1501	1245	200	804	261	1079	249	1077
1500	299	1262	1581	1198	1489	78	1451	660	706	1460	1383	1057	860	1257	833	1004	846	1002	1372	832	634	74	370	1569	1566	28	307	164	1149	202	674	603	95	280	643	136	1529	1053	1549	1119	266	825	449	731	891	1463	570	1161	134
895	647	1487	1450	703	908	407	1416	1096	194	1611	1475	1363	1279	288	522	1550	1585	990	1162	1199	1414	922	421	468	1391	1320	1405	512	791	596	1227	290	77	381	1427	573	246	1292	1457	1247	22	955	267	773	496	328	320	1160	198
64	842	96	691	376	349	552	1604	622	1584	1444	83	1281	1238	350	291	839	1419	565	41	656	235	876	1092	587	58	1258	983	300	192	1236	1373	1612	1249	1231	428	52	945	946	904	148	971	1145	1270	1018	1517	736	1197	130	1327
1080	262	206	964	252	798	785	962	1102	562	460	1563	1266	1351	671	1107	1180	1260	830	1502	461	729	1293	1282	257	1339	1314	174	510	1321	1317	505	1237	1492	1402	1536	294	1210	859	1455	499	511	405	629	781	466	1434	412	534	314
680	792	127	1503	1375	1362	98	157	965	569	844	166	1123	1205	850	187	1538	888	355	1590	1469	115	639	392	1379	840	1087	1439	233	810	128	222	1537	11	1580	978	1170	72	1387	324	1499	160	293	1152	820	920	455	4	561	1602
1556	334	0	637	1216	1418	738	950	1586	92	171	1176	331	1286	1614	1242	807	747	503	378	1183	530	1607	1098	686	388	1131	536	251	1583	793	1591	70	303	805	147	413	1380	816	1105	974	655	866	113	739	951	1605	929	1207	525
1433	514	1389	42	338	1545	1322	1134	1244	55	1557	1106	218	770	584	809	997	1178	641	667	1103	431	352	688	1420	1575	856	1283	54	1510	1601	436	1553	1153	1308	118	76	1403	487	231	1388	1023	914	1573	1072	581	597	1263	954	620
722	837	863	1441	976	1374	887	425	1436	1571	1303	1124	124	1033	678	1276	1397	926	1353	101	516	471	433	1133	348	482	1195	682	716	329	387	94	162	1520	939	1302	845	672	380	1531	336	445	886	1551	1065	1230	1194	592	1304	179
794	373	924	897	928	1509	857	1448	972	1540	1090	1476	1428	229	109	379	1190	1503	585	1607	102	1453	520	960	728	8	563	1052	299	7	1227	1516	635	1492	745	955	230	738	1237	1519	503	1354	752	79	638	40	763	573	538	431
505	648	1499	1156	1509	967	601	1613	1326	1483	63	107	1507	752	922	72	901	328	1225	854	277	295	943	592	777	724	548	181	364	946	828	1404	988	157	1044	791	1213	1131	1407	1146	262	1448	1045	1059	251	1025	698	596	894	883
1476	619	1243	1569	1560	288	1296	862	1203	1403	1082	838	869	735	1286	1568	39	1579	98	1280	562	879	962	726	1438	458	824	986	1000	1079	85	880	629	1566	1114	1540	416	1465	443	729	1538	1582	151	108	1497	887	1277	396	656	1015
1	1515	408	1319	101	120	1338	858	957	1425	1580	1490	429	892	785	509	1238	1555	52	1528	808	1547	53	1440	807	1328	970	1113	486	506	956	391	147	24	1314	363	903	312	1362	184	275	1159	1371	1346	1550	28	1374	913	99	1614
1158	71	1604	643	663	849	744	287	462	1095	795	459	469	1018	1256	300	209	535	1554	1139	320	610	27	128	456	1230	898	753	1458	1162	92	914	1008	1611	801	546	278	1194	221	50	9	857	1266	345	1176	804	1189	682	1128	1546
676	831	935	1301	722	1431	1208	1167	929	1252	920	1172	1351	431	856	910	1164	1104	418	934	438	579	248	1526	1130	662	720	125	263	1471	15	907	344	374	158	1244	993	34	677	905	115	437	430	1378	659	1248	324	598	1191	510
1424	991	167	1435	570	1472	343	388	1500	1432	1599	955	1553	1513	530	1141	635	451	77	557	104	630	252	1289	1330	1199	487	550	560	520	1073	987	463	1285	241	1175	793	1577	1496	1106	1142	605	55	1042	114	593	1273	954	1193	1223
412	286	761	176	1460	616	1544	377	1333	1063	734	1181	1234	1069	1205	1154	213	1308	859	207	198	1581	940	1461	1170	526	358	293	632	187	646	1337	190	354	1143	371	1341	144	1605	543	1380	684	298	1187	675	141	1061	1591	145	1267
837	1335	406	18	1066	402	1177	1287	191	1451	875	1196	1117	932	271	607	980	1276	102	515	499	415	1094	375	269	465	1384	1388	1455	440	884	778	491	1306	885	651	250	433	604	774	225	33	122	1592	1434	350	990	1354	841	266
1173	517	833	617	1318	1030	1394	214	756	0	1517	496	873	1020	1453	243	199	665	59	325	1090	1275	847	1381	507	51	621	1393	217	1236	479	1600	819	1606	972	1076	981	1151	1321	1269	411	407	1108	936	1031	341	1078	1492	926	867
359	701	950	455	1171	1501	1491	839	1531	400	998	1567	1439	745	638	511	1356	1436	69	1398	788	1160	779	702	1122	117	1370	441	500	866	559	336	742	1474	502	995	984	183	12	21	339	1111	422	466	1048	1541	803	1040	427	832
38	497	210	1395	827	282	1375	1442	1152	143	139	22	1487	1226	212	1261	1360	140	1311	1057	1543	1329	1470	620	1047	672	6	556	1006	790	173	1022	1548	912	1103	1278	204	1240	1180	1307	1283	533	46	1565	825	382	959	317	1401	1323
401	329	976	159	48	1589	969	123	772	234	985	1325	94	361	292	689	297	757	715	428	826	1072	471	1363	1315	238	603	1101	409	452	1207	1295	564	1443	817	644	587	230	1258	200	1074	155	205	1348	874	424	310	1145	78	148
695	768	1288	35	195	536	228	284	527	1316	135	105	925	268	590	680	626	1075	1396	730	1168	915	739	1190	1514	1511	805	417	1489	1572	705	319	474	522	516	528	1099	1124	1414	163	1331	776	762	367	414	1112	614	628	342	639
360	41	1268	1138	576	110	811	442	541	49	1534	971	65	394	260	1382	699	11	152	852	573	1505	164	245	1609	737	846	836	746	1357	1299	597	578	460	519	685	851	1430	770	755	1209	623	1039	302	1035	931	1004	498	710	1038
767	992	166	1065	461	647	508	1153	577	100	1563	743	948	723	751	485	304	403	1322	369	1091	1576	423	393	1352	968	908	634	1369	552	1284	130	313	1137	1433	299	916	133	845	949	1009	355	1512	37	608	815	340	175	963	1504
1169	1399	227	945	16	330	1596	1010	351	468	1034	865	381	1389	1183	1125	1218	1583	1013	1134	186	691	882	1014	897	1510	960	953	2	434	1594	835	944	66	917	909	1426	840	1454	206	224	211	316	478	514	504	490	1023	1184	1028
395	760	349	1610	671	728	545	1445	1251	1336	239	1340	97	809	170	850	1119	1498	447	162	1463	1561	259	420	109	652	390	1087	606	697	1519	1231	1590	938	855	595	1429	1118	749	347	1358	1473	928	941	80	1522	1241	1214	524	709
1260	1542	1185	658	1068	134	642	264	763	704	352	512	1002	1413	714	786	1046	977	713	848	721	220	775	718	1050	95	891	1486	1417	1343	273	353	1524	14	921	787	1549	188	281	1100	690	740	586	979	692	538	311	362	1221	501
146	1551	1254	1518	172	893	542	1364	435	70	1121	7	68	1444	8	1427	3	276	732	296	961	43	1387	572	719	1202	1127	111	223	1449	448	1089	237	1536	1123	1179	904	574	1245	185	40	1227	1001	1422	1084	1055	387	413	1195	834
906	257	1377	1317	1220	1418	633	694	1334	759	74	306	1584	670	1081	911	1450	1488	1573	818	1523	1271	1428	1588	829	1247	232	584	203	270	924	1229	679	654	197	927	196	627	1204	551	464	820	696	553	539	36	1116	215	1383	1447
303	800	625	1058	521	256	1457	1552	67	495	1480	1608	1385	258	1485	174	1274	419	1575	235	1026	45	631	1077	886	290	171	346	76	1545	1408	1468	30	189	983	253	1088	180	89	62	871	216	878	492	357	1051	489	1587	575	1098
1506	681	1516	229	780	327	454	640	555	168	1294	201	17	1493	322	54	736	798	609	4	1484	799	1219	748	23	1096	1005	1464	321	1217	599	711	1446	194	582	1253	218	747	86	1593	823	558	436	294	31	1452	1029	1406	138	222
773	380	372	982	1233	1097	1215	473	1603	1353	868	600	594	472	930	208	75	1166	513	32	26	1410	1302	1007	771	843	83	267	1174	649	951	334	782	91	136	687	131	1376	1085	1324	1537	1293	581	244	1598	717	338	1281	806	1071
518	1400	272	1120	1060	1585	899	707	1165	246	975	653	1222	1539	44	1344	784	379	1149	57	113	1607	1201	822	895	1456	939	529	25	1237	1144	966	432	655	1423	754	254	1070	1270	842	585	1136	1242	612	283	591	449	366	1206	1508
1361	20	1107	82	1147	1235	1564	1312	383	853	1482	561	1533	589	622	1535	386	153	373	1368	712	741	318	1578	1155	1421	467	410	255	602	1402	1532	624	90	1320	1036	1525	219	398	766	1503	421	389	326	1342	1332	1246	1556	1126	1027
1415	1232	58	503	678	1372	1350	289	242	1157	1305	1300	307	274	1016	1466	933	813	1262	1411	112	1043	1110	121	1304	1263	1239	331	126	1310	1062	588	1133	860	193	1282	150	1093	1291	1224	56	1083	1615	978	476	674	1056	540	161	481
450	657	488	733	178	1462	900	119	84	426	494	958	378	106	1033	1571	392	1064	368	404	5	477	202	890	1021	291	457	156	750	247	792	1409	1437	453	567	439	1612	154	1011	1521	727	554	236	405	1373	1053	1198	1530	42	493
731	688	1150	769	1570	47	802	137	1272	445	81	335	1478	664	738	1037	1349	997	1161	877	399	165	1355	29	93	994	1420	1200	686	781	1392	231	1419	333	1054	1297	1467	937	1298	1017	483	226	19	580	1441	1367	1327	10	370	61
716	1562	1105	261	129	611	812	1109	1086	127	706	249	142	1129	565	1347	73	1163	397	999	636	1264	444	301	889	525	1197	1024	88	1032	1339	337	124	1459	669	844	534	618	1597	568	475	1574	650	1309	700	149	64	794	952	1210
942	1212	384	1469	1092	1257	1228	660	888	1192	1259	1052	385	861	1049	566	1188	348	1255	973	1080	583	160	797	1391	305	947	1290	1405	169	919	964	1416	1586	233	1249	661	547	708	1475	725	615	1481	1345	1132	1557	1216	783	1003	1379
1140	1559	1115	177	182	1102	13	1186	332	484	60	103	308	179	1182	116	693	1529	796	1595	314	549	531	965	765	1616	1279	356	673	1412	996	810	87	974	683	323	132	1211	1359	1527	1265	1019	821	667	265	1365	96	544	637	376
789	1477	918	1366	876	816	1601	814	1397	1292	279	989	902	1250	863	1313	240	1602	118	470	666	1390	446	285	668	1041	569	1148	896	280	1494	1178	830	1012	315	641	881	79	864	1558	1520	1495	1067	482	758	1479	523	425	645	192
532	703	870	563	571	613	1135	1502	923	480	1303	537	1386	872	764	309	365	631	1204	1436	713	157	965	34	322	1456	254	508	339	738	943	366	1417	816	1147	532	575	1061	1173	1494	550	1360	1480	256	153	1565	1315	1367	645	1362
23	690	135	601	51	484	3	1207	1079	549	446	1510	922	713	498	1370	198	873	1334	1176	1026	924	485	638	1326	359	1202	380	975	1272	1476	840	15	1368	895	1396	1502	888	1110	532	1281	556	1282	1400	262	1181	1412	677	343	1379
1095	887	361	1363	1434	1214	1124	1129	1280	747	40	303	473	852	57	1056	1419	1389	732	831	1369	1545	1585	1582	1431	1289	92	1490	1172	349	963	982	629	911	703	353	544	494	73	1440	1009	1504	496	1014	563	827	387	1416	553	1375
164	1300	83	271	915	717	234	1599	1432	526	432	493	307	696	1302	27	759	1165	352	619	394	354	1101	818	719	832	691	581	662	1215	1006	1438	1337	808	1402	864	1345	737	1361	1386	1188	149	434	1316	640	203	1565	1578	433	542
1043	957	718	179	824	1094	1380	196	357	987	1410	1518	792	1454	946	859	624	1588	140	746	1209	381	443	245	711	1564	883	707	1597	860	817	86	364	971	249	744	207	1305	65	851	421	106	740	1240	1540	598	1217	562	1034	375
1246	452	907	616	969	656	1197	904	1501	265	780	635	1486	335	646	788	1232	400	841	1102	951	720	577	857	1341	48	227	1459	1200	977	821	1275	828	1277	842	1480	98	25	1106	35	19	28	1186	1054	419	470	1614	328	210	809
1583	438	1473	1185	158	1452	1152	1350	1543	1037	1013	807	515	966	954	548	1087	175	543	97	880	776	524	699	702	1048	1411	1264	302	80	1248	760	716	1435	1004	111	926	1075	1259	715	1342	1211	1242	1171	1084	1044	1135	1085	1136	1607
967	275	805	1308	1174	183	912	1196	243	845	1067	1055	1011	1036	256	1449	1612	1091	612	1238	138	155	411	1010	593	569	483	1002	322	584	943	748	454	1446	698	1390	1269	789	589	930	355	714	1052	341	171	410	1293	1153	347	1467
431	74	1512	366	1070	847	435	264	1533	426	79	783	373	571	1407	1258	1516	1393	1284	804	848	172	1571	1243	741	675	653	1496	833	1059	333	189	1031	550	574	233	697	822	490	901	1253	1609	1144	430	163	567	46	538	1306	437
184	145	1513	274	511	1356	466	1377	1069	1086	469	1256	736	39	615	309	1257	825	1468	1384	898	1584	1542	764	393	506	88	1320	1351	920	38	1082	1121	1475	1189	1192	1532	62	295	929	1287	710	201	853	1509	769	1444	1064	1355	608
682	611	980	1423	1605	84	802	668	1547	1587	1015	1417	1161	1021	1173	933	1339	1499	882	877	150	460	363	440	143	181	1570	661	1046	1244	727	645	157	701	1524	1487	44	78	461	1340	1521	142	89	868	1383	346	1226	481	482	695
994	602	801	104	254	537	54	1298	1262	52	238	1447	1466	417	109	141	33	914	937	377	1615	1195	1061	315	590	502	1388	751	192	1527	1441	1163	816	834	1167	947	1279	212	4	1025	953	123	105	389	1461	1145	518	1443	325	1105
1310	492	1318	1089	1216	1223	555	267	1250	391	505	1150	1608	660	1099	55	374	42	148	129	1270	18	905	960	144	159	170	125	597	927	1544	551	688	583	1023	772	61	1040	269	9	1315	1360	1201	297	531	456	1115	1352	803	554
965	891	1194	47	464	1024	684	401	1562	500	973	1265	1151	875	330	219	130	448	1492	637	1593	1154	773	665	1554	185	763	397	221	1590	429	1051	451	75	1550	779	1428	575	229	1231	168	1559	81	959	336	1327	131	241	958	7
512	1030	879	1508	996	663	1465	6	765	733	252	112	1541	1068	525	1131	628	1616	197	372	1336	491	94	282	565	407	468	1045	976	1362	992	1505	313	1439	1458	1222	910	1525	351	940	771	981	1482	339	1451	408	582	614	1314	413
1062	984	200	813	1221	147	445	174	1358	36	442	1478	680	932	1168	781	669	216	1027	153	599	768	1494	547	632	1606	673	972	791	376	974	298	1348	231	592	1235	1203	869	872	318	1199	1296	124	738	1460	253	117	865	830	1353
1076	1372	340	329	648	1418	938	1179	441	605	1610	935	1219	607	1611	634	1537	862	1108	294	1477	1548	223	844	758	114	116	811	422	1560	806	93	195	728	1408	1271	540	774	705	1183	850	324	1558	1456	906	119	1141	108	1041	1133
962	726	829	1457	1169	332	909	1445	258	1107	1073	480	449	1130	837	1397	474	1313	1205	1139	1220	503	1212	1012	725	826	176	127	588	308	156	1193	286	385	564	1177	1497	517	1535	1060	1555	1520	1598	209	561	1338	636	546	1126	558
29	782	348	1604	650	1403	1324	1140	625	1568	360	878	136	1323	1399	1206	1208	1528	1047	1297	99	942	617	487	160	560	1266	96	134	1425	1346	1237	522	457	835	1534	5	1577	1119	1080	382	403	406	723	742	1507	1405	849	863	167
530	917	208	345	1498	1436	1005	1077	182	1022	321	1224	24	72	293	60	251	292	291	1093	334	968	270	913	194	327	1016	204	1042	631	535	1343	257	1218	1488	1268	1463	214	843	944	20	1344	861	1007	627	371	1132	1001	787	884
1039	655	990	1122	1125	1103	1374	509	1523	897	986	903	1515	739	395	1241	1245	823	527	1003	476	754	586	497	367	534	288	390	1495	667	230	689	1147	839	418	1078	1373	1210	867	644	1113	504	1426	1409	101	133	358	1098	439	1020
618	706	1092	285	427	1503	1319	1506	1574	1479	306	1267	679	1049	467	708	1567	10	952	383	666	1104	870	1290	76	899	1596	923	450	513	970	501	1413	1415	416	277	1349	941	1549	1561	458	998	874	1321	11	290	187	206	362	721
652	317	283	475	1029	856	1301	931	1591	1251	161	836	579	1074	1592	1180	287	678	1586	412	26	955	1263	1391	478	132	866	585	919	1017	63	453	687	854	1483	1378	1603	1450	226	1149	118	559	642	71	1294	1137	775	777	1111	165
799	1366	91	177	402	1330	674	889	983	1332	447	45	978	570	572	284	623	709	995	838	916	70	213	961	356	1038	731	796	1594	178	557	1600	1274	1595	1602	121	396	566	786	486	528	316	647	82	409	1613	1283	794	1335	338
743	1485	1364	846	276	523	595	795	1539	1406	1260	1127	539	1066	154	425	1309	225	797	985	224	1529	633	643	489	892	1158	278	169	301	730	520	1580	424	240	217	1134	242	0	1018	1155	1304	259	1072	622	1273	250	704	415	659
1225	1491	398	1392	1601	1065	621	64	1333	1019	508	1581	997	499	211	603	1138	1146	939	529	1117	881	404	384	1526	77	1247	260	671	1514	672	814	69	753	304	1385	620	1359	255	855	1142	1178	685	1249	639	32	344	139	729	1517
479	950	1299	626	323	1322	790	16	186	166	1325	326	1276	1442	1303	630	1083	95	137	1579	14	1589	173	310	1493	1404	936	755	1100	1254	1148	545	1123	712	103	261	1162	1160	220	1576	894	495	331	681	12	455	423	244	519	102
1365	1187	1234	596	1128	658	798	392	576	1328	49	1081	56	778	693	222	279	1291	1331	885	236	1563	514	420	651	1433	784	1500	600	918	1307	1097	722	928	1190	767	676	21	1357	1088	314	594	272	1471	239	1118	552	886	228	819
370	299	890	462	122	683	1143	536	1035	1430	606	587	858	113	934	386	1227	115	436	1261	280	1239	1474	979	1050	1204	368	541	463	1312	1484	1329	414	1071	405	1354	237	1382	388	1159	1553	820	428	247	573	949	477	1295	1367	580
1063	1000	1398	1437	507	90	1376	700	337	654	964	1170	1157	1175	1116	1530	591	1112	1230	752	1455	215	126	1053	1522	902	1058	812	734	810	670	246	948	896	510	1120	762	188	2	1422	67	296	657	1184	68	87	1	8	459	1286
1096	1551	921	1424	66	993	289	785	85	205	1156	41	232	1464	1008	43	1278	1292	989	1394	1472	1317	604	1421	471	110	1557	311	766	202	305	107	991	871	1429	263	100	342	1228	1401	1511	191	1573	152	800	1414	1448	1182	1057	1531
266	472	999	609	988	488	516	1311	1420	533	1198	1552	610	745	908	649	694	17	465	756	900	1556	193	379	37	1470	444	273	1191	180	281	1453	1536	1387	1213	1481	1236	190	312	1427	815	1575	1381	641	151	235	724	1572	1569	664
199	30	1233	13	757	1033	749	761	1114	320	1229	162	1166	692	1489	925	378	568	1164	521	300	876	31	58	750	50	770	319	893	1285	365	1347	1469	399	1546	146	34	350	1288	248	735	369	218	22	578	1395	1371	120	613	1519
1255	945	956	1028	268	1462	1090	793	1566	1538	53	686	1032	128	1252	1109	59	1391	1488	750	1328	418	1319	1610	27	787	724	603	1123	1155	193	1321	748	17	1064	9	948	18	897	740	960	221	1014	278	1528	238	673	601	583	1231