2,1
27	369	475	827	576	1746	1316	191	1577	1099	1442	1148	153	36	991	882	326	471	761	1261	965	435	794	1678	598	35	130	67	1900	372	1570	1824	367	608	693	1558	1425	94	202	1592	1319	1318	1404	679	582	230	1755	633	163	1048
348	1249	738	879	735	1735	1277	245	1074	611	1493	1777	1305	613	657	317	1918	1636	1183	930	1150	1218	881	1923	1255	195	703	248	539	1612	384	1585	1157	1082	636	1598	920	1897	1630	1380	1934	1685	145	10	96	37	1114	1661	491	1837
663	505	115	1479	1144	452	1858	1278	1564	811	1719	470	370	417	1467	529	270	426	1059	1195	342	1829	558	1620	1699	429	332	1192	555	577	1901	1040	1843	97	1798	217	839	758	1744	277	176	700	893	1738	120	211	1151	299	1709	1005
108	1083	863	1129	212	494	1568	31	1049	1333	637	1173	1252	1079	1827	1128	588	1839	359	174	1878	95	1739	1465	692	334	1365	1618	795	101	60	1309	1540	1800	233	1241	1759	1014	562	1596	1757	895	992	874	29	1683	143	1181	1413	1429
1691	1749	995	344	1434	1793	1788	618	822	518	855	1506	24	1895	1301	614	1600	1625	123	1544	1487	64	345	379	1551	339	1856	563	481	1000	1804	772	1050	1212	1720	1863	817	329	734	1265	1042	579	1528	1185	1503	69	1766	589	756	861
512	1603	854	621	1597	449	1617	304	361	781	1457	596	1462	1890	1247	1823	1054	841	669	1664	840	1422	74	47	463	769	1864	454	79	775	1876	838	56	418	242	423	48	1359	1346	1635	1	102	1232	1285	1227	267	1431	428	808	1003
1774	567	274	205	904	244	315	1535	1745	318	984	1152	696	916	1763	1649	220	142	1335	1750	767	1621	1002	1302	1716	1517	68	707	774	660	1847	1929	880	1166	225	278	805	784	1041	131	1819	779	966	1931	948	11	1062	1378	666	1674
28	1081	1662	1583	337	816	609	1288	1875	1428	1605	773	899	188	883	312	1030	1572	1765	1840	661	375	860	1139	1638	1363	924	601	125	1926	218	112	1698	1019	982	957	691	1025	1567	1641	954	897	126	631	1690	695	1633	510	537	980
34	1133	273	566	1893	301	1669	524	1468	1748	146	1068	87	1373	1937	1912	887	16	1324	1322	1619	1234	803	1064	890	1093	484	961	440	990	705	1158	731	842	638	1311	906	507	1178	936	697	85	831	1792	1401	1721	800	1276	1754	1610
764	1726	1499	593	1022	1323	819	1253	986	565	932	336	383	427	1496	845	1122	1611	1351	844	1090	1053	385	1782	725	1246	1320	1883	264	815	243	203	1555	1810	1187	835	846	458	124	110	1379	1455	1588	1167	307	450	366	1523	1852	398
133	1031	689	1684	1508	1117	1546	1631	414	1652	850	1420	1762	1108	7	1283	1821	1348	1300	1594	960	564	392	109	171	403	963	234	1221	871	1436	604	1437	531	870	754	1176	1803	528	1562	1186	872	1448	1665	75	935	1084	1355	1724	809
1398	1922	1061	45	1308	190	1016	997	824	321	1131	1245	1051	1868	994	643	823	1796	996	1543	667	1870	612	1056	73	752	39	1626	1855	1511	1656	1193	1326	1456	1727	1853	619	1860	778	1268	413	118	1595	896	1921	1162	1602	303	175	571
1902	323	1198	354	981	1862	617	591	1009	298	1925	1137	1881	43	973	228	247	909	1035	1490	194	730	1654	237	750	729	1160	114	1581	1835	684	1452	1885	486	1475	1205	261	886	222	1764	1085	1907	721	964	1395	942	1655	1026	685	533
739	1695	474	1712	1787	544	1396	33	1590	1851	1172	1094	181	421	1453	501	223	489	23	1761	573	1703	1560	1682	786	1145	1007	1197	1866	1773	615	1461	78	179	654	1728	1518	1416	869	951	616	1138	121	72	799	483	1269	999	955	1164
1207	708	962	1044	1867	744	1304	1058	1257	810	1573	1331	1660	1405	1838	900	1402	1512	216	1687	1407	922	1801	1179	1916	325	1347	139	271	147	580	1700	1693	1561	1109	1694	821	798	1254	1307	1153	445	1177	387	898	1795	305	1330	559	668
3	1811	720	1116	1200	1658	649	447	492	572	829	104	363	832	866	1092	1671	1394	1385	1516	907	1349	1737	1734	1211	1553	949	532	1848	1438	22	164	1861	1653	742	1201	1815	1399	381	1226	1639	151	514	461	1470	1215	365	1825	172	1411
513	229	1334	1231	1329	1584	1872	1466	833	80	1563	1080	438	157	1877	186	828	763	968	1317	802	1432	1450	1337	1410	722	177	197	1637	1369	1606	719	1332	1377	1018	1403	1266	1794	341	1143	1673	482	1770	723	1115	953	498	704	431	699
1296	1293	300	1439	276	282	358	1415	706	52	718	941	441	1818	1812	820	1924	467	1104	411	678	1647	952	1242	373	20	1175	152	1826	1088	776	1214	41	1208	1519	1469	857	1548	1742	1781	280	495	173	1272	1392	550	439	1559	51	1353
425	894	876	1510	1191	1171	224	1836	1196	294	625	538	1189	76	1657	30	204	1919	180	647	672	420	1358	199	1063	1672	122	496	525	1414	213	1086	1686	1666	255	546	106	1609	939	1797	1717	1076	688	1582	1342	238	1343	374	6	1891
1571	226	859	397	1102	789	437	419	196	945	1012	843	520	378	1515	1846	1408	603	442	1849	940	792	82	521	1474	1243	976	1574	946	1161	1370	1067	500	287	335	1290	416	1126	1676	169	1046	751	1894	1256	1471	891	1156	1882	1850	511
788	1238	349	793	1679	240	658	1767	1743	1426	970	915	858	479	1124	1111	1718	1813	1367	590	1284	235	665	1896	236	399	284	1382	554	155	477	1274	1112	1589	215	748	1725	979	140	903	1055	1443	987	410	302	253	249	1525	1531	393
1339	958	88	1708	1756	910	989	782	250	99	1435	1534	1418	1034	193	1640	1235	504	1295	1775	116	434	443	1069	745	526	1740	53	132	1722	682	873	1854	1008	683	1524	141	508	905	1015	1199	1155	1219	908	57	285	1430	884	1013	138
646	1538	812	933	92	1593	712	135	1273	1220	448	1298	687	1352	1504	1313	1202	1830	1736	386	1668	65	1163	262	292	1601	1650	1217	1216	1029	12	1814	1906	711	1624	675	1259	716	9	408	1100	1464	1057	628	42	1730	1297	1101	8	1586
1203	741	868	192	353	1871	444	1338	1481	1141	487	569	499	49	622	1036	1174	1449	1604	548	585	912	430	545	259	807	530	1521	1497	170	702	252	911	1375	602	1909	1486	971	260	322	867	1118	635	473	629	351	709	931	1087	1614
83	664	457	1509	357	254	161	1140	1500	19	1768	485	263	1831	167	295	584	549	969	100	1642	592	84	1184	519	456	1667	1913	1809	768	1303	578	547	1263	1264	293	1790	726	1123	1627	804	1350	415	1816	1132	770	743	1328	988	1778
1286	673	698	1391	1190	1935	1321	993	1165	1938	913	183	517	834	878	983	1760	568	950	1680	1732	639	184	309	198	1532	1292	1472	1723	1357	1244	389	1423	814	159	1071	790	166	1427	1623	1476	681	610	623	1441	1616	1537	1045	1711	536
791	594	1089	1696	460	1645	272	200	311	1052	1628	1188	581	1023	1121	937	1017	1936	1154	836	402	1752	1120	352	1799	1772	1248	1327	943	1424	1480	1791	1576	1817	1134	21	1194	1096	1844	1239	1004	388	1704	105	1459	91	740	771	626	1729
1806	853	156	1341	1281	1491	967	466	1753	1675	1223	1024	497	86	1251	396	257	1706	849	1306	231	1260	462	1779	1785	1565	407	1028	1262	1758	296	1643	1802	1507	1920	1282	478	1001	503	107	765	934	377	70	1105	1473	390	424	1213	333
1644	728	1371	641	862	1688	1747	1142	1360	154	1629	600	1910	1670	136	50	864	753	1608	1659	241	757	1591	98	1733	451	1786	583	1107	1899	405	956	634	694	61	1170	400	162	59	1011	306	1027	316	759	1634	676	1354	1070	651	119
210	509	523	1776	266	570	1731	129	279	522	81	926	1460	888	14	469	178	947	1314	620	1908	111	677	1135	468	1622	1038	214	1513	327	160	476	1928	1482	26	1542	1834	182	1039	25	275	1579	901	1533	1073	885	1463	38	848	1832
1874	586	1677	382	465	343	1789	1336	1784	66	1229	338	1250	1505	642	289	433	148	852	1502	1325	686	227	724	149	1236	975	1125	1932	1310	605	587	1356	737	488	1549	659	1433	1047	1386	113	1911	1751	308	1887	265	1663	320	1389	560
1865	1209	1446	851	63	889	1541	144	219	1880	837	928	1807	650	1484	58	1702	2	208	1889	599	938	1501	251	391	1529	1299	1372	1130	541	1697	959	1222	17	542	1714	1010	575	281	1376	1280	1113	1599	1556	1383	187	207	165	1312	927
892	246	269	1710	288	830	1182	1275	1536	1060	394	701	977	297	1043	978	310	553	1291	1136	291	632	1315	1820	1841	787	918	644	714	1888	189	710	1271	5	1587	1646	925	1169	1495	1228	515	1384	1421	826	1340	432	453	1557	847	362
1230	1879	127	561	1575	209	314	1447	331	656	552	404	806	1498	368	1741	1225	1066	902	1412	117	493	1294	324	556	0	1033	55	1845	1127	1859	455	595	1771	1873	717	875	319	1409	1580	1930	1458	18	813	1400	1903	1210	1110	350	1527
46	168	674	944	340	221	1857	436	1483	1898	1514	627	998	1530	258	137	330	376	1006	1478	158	972	1204	1545	32	150	1287	777	103	347	551	540	1374	727	516	929	1705	1037	1237	1489	206	1689	985	1933	1566	877	1279	412	328	648
1607	346	1451	1783	680	1927	736	1707	607	917	1445	1494	1651	459	1397	1072	1914	506	1613	1833	1106	923	355	1119	446	1091	1632	534	766	422	380	1780	201	1381	671	128	1168	1020	401	1233	286	1522	268	90	1065	464	1769	1361	1440	1805
1258	1390	921	1077	690	785	1267	1103	1075	1550	1648	1362	1364	1808	797	1539	535	914	640	1701	713	557	818	865	747	313	749	1578	232	364	1615	185	1526	62	480	732	780	624	1547	662	746	597	1270	134	1021	655	856	1485	783	360
290	1206	1388	1842	1869	71	4	645	44	472	762	1492	801	796	715	1159	1454	1681	1419	1915	1095	630	1488	1886	15	1417	1240	1098	1692	1917	760	606	919	406	1904	93	1554	283	1828	825	543	1345	652	89	670	1822	1366	1884	653	1406
409	755	13	1477	77	1078	1715	1713	974	1892	1224	1569	574	1146	1387	1368	54	395	239	356	1552	371	1444	502	40	490	256	1097	1032	1905	1520	733	1180	1147	1393	1344	527	1149	1289	294	617	235	1088	1349	1242	53	925	1102	1573	865
1193	1077	937	1796	9	263	1020	1846	1119	1310	1515	1497	1007	464	1769	450	1446	311	784	1410	723	189	1441	1165	141	582	1369	477	1132	1617	1874	1247	1125	852	1106	1504	1109	835	820	328	1418	997	906	1035	1096	731	181	1331	1871	1531
1694	66	1087	1363	1757	1154	1553	1878	1156	805	1043	1752	994	1377	612	515	1883	1117	404	1804	911	457	267	1568	814	1272	839	1586	655	1899	298	506	1627	518	51	900	1101	1836	1015	1330	203	170	1014	592	827	1254	931	43	1358	4
632	436	389	472	1091	196	1033	48	346	58	775	1111	711	661	1309	1472	90	1171	570	31	1142	1467	294	1011	381	366	1873	1095	1398	770	1301	444	430	569	60	1723	81	970	1337	1790	238	1253	1493	449	1522	577	98	166	983	1359
1396	1325	1094	88	204	1097	161	866	1241	695	1869	529	1409	1830	453	159	1892	709	1923	1825	932	1394	869	1577	1826	106	1243	992	766	29	1614	1678	1279	1172	342	1067	439	1502	946	999	686	1050	883	616	591	621	1386	1334	1655	300
146	943	416	829	998	1507	694	1428	1340	1698	1870	1074	1320	854	708	605	1009	1904	1252	560	718	445	80	1704	608	1933	1910	514	1265	1277	550	1332	1229	1161	339	1561	1710	1054	834	135	124	1741	1634	889	1282	1366	1463	966	149	885
1349	842	772	791	1555	774	1146	1383	1594	1543	1055	155	987	1307	488	378	140	364	1936	1292	864	704	653	919	851	330	838	1113	566	168	1427	97	894	1863	91	1829	1889	363	209	1609	619	832	536	1452	1709	1788	609	630	185	3
291	952	1681	1144	341	20	658	1615	785	1455	960	848	528	1491	369	1321	559	603	1105	953	1801	197	637	1818	247	692	1401	432	660	622	283	511	162	1381	487	1058	413	344	398	1413	270	674	867	1483	1901	319	888	891	95	443
420	248	1204	1591	1049	266	862	1902	293	600	1703	468	1216	1867	1263	1114	1746	1303	1519	1680	1744	193	597	884	521	1295	325	198	108	254	412	1392	1374	384	1378	1042	1621	1882	1137	980	1261	1706	726	1453	482	1718	1657	409	714	727
15	1673	1158	1528	1336	30	957	881	370	1269	1518	1362	641	1914	640	1750	289	673	1913	652	1686	762	1457	338	1552	644	1893	184	498	817	1214	1628	1308	1053	1176	967	1019	613	1333	57	244	925	1407	1134	1461	164	1558	959	1672	454
1585	922	1420	483	1521	452	1003	1225	156	1318	1458	414	275	738	177	1066	470	1079	38	1868	235	1572	1391	830	1734	1821	845	978	1898	964	810	214	1128	1213	422	1030	990	10	502	37	1178	1715	725	573	497	1661	1838	1774	260	553
1138	22	1660	368	1008	382	126	516	475	1806	116	1879	1877	755	768	205	1721	1012	855	427	683	1763	1730	807	465	955	1619	901	246	355	1896	897	666	792	1456	175	1677	989	1765	828	702	1708	67	306	1633	1684	951	446	1713	201
1509	286	54	1739	68	1888	139	441	125	1364	307	599	1903	693	1479	376	85	1372	143	546	353	1582	347	121	1930	1069	904	1056	284	707	527	17	1756	1875	216	249	147	423	1787	87	327	1351	46	841	123	789	691	860	1693	1166
495	1576	1217	1700	1702	1168	909	1644	1285	1211	908	1341	459	1653	1775	590	1556	478	0	914	1246	555	690	397	1387	1159	892	1799	1814	218	1849	1697	1021	1236	1832	70	365	1065	679	1448	1545	1909	950	417	1751	1636	1315	1275	171	1542
821	758	593	662	103	1291	1032	83	1547	1251	1612	1338	1205	1534	115	776	1230	406	1737	1140	524	606	1329	958	1189	1212	1141	1444	1820	749	1549	954	1789	1776	101	672	1224	1640	584	532	1280	645	615	245	1837	1070	1747	1454	492	1311
1831	1523	1783	136	1520	132	623	1482	1354	740	973	1771	120	229	176	1210	1469	873	1099	745	318	292	790	1762	736	1135	777	39	681	259	1851	1601	543	1373	202	1147	1864	850	552	1150	503	831	1127	1761	801	1773	1073	1925	824	1371
392	1511	1726	995	1605	676	1500	1157	1435	765	1429	1606	1306	425	1927	1160	1524	895	732	1569	207	1815	1738	1729	1018	1104	1578	1487	1646	1148	620	1084	1632	261	760	1795	764	1823	984	1532	45	362	611	1184	1133	396	433	264	1299	321
537	554	1583	1865	549	99	53	751	290	476	74	335	1326	578	1036	1122	1264	105	107	276	142	1208	167	354	607	1006	227	748	320	761	1474	448	1151	1499	1164	614	1916	903	274	918	1112	1	1813	1611	1668	23	1541	1350	1855	379
1327	1143	1759	1753	677	808	1443	1451	1827	1550	767	793	332	1167	1671	273	1110	747	1938	1089	418	1131	1852	1802	424	1891	547	1679	281	1707	386	206	279	729	1618	1485	179	269	1040	89	1039	137	508	182	117	1000	859	1596	579	130
588	240	1293	733	794	242	912	809	1044	1478	131	230	360	79	589	1833	1722	1540	1488	719	1024	985	1343	1029	1580	1563	1525	1840	1834	1424	1484	865	134	14	42	1665	602	1078	1300	1736	1516	562	1404	548	843	1152	1699	1687	434	688
257	1324	1793	647	1816	1498	1931	233	1843	963	1494	595	1714	961	525	1937	921	28	333	1355	1725	169	753	1692	282	304	972	928	853	1425	750	145	1682	1848	887	916	1052	822	580	1047	1248	1649	1328	1822	7	484	16	1911	1103	1767
1124	1880	1588	474	1232	624	222	372	846	133	1551	493	924	32	1508	1659	1182	40	1683	1170	698	393	190	314	172	94	646	639	271	76	1060	1641	1139	385	1600	1689	1442	322	1360	329	491	638	974	1460	494	1385	587	1740	877	194
837	1817	1616	71	700	773	1658	535	435	41	1760	581	212	586	1185	1772	1745	310	1048	689	1145	1566	1590	1183	1602	373	941	857	1824	1742	1480	1928	969	735	1174	1004	1885	49	323	1845	517	1153	192	69	982	1276	826	1768	856	1464
1370	1647	633	1244	699	1357	340	840	1664	949	1121	977	1273	880	224	1828	1924	1895	223	667	1379	1853	965	1242	219	1847	697	1476	629	1289	1635	1651	12	11	262	1001	1255	467	1399	715	1620	705	1051	1390	1719	1419	1162	388	1422	929
712	1190	1288	1283	1023	1743	1857	1599	1400	1629	795	899	739	993	1406	1570	285	1533	1395	440	986	930	402	1368	1090	1807	1175	722	1486	1298	1908	1057	1259	1780	1361	1716	1587	1434	1670	331	351	110	876	1218	231	102	73	505	1623	1423
1316	1560	1514	47	1296	618	237	1302	818	886	1926	1347	1906	1800	557	208	374	1496	545	1510	1897	847	129	816	1876	1086	24	1537	1785	890	1348	778	303	939	571	228	1459	375	1207	797	742	463	1237	631	394	803	1887	696	1770	183
1690	1220	272	377	1844	1622	1335	744	1669	796	334	1088	277	1935	1625	1045	1530	213	1203	490	408	1917	1235	299	1432	1922	1579	84	114	544	316	174	1192	787	1313	1597	1835	868	1430	1080	1663	568	1539	1346	485	251	361	1449	234	1907
1650	1890	879	358	35	836	746	152	1268	882	1194	1575	350	1120	1584	1477	239	594	576	893	1027	1222	1905	44	1786	538	148	551	411	1228	63	1041	78	1798	574	1603	50	8	447	250	1198	1173	1915	1239	92	337	685	1438	643	1929
1188	1481	1412	1674	481	1274	934	1116	109	336	165	1342	1437	268	96	510	927	1085	1196	1199	1249	1630	898	1169	1025	1529	113	1535	737	780	991	815	309	703	1163	1554	1567	1322	1414	163	1544	861	752	1872	563	1287	988	1180	1197	59
910	1803	195	1711	1728	1267	1645	243	1233	1932	534	659	154	575	86	1130	1209	400	151	923	542	1766	1465	1221	288	1779	1250	806	1792	390	496	500	1028	1495	1900	1866	253	1075	783	1562	489	112	1397	1811	1393	1639	1490	1812	410	349
1010	804	461	1200	1294	1037	706	849	1517	1201	823	1705	345	1501	572	312	1046	981	1592	947	1059	802	180	52	948	902	215	1919	1016	1782	1506	480	1841	1262	1559	756	199	782	1005	305	601	757	221	1034	252	1063	1092	1473	567	26
1345	945	968	1717	665	93	18	1526	938	940	188	25	763	1701	1115	150	1240	1319	462	173	1675	905	996	781	1593	1610	1918	798	1894	1656	1642	56	1195	721	1256	813	1810	628	664	1886	1375	383	769	278	1433	1808	226	598	1072	1527
1731	1861	1862	1696	1654	407	1613	1405	1270	426	62	127	144	1284	1791	1475	519	1227	33	1764	649	82	1881	1367	1013	1638	530	626	1755	1278	479	501	391	1238	512	1416	872	1842	36	1219	926	675	1934	1748	1557	1624	1691	77	317	466
415	1652	956	1271	2	100	604	1022	1365	1389	1471	1068	596	670	858	1754	625	812	387	863	1155	1784	585	258	509	421	301	1574	1884	1749	1031	1062	1281	1093	717	915	1226	158	1735	1260	75	232	743	1107	255	1344	119	19	634	191
1290	1403	431	1727	297	1720	979	64	523	1819	671	55	1581	1920	1191	1595	1450	308	1503	343	754	1076	1695	21	935	779	236	871	874	419	5	610	1758	942	471	499	428	1356	469	654	405	1179	1417	1440	118	875	1724	217	6	819
458	962	442	1466	565	1860	669	1489	539	713	438	504	220	1339	680	636	1777	1781	825	541	1304	128	920	513	1688	1431	564	1573	522	138	380	1258	1512	651	210	1305	878	265	657	710	178	1323	1017	359	1546	1129	1126	437	1215	1858
1648	1631	558	326	1411	315	663	687	1538	1809	788	13	1061	72	451	678	870	1098	1505	1382	1666	1223	507	971	1536	896	1421	352	401	1102	1447	1245	1297	1071	160	1850	1415	1436	1571	1513	975	1470	1492	280	1206	907	1002	187	296	1468
1136	371	1712	1177	741	225	799	1589	635	1565	1202	1797	111	61	1839	1854	1778	1384	34	526	122	399	1353	759	1626	1266	682	650	1108	944	1187	701	1685	1083	811	1286	27	1445	724	1439	1026	1186	460	1805	287	295	531	1548	1856	734
627	1859	1426	313	1181	104	1662	1317	1912	936	455	1312	1462	771	1733	1388	211	157	844	1380	1604	1598	617	1402	533	324	1921	1564	302	913	648	153	429	833	1118	1794	367	1234	668	357	728	1408	1231	1607	395	473	917	1376	1643	716
786	356	1352	1257	561	486	583	1608	800	1732	1100	1637	684	720	348	520	730	1123	1149	642	656	200	256	540	1676	403	1314	933	1081	241	1082	1064	186	976	1038	1667	65	556	456	1213	1760	1620	781	1832	1571	157	1241	916	1772	1912
1791	539	1684	733	1355	1079	1898	876	744	1200	28	128	907	1244	992	1641	551	1449	1225	1133	884	1588	1653	561	1931	1450	820	1221	1433	442	1282	1261	664	1411	728	760	1636	1739	1036	1473	397	1693	1905	1937	468	1313	1591	1427	14	355
100	223	1435	1678	993	169	1215	297	1564	182	201	1694	458	1110	1734	1848	1607	1900	1727	786	1340	1733	1190	140	1335	362	1329	1366	470	1419	1512	1069	1090	1599	1762	352	1917	739	689	915	1922	166	1769	861	403	582	134	1469	586	967
1718	1706	1554	172	966	687	932	1555	1601	873	1378	1612	1899	601	805	387	651	26	1338	1152	1104	445	1750	1291	148	1094	482	1581	910	34	1704	845	1207	949	1014	1100	889	701	273	1789	1052	267	1514	1098	1093	200	1924	847	1596	196
1493	492	71	567	1009	841	1392	272	1128	913	942	748	1732	1590	349	253	421	1491	368	1620	243	1418	1474	1644	696	1390	1240	936	4	380	637	77	1539	517	1194	1387	41	756	1720	1835	1306	1454	1664	176	1556	1505	1844	533	1682	781
1673	135	371	1738	1127	1472	1071	541	1516	131	78	1337	1819	1830	1475	1171	632	212	580	246	1740	1833	1354	726	1850	1466	417	1275	298	1766	946	1500	1736	1396	464	1086	126	1534	1122	716	813	377	1462	1301	329	584	1659	115	1582	1566
245	1017	1103	255	560	1908	1202	950	1330	673	1468	1604	880	508	1113	1254	104	454	1933	1559	1379	588	1810	1256	1308	1044	1873	519	1786	974	477	1781	727	324	1506	1542	480	887	1121	995	219	1874	1423	1809	1477	1064	1672	801	325	1897
66	856	359	369	872	750	527	1180	1578	1235	229	1717	572	332	149	507	294	396	1579	731	58	800	5	317	576	654	867	1290	1406	787	1124	278	752	431	1361	1324	347	1520	1078	1826	1770	498	745	1334	1703	821	1198	285	1827	316
1708	193	1007	84	1415	769	1398	755	24	789	540	1743	1492	266	1543	1790	280	1707	544	1305	241	1880	849	1836	648	419	1626	1884	657	274	829	1657	1828	164	869	610	626	546	575	395	389	705	1737	935	591	279	1432	1773	640	1906
1803	938	156	143	579	650	311	1296	1114	593	342	1822	578	354	391	1525	526	714	839	948	571	905	1519	614	1297	1326	625	185	1273	1115	1724	840	1551	1691	1862	1513	1613	655	237	1319	982	620	1328	1352	798	604	553	900	430	207
1816	256	1481	1167	81	1359	846	31	775	957	1859	833	831	790	646	1479	922	976	1719	1788	1495	1325	125	290	1482	928	1576	1806	506	653	1310	1557	886	61	908	1785	1476	1586	1216	97	208	158	1863	794	765	1625	1511	707	1603	1634
1865	1002	590	344	1229	434	59	515	1214	607	605	29	390	180	1548	1140	428	141	1915	1408	1003	1137	589	1029	1602	1365	1547	96	1182	918	1617	360	121	1552	456	188	485	1524	216	676	1011	222	916	366	609	1164	373	1111	407	1264
1600	712	1426	67	136	1598	414	1647	692	1077	1280	1434	622	543	333	669	370	412	168	1421	291	269	117	980	142	1904	448	665	270	1515	1317	816	1316	238	780	958	17	1075	209	822	1496	1239	1292	1320	159	1699	1562	1669	1410	1033
459	86	437	518	962	1022	874	1518	1663	1926	1858	90	1587	1730	87	251	1247	11	450	1458	10	788	574	1640	53	39	710	818	937	1260	1712	1168	1060	1220	235	1144	1817	824	1034	1070	1868	1372	1369	807	1439	1831	252	1205	259	531
639	174	785	1112	1852	422	683	802	18	1049	828	363	375	702	65	1068	54	1855	1345	1934	127	1176	762	1160	523	1289	619	1650	1503	514	1812	757	286	1013	875	202	1248	308	466	1675	1356	276	1139	1804	678	881	729	1074	793	1102
1876	327	56	1318	353	730	1407	1218	16	592	173	933	305	211	1867	1808	1107	535	1665	510	191	534	1142	1652	1413	346	868	69	181	1824	1363	631	1928	1902	1919	1635	1763	667	988	378	843	721	1580	859	1913	398	923	376	20	497
12	570	1619	724	124	32	1709	415	1572	1038	438	838	439	1270	76	1568	1150	312	1654	1538	139	1570	1838	440	106	1383	1793	1043	1255	719	1274	557	1015	1367	1889	1416	1648	82	254	268	1040	1360	741	133	340	832	388	1153	1484	1386
1095	225	779	1799	213	1775	998	1446	1530	1857	1746	1161	782	1298	1294	735	47	1223	811	288	776	1802	1749	1541	1092	895	1631	1054	358	1461	634	171	335	1184	1583	547	770	1039	460	1589	505	568	240	1385	1226	1066	1051	496	1623	1864
1191	972	1893	709	1348	1431	1381	1553	1118	1759	955	1154	499	1192	1019	842	810	1760	1332	1105	1307	1611	713	893	827	1331	1756	1377	224	1053	1186	1183	799	302	997	1777	91	1384	107	306	1295	436	1714	940	1440	1178	1370	1687	1172	1131
804	1213	1480	1322	1253	1364	970	1616	410	1170	1299	1042	1686	1126	1768	1288	603	339	1371	1204	226	679	871	1208	1823	1627	618	63	888	123	617	1932	690	1936	545	1729	112	33	1101	1081	1478	1057	1117	1728	408	529	520	961	1671	89
394	435	911	919	178	837	1731	1698	834	599	35	474	1643	1089	670	1373	1569	1173	825	153	462	260	1401	1336	736	1825	647	1343	1523	303	476	1109	1560	1222	1061	57	1217	1772	160	1108	95	1705	865	606	1123	1667	628	723	1046	1633
809	334	457	500	1162	1391	943	862	1143	521	1087	817	1156	1715	1263	234	815	583	525	1716	122	751	558	1025	1891	522	21	1689	257	944	1656	1257	249	675	443	941	914	684	116	671	1132	323	1584	1639	220	400	577	1241	1441	296
1088	1695	1923	1892	1026	351	1382	372	1628	321	968	1041	652	405	1231	19	1683	481	587	1006	952	1380	615	934	150	1246	722	1224	374	645	987	13	1573	314	1211	1083	1259	1269	1754	1376	1099	860	1463	1574	1597	1185	424	548	565	1206
420	1558	1911	688	1453	1660	3	585	633	1353	283	502	1258	530	1510	1444	1028	1189	630	1001	1314	111	1350	1870	562	693	659	1175	1271	1721	1047	1311	1405	258	666	1149	999	1169	661	1561	490	449	1847	92	1767	896	88	532	1445	1910
73	232	44	680	1005	981	929	1339	1422	1096	1797	717	1815	1471	1000	1141	564	418	963	1655	293	337	1442	912	1778	1753	1752	501	1882	1916	49	113	1286	48	1527	1792	167	1146	151	1935	1393	740	1018	1710	190	1779	187	1662	858	114
1460	1507	1232	1726	25	904	1794	1210	1517	1097	711	1930	1268	1622	228	130	552	1745	877	623	1085	461	854	898	1073	307	493	384	581	475	447	1929	1544	393	1179	300	616	147	99	600	627	2	1303	1757	1885	1010	613	1285	152	1927
1412	40	996	239	1497	1645	1437	1681	9	1615	951	1886	1711	516	326	242	60	1747	1230	1058	715	1050	1021	1540	1120	1420	1351	1346	154	685	1702	945	265	1679	931	15	1748	1545	1448	698	524	1840	1262	686	262	118	70	699	994	1023
404	920	1499	595	986	1465	734	1834	1397	1483	98	767	1045	1147	706	906	93	413	1854	1821	37	1357	594	812	138	119	478	848	1761	656	45	1302	36	753	1895	27	1193	695	883	1921	621	1	1197	1201	1135	1400	1618	1871	473	1832
738	1402	1266	189	318	85	1163	1608	183	1488	691	550	1651	281	484	1758	921	145	429	330	192	1624	1456	638	1209	1875	1851	749	1284	903	890	1278	194	704	295	766	563	1459	367	778	511	184	1056	1526	1293	975	901	426	969	1585
761	1751	1399	1796	489	1888	1680	1632	1881	1251	322	747	102	1443	1177	233	635	1388	357	1563	1890	338	1774	1016	1024	1187	42	1531	385	1008	1404	663	304	990	1158	1722	1309	214	1535	1605	444	1567	1031	1914	495	642	1509	1869	978	1195
953	763	197	1374	341	1084	51	287	885	708	1903	742	218	1438	855	244	1508	22	1637	94	1630	1658	1157	1199	1701	361	195	292	977	1692	1820	1333	1486	110	155	487	120	777	179	1536	205	1082	1196	1072	1592	1887	764	1610	1765	844
275	433	392	737	1642	1403	427	1228	432	365	796	814	1861	1811	75	282	1165	402	343	319	1894	455	1236	203	1856	624	1030	248	644	1125	850	569	1490	1394	1814	954	170	1389	186	1065	38	1159	672	956	1457	277	1276	1879	1417	1362
1212	984	537	985	823	703	1918	1430	743	336	1829	494	315	674	177	1451	1287	1771	1621	566	1012	1349	1818	1742	227	959	1347	864	808	471	1277	602	1424	467	899	215	1485	573	1878	1375	409	74	7	157	1853	909	491	503	1533	1925
758	1315	857	1883	1532	452	879	806	50	1801	697	348	1594	1813	129	512	662	1764	927	549	1129	1076	1455	199	649	217	1279	1243	1571	301	1395	483	230	1467	1267	768	1116	1646	479	682	1677	1782	1358	759	261	513	960	451	1776	132
1188	1783	754	1489	1004	1606	383	700	364	1067	1784	1174	416	732	559	611	1860	1798	863	939	1805	1233	660	1203	488	80	289	694	1341	1498	62	1155	771	1877	1091	720	1409	1755	1134	643	30	924	399	1697	1901	162	681	1666	446	1464
161	1845	1837	1661	1685	1429	542	284	206	902	1723	109	1674	538	1668	1181	1841	1027	641	1713	1327	555	453	1849	1055	1866	636	1032	1342	271	264	1595	971	1735	836	989	504	1414	1425	52	528	250	1166	328	1265	1741	83	853	1528	718
1795	1896	55	1614	658	852	1744	1807	596	236	101	1501	411	1130	947	973	870	1035	381	46	198	1843	1063	1546	105	1676	597	1550	746	1428	556	1725	263	144	1452	103	612	1907	1629	331	1447	1780	1252	425	897	204	1549	1494	210	983
1300	792	1138	379	72	773	1249	1368	926	1344	309	1323	68	1080	1106	851	1242	803	423	1136	1537	146	1609	1575	1912	1119	1234	23	1839	1151	917	1020	1237	819	231	221	175	165	772	1502	536	866	0	554	991	1504	826	1219	1062	1670
345	1238	668	79	1688	310	382	882	401	1312	1690	1577	725	925	1521	406	1522	163	878	1529	1565	891	247	108	465	1638	469	1846	1593	320	1800	598	299	356	1649	783	830	677	791	1059	965	1321	930	43	1938	1304	1872	472	1696	835
1920	137	1272	64	1470	979	1145	6	1487	8	1250	784	964	1245	894	797	1048	486	795	608	386	1037	629	1787	774	463	1842	1700	313	1283	441	1281	1909	892	1436	1227	350	1148	509	1286	1689	79	1571	1594	1020	1138	1363	407	1387	1816
1341	338	375	648	1683	866	1536	373	1056	1349	314	323	40	371	1726	878	1572	1281	1420	1908	1093	1049	1552	1392	1000	1218	1575	1827	969	526	1080	285	73	1702	983	48	1831	1404	1687	140	256	665	1893	1849	1589	1898	1119	756	605	306
923	304	161	119	1578	1071	677	1046	1577	548	364	1317	1103	222	723	17	508	1511	762	1485	1466	154	1284	784	686	1125	1236	880	1295	653	1729	830	1483	724	187	507	633	9	172	1779	952	1383	1821	30	1141	961	1570	1905	1478	1479
597	941	254	753	868	974	305	1194	134	1385	708	638	918	1063	452	1106	1736	1805	1481	877	240	1224	1803	506	803	965	668	962	410	455	482	1112	337	1564	1549	1530	409	580	99	501	370	1612	704	906	195	19	1793	1149	1415	1233
1120	44	1741	1472	757	1809	1804	862	646	1339	1244	1488	1760	396	1762	1487	1387	1225	1569	1755	392	992	1633	1263	782	656	1359	949	1005	960	498	1712	1624	1425	139	1379	654	682	217	477	1032	808	1113	1018	1695	1432	1541	1860	570	822
616	1839	1297	1758	56	1666	11	976	1289	1883	1696	908	442	1099	1887	1394	1508	807	1791	901	231	703	887	1529	158	1434	1879	820	1116	531	351	1689	395	1285	1724	1212	457	1215	1632	70	43	1375	565	1199	993	145	748	806	479	1195
399	1409	1670	664	120	465	354	1190	519	1858	1354	1460	1477	1282	1671	1851	26	1874	74	153	1454	1461	87	473	1060	554	149	1370	1423	1847	733	1505	909	162	711	776	933	117	1506	262	550	797	1193	450	1824	1828	416	1581	1107	848
1721	1871	681	895	569	0	1771	1043	1566	49	1588	1151	1713	1403	594	263	1350	1427	1264	232	1335	536	639	758	1283	418	1792	1622	634	1130	1091	133	147	1767	340	731	1211	1739	1489	360	226	603	651	53	104	864	1361	1876	691	669
353	166	967	982	453	746	1435	1528	1313	1823	867	1938	1347	1852	1020	1465	945	783	1919	1299	871	27	249	1169	1156	1373	1531	764	1402	1759	631	102	1051	1226	1909	1382	1596	1036	206	932	1496	1047	1008	1219	334	1467	1044	1231	113	934
1872	898	174	135	834	1147	350	1587	1286	986	1503	970	1245	1438	1785	1035	1857	382	1323	769	1343	235	348	1324	1937	1600	875	626	459	1201	446	1513	528	1780	1799	303	826	1135	678	1309	1248	1053	1669	1054	1880	415	1294	219	661	365
1407	1790	1701	1817	1740	591	879	1859	1045	1772	516	374	617	1585	1052	28	128	1926	903	201	698	1902	1363	618	1659	1160	1921	1421	1079	1117	1742	1730	1705	115	1090	1912	151	242	175	1437	300	1314	432	282	873	398	771	1353	844	1397
23	1030	327	521	1411	815	1716	1543	843	786	751	33	1832	572	72	81	1579	1256	1657	191	1321	458	672	1538	928	94	1183	1019	1042	1433	940	1661	622	209	1546	922	1930	835	1010	35	1747	1735	1667	1271	658	29	15	444	1422	1614
332	146	542	1526	1603	588	1586	71	237	454	342	660	714	1279	1550	339	1390	275	8	86	400	297	95	601	1348	38	91	1501	1850	1761	164	780	1890	283	1181	1227	1559	1161	179	729	16	1254	544	460	1522	349	469	1616	1608	712
1327	464	341	1786	520	742	722	1679	425	1727	943	1896	1436	1307	1417	979	230	1597	302	1571	1028	1795	1273	583	1800	225	320	1114	468	402	1931	509	1111	121	1676	1009	688	1203	1458	503	532	596	988	1443	192	560	1015	777	385	655
1004	825	273	1259	1040	491	1846	32	1441	1502	193	1075	1101	79	804	810	839	238	220	571	1138	57	1814	1623	1381	1426	773	1775	710	1734	1497	883	829	357	1416	1618	1365	1001	705	1594	63	573	709	1590	1484	495	1470	1166	196	534
1376	1629	739	1445	1754	1733	1272	1490	845	1583	1509	690	127	229	1456	1257	1678	463	397	1753	576	647	1664	1439	1826	1844	1692	205	58	1646	685	1132	504	124	744	1684	917	738	1269	47	1143	1642	406	1332	467	1293	984	1207	486	1710
562	613	884	356	1012	645	1796	1561	1625	462	1621	727	1482	369	973	956	1290	1304	381	1516	936	1681	1658	1655	108	1098	1168	111	1174	1029	1198	1176	916	514	328	752	264	488	602	561	966	1770	3	743	581	1418	1144	1134	800	290
1124	1367	1639	1038	213	478	310	1155	126	1235	1562	994	97	1899	1869	472	476	1463	330	319	972	1087	233	1637	1288	1011	749	1126	1825	481	22	1352	296	188	203	632	474	1932	1414	1083	440	1606	1319	715	1334	284	1092	50	905	1322
245	614	1542	227	1861	1645	1886	412	439	530	1568	137	1468	551	250	792	824	1222	159	1078	421	832	359	964	1682	379	12	598	1873	1855	642	621	765	331	10	1788	65	1065	1936	1232	518	695	1338	833	675	505	321	1452	968	1189
529	1447	324	52	1364	1150	734	1777	1139	499	1337	1723	849	1895	1527	247	221	794	1326	1875	1888	218	537	745	41	427	1492	1267	244	309	700	62	77	1495	1911	1518	831	1148	270	726	1551	322	1891	1591	543	194	131	167	466	513
1328	522	1412	1914	1776	706	684	1182	1208	788	1539	1743	45	623	1915	1648	1457	1504	1262	1841	718	930	1794	1220	975	429	181	740	1510	1276	809	610	732	13	1303	346	1916	152	881	1238	1077	423	854	1419	667	643	1444	299	963	702
269	812	893	1725	1175	1197	243	1901	707	989	575	716	1102	1140	1580	366	110	1649	1718	1660	1523	857	627	435	1636	781	68	1033	874	1351	82	214	1813	92	950	132	31	985	924	629	1532	811	1389	403	991	277	178	1929	1366	384
1024	1260	1493	138	1807	239	1884	430	183	417	105	1517	268	1714	380	1512	210	272	1450	1413	1620	1567	1853	1213	1748	336	747	5	333	1187	1318	59	485	1395	1369	795	995	847	89	424	136	1613	1399	1037	1700	361	497	555	198	1840
1634	1783	1163	1838	1547	1131	118	679	160	1137	1604	1136	913	1560	471	148	1764	1525	687	386	558	445	1301	335	1615	772	1918	1843	1240	766	1398	1519	1076	51	1789	959	1386	419	853	894	604	1214	1128	295	1345	582	329	100	144	168
1013	1641	1595	184	1202	449	1704	942	246	870	1534	1074	93	587	1557	841	785	1184	802	266	1837	1928	1200	1384	1118	1023	720	1109	938	1652	625	1469	98	1431	900	549	584	882	1870	1179	1688	1643	821	216	274	978	1287	141	1094	1782
1545	1524	1745	590	754	897	1167	951	1061	1265	935	377	358	404	456	1630	818	1410	611	165	1251	1241	717	538	1072	1162	1105	1885	770	312	1274	1312	977	607	517	1164	630	636	1699	1769	405	910	1388	344	215	689	1913	891	719	1737
258	1306	1640	1453	1757	1673	652	568	1706	298	1050	981	1801	990	892	1934	557	1196	1520	129	635	911	362	620	1491	1455	383	840	1058	1601	1863	850	433	1638	1609	1401	858	694	271	599	1486	500	1744	431	859	1584	612	1296	510	971
1145	1252	523	1910	827	367	155	657	447	925	46	1014	1548	372	18	1917	1494	1430	1320	670	1268	1115	1711	1081	1498	67	535	286	1881	287	563	1270	1694	157	1499	615	1599	1178	1462	182	1556	683	1459	1127	1897	659	1697	595	1021	204
36	1261	1787	796	997	1933	609	828	1234	1628	546	1097	1900	1605	1165	408	197	259	260	608	817	920	1243	889	1798	368	1067	728	426	1217	1089	289	915	1738	1906	1806	799	789	1808	1574	958	805	1358	1650	860	487	441	1311	1749	998
527	1558	422	1845	1330	1592	1006	1802	1180	1471	436	1544	1903	663	292	1835	838	347	1380	1446	1521	37	224	1170	451	1122	1210	577	420	1277	326	1085	801	1708	946	921	937	842	112	793	202	387	1424	1371	55	470	363	1171	251	1811
388	929	545	1927	1653	223	1554	4	1378	1408	391	1305	896	736	1205	1298	1565	1816	378	511	83	171	278	1308	1866	156	1086	1728	1812	787	1763	1865	1593	1025	999	1159	1717	1514	281	996	88	574	434	401	1026	288	236	343	493	345
308	186	750	1635	177	1153	798	1129	489	1088	1602	1057	1750	1842	1177	1500	1228	101	1440	1062	1396	414	1773	1935	1185	886	730	114	1878	1429	1665	20	1355	1810	763	1904	1096	1867	122	944	512	876	257	1746	1242	1344	150	1818	248	953
1154	823	1819	7	1110	130	494	696	593	253	525	255	1864	1121	1342	851	1017	1576	25	1751	693	1108	265	863	461	541	697	212	540	294	1627	861	502	1691	987	169	1732	96	393	1247	437	1533	1862	955	721	1663	927	931	123	619
1	90	1834	1582	143	173	1573	1765	267	1406	1400	438	1442	692	980	1607	1336	492	1048	902	1266	1104	228	578	1069	34	890	553	759	390	1922	814	1255	1142	352	125	1362	75	1924	211	185	1619	1464	1393	66	279	1055	1610	547	650
948	180	662	54	1829	1451	307	676	1253	1449	1677	939	1246	1892	1707	1133	1474	1822	872	1346	1672	208	1372	1066	315	957	1766	559	1535	1146	1920	1756	767	1537	316	1280	552	556	533	624	737	755	1907	1333	885	1173	84	1473	768	1854
1784	1626	919	1925	199	774	666	579	1223	1675	1204	725	103	1703	1123	1084	1693	2	671	116	1302	1685	80	1656	701	1002	1480	1007	1894	1315	869	207	1064	637	1611	496	1357	644	673	6	904	483	1152	1856	865	1027	1555	1292	176	1507
261	163	1016	836	1698	954	912	600	1316	1070	524	280	1768	1291	1039	1882	325	699	1059	1848	1719	1923	1068	276	389	564	484	1680	1674	1325	1563	846	293	1715	480	376	1405	1644	1647	1377	585	674	1868	1752	413	1553	649	1073	735	1651
778	914	1331	1095	852	1889	14	24	69	42	586	301	1300	200	1820	813	1157	1082	1709	592	1229	1329	567	761	1249	1833	713	888	1391	1003	1188	1206	1815	109	318	791	775	1774	1668	1374	515	106	926	1158	1877	60	1662	1250	64	1031
1731	1239	1221	741	1216	428	490	1340	311	443	411	1034	407	1781	680	241	539	61	1515	628	760	1540	317	21	85	1836	1192	1830	606	1797	1368	1476	1631	1041	1209	1356	1475	394	170	189	855	899	1172	837	1360	291	1278	1448	76	1778
107	907	819	313	39	1258	190	1237	142	1722	252	1428	856	641	566	1191	475	1310	1686	1598	1100	1022	1654	355	234	779	1230	1275	1186	78	1617	790	448	816	640	589	1720	1690	947	1616	529	1537	615	602	702	896	1744	261	1402	153
1202	1227	1229	211	1059	755	1598	835	1806	910	458	1438	692	59	1309	400	86	399	142	1410	774	1442	1356	1637	481	1203	196	1577	472	1055	345	852	1930	32	1608	1851	185	737	390	312	277	184	34	1652	15	161	1894	764	360	639
145	447	1456	828	46	544	539	522	1423	517	934	957	276	1001	1147	366	1787	215	1874	1156	305	1789	361	912	65	1492	718	440	1919	451	942	1427	168	1796	1767	197	1104	917	1853	500	631	1639	1386	791	801	103	1422	1141	925	1866
1691	1769	1648	779	920	613	316	1135	1865	1852	607	1451	1417	1458	1901	80	782	799	1587	1611	1584	1261	256	453	995	1381	894	1228	936	606	335	1880	1776	1384	1489	526	383	1654	1087	1213	358	648	1486	1799	411	832	1179	1079	1842	177
766	1150	285	1247	923	574	449	827	1383	1086	296	332	706	875	1189	1296	245	1110	21	1194	542	842	1565	1137	165	874	1677	859	253	190	1020	965	467	140	1651	1402	1463	1012	1689	221	1219	1262	8	1656	3	1415	851	153	69	47
341	1223	1902	1679	188	1016	342	1833	785	30	599	441	37	864	353	814	652	1243	1490	1392	1000	800	950	1066	126	182	254	1236	1198	435	1503	762	966	51	454	260	1498	143	1418	1590	73	1766	1697	723	1934	14	1321	1519	1123	929
306	1860	1216	1825	998	1650	1413	1286	1062	794	319	265	38	1057	1122	1290	216	448	1154	1922	1661	519	1209	1210	382	1257	650	734	264	325	1119	5	1607	540	375	347	1084	438	1882	951	680	1786	39	1334	443	200	1683	709	748	933
973	389	1170	1510	491	1658	1338	1543	837	1720	1765	604	987	532	1053	1535	1357	617	1333	1606	1050	321	1561	1273	930	408	122	270	1861	1580	1115	28	1920	1441	307	1069	825	202	903	249	1558	1035	805	1527	131	1367	250	29	402	1237
1754	266	398	888	219	1873	568	1353	134	857	1925	750	432	343	1111	226	1803	1672	1235	1161	905	479	1855	777	10	210	885	1011	1593	733	1582	725	1284	1454	640	493	576	255	1782	1929	1906	1704	509	1886	1572	1088	724	1027	1716	1138
22	87	1042	809	261	1428	1285	671	564	391	1634	969	1180	330	1204	996	1108	1167	349	40	416	657	1707	1394	1528	1153	932	1850	1870	1013	1124	879	546	67	53	1026	976	881	848	1502	68	1609	1436	423	1291	75	58	873	1524	578
1755	1406	504	1152	1008	1903	428	1631	675	1632	434	1921	116	376	549	1403	775	952	833	1511	1470	1518	1214	173	703	130	1933	938	1045	1217	1301	1687	1721	1905	1077	940	273	1049	1467	78	1068	984	1095	1785	836	589	1416	156	236	318
1275	461	217	269	1761	1820	1709	655	315	1113	174	1893	510	1212	567	1221	456	1509	778	1453	1758	1485	736	545	499	511	1525	1751	558	1177	757	1841	1890	1908	935	1341	616	1102	157	752	99	629	181	1476	647	1912	853	662	115	1404
355	63	1136	1936	1369	1466	646	11	685	146	72	673	1891	1499	1827	722	841	1778	446	128	455	4	1358	1288	1695	334	1327	484	192	394	1234	1619	945	331	1400	911	1439	1337	1162	1915	1640	1938	1714	1649	1083	536	1433	628	694	70
303	147	413	1226	1131	601	1857	113	1080	756	1127	1010	1554	514	902	42	338	1259	518	1305	110	220	1355	1549	1230	218	1708	1076	948	1762	1328	1319	1642	681	839	583	860	1630	632	670	921	1700	1144	284	1034	789	1737	1206	1722	364
559	1597	48	1563	1713	710	1326	1871	417	1802	1784	412	1840	674	279	937	1373	9	1220	826	1063	1665	1201	705	1673	1382	666	1662	980	1675	348	1429	1252	1655	329	1481	1780	1023	496	1703	1772	380	507	1464	1731	892	41	843	1424	592
866	1911	1272	1779	424	1449	66	1869	916	768	822	1056	109	1557	1437	701	13	132	397	406	1046	872	1835	1003	728	369	1455	1171	61	1923	1412	786	489	1482	918	1263	1629	596	763	83	262	213	525	1875	999	579	1316	1663	1255	1907
1097	582	714	1575	1530	1671	622	314	1320	623	1828	33	283	1125	24	1343	1475	586	769	1398	955	883	1169	1775	893	1576	114	288	533	149	1711	698	209	759	520	580	783	1371	1837	76	1586	731	494	1879	344	1512	877	1414	1283	1904
248	1635	1621	521	742	418	740	882	1299	267	1809	1858	1029	1145	508	1688	1025	1613	658	953	1188	227	1798	1342	638	125	856	1626	395	802	171	1155	45	815	151	897	1739	886	1514	1567	1073	160	1065	206	770	1314	795	817	1800	1746
1636	1823	1393	693	824	251	1552	1574	707	603	1182	1624	1181	1078	1444	811	280	1278	1750	1729	1599	1266	595	1633	1531	1460	474	1366	92	981	193	1478	871	1813	862	1821	1332	1103	1480	1021	719	812	527	1801	1093	367	1075	1843	1733	807
1254	806	1569	687	144	407	1612	1625	1318	636	1271	884	767	1258	906	150	452	1615	534	1322	689	436	896	1324	377	1121	593	1007	120	565	909	566	1719	480	865	615	1033	1014	1718	618	286	552	1831	834	287	1015	1274	548	989	96
900	1872	121	1932	643	573	754	641	263	1550	1239	1604	543	1628	340	1768	821	1047	868	1808	1450	1522	954	869	50	994	1670	302	1459	1379	690	1143	1705	1397	1279	194	1856	1810	1146	1174	1260	1834	972	721	1159	384	1734	1686	158	31
180	1501	831	57	162	1881	243	630	1376	123	804	1847	1225	268	100	152	1795	1876	605	619	204	1496	575	749	1620	1280	696	531	320	1723	1669	1307	252	1591	118	91	1684	1292	1312	410	1532	19	108	486	1380	1281	588	49	1627	450
240	1744	433	85	679	924	1331	676	1643	468	790	1818	1287	1877	1533	847	956	465	1390	1289	1678	524	308	1017	1926	208	1588	962	322	808	1595	224	667	907	1793	1668	633	105	941	1845	107	175	793	437	1829	1551	426	1044	747	478
1730	1698	1667	1426	1085	1811	1666	738	715	1747	1315	191	716	290	1791	1884	1185	653	695	1048	1058	36	1306	23	1270	1815	1725	183	1917	246	753	1440	1676	788	333	535	1120	1618	223	172	354	784	970	792	1242	968	483	18	95	1504
977	1387	553	515	419	1117	571	870	232	798	1659	1542	1335	1471	1431	148	1805	1443	229	581	840	1374	294	1231	79	781	602	661	557	590	979	651	54	1176	684	154	1836	1148	664	944	1674	339	1472	1325	591	1304	1364	487	635	993
1844	101	1888	169	949	1797	1603	1211	363	1571	1107	141	1682	644	1538	26	27	986	1409	1233	554	505	735	1897	257	1753	356	1585	1646	228	975	1022	744	1500	878	323	1071	1548	1360	1556	538	1710	1425	1812	1846	1660	620	922	1749	1132
1534	1339	1694	1126	1368	422	819	1130	1411	1736	816	1421	1377	541	614	1539	577	1817	385	717	495	17	765	403	1420	1517	803	1623	1114	1602	654	1405	502	82	1330	328	537	1819	1200	1251	6	317	849	1157	1019	1807	282	547	1792	427
1764	697	683	167	430	1024	199	1918	797	1205	1638	327	876	1555	1106	1578	699	1160	1756	1348	25	1589	688	1222	780	1240	823	1347	914	1617	1199	1241	1742	863	230	378	899	1432	415	164	203	351	239	1521	1300	1927	1302	1434	352	512
1770	1267	300	137	1616	1898	476	1317	796	1910	488	1757	1372	43	1089	259	1699	913	1002	569	844	637	1362	124	393	1657	225	891	1043	64	135	1740	1052	555	1600	1165	473	1579	1061	1094	974	1109	35	272	2	275	713	880	1896	379
991	1195	444	1385	1706	56	111	1207	626	405	237	1039	1295	1839	425	60	739	711	1529	414	1473	1759	309	1863	170	129	745	1931	401	1696	1913	1645	503	855	0	52	112	1329	1005	625	81	1191	1916	1354	1391	1568	861	1190	1781	516
1051	1238	1773	645	665	1544	189	222	1763	700	271	404	1495	1139	1560	908	1457	1899	960	244	1692	746	106	627	289	346	1245	1054	1149	854	1562	387	1681	978	760	370	501	1232	1269	1036	1006	708	642	1118	959	1622	241	214	71	324
1264	1175	1928	93	1389	1484	445	649	1	1031	247	1788	1197	931	1540	867	1537	523	469	887	429	1313	890	498	1352	1218	1735	1693	829	1508	1294	1158	470	1166	1004	1067	1105	178	1344	179	550	1647	594	119	1310	1336	336	669	1832	1030
1224	1082	1350	1407	409	1037	1009	1399	1038	163	1702	845	195	1641	585	301	1277	1365	1864	1505	1168	943	1743	1178	983	439	1256	386	464	858	299	1072	104	787	1244	310	846	668	1717	311	1142	176	813	138	1491	1573	350	677	1727	1724
362	459	1748	1060	1849	1092	743	1183	7	420	1488	374	1515	1745	660	634	463	1838	1361	1298	298	919	1895	563	1483	1090	1644	810	98	1248	1378	1435	1187	1465	1712	967	1814	1777	44	771	1359	621	396	1566	1752	295	1268	712	1520	1592
1610	1685	1253	656	958	682	1892	471	1862	1771	1790	612	1541	77	205	1184	1783	963	1937	1614	904	368	985	1375	231	992	117	1513	1494	1303	1583	1091	297	292	90	551	166	1594	1516	326	337	97	946	1446	1854	1040	482	1477	562	475
818	1173	982	278	1340	1546	392	1581	1760	506	1570	1559	136	1186	74	365	313	1116	600	1497	686	1878	729	1096	761	1192	442	587	1151	1452	1208	1909	727	1715	1885	1468	990	1741	758	1804	1859	1396	371	381	513	102	373	492	1826	186
388	466	139	1215	1474	212	1889	201	1445	281	584	258	1448	776	1883	1349	1690	889	1101	462	1032	895	672	609	528	291	624	372	293	485	1830	431	820	751	1308	242	1297	1664	1935	1282	187	608	1430	598	1246	610	529	964	597	1536
1914	457	961	560	1867	207	16	159	198	89	88	1553	1816	988	1388	850	691	1370	20	1140	1070	1419	1401	1924	490	1487	460	611	898	235	94	477	1493	274	901	1726	772	1323	997	1018	720	663	238	1653	561	1824	1074	421	155	1596
659	1196	1112	1363	830	926	1408	947	1732	1545	62	1163	927	570	1172	1133	1193	1311	1526	1547	1462	1794	304	1605	1164	1293	359	702	1728	1479	1041	133	556	1081	678	1276	1098	233	1249	234	732	1100	1738	1028	971	1345	1461	1868	55	1822
1129	12	1848	1064	1469	497	84	1250	127	1128	530	1265	838	1346	1099	730	1351	1506	741	915	1564	1395	572	1447	726	1680	1523	773	1507	1134	928	939	1601	1774	1701	1900	1887	357	704	1152	582	3	1417	871	1843	227	333	523	79	682
434	1907	791	1691	1413	181	1370	1639	1586	1486	1521	442	1374	901	1118	115	277	663	691	740	1236	559	819	92	1304	520	1537	1237	230	1226	1756	1920	763	1270	391	1185	1498	779	34	1459	128	1786	339	587	596	1323	418	505	99	409
1616	1357	1403	422	310	141	1375	388	1167	359	1434	1259	214	734	1028	139	456	1467	1755	1901	1393	293	50	77	1801	1350	364	191	1661	1605	1087	944	55	108	875	382	1129	1280	1133	1555	213	865	1175	601	1131	804	1352	1769	22	1889
1875	1580	590	205	1512	832	1837	1465	1424	1051	485	458	592	576	1156	869	1527	1934	1095	578	724	946	509	207	1042	1931	243	1314	101	1252	1904	695	144	1437	199	938	1525	1505	363	701	1254	880	451	1708	931	895	1880	466	1514	1025
145	210	401	1898	1015	897	815	1239	1197	1160	915	1190	1431	1780	1792	723	1094	268	491	1109	345	463	324	616	1245	694	1743	1724	1182	1803	1127	71	471	350	755	1033	52	1740	1048	1014	811	1579	1850	1483	1066	155	1084	1488	1629	1627
522	629	803	1732	771	147	1490	1890	1238	511	443	905	1262	935	748	35	195	24	1061	659	1380	433	1324	1757	1936	469	1595	560	78	325	1335	1894	913	633	1540	1120	1856	1887	677	597	1000	498	960	651	1172	1132	1899	818	408	1489
1143	884	957	282	1422	190	1881	1001	1902	1849	1798	1400	681	1479	1333	1680	163	1566	552	827	1704	1046	1600	1416	41	1097	1039	1776	1841	1426	1174	1103	634	176	984	1800	1892	260	400	1432	1125	1628	685	530	550	1913	245	855	1464	1834
375	455	966	85	698	1409	1715	1263	524	1493	438	440	1367	630	1302	1036	302	985	983	930	1487	1269	184	883	1476	1158	1423	1460	710	1895	100	1202	643	462	619	654	304	1286	1544	411	1179	1386	460	122	1810	543	939	711	1285	1670
1402	299	839	312	573	904	465	1598	859	893	1282	1144	1746	1368	340	175	1398	1137	775	899	1861	546	16	393	11	934	351	1752	1074	407	367	143	1341	28	579	1821	1845	838	1857	358	640	1145	508	330	1925	1378	1192	1395	1882	1722
548	761	1008	406	66	528	1458	627	459	1596	224	676	1908	2	1759	799	697	1862	248	349	221	159	584	1311	1577	806	1688	1013	817	570	1390	297	170	1293	1608	1839	1735	699	1782	259	1247	1358	1055	647	390	1637	658	1745	1122	1636
1891	979	478	715	1491	757	1391	1009	347	932	1676	535	721	80	1835	1123	1836	945	1870	1196	1819	412	925	906	951	903	1729	97	1318	130	428	394	1815	684	1209	352	1749	1546	776	1777	993	1031	617	762	632	336	209	220	263	1814
862	1765	1930	1260	768	1542	273	1764	835	1326	1151	275	1831	1523	281	995	311	362	501	146	948	1828	933	1365	7	68	8	1230	1665	296	1697	43	774	1937	1397	1787	1851	1308	672	237	1163	788	1591	986	1826	977	626	1272	1098	257
1277	729	1355	74	1495	1198	1736	614	1085	232	1363	270	1795	196	1444	1425	1684	1733	753	847	928	1633	303	628	521	1319	1389	1643	956	940	702	1022	1217	921	1215	235	593	45	623	648	1290	1696	1739	171	346	76	396	608	1705	670
487	744	970	1771	189	959	253	671	1296	885	89	1590	820	216	1686	1846	574	489	1278	1201	1165	1449	527	680	1447	229	1878	454	555	1667	1825	854	746	17	49	760	1641	1353	317	732	1412	638	1654	1004	252	1228	1613	140	186	1450
1747	416	23	679	369	1582	1356	787	94	321	504	1090	536	1515	1709	866	1772	194	1822	1193	218	1473	1621	558	1519	294	1625	1377	1101	1754	138	1320	380	538	251	372	867	1832	834	1552	982	1428	1911	473	1429	1602	1284	595	990	954
1592	586	594	1565	1575	894	1248	1742	513	1558	26	479	1072	1508	1656	826	1091	696	1471	1027	1706	649	223	1068	334	777	136	1692	852	1047	402	1064	735	1672	581	836	914	1844	1463	1410	717	338	936	1006	898	1452	1325	1134	1615	1065
1534	414	1168	1475	557	151	795	1342	707	639	770	246	598	1321	1773	1161	1362	1659	1155	1789	1164	1797	1725	1371	987	57	1477	91	1784	415	413	306	515	858	610	502	1417	25	874	120	1571	381	432	518	1104	1199	1241	264	441	1081
988	754	837	1472	975	1876	912	784	499	490	166	1121	585	917	879	713	612	1766	283	591	1741	1668	1140	1035	20	1694	1888	82	1427	1108	1536	1604	978	383	1076	1347	561	1816	1770	622	529	1818	1914	1331	1663	373	1903	712	741	871
1935	1373	131	377	1871	467	1779	1852	1243	602	1690	1159	1719	90	1191	269	533	1549	1268	1484	12	1703	1551	892	1824	1470	1651	1136	1658	389	848	1848	326	1339	1297	1366	1007	1700	1509	395	102	1677	751	354	1791	58	503	678	1938	1026
289	1750	1271	242	133	288	967	961	307	1853	1713	785	1597	238	1364	1306	1073	1456	772	1050	86	1847	121	1152	1440	403	1093	239	1448	1811	331	1369	976	435	1503	38	588	109	860	193	258	150	635	1438	69	1909	950	200	56	1635
59	1481	476	1601	841	1455	540	161	1812	1149	481	1474	657	488	1730	178	801	1110	853	1593	1478	900	119	953	84	426	494	1344	1716	106	1208	1630	909	1265	1057	1699	40	1147	747	368	404	5	477	202	1900	759	720	690	291	457
156	1382	1310	496	1859	1649	1612	1869	1775	1886	1343	1553	154	1924	1751	1885	554	236	1617	1396	1044	1040	174	1631	1896	1610	731	688	1231	1186	47	802	1469	445	81	335	1069	664	738	1923	997	1573	1337	165	29	93	994	1079	1872	781
1059	231	1802	1556	1462	937	1017	1288	226	1574	580	1096	10	370	61	1727	1180	261	1538	611	812	127	1868	249	142	565	73	397	1648	636	1669	301	1539	525	1854	1804	1032	1563	1926	669	1336	1877	618	1207	568	1439	1189	650	700	1468
1726	794	952	942	384	1216	1517	1609	1817	1564	1275	861	1702	566	1436	973	1080	1511	1418	797	1918	947	169	919	964	1200	233	1768	547	1453	725	615	1790	1392	1003	1430	177	182	1102	13	332	1576	1499	103	308	179	116	1266	796	314
549	1922	965	1404	1223	356	1315	1805	810	1258	1929	683	1443	1299	1019	821	1415	1295	1548	1915	637	376	789	918	876	1420	1618	814	279	1712	902	1718	240	1327	118	470	666	1695	285	1796	1504	1578	1148	1567	1678	1178	830	1012	315	641
881	79	864	1257	482	1294	523	425	1506	192	532	703	870	563	571	613	1607	923	480	1843	872	1785	309	365	1928	922	831	1187	609	1905	891	769	1225	816	1833	228	998	829	148	828	405	655	1141	255	972	300	553	822	1562	667
15	1809	63	1030	21	1494	1211	1067	87	1045	1099	320	1166	286	564	9	693	1433	1927	833	18	1728	689	36	1126	385	1016	823	1711	486	1130	878	355	1492	1858	1884	1620	539	1717	1405	1220	70	83	1210	1698	1316	180	739	805	132
1232	225	749	222	447	1626	1153	1214	448	1524	1530	33	606	577	1921	673	265	449	134	1820	1917	653	6	298	371	1526	14	1212	1919	1388	1021	386	786	907	1531	1107	1897	399	1760	1309	1162	845	1588	439	958	526	46	1419	1124	53
1657	1206	342	204	162	745	1184	516	1279	437	1723	916	1606	203	807	1291	1056	1075	1910	126	1855	125	1863	423	1813	1421	272	1738	517	537	1250	227	750	963	474	1500	1322	374	1034	67	992	1	1644	692	1685	1113	1020	111	158	1799
1840	198	1634	104	765	1619	1912	778	1874	1360	1762	764	1195	1105	1781	1249	743	840	1883	969	1233	1808	1748	642	1510	464	343	123	842	1213	1115	1205	1261	1255	27	868	1652	1300	920	1774	1734	1701	825	323	1865	1642	1281	1139	215	575
714	949	1933	708	1572	1753	112	545	1351	1002	135	929	1114	244	212	1561	1550	98	149	137	398	773	1653	943	1501	1547	1242	113	452	644	1624	1222	1461	541	851	468	1693	736	962	187	1838	620	160	1638	877	1112	808	1060	1689	60
1224	1783	1053	1332	1906	1545	645	211	981	1176	234	583	704	1119	1650	599	1203	1092	1289	1543	1292	114	722	188	241	1244	1328	1710	980	1088	247	1372	1535	88	1707	1251	1183	705	1916	1568	1655	1823	1018	436	1298	1532	0	1273	96	1181
1070	1154	1385	1054	793	941	333	1146	955	813	153	1219	75	337	1052	472	506	896	889	62	1767	157	164	1599	1778	430	484	1794	569	1029	1307	706	1142	824	254	168	800	1128	603	1569	1589	1720	780	1312	95	278	1496	1559	328	1267
1557	674	1083	1454	361	621	1632	1135	709	660	493	1383	1721	4	1671	1554	1194	1622	1256	510	809	1204	1240	64	250	1507	863	500	152	926	1221	1157	1063	1502	1038	1497	1111	1466	173	271	431	1867	910	495	783	1583	507	1829	1932	792
514	766	348	1879	54	1301	1169	665	421	1334	1313	1673	624	1560	1411	276	1744	1585	366	444	1758	1330	600	1480	782	1246	556	3	1570	1603	1349	1005	756	882	1675	124	492	1346	512	1482	1329	1345	687	604	1441	446	167	1276	758	392
1807	1077	1049	607	911	72	267	1376	51	1100	344	183	989	1679	287	1170	378	483	1305	1662	185	1071	341	1457	429	379	1623	716	737	519	733	1873	843	1287	262	1354	1188	1587	31	290	1681	1761	1227	1010	1646	542	37	1274	790	420
728	1150	971	32	1435	767	117	105	1529	742	727	1317	1528	1594	353	1763	1229	280	661	682	589	30	1173	1611	475	453	1788	846	1866	873	295	726	39	450	1645	1664	1359	1522	1485	44	1177	208	461	1683	1089	197	668	1793	1647	908
497	572	1078	1117	1533	996	1394	1303	968	1401	424	1682	1116	1731	206	1864	1893	888	1348	562	256	1414	1541	582	219	1138	857	48	172	631	844	1171	849	318	1516	1737	1446	1660	1674	1518	292	1666	625	1379	652	266	357	419	1387	646
1842	719	410	274	1024	656	1714	1640	798	417	1399	1381	1082	850	1513	551	19	322	1581	1106	110	924	686	718	217	730	1687	534	327	1584	675	1058	1264	1283	313	1338	567	284	1520	427	1384	605	329	1614	1361	65	42	1830	1827	662
890	107	1062	1086	319	927	1041	1860	316	360	752	886	305	1445	1340	544	129	887	1406	201	1218	856	531	1037	1011	1451	1806	991	387	974	1235	1043	999	1442	1407	1234	1408	1023	1253	1305	136	157	1878	1537	874	631	20	488	1467	86
361	15	234	703	895	716	327	1249	1655	601	1079	359	3	653	1829	411	1924	826	906	1119	660	1441	833	553	83	410	419	357	1932	1408	982	1321	624	736	1562	1012	271	1824	711	888	577	957	691	1098	1103	1849	668	1914	911	811
201	1122	1879	1126	1051	759	57	23	951	627	366	548	1021	935	1668	1089	929	51	865	1302	1734	1548	1632	1618	1693	1319	608	454	1488	877	779	1937	498	265	1062	355	971	1504	1115	602	1125	1921	1001	688	10	1439	1525	1106	270	969
433	841	443	179	818	1314	1293	817	1209	149	92	1601	1918	981	1026	446	387	747	1461	1836	1260	1212	262	1202	1284	1136	597	1105	1514	1384	1218	249	1616	1498	1168	944	1280	1004	1774	135	106	1783	1067	1415	1039	677	1748	973	1591	1502
303	637	1457	466	1542	1024	1094	40	1464	1872	1711	494	509	1277	821	662	789	1526	882	1640	89	490	974	912	1241	1610	1413	718	164	1449	203	1040	496	702	768	158	473	430	73	1015	748	1631	227	1242	28	1423	938	1613	309	860
714	1068	1799	1609	1541	1786	1373	1723	1750	1049	1199	1902	1002	1082	1023	27	1044	493	538	1724	1620	1767	1500	1396	1596	207	1769	1131	1271	1641	1013	1522	562	1710	157	1435	1830	1708	1778	133	733	1670	328	1274	210	1633	619	851	1868	354
1324	1007	807	1511	437	198	19	1588	744	828	1247	1935	824	776	1672	1690	684	656	853	524	364	1567	977	349	930	1664	740	140	1582	484	1222	1253	1796	181	86	1864	1243	1330	335	719	1485	380	1875	884	511	343	1297	1858	1561	1492
1837	1667	1604	1883	1550	1232	897	713	720	1600	1859	966	1320	184	1845	764	834	254	1753	245	48	1572	145	581	1869	1189	1603	98	25	1737	1259	35	1487	1306	1161	542	975	1111	1887	285	1006	751	1220	1141	1107	1339	400	274	695	1442
1661	1611	1290	1336	1639	434	879	878	175	1346	97	638	880	598	532	791	1258	1256	1855	460	353	381	1866	1874	485	963	933	813	1203	1341	1308	631	111	470	1036	646	1219	1352	1770	1440	307	1005	1560	302	1257	1475	1113	1907	1823	1375
46	1777	1727	710	1080	275	972	1486	1135	183	352	24	1929	1282	243	640	1636	765	1696	1860	569	256	616	373	1165	1037	708	383	1328	138	1933	898	1359	1434	1226	1815	1715	727	346	322	915	1808	589	773	1030	661	1559	1014	1494	1363
707	38	852	869	635	805	1124	341	1333	171	1183	1523	697	1884	1878	347	1388	1476	469	1766	1069	1851	452	959	629	375	1893	1331	421	1521	1920	1638	1054	1903	264	699	1061	431	1754	1898	822	1095	816	837	1351	783	1497	432	1380	914
827	172	1150	1334	1787	537	618	840	1714	515	1108	333	189	1385	1011	233	698	1085	1077	467	1659	549	163	665	1835	544	842	584	1530	611	1451	1679	39	1350	942	781	334	1704	54	88	1417	526	534	1697	1919	1882	717	1531	1555	769
230	1575	1276	84	483	1756	1478	904	1099	1549	996	1876	363	440	143	823	1653	1349	1644	44	1797	461	1438	1237	142	986	937	1179	1776	482	1279	104	1831	52	1338	909	417	109	1825	33	1031	1043	1768	377	1558	1843	953	315	1121	502
1491	875	965	574	192	1647	1552	1304	1129	1076	1742	1207	1707	913	212	4	1275	1052	1798	105	389	1574	1685	518	1300	325	1181	1406	492	1736	1163	1905	1625	555	267	1343	391	505	1589	701	1692	746	1174	55	374	42	148	129	1364	18
1779	754	144	159	170	590	1592	125	802	204	1666	551	1171	583	1303	645	1064	844	872	61	1743	269	9	1412	1814	1325	297	531	456	1925	1009	891	1426	554	1055	1010	706	47	464	1091	772	401	1251	1931	1532	715	1235	994	330	219
130	448	1607	1186	1720	1238	873	1524	696	1894	185	862	397	221	907	429	1378	451	75	1674	883	830	1938	229	1294	168	1684	81	967	336	1735	131	1896	1643	7	512	1614	1110	739	358	1042	1630	1821	6	1745	1788	252	1139	112	1662
1140	525	1211	628	1744	197	372	1483	491	94	282	565	407	468	1683	1060	976	1070	1623	313	1527	1283	1571	1310	1612	737	1583	351	1045	1262	689	504	339	1564	408	582	614	1411	413	1272	418	200	927	1505	780	147	445	174	1104	36
442	1217	680	257	732	1660	887	1802	669	1923	763	72	1805	599	771	868	1793	547	632	1694	673	586	1092	1900	376	1059	809	298	1446	231	592	1323	1289	987	990	318	804	1705	1392	124	738	1327	253	117	1185	947	1842	984	1474	340
329	648	1365	1746	1265	1305	441	605	1854	1738	1762	1370	607	1739	634	932	1658	1046	1215	294	1590	1671	223	1897	1152	1244	758	1245	1003	114	116	1680	422	1027	917	847	1934	93	195	1899	1512	1366	540	774	1785	705	848	1269	1833	324
1649	1569	1078	119	1225	108	903	831	1074	952	1819	726	946	1570	1167	332	1926	1622	905	1556	920	258	1576	1355	924	480	449	1210	954	1520	857	474	1800	850	1137	1223	1195	503	1073	679	845	725	943	176	127	1889	308	156	1554	1848
385	564	1263	1268	517	1595	1172	1102	1020	1725	209	561	1436	859	636	1784	1205	558	29	782	348	1731	650	1507	1586	1834	625	1248	360	1299	136	1626	1503	1580	992	1208	1443	1393	99	1047	617	487	160	958	560	1516	96	134	1022	1444
1326	522	1888	835	1853	1871	1703	1197	1153	382	403	406	723	742	1904	1509	849	863	167	922	530	1459	208	345	1648	1861	1544	182	321	1482	940	293	60	1691	251	292	291	1056	535	962	1316	1361	1407	214	843	20	980	861	371	787
655	1432	1200	1635	395	1772	527	476	497	1862	288	390	1194	667	839	1151	1016	1296	867	644	1130	1513	101	1214	439	1087	1927	427	1621	1416	1624	1700	1593	306	1360	1543	1755	666	1180	870	1452	76	899	1484	923	1477	450	513	970	1437
501	1471	1726	416	1891	1447	941	1747	1759	458	998	874	1450	1792	290	187	1518	1086	206	362	721	1093	652	1810	1801	475	1029	856	1298	931	1718	1344	161	836	579	1147	1719	1266	1916	678	1713	412	26	955	1132	1356	1495	478	1877	866
585	919	1017	63	453	1374	1749	854	1597	1656	1730	1515	226	1605	118	559	642	71	1390	1221	1841	1910	1144	1188	165	799	1315	1687	91	177	402	1403	674	889	1145	983	1430	447	45	978	570	572	1133	284	623	1816	995	838	916	70
213	961	356	1765	1038	731	1510	796	1721	178	557	1857	1369	1499	1173	1729	121	1149	1332	1206	396	566	786	486	528	316	647	82	409	1741	1379	794	1433	338	743	1599	1466	846	276	523	595	795	1534	1479	1353	1127	539	1066	154	1176
425	1405	1886	797	1250	1771	224	1650	633	643	489	892	1158	278	169	301	1909	520	1706	424	240	217	1134	242	1890	1018	1155	1400	259	1072	622	1368	250	704	415	659	1313	1606	398	1496	1728	1065	621	64	1431	1781	508	1445	1410	997
1813	499	211	603	1138	1146	939	529	1117	881	404	384	1646	77	1340	260	1758	1634	672	814	69	753	304	1455	620	1287	1460	1240	255	855	1501	1142	1178	685	1342	639	32	1273	1267	344	139	729	1637	479	950	1722	626	323	1419	790
16	186	166	1547	326	1372	1553	1399	1804	1083	95	137	1301	1663	14	1318	1716	173	1826	1608	1428	1508	936	755	1100	1254	1148	545	1123	712	103	1761	1162	1856	220	1702	894	495	331	681	1922	455	423	1839	519	102	1467	1187	1913	596
1128	658	1850	1775	576	1790	49	1081	56	778	1337	693	222	279	1291	1598	885	236	1689	514	420	651	1540	784	1617	600	1389	918	1307	1097	722	928	1190	767	676	21	1458	1088	314	594	272	1584	239	1118	552	886	228	819	1383	370
1418	299	1386	890	462	122	683	1852	1780	1906	1537	606	587	1757	113	1391	934	386	1827	115	436	1261	1880	1239	1587	1828	1050	1204	1732	368	541	463	1312	1536	1329	414	1071	405	1354	237	1382	1847	1645	1159	1712	820	428	247	573	949
477	1295	1367	580	1063	1000	1398	1545	507	90	1844	700	337	654	964	1170	1157	1175	1116	1651	1669	591	1832	1230	752	1568	215	126	1053	1642	1468	902	1058	1473	812	734	810	670	246	948	1763	1551	510	1820	762	188	2	1422	67	1490
1493	1456	296	657	1184	68	87	1465	1535	1	8	459	1286	1096	1676	921	1424	66	993	289	785	85	205	1156	41	232	1577	1752	43	1278	1292	989	1394	1585	1317	604	1421	471	110	1682	311	1565	1751	202	305	107	991	871	1429	263
100	342	1228	1602	1401	1629	1867	1699	152	800	1529	1414	1448	1182	1057	1517	1688	266	1911	999	1533	609	988	488	1895	1818	1420	1817	1198	1795	1578	1594	610	1773	908	649	694	17	465	756	900	1681	193	379	37	1470	444	273	1619	1191
180	281	1928	1657	1387	1213	1481	1236	190	312	1427	815	1901	1381	1865	1627	151	235	724	1557	1698	1811	1615	664	199	1628	30	1233	13	1838	1033	749	761	1114	320	1229	162	1166	1652	692	1489	925	378	568	1164	521	300	1908	1822	1873
750	50	770	319	1794	1285	365	1347	1469	399	1546	146	1678	34	1807	1288	248	1809	369	218	22	578	1395	1371	120	613	1519	1255	945	1782	1028	268	1462	1090	793	1566	1675	1538	53	686	1032	128	1252	1109	59	1764	960	1673	563	687
567	766	1008	1539	1246	1034	543	858	671	1686	1791	261	1041	896	864	1397	593	1881	792	1463	806	985	1264	745	1506	392	481	1917	760	1581	536	1019	956	550	546	1309	1740	1404	1846	910	1425	277	11	1789	893	1677	435	78	123	1357
1409	283	1402	1048	630	153	196	350	1075	735	317	1695	801	1270	690	926	709	533	1311	1528	1120	1573	31	1480	1812	141	310	1227	979	1806	1192	1840	1112	968	1224	615	438	1930	757	244	1169	775	1454	1281	1376	571	829	388	286	1472
798	74	1143	1362	803	393	1160	1348	1665	1335	1084	1654	367	472	1377	641	1563	191	238	1885	280	5	1709	58	1912	506	150	132	675	825	1870	194	295	741	556	394	225	1345	457	588	0	1892	1760	1025	1196	516	1915	1201	79	728
808	1701	1322	1579	1154	1101	1035	1216	876	730	777	1863	80	1234	1231	241	287	901	1717	62	426	788	12	216	65	1193	1733	1177	1453	1803	612	1936	1358	155	832	663	500	682	575	1587	1482	1137	239	1366	57	1532	946	441	175	944
1747	1033	407	677	1899	1379	487	1363	47	660	1203	1529	1585	1404	145	1291	1815	1664	1088	1337	422	1064	479	1497	525	1545	957	1182	792	1924	843	859	190	417	565	692	1812	1191	351	1635	210	167	1829	557	906	220	839	1465	1502	1550
1836	1069	1343	1063	290	866	1657	342	888	1439	762	1609	651	1607	136	1024	664	326	1470	1102	765	1385	1233	1299	1569	1305	222	1225	835	82	1713	489	1275	1485	1473	1530	1150	1107	335	183	209	1841	93	186	191	1246	910	1219	731	413
224	726	450	1694	1289	387	1650	1220	1506	357	1278	1053	1757	601	1458	1398	1501	975	208	393	1806	226	223	703	1237	251	1575	547	1661	1521	712	175	1745	188	1450	2	702	1016	1643	369	1356	1065	1281	1350	717	84	1883	40	1393	982
457	1555	225	27	1558	1243	786	343	690	1336	680	1582	1809	108	1242	1552	1677	22	227	1863	238	1048	953	1224	263	1697	1081	993	907	1788	35	1596	1095	299	78	796	1681	100	287	827	1061	560	400	1263	1751	31	741	513	1392	1026
288	1503	107	1222	1436	1832	1071	789	842	1022	1321	396	1059	1500	1603	68	331	655	1240	521	778	954	1526	1272	1056	1330	1871	1373	645	1114	1701	772	1750	1516	1821	340	753	312	894	807	56	505	1342	1574	352	1740	626	1163	588	797
931	149	604	706	559	325	421	845	1639	1075	1111	318	1094	929	1727	94	707	337	587	1227	1423	956	1038	1358	293	598	1932	1206	1723	148	572	177	877	1743	711	1599	1328	1835	1852	699	673	1525	257	896	419	349	532	743	463	646
806	1284	144	555	1362	109	675	458	96	201	1691	1349	1463	1195	938	1690	6	801	519	1351	1249	442	1027	1433	1017	1157	1252	276	1186	381	200	871	460	1709	392	823	402	1226	1619	91	1442	516	1627	277	1194	781	461	346	1848	1260
502	125	916	567	1165	151	1041	241	1737	647	1551	1456	1595	1204	1904	1844	380	768	1604	1120	1532	832	918	1126	986	476	955	1774	1936	50	492	154	885	1640	1046	139	1768	1540	754	1891	844	1548	549	345	535	1542	816	671	980	548
59	1688	924	756	1353	1514	1307	1124	747	1799	1256	1512	1906	1153	247	1825	1323	405	1827	1636	1369	1892	45	26	1144	138	1515	1441	242	1792	611	941	591	1920	232	1602	300	216	1536	1474	385	1588	1346	1707	1676	1452	1562	562	370	1073
265	1108	1241	694	157	1634	180	1180	1136	1851	344	307	1830	120	1703	1764	1630	1326	995	291	1547	515	1390	207	32	895	1031	384	477	1490	143	474	1013	1908	793	1335	1687	586	163	1559	607	1086	1229	962	739	425	1264	1748	1435	510
1443	1469	875	1725	134	1864	878	528	1865	115	294	1629	886	613	1317	761	1461	996	687	640	1675	397	1647	1354	554	1128	550	1872	1706	795	846	1364	1772	65	314	635	1168	942	1318	850	989	1413	219	985	526	1173	1244	409	1410	1715
1876	1247	1846	480	390	1789	930	1598	869	245	411	255	1366	1509	1280	899	1090	101	1104	1223	185	76	1933	1803	63	1371	618	1667	725	1162	174	142	879	1445	897	30	642	1645	1902	430	121	1770	1025	1534	493	1686	1874	1298	274	1615
1292	57	1763	338	1271	1003	1935	1881	1612	1109	960	950	1142	606	828	160	1058	581	260	1495	106	520	235	1421	69	683	524	486	39	1009	1918	1870	1418	1176	1914	1082	302	410	1409	623	1905	659	1312	863	1653	1248	1167	1212	1659	833
399	767	1594	974	704	429	746	1193	270	1331	1576	1174	632	911	491	403	1457	472	498	780	1011	1621	1340	1646	1822	95	1092	1744	757	1583	5	1508	1467	814	1422	110	214	874	179	449	278	217	1704	764	133	155	1051	1159	1923	1221
252	248	1368	508	1498	857	1873	1279	99	908	939	1716	279	689	462	1376	883	447	1722	1055	1753	836	621	1746	1884	637	14	1843	992	1131	196	1133	377	849	1383	131	1628	499	119	1471	488	998	1333	668	371	1496	672	1210	563	1926
1005	1455	909	1910	339	1729	1761	213	936	1143	261	684	83	412	1076	1537	332	81	1397	1670	88	758	176	1937	373	1493	443	1429	459	1087	1679	1394	497	1129	1170	38	667	709	1805	990	576	1367	1460	1684	698	1584	1903	818	1427	509
334	817	221	1464	249	389	1818	735	1039	1049	552	1579	1303	679	33	1001	1868	605	1344	1767	1444	1387	900	934	1625	1860	1189	495	574	1601	308	769	620	1752	1399	656	822	1375	1101	670	1377	582	1171	629	1400	135	1563	71	1007	700
1105	905	788	1519	819	1002	873	964	1499	979	867	1915	1453	602	625	1869	428	123	161	1010	766	16	1925	74	1717	20	774	1828	1417	631	1531	1587	243	571	856	652	165	395	624	454	701	269	983	898	744	716	1012	159	1302	714
1348	1309	1711	111	1533	1290	1277	172	205	951	1759	386	1877	436	825	933	1359	734	1878	1833	810	1314	914	391	1736	1930	289	418	657	367	1760	122	1149	681	452	1135	170	1853	485	363	1624	280	360	146	1484	1269	901	358	1380	608
327	961	1196	1900	141	240	203	453	718	1324	949	1907	1733	1742	1459	15	1475	112	1785	748	1213	808	444	804	1867	1839	1734	811	1614	579	724	1543	577	539	609	732	1693	1557	1446	152	36	821	1234	841	1476	1378	798	676	662	978
471	1777	1820	853	1573	1255	1605	852	1689	1680	641	1315	350	1749	713	426	440	1416	90	37	1511	1606	1702	643	80	1231	286	54	994	708	616	239	70	1000	1622	34	1538	1045	1415	11	1672	1440	597	1137	1077	62	892	1580	1556	1431
1824	1160	441	517	902	584	1671	1384	475	1739	1156	445	1161	682	1401	162	347	354	967	451	60	137	501	648	1151	1927	496	1021	1360	1611	434	1668	1068	1172	1117	55	1145	246	1855	1631	1909	10	481	1666	590	1695	522	147	634	1665
1710	1720	1089	815	1593	791	784	465	437	237	1266	603	1202	1781	197	1454	92	1352	1786	523	383	1258	514	820	24	1118	1783	376	880	1780	531	128	171	1322	199	958	482	85	467	1316	1297	1355	742	13	1655	984	1425	932	28	1862
1207	309	322	1044	1663	184	1187	1411	317	678	1504	561	926	1374	1262	987	230	1917	323	1597	1565	570	464	1043	0	1188	204	830	1296	1265	1802	802	1741	1794	1311	1047	156	840	1699	847	917	537	1928	636	379	1052	1178	1253	1894	1765
1146	1790	1029	42	259	1407	1270	740	23	1793	529	61	1308	773	870	800	250	1911	826	1414	1365	1054	1239	538	1110	573	1084	887	1673	860	831	1517	43	755	468	1840	1568	1257	264	301	891	1468	688	851	596	1539	1035	1641	304	341
320	1649	406	1769	923	187	1524	105	751	494	1381	378	943	1589	920	1184	1921	466	1287	1816	1520	1577	1479	890	658	1535	612	1283	1610	628	1139	1042	102	1152	650	218	169	1098	865	310	1810	966	838	1834	356	727	782	46	812	1141
1898	919	1185	617	799	1067	1112	937	1388	1372	1347	1074	1402	164	794	1050	228	904	1912	456	473	420	86	1658	580	729	404	1123	1776	1245	999	948	627	1424	104	723	1361	1633	824	1132	1130	306	364	1934	654	599	1370	296	1477	1811
129	669	776	49	1731	1447	1230	1282	1014	1466	25	1462	273	1079	168	1125	329	1486	1591	206	1922	1396	1773	1122	1771	527	1327	1405	1683	1329	1823	1357	1795	1097	553	1817	150	1080	1432	202	178	1510	915	564	665	166	1880	1116	1882	862
1177	398	353	1434	416	1819	1592	311	760	1857	365	1581	113	1897	770	234	540	1938	749	236	1782	1057	881	1313	1858	1096	1389	882	1505	737	1085	328	1062	1339	1758	1166	1637	1866	1215	446	1919	1682	1784	455	233	970	355	592	1714	1451
1553	1310	295	1854	1211	231	1121	1295	568	1286	375	1250	361	1492	414	229	1705	1006	1560	1179	1620	435	1608	1728	1895	182	542	927	889	1494	1518	544	1276	490	1735	1403	1875	1901	1099	1037	575	1929	193	511	1567	969	212	1590	97	1849
1	674	1756	321	736	126	733	1654	173	1148	848	1030	805	945	1549	1571	359	1885	1564	1718	1656	779	738	1916	75	1787	777	1154	976	1217	1578	1332	963	282	1813	1572	1721	649	1301	1850	192	610	1888	253	1019	433	266	285	181	1648
1842	1696	1015	1814	336	619	710	1632	971	362	653	330	1480	394	1674	438	1155	4	1685	272	858	829	1732	705	1626	1859	1254	431	1103	1698	868	589	722	1678	1570	1481	1801	861	876	1338	1345	1138	1791	583	1507	1169	721	1438	1726	1730
1273	1023	189	73	1406	297	884	1660	1886	512	730	1847	546	132	696	1617	1712	51	663	922	1420	1294	258	1199	697	1796	211	1070	972	1638	262	541	1719	944	103	1119	991	408	281	1807	1181	1642	1527	1164	630	903	1228	58	1797	423
1192	427	29	87	1483	9	1513	1798	1334	1325	504	1566	415	140	912	1766	1837	1320	968	1561	114	785	1395	928	644	947	545	661	1004	366	1541	254	1115	1889	1274	1523	638	977	1472	507	1724	19	382	719	1036	1651	543	388	98	48
1261	432	745	348	1437	1488	1197	198	556	21	1775	305	685	1491	303	622	1386	1478	1890	1008	324	1879	594	569	64	283	1887	595	1208	1448	256	988	153	1428	1078	551	1586	44	1060	1623	1205	1778	469	1426	783	854	1528	372	448	130
1209	981	1238	244	518	1644	1293	1285	1618	834	959	1200	77	536	215	771	965	1419	8	615	1391	1613	484	1032	124	1700	374	1382	1020	666	292	1754	997	89	1232	368	720	935	639	439	1140	1449	1487	790	940	316	118	1430	1201	1183
855	1147	72	763	593	1800	893	1838	558	686	333	313	1198	1408	271	1652	1662	1708	470	787	1158	952	3	1826	1546	1913	1544	478	424	1093	864	1804	1692	691	52	1214	53	752	195	1134	194	1779	872	695	67	319	1762	79	1808	1893
1218	1522	1072	1304	18	600	1319	267	1931	837	17	483	1600	401	500	275	1028	759	1616	578	1861	1091	1235	693	503	1236	1190	775	1755	633	41	1288	728	803	1018	1040	1251	1489	533	566	1034	315	1066	1259	1341	1113	530	1106	1100	1738
268	813	1216	66	127	1669	946	1175	715	116	1831	913	284	750	1845	1083	1267	809	925	298	1127	506	7	614	1306	1482	1856	158	12	534	1268	1554	1412	585	921	117	1896	973	1300	186	334	442	1554	1934	711	960	1692	1930	669	1105