2,0
26	171	182	174	196	78	47	226	175	111	148	208	199	209	223	70	136	58	87	114	98	127	59	56	166	152	68	24	188	185	19	178	35	55	49	172	162	103	201	63	142	154	20	161	5	202	91	195	204	1
2	61	189	10	60	46	6	190	69	120	52	168	149	116	99	7	232	39	76	160	131	129	198	194	121	109	165	72	220	159	83	224	102	43	216	21	147	37	193	75	119	181	95	130	184	144	67	66	163	22
38	230	219	101	187	218	132	117	231	192	167	90	41	80	105	81	32	124	106	48	110	25	53	138	17	215	180	51	14	146	82	84	214	29	3	23	128	45	176	97	186	42	155	79	207	12	112	11	85	134
143	222	173	104	34	108	50	191	169	170	4	133	44	96	206	28	135	145	203	210	71	118	183	229	137	74	225	212	94	151	150	205	93	18	27	36	57	31	65	140	89	158	30	86	92	141	126	153	13	197
77	211	179	177	213	200	33	62	122	107	88	54	139	100	16	115	164	40	0	73	8	227	157	221	217	156	123	113	64	15	228	125	9	186	43	115	179	4	71	119	232	195	173	117	131	182	183	168	142	98
122	185	184	35	119	18	146	78	124	62	43	92	79	75	39	11	32	93	52	27	45	148	191	229	227	90	188	205	50	162	57	12	182	223	220	8	44	175	59	63	152	161	127	66	170	7	64	176	102	212
183	198	149	143	123	199	83	104	120	219	147	207	172	42	33	215	150	13	157	53	228	89	67	30	159	37	138	9	112	113	108	221	5	46	31	137	22	49	38	217	73	14	192	211	131	155	190	139	101	213
224	195	174	24	23	82	65	171	181	76	193	158	20	16	6	145	55	230	28	197	36	69	51	106	97	71	41	142	15	68	125	206	209	96	17	99	34	47	196	169	110	21	202	226	48	187	135	132	84	105
10	72	231	54	160	98	163	100	3	114	218	87	85	208	222	61	177	29	178	19	180	186	173	0	115	86	140	1	133	204	26	109	116	210	128	167	194	151	4	201	95	40	126	144	58	153	56	74	164	2
107	166	121	70	81	165	111	103	134	168	189	25	77	141	179	60	232	130	91	129	94	225	156	118	80	154	88	200	203	117	214	136	216	230	145	51	204	226	177	25	50	135	227	223	61	70	180	137	78	26
212	228	110	203	223	70	232	77	19	48	216	129	187	43	11	177	127	142	152	46	22	4	17	189	183	87	215	61	208	112	124	114	176	166	85	65	7	80	99	199	125	2	180	154	197	60	63	184	10	170
29	173	62	207	150	81	227	94	97	18	49	67	139	102	86	119	220	117	74	206	3	68	53	72	213	200	69	98	64	47	71	225	54	162	148	156	137	50	109	96	130	210	157	181	132	192	52	40	83	92
27	128	16	191	182	195	204	145	5	209	167	211	35	39	186	15	55	131	89	149	134	103	230	190	45	56	121	144	214	51	126	108	0	138	12	38	113	26	66	76	116	201	100	179	58	168	13	136	161	107
194	106	73	120	224	84	105	118	196	218	174	141	44	21	163	171	75	8	229	33	88	205	91	104	172	24	82	9	23	226	178	57	31	79	222	160	219	193	169	158	111	123	188	231	34	20	6	93	25	37
146	30	32	202	147	90	36	115	14	133	78	159	217	1	143	95	28	153	185	41	42	164	140	165	155	59	135	221	198	122	175	151	101	56	149	77	128	133	182	183	52	105	108	17	228	161	41	146	82	74
130	21	176	227	58	81	194	78	165	35	95	170	60	68	74	138	44	149	223	104	218	148	14	215	213	47	143	102	59	22	61	198	166	225	188	163	174	11	185	31	226	36	210	191	195	181	97	190	91	3
115	222	114	175	76	55	39	79	56	90	212	216	92	197	140	57	93	66	67	37	120	0	177	77	103	9	2	134	123	202	101	180	137	5	230	208	34	17	99	183	29	229	88	108	116	132	160	154	107	89
73	221	205	50	26	64	23	71	65	24	87	45	100	72	179	42	125	167	219	46	94	4	135	38	106	113	85	152	12	15	82	189	209	40	217	184	33	20	80	141	49	168	30	193	211	129	69	131	199	8
203	172	178	124	159	118	25	228	51	110	54	186	142	133	63	84	182	173	127	13	139	220	7	158	6	28	70	98	161	151	62	157	105	111	96	136	164	109	150	171	32	75	147	1	27	117	128	201	41	146
86	122	145	153	119	187	207	144	231	155	126	162	19	10	204	121	196	232	156	18	53	16	200	112	48	206	224	52	214	43	169	192	83	154	66	134	146	189	23	71	36	8	26	49	229	100	116	174	70	182
166	116	189	124	228	53	229	216	104	76	130	108	119	225	173	110	93	90	144	136	86	158	221	42	121	156	60	167	143	176	214	17	8	125	94	113	68	197	92	51	152	223	163	188	47	114	204	187	11	131
181	106	220	193	201	215	56	13	115	151	43	87	41	199	57	194	91	134	132	61	175	157	192	165	80	184	49	111	139	208	33	69	170	227	20	105	231	58	200	112	103	230	224	96	145	133	77	196	222	75
36	39	205	177	135	32	18	164	0	178	65	31	182	1	217	89	16	19	22	137	141	174	154	48	27	191	185	35	28	98	123	183	50	63	179	37	40	150	85	153	34	7	44	190	26	120	160	171	126	72
198	54	168	195	2	30	102	155	12	142	210	88	209	15	70	212	84	169	172	211	127	101	99	232	10	71	38	180	59	159	9	46	81	3	73	118	109	162	107	129	64	55	45	213	203	67	21	5	218	25
147	161	6	226	128	74	24	97	186	149	66	52	138	4	206	14	207	219	146	140	78	100	202	122	29	148	82	23	83	95	62	117	79	185	141	176	108	66	232	81	210	49	116	132	28	43	69	217	145	187
109	92	17	177	211	65	90	94	113	201	194	189	27	34	8	147	104	24	157	224	223	146	95	30	82	38	130	142	102	0	52	145	159	140	20	16	106	118	47	97	15	66	190	176	134	60	87	56	63	133
149	161	143	88	171	28	138	151	40	119	206	54	200	84	232	183	226	144	173	158	45	136	222	93	212	80	122	126	168	48	57	114	195	228	141	25	148	217	120	162	37	67	229	128	115	36	96	207	12	150
153	186	29	55	175	85	121	42	156	182	213	204	100	203	99	107	227	185	70	192	79	139	124	184	76	111	89	169	179	110	73	71	39	103	163	9	108	61	164	64	11	152	129	10	3	131	196	170	14	50
181	208	75	74	215	132	205	197	166	167	154	188	32	191	78	216	13	117	165	49	210	23	155	35	51	98	77	218	6	43	105	220	198	81	18	187	62	137	112	5	59	174	199	221	123	58	193	86	19	22
4	2	180	101	127	125	178	172	68	219	230	7	33	160	31	69	21	1	44	231	41	209	83	53	26	46	202	225	116	91	135	72	214	143	211	96	173	214	168	104	157	57	158	120	24	100	129	147	8	25
144	136	18	76	42	221	164	4	59	228	154	11	169	179	92	145	156	7	188	106	152	48	2	158	203	226	150	209	182	174	222	101	24	29	41	133	165	108	191	216	87	104	20	166	26	231	224	139	17	124
74	16	56	112	25	43	89	6	94	30	210	122	19	79	118	99	1	202	227	50	223	193	90	93	229	125	176	230	45	70	172	212	147	194	72	3	162	149	134	138	213	201	51	68	80	130	114	109	177	63
214	117	200	119	34	142	189	78	69	205	23	96	168	225	171	143	199	44	183	81	170	111	37	31	27	66	0	82	148	13	52	121	178	98	102	211	163	219	95	132	32	137	120	100	160	195	46	181	215	208
185	58	83	157	5	36	146	55	88	61	47	21	49	85	64	14	155	126	153	105	161	218	116	35	204	198	167	128	232	77	10	53	131	159	192	67	9	62	39	57	217	180	173	107	190	129	123	33	186	84
86	38	60	91	15	141	184	22	197	8	207	220	97	113	73	135	75	54	40	115	196	71	103	12	140	175	65	151	127	28	206	187	110	202	226	89	203	43	91	1	27	214	205	164	120	21	170	115	227	79
179	131	153	85	173	89	141	20	60	155	140	93	31	123	47	167	158	110	228	194	81	18	103	38	230	204	171	42	109	14	142	224	137	186	105	211	49	220	6	181	51	32	101	76	71	132	41	195	69	43
197	203	199	113	149	79	174	57	221	212	5	66	218	156	15	177	102	98	169	200	165	73	225	136	185	187	80	227	124	87	64	40	163	92	96	34	88	170	3	188	121	198	120	83	72	35	75	97	104	122
219	157	232	128	206	10	63	133	178	107	77	30	183	59	164	106	22	58	209	39	125	210	191	82	207	145	231	50	24	129	222	126	27	78	25	55	154	12	151	56	216	53	112	134	111	190	182	52	144	166
196	91	1	176	215	223	205	54	161	184	192	180	150	99	2	168	130	202	108	67	86	26	226	13	201	213	16	61	45	11	62	17	28	44	94	148	7	48	84	193	119	229	8	114	118	46	33	138	172	100
23	189	147	65	159	214	74	135	115	127	90	9	217	29	208	160	117	37	4	36	70	152	21	146	175	95	0	68	139	116	19	162	143	179	85	114	65	105	40	217	86	115	93	173	53	45	119	43	16	91
64	132	53	10	143	78	231	201	141	91	18	22	113	93	6	7	45	213	4	46	224	73	118	30	189	131	88	203	37	85	133	119	176	148	14	211	107	90	72	163	25	28	149	8	97	23	166	164	69	168
71	110	205	47	21	20	204	126	0	162	24	42	115	216	94	226	194	180	212	230	146	158	43	31	186	184	128	17	218	167	114	35	195	55	117	58	66	232	190	182	145	221	89	156	193	87	40	197	86	68
215	152	151	15	154	139	144	173	65	51	157	39	36	9	5	111	50	161	209	206	207	52	108	77	84	102	153	103	160	41	208	105	120	44	74	38	223	112	147	81	140	79	106	183	188	135	96	13	104	136
95	12	62	199	16	187	137	76	181	198	210	177	170	191	127	138	150	222	123	48	219	60	159	178	75	34	19	49	82	185	165	228	26	172	192	1	101	11	57	175	2	169	202	99	32	179	116	129	155	67
83	124	142	227	109	27	63	98	121	59	196	214	171	29	3	125	100	80	174	130	54	61	225	92	217	70	122	134	33	229	56	200	220	56	218	38	106	22	142	36	107	18	93	98	79	207	80	131	230	26
134	181	161	12	72	103	212	8	50	143	28	157	67	81	47	24	147	74	75	180	94	164	83	221	46	40	31	171	226	209	222	88	54	3	202	176	122	193	196	43	57	69	119	154	106	105	102	97	27	146
183	5	110	206	124	38	9	169	29	187	64	76	108	223	138	79	107	121	15	73	16	37	190	128	197	20	192	198	142	66	160	225	156	118	178	120	60	148	179	167	218	130	19	51	35	211	99	112	126	215
52	6	185	217	17	166	70	133	194	34	208	42	204	71	80	201	141	49	227	89	150	132	10	140	205	68	129	149	26	65	115	78	93	213	145	174	91	39	189	11	177	219	13	58	98	168	30	139	56	55
117	45	116	152	111	230	172	1	22	184	123	86	48	32	41	162	151	199	125	216	170	62	127	101	186	144	203	182	4	7	33	63	137	207	153	87	25	173	18	114	59	135	165	0	96	136	104	36	195	224
163	14	220	21	23	231	77	82	200	61	210	159	175	188	2	100	92	214	85	109	191	228	53	84	158	90	229	113	44	232	95	155	131	226	202	223	122	23	156	34	113	90	22	222	58	121	201	65	89	20
177	157	199	167	46	148	150	102	219	101	22	107	145	116	204	189	33	162	231	113	108	90	10	79	4	76	16	75	34	68	65	191	35	216	180	215	26	47	178	42	185	154	83	15	192	139	63	77	109	146
62	25	21	151	70	31	14	97	2	37	208	106	174	40	212	38	207	91	211	78	230	181	66	17	123	187	223	203	81	8	184	129	23	85	182	104	20	13	159	198	36	135	164	166	134	9	52	64	32	120
214	186	100	87	190	126	122	54	24	99	130	170	194	7	30	136	111	80	226	125	179	149	124	141	45	153	18	220	160	133	49	67	169	5	74	55	140	152	44	86	69	143	175	89	114	0	58	93	88	60
