2,1,1,0
236	274	257	298	228	192	166	263	76	170	119	65	6	146	365	266	47	218	24	226	353	172	189	43	360	277	64	363	1	88	147	222	87	126	138	97	327	100	212	102	331	188	124	12	354	251	121	334	288	267
66	371	56	52	280	163	26	157	173	278	27	167	253	183	105	80	78	276	99	111	227	361	69	184	197	230	34	296	57	154	207	181	142	231	29	92	70	210	17	113	193	98	174	25	114	345	131	20	59	191
37	151	262	110	339	261	223	325	322	341	205	175	258	195	215	36	10	61	81	238	130	259	350	275	372	152	310	351	35	338	19	108	5	282	204	104	323	60	21	281	106	139	127	49	211	58	75	269	362	194
148	38	369	312	186	359	132	252	336	68	164	0	50	249	187	308	55	309	300	245	83	155	352	264	63	129	317	326	337	199	86	219	160	46	293	162	295	176	84	316	202	346	247	2	137	225	329	116	120	198
343	196	180	208	287	32	304	7	9	103	91	39	28	332	315	242	169	348	190	255	270	206	153	217	368	30	109	330	72	213	136	314	357	240	101	168	364	229	224	328	171	260	161	149	303	311	214	115	241	340
294	366	117	48	107	318	333	307	299	82	95	67	96	22	254	244	291	159	319	144	209	301	90	41	233	279	305	53	178	273	347	297	51	14	302	272	285	3	23	128	165	201	45	235	237	42	232	79	185	355
220	268	112	11	150	234	85	246	134	143	271	290	182	306	324	4	133	44	250	289	284	203	135	145	71	118	335	370	216	74	367	248	94	349	93	18	283	292	313	31	321	140	89	158	286	342	141	243	13	77
358	179	177	200	33	62	122	344	54	239	356	16	40	256	73	8	221	156	123	320	15	125	265	240	220	222	372	341	157	299	77	213	310	353	207	190	315	283	27	359	101	150	49	161	288	321	292	333	357	131
67	86	194	332	322	234	127	112	240	46	60	296	77	260	56	212	230	256	222	349	81	74	220	11	232	320	329	43	263	335	257	17	219	35	4	213	48	22	343	139	18	239	63	109	103	353	288	61	355	352
324	345	295	280	196	7	87	94	152	252	255	2	333	210	128	110	364	289	145	307	29	225	80	161	325	168	182	211	356	98	191	125	248	269	328	244	367	96	229	344	266	372	312	301	365	166	299	337	69	174
64	47	71	279	286	358	157	129	162	102	50	131	119	350	361	370	203	148	190	52	40	83	331	27	142	16	273	204	117	217	39	310	214	208	15	55	226	89	167	124	323	121	209	348	271	126	318	108	0	154
368	38	113	26	66	76	278	228	319	201	207	58	235	189	13	136	180	107	305	106	281	120	173	84	105	362	218	179	314	291	311	44	21	354	336	177	192	290	274	254	33	272	227	91	186	104	172	24	82	9
326	251	267	321	31	265	264	160	282	340	169	158	308	123	188	151	34	20	6	93	25	363	146	30	32	338	284	90	283	36	339	306	133	78	159	241	357	360	143	95	28	153	185	41	42	164	259	261	165	155
59	334	351	198	122	268	342	101	215	236	150	140	183	70	247	79	253	178	249	205	75	303	88	242	8	224	270	1	294	250	287	73	243	223	317	275	327	99	330	10	276	193	3	316	116	45	371	233	14	237
206	53	51	132	170	347	298	195	111	171	149	141	68	341	304	231	118	147	238	100	144	57	369	197	138	134	23	54	300	187	62	92	313	200	135	309	163	245	202	115	258	19	175	156	346	130	366	216	302	176
114	221	97	315	181	65	49	277	262	292	246	297	293	37	184	72	359	5	12	285	137	199	85	85	144	17	97	44	143	186	348	158	89	81	2	182	60	352	247	326	148	208	35	346	31	243	213	133	77	361
339	8	119	171	180	96	43	355	172	260	147	55	208	54	287	166	176	238	335	367	35	110	63	39	246	155	360	66	89	299	94	99	153	365	46	115	41	210	279	202	353	302	217	49	167	33	270	247	273	234
245	53	136	67	184	85	163	212	364	232	36	308	140	266	330	337	211	76	72	174	70	14	10	75	347	258	83	3	23	42	44	26	78	283	236	351	316	195	7	333	345	224	185	314	144	257	359	77	13	160
138	16	104	130	162	97	288	145	105	372	348	264	181	313	338	368	37	134	196	146	127	209	141	329	227	149	120	58	190	82	277	371	248	108	349	304	191	183	341	31	109	116	50	239	201	309	22	292	340	154
18	95	25	310	121	296	5	122	197	101	60	88	113	150	199	276	280	342	175	186	207	254	354	29	213	143	179	117	87	324	103	40	326	61	90	226	303	189	151	265	261	262	282	352	111	173	235	123	263	182
64	327	233	19	321	4	370	203	362	281	290	363	158	320	34	311	118	269	219	230	20	307	332	69	240	322	206	334	177	315	271	165	336	45	286	164	129	24	27	249	81	344	228	84	80	285	30	128	361	252
12	306	159	156	169	74	47	170	124	200	198	79	237	139	358	56	242	193	48	0	192	106	1	102	52	222	253	267	251	241	293	318	291	62	274	205	221	244	297	295	152	325	317	92	366	204	289	343	220	142
21	319	100	93	331	114	346	148	68	250	229	51	328	132	91	259	225	278	214	300	294	131	168	59	357	301	6	11	161	107	223	137	28	73	98	17	32	298	243	255	135	187	284	369	188	15	312	157	275	268
305	57	356	216	65	194	86	215	323	125	256	218	112	350	71	133	178	9	231	2	38	272	126	127	302	332	282	117	116	151	315	139	267	28	103	310	174	366	166	343	325	351	47	305	352	76	79	286	145	190
220	284	133	98	8	213	303	331	16	57	267	101	228	349	289	256	346	105	38	110	252	148	107	367	111	357	189	187	91	356	235	242	203	120	293	296	225	224	205	311	320	234	102	103	304	216	326	81	60	109
132	88	315	20	90	27	372	251	178	257	196	268	283	188	17	226	63	144	238	128	52	336	363	130	222	308	163	36	230	161	219	191	150	29	145	179	53	358	313	176	275	229	345	85	136	125	127	199	223	55
344	360	40	270	343	24	28	37	233	108	342	94	260	131	298	9	5	67	348	162	84	290	204	89	45	354	218	217	353	248	264	323	190	286	263	182	239	140	137	200	240	347	181	118	124	250	18	66	370	56
2	371	211	208	174	116	113	294	30	82	245	70	279	80	281	142	0	164	34	104	241	92	31	152	355	312	126	146	325	143	212	119	65	266	106	26	47	58	194	231	276	158	362	138	87	139	95	121	206	15
42	122	153	351	236	318	6	366	156	114	97	273	302	332	319	99	168	285	134	54	352	159	271	249	333	3	35	141	100	93	247	329	173	330	232	246	171	361	243	277	253	149	48	185	169	186	272	215	305	25
301	335	327	32	237	165	195	280	170	96	167	12	306	339	157	183	295	115	147	197	292	334	46	61	198	79	192	76	338	322	43	282	340	73	210	214	71	39	316	265	175	207	227	317	151	64	11	129	10	259
324	14	310	50	369	75	74	364	166	13	184	321	154	201	341	288	51	78	254	365	269	117	49	255	359	23	155	291	307	77	177	300	262	299	244	297	350	337	274	62	202	112	261	59	278	368	123	314	193	86
19	22	4	258	180	172	68	221	72	135	7	33	160	287	69	21	1	44	328	41	209	83	309	225	173	99	179	77	194	59	158	193	75	24	156	29	183	7	364	252	337	303	60	136	176	112	216	318	6	307
182	215	158	300	136	308	89	303	113	209	237	164	18	216	87	73	107	121	249	267	128	222	200	129	327	197	66	92	42	314	101	262	347	32	43	51	225	238	219	79	338	157	317	332	272	150	345	234	5	134
203	15	343	88	189	371	369	168	57	122	14	154	156	350	126	329	273	236	212	106	259	64	337	181	80	306	240	93	3	265	103	72	35	75	125	186	263	145	120	253	218	233	195	178	244	77	30	348	59	297
318	58	206	39	292	353	124	213	50	334	279	274	366	361	277	27	78	307	85	193	25	97	187	313	55	104	217	302	12	140	56	201	53	112	111	177	235	229	153	183	91	1	325	185	191	54	149	239	351	167
99	301	155	130	188	221	333	355	26	370	13	176	199	16	363	45	359	299	17	28	44	257	148	283	48	84	180	119	365	8	114	118	46	33	138	172	335	23	147	65	159	290	74	247	115	127	90	367	202	346
160	117	37	4	362	70	152	21	146	175	312	0	68	139	339	19	162	143	309	354	109	108	173	69	223	316	261	198	137	269	227	41	105	276	230	289	71	284	144	171	372	281	29	49	165	38	9	368	110	295
286	179	310	220	243	100	311	266	226	210	264	293	231	304	151	190	270	123	285	52	271	94	184	174	133	7	10	207	342	141	364	208	288	275	305	161	319	83	349	169	194	322	296	260	132	224	252	258	214	62
20	2	341	278	204	142	287	96	76	192	196	63	95	31	324	328	358	47	22	282	256	170	11	315	6	163	61	102	67	131	360	24	268	323	331	255	340	40	280	116	298	352	356	254	135	248	242	357	321	81
232	251	320	82	98	86	245	250	241	291	326	166	36	330	228	336	294	246	344	205	211	60	34	260	139	199	218	358	279	36	268	222	20	303	65	308	64	269	241	147	270	93	281	119	215	360	164	114	108	300
88	338	67	56	314	142	295	250	22	48	26	109	83	75	18	339	23	278	358	36	113	270	257	326	354	306	324	169	224	194	50	283	289	244	97	201	335	251	356	7	369	345	91	321	240	275	322	30	134	238
279	63	120	155	185	226	69	319	106	132	236	285	147	41	98	64	82	273	183	297	45	360	80	116	280	310	334	191	260	203	225	4	11	175	188	277	304	164	351	42	323	248	85	195	267	114	152	364	281	299
239	370	246	309	192	341	245	254	290	365	206	266	133	81	202	330	119	54	92	148	372	214	93	348	150	242	325	181	137	1	52	344	287	303	25	110	9	262	213	103	10	252	174	317	95	46	70	294	166	217
349	20	261	220	235	272	158	320	102	300	0	128	141	96	329	205	361	78	367	17	47	160	180	135	263	35	311	139	291	112	228	219	259	336	53	123	29	178	331	111	346	264	232	316	34	293	253	143	73	90
170	121	138	243	176	333	337	189	149	59	43	6	179	308	165	212	159	2	162	268	13	31	39	19	12	227	234	222	115	237	146	288	247	104	126	37	276	168	199	315	301	3	127	84	197	108	327	157	274	100
255	62	105	122	21	350	284	286	136	153	94	258	362	156	313	371	271	366	204	302	49	71	72	355	76	328	172	208	298	218	99	353	343	144	200	256	28	357	57	241	340	352	186	14	131	65	44	173	8	347
282	342	233	359	151	207	33	184	27	51	77	24	60	216	193	32	269	215	229	223	74	79	312	296	161	171	318	211	101	145	198	5	107	163	129	118	221	55	230	177	58	66	182	130	154	38	61	89	231	368
68	87	40	125	86	196	190	140	15	363	16	209	210	124	249	307	332	167	292	265	117	305	187	118	279	84	328	71	291	120	11	157	141	229	357	9	268	339	57	276	219	207	104	54	235	313	264	184	115	243
106	319	22	174	211	280	307	90	339	232	365	221	118	101	139	0	261	99	100	325	338	108	254	31	247	220	372	63	37	308	4	91	296	150	170	143	103	360	79	21	190	255	278	46	226	35	64	214	30	282
162	313	303	70	302	198	95	140	81	264	184	62	9	241	248	2	276	122	167	115	3	72	120	164	253	346	310	124	298	34	367	157	125	87	6	146	104	42	349	128	107	10	138	265	350	359	38	213	123	1
273	228	154	17	181	249	105	97	153	83	148	65	13	44	152	147	77	291	206	168	130	135	26	246	361	218	305	240	207	355	191	229	68	144	233	16	88	235	340	47	112	116	78	182	345	306	14	323	222	216
58	320	290	175	134	127	251	43	244	316	25	15	180	76	205	326	149	129	293	159	142	230	342	165	270	194	40	32	166	279	126	55	133	334	196	202	75	178	109	145	208	113	189	327	362	286	348	136	299	250
23	357	41	85	51	20	141	324	258	36	343	321	212	50	272	96	335	52	260	160	289	322	176	294	179	245	371	54	24	311	177	281	287	7	158	197	358	80	61	344	295	269	314	263	45	18	292	57	266	356
267	277	237	49	67	309	5	74	300	304	192	86	69	89	114	186	201	256	93	60	301	183	257	19	239	121	187	354	366	131	238	224	156	84	236	223	329	155	315	368	219	161	48	185	215	117	56	297	12	333
262	341	217	59	163	203	171	193	336	39	29	330	312	200	353	268	259	275	363	132	94	98	82	28	195	53	172	71	283	332	227	252	317	11	92	137	27	285	225	243	209	347	66	271	188	151	210	73	199	234
288	369	169	173	284	119	337	370	111	204	8	352	274	242	331	351	110	328	364	33	231	318	102	35	355	363	178	166	188	224	209	146	322	61	226	32	3	210	135	151	186	218	284	326	114	116	233	257	89	333
119	365	99	98	7	115	249	58	207	17	205	346	112	257	141	11	214	279	292	191	102	372	122	144	36	32	321	370	359	192	19	27	41	56	42	311	371	300	158	51	237	179	49	196	215	66	86	357	81	134
43	26	232	159	109	75	165	258	336	255	334	203	343	240	125	153	341	331	221	329	195	4	114	59	118	333	123	63	284	340	62	241	9	274	166	180	324	362	25	22	368	287	244	33	67	88	142	217	93	103
54	76	126	12	60	150	263	337	276	31	121	290	186	342	183	73	90	143	8	245	361	339	265	106	227	316	145	29	107	288	69	164	330	189	182	216	74	298	231	313	291	213	272	146	285	204	6	2	299	250
133	230	211	210	294	220	278	319	259	84	78	310	130	354	187	92	135	181	44	89	200	149	283	61	83	238	120	116	136	161	16	124	315	13	138	268	46	155	172	57	48	167	322	152	367	301	52	304	77	14
178	320	201	140	171	261	65	208	242	68	297	0	170	169	147	228	18	327	352	85	80	132	243	271	97	117	253	151	175	91	355	148	302	307	209	264	53	163	306	87	344	234	351	168	229	82	177	267	202	185
3	127	100	35	281	110	273	326	20	37	113	23	350	252	104	246	235	312	129	96	156	236	256	314	197	128	34	247	280	45	366	24	79	162	139	10	369	295	358	353	270	335	277	309	137	95	262	356	248	305
194	266	154	293	55	38	317	157	308	224	269	173	5	226	193	219	328	72	251	198	108	254	349	94	325	286	282	160	364	40	332	323	174	239	218	222	64	347	176	39	15	21	131	50	30	233	206	199	275	360
348	70	289	225	318	1	363	111	338	345	212	190	184	260	105	223	47	71	188	28	101	303	296	268	42	193	102	232	65	249	30	312	329	2	63	142	186	58	285	176	46	9	359	257	129	125	143	205	23	96