2,0
95	10	5	59	116	19	90	47	2	145	155	35	119	120	171	56	20	149	98	191	39	52	70	147	132	1	105	131	152	75	121	134	99	76	144	78	63	183	7	26	46	168	192	61	160	24	60	72	136	21
55	103	69	87	49	114	101	111	83	81	43	58	165	163	68	151	109	67	66	178	38	189	154	110	91	80	159	184	41	32	117	48	25	53	102	17	172	51	14	82	84	177	29	3	23	142	181	37	182	185
180	45	128	97	127	42	124	79	179	170	138	161	12	112	11	22	106	85	162	6	187	129	148	143	104	34	167	108	50	130	146	186	4	133	44	96	169	28	135	173	71	118	150	190	137	74	175	94	166	93
18	27	36	57	31	65	140	89	158	30	86	92	141	126	153	13	77	174	176	33	62	122	107	88	54	139	100	16	115	164	40	0	73	8	188	157	156	123	113	64	15	125	9	22	135	4	154	116	65	110
95	128	47	79	55	189	155	148	106	22	33	100	65	173	31	64	49	45	68	72	151	170	153	132	9	30	112	171	48	169	191	76	121	17	104	174	93	53	32	178	110	166	84	18	52	21	42	24	43	75
7	69	185	44	123	20	186	156	144	183	54	27	168	102	66	146	113	127	115	154	29	137	131	19	152	136	85	138	180	12	124	5	109	140	73	78	92	0	39	97	190	4	107	149	86	16	157	133	135	116
56	150	36	141	125	105	101	38	70	163	37	175	143	6	40	142	192	77	13	51	147	130	2	91	1	94	187	164	118	80	88	117	145	96	114	188	89	98	181	83	126	122	161	103	59	167	3	60	63	134
74	46	139	119	159	11	162	58	28	129	23	61	10	81	158	120	172	50	34	108	57	176	179	67	62	177	165	111	35	14	87	71	160	8	26	90	41	184	82	99	182	15	25	186	131	27	164	64	25	119
89	186	0	39	13	185	40	122	107	129	126	166	161	17	136	11	94	72	169	33	145	90	35	123	16	63	177	66	103	24	38	61	171	133	131	60	76	34	113	187	152	58	74	18	87	32	112	106	83	56
165	179	85	91	5	139	178	43	64	142	159	15	31	28	25	151	189	141	170	78	146	27	120	80	82	47	157	22	12	55	7	96	70	26	79	175	119	30	77	75	9	84	4	153	88	8	98	102	125	93
127	124	110	73	69	95	108	167	150	117	99	160	10	20	184	3	190	158	154	50	183	45	128	67	155	14	109	1	71	164	51	86	132	121	101	143	52	42	105	81	111	137	148	68	168	48	118	147	100	140
144	162	29	149	116	138	182	23	54	44	62	92	57	135	53	172	115	2	19	156	174	104	163	180	188	46	176	192	97	173	130	59	134	181	65	49	21	6	36	41	191	37	114	177	86	63	161	98	17	189
113	106	162	187	148	69	170	178	165	167	30	81	128	15	168	115	45	163	87	91	98	131	53	117	111	17	82	65	26	71	120	182	143	70	60	1	80	62	77	176	184	152	101	54	133	90	41	153	149	74
175	171	185	124	16	56	158	52	63	22	135	89	97	7	58	96	139	20	157	119	35	99	147	123	102	159	85	108	55	36	95	125	86	188	107	59	13	67	177	48	105	92	79	144	42	192	151	4	94	150
14	43	126	173	100	38	27	47	6	116	66	189	183	190	109	166	19	140	112	114	180	24	172	29	31	11	174	156	136	73	145	5	50	179	75	18	93	146	160	28	164	21	2	34	32	181	33	137	57	127
49	23	118	61	84	3	83	0	25	132	39	141	10	130	186	12	122	78	142	103	44	161	155	104	9	121	72	88	37	129	110	134	8	46	51	138	191	40	154	68	64	169	76	77	170	31	167	21	130	114
66	9	115	150	103	134	83	16	10	46	191	174	87	95	58	13	154	149	7	8	25	135	185	160	180	146	111	5	112	141	17	147	123	76	125	35	55	124	82	71	14	97	67	176	128	57	89	39	88	85
6	26	116	61	29	164	144	23	129	15	138	145	153	117	121	96	86	54	64	126	156	19	186	4	190	75	105	192	107	50	34	178	108	177	20	173	69	172	40	133	49	187	37	32	45	170	36	175	130	27
110	119	60	162	84	80	77	30	181	184	113	12	157	31	28	41	74	127	42	81	72	165	73	79	118	109	166	47	59	56	24	48	90	78	139	43	136	0	106	167	1	102	52	11	155	152	63	62	140	18
53	158	163	188	151	92	183	33	2	94	182	122	168	21	189	70	169	65	100	143	93	137	101	114	179	148	68	104	51	161	99	171	142	159	132	91	3	120	22	44	38	131	98	54	102	22	119	174	191	176
105	22	164	163	183	138	95	100	79	33	55	37	182	49	16	170	143	70	159	87	5	191	38	132	147	104	139	46	178	152	189	27	116	68	14	140	12	7	51	155	172	177	90	47	114	123	40	154	41	169
130	149	173	50	15	181	86	96	166	42	102	78	81	101	188	18	186	72	2	1	128	0	134	52	151	187	146	141	74	97	142	64	133	112	10	84	103	98	180	66	75	185	136	60	25	91	24	89	118	145
117	85	150	119	3	76	80	34	9	73	127	129	176	126	153	13	111	26	168	30	106	110	56	71	156	175	162	144	17	8	65	29	82	174	94	28	53	48	158	11	131	184	4	148	120	122	54	43	58	57
113	171	179	44	61	88	92	99	45	121	32	31	93	67	115	83	59	107	161	69	124	35	23	20	192	109	19	39	190	62	157	125	135	63	108	77	21	6	36	167	137	165	160	69	142	124	79	154	99	174
122	113	5	120	19	66	183	121	65	142	116	146	88	84	83	7	109	53	148	38	93	163	60	17	59	81	44	106	2	8	34	27	47	143	174	24	147	89	136	114	63	104	158	70	0	170	26	159	162	124
52	30	94	156	186	153	20	16	80	92	168	102	128	15	176	82	22	90	141	172	105	28	133	56	119	95	40	6	54	4	31	123	145	157	188	173	191	45	127	130	138	33	97	160	107	180	48	57	118	58
169	87	175	25	161	1	134	192	37	67	91	140	126	36	96	144	12	99	164	167	62	29	55	190	85	152	42	187	115	139	100	101	46	149	79	137	18	76	111	184	43	110	73	71	39	103	178	9	108	61
179	151	64	11	171	129	10	3	131	72	185	14	150	50	41	68	75	74	69	132	125	166	86	181	182	154	112	32	189	78	21	13	117	165	49	135	23	155	35	51	98	77	177	105	74	69	178	134	189	131
94	11	185	89	19	26	30	149	51	124	42	171	130	167	182	24	159	162	76	145	2	143	117	108	69	6	138	160	29	121	114	122	189	3	187	82	137	72	154	16	45	48	180	152	56	146	150	74	34	155
109	174	99	23	81	192	78	119	96	20	184	17	179	79	37	31	177	66	166	13	139	52	41	4	101	43	70	32	188	161	181	163	102	132	59	7	118	133	58	83	98	5	50	36	190	46	93	156	55	88
178	128	112	47	21	191	61	85	64	14	170	27	95	25	92	87	120	169	142	158	186	116	35	148	80	134	136	0	172	77	10	53	131	67	9	62	39	183	157	107	129	123	33	84	86	38	60	91	15	141
22	8	97	113	73	135	75	54	40	115	71	175	12	140	65	151	127	173	110	68	100	153	168	28	147	103	144	111	106	104	164	1	63	57	44	126	105	176	125	165	18	49	90	122	146	33	163	5	155	182
119	15	146	149	89	124	50	56	174	140	3	55	51	82	153	121	42	59	104	73	93	163	192	79	131	97	126	138	39	87	35	30	91	14	120	128	43	86	166	64	40	60	12	25	107	58	127	76	184	152
6	78	132	5	190	139	66	112	134	57	77	27	1	156	114	155	136	143	18	54	72	96	88	22	99	2	158	67	47	186	130	13	118	16	106	85	45	157	62	17	28	102	172	113	179	84	8	46	178	101
145	75	44	129	154	23	61	103	187	175	65	31	74	176	111	173	150	122	147	80	32	117	37	92	159	36	70	24	21	95	0	68	162	182	98	109	108	69	137	165	41	105	177	71	183	144	34	29	168	38
9	135	110	181	100	63	164	191	160	4	151	167	116	123	185	170	180	171	49	115	52	94	20	90	148	133	7	10	189	48	141	188	19	142	53	161	26	83	81	33	169	11	125	103	13	20	119	84	176	102
119	175	179	4	67	144	93	15	124	40	162	166	38	121	109	146	20	141	150	71	25	126	8	22	64	152	148	16	73	185	5	49	99	88	115	18	145	168	186	100	128	114	37	105	17	11	74	157	172	35
176	36	118	107	52	130	65	111	170	163	131	133	60	136	129	27	177	59	68	82	43	178	108	46	2	135	143	191	70	104	147	158	72	19	12	77	182	80	174	160	95	53	164	21	117	91	159	161	45	184
26	180	171	140	6	154	188	51	3	85	81	90	62	84	189	76	101	34	142	127	116	89	83	103	167	139	92	137	48	79	1	173	78	122	132	54	123	151	56	165	155	96	32	125	190	47	57	120	31	169
156	30	110	153	113	181	58	41	138	9	39	86	94	23	10	61	0	7	42	50	44	75	66	69	187	13	98	63	29	24	33	14	87	134	102	28	97	106	149	192	112	183	55	78	6	22	39	159	30	98
56	28	38	117	22	141	36	106	18	92	97	79	107	80	136	170	26	158	83	30	8	7	113	77	41	67	33	65	15	48	101	68	184	98	166	186	144	86	16	45	152	87	93	62	148	49	4	100	60	183
134	189	156	161	127	129	118	119	42	132	116	185	64	180	75	81	110	69	89	124	169	175	51	66	76	21	58	114	171	160	88	109	177	85	54	154	172	190	188	91	137	94	108	1	147	125	52	131	99	178
11	82	25	9	71	142	167	50	174	176	103	10	105	133	153	63	44	150	120	95	46	70	3	140	32	23	164	179	155	20	181	37	72	145	74	102	130	0	128	96	173	78	17	47	151	135	35	24	139	40
