0,1
322	227	323	113	80	270	245	306	195	230	154	119	142	126	102	213	215	131	231	1	332	325	139	52	47	65	253	222	228	98	130	147	26	56	43	164	24	285	170	327	57	173	111	27	198	219	299	290	241	34
157	105	262	196	88	64	202	186	188	183	138	114	205	6	151	204	206	172	152	199	25	223	78	251	59	37	294	92	297	226	121	312	181	274	174	238	36	10	236	281	163	100	333	319	330	212	97	35	207	280
19	229	194	175	328	191	61	70	108	5	20	258	146	338	29	303	87	76	310	180	104	193	311	60	217	69	21	257	106	127	49	187	58	75	329	38	260	275	167	211	132	300	259	68	148	0	50	336	254	282
55	308	272	83	267	218	63	129	291	298	266	321	86	189	247	46	162	269	84	288	315	214	2	137	197	301	116	120	313	184	261	32	278	7	9	103	91	39	28	304	287	210	169	317	225	252	335	240	109	302
72	136	314	242	244	249	168	331	171	224	161	149	277	264	115	293	117	48	107	305	273	82	155	99	95	190	67	66	96	22	166	124	192	339	101	159	263	144	295	209	30	12	90	41	208	233	81	160	255	279
176	110	153	53	178	17	316	309	51	14	276	3	23	128	165	201	45	235	237	42	232	79	185	324	220	268	112	11	150	234	85	246	134	143	271	182	296	4	133	44	250	289	284	203	135	145	71	118	307	337
216	74	334	248	94	318	93	18	283	292	31	140	89	158	286	141	243	13	77	326	179	177	200	33	62	122	54	239	16	40	256	73	8	221	156	123	320	15	125	265	57	75	150	256	174	273	123	186	52	176
56	102	168	22	11	103	120	281	213	40	290	166	249	309	47	284	287	334	98	150	124	89	125	131	321	191	317	257	327	279	64	69	146	206	27	329	43	96	283	139	227	4	107	337	0	208	225	255	55	261
310	265	26	16	298	67	61	296	312	286	17	218	188	180	333	106	128	91	291	177	87	237	318	113	178	239	245	136	272	13	220	282	179	322	186	256	148	330	276	151	198	314	243	24	82	271	84	108	80	7
250	50	207	31	145	262	324	109	300	212	299	60	336	269	167	6	155	25	301	112	308	160	157	32	74	162	315	133	273	230	154	78	234	95	28	41	189	323	143	122	185	205	275	153	70	79	244	30	75	242
183	88	285	142	196	93	1	172	164	304	203	280	222	217	99	219	10	20	3	258	215	226	211	126	45	274	129	71	159	224	158	51	86	132	121	101	264	311	52	278	105	81	111	171	236	141	233	263	268	68
232	292	289	147	100	316	144	247	29	149	326	277	138	253	23	54	44	187	165	62	92	331	200	135	53	238	202	195	223	302	115	2	328	175	270	241	209	104	266	267	319	303	210	216	46	176	114	294	228	97
173	130	59	134	181	65	307	320	37	184	72	5	297	137	199	85	163	201	204	34	156	9	76	235	14	248	305	335	42	39	240	193	21	182	77	8	332	229	192	118	194	325	48	57	221	49	110	12	231	306
338	169	288	36	73	33	259	295	18	174	38	170	190	252	58	90	140	127	260	251	246	94	35	313	123	117	197	63	339	83	152	293	66	254	161	116	214	15	119	19	7	31	237	140	148	307	70	214	128	244
136	138	113	116	10	219	144	306	310	150	278	284	76	244	103	312	97	292	117	303	256	196	164	39	323	279	35	252	174	25	237	14	300	55	139	61	283	253	160	313	26	308	172	29	152	108	274	210	66	204
163	236	232	295	58	123	325	302	320	121	213	297	287	4	177	75	262	134	50	286	299	209	189	305	180	69	298	217	331	37	301	184	36	130	115	27	95	261	60	84	80	77	336	288	296	199	214	145	31	311
41	74	111	202	197	72	153	329	79	246	235	47	192	211	24	315	149	48	90	78	88	267	129	43	8	230	276	64	290	155	1	102	52	205	273	141	318	62	18	258	266	151	277	92	147	33	207	233	169	122
156	21	176	70	242	221	100	322	93	185	101	114	167	254	68	104	282	208	248	142	159	132	91	3	120	22	44	280	131	285	168	181	59	338	45	247	339	11	161	270	137	206	220	269	98	175	17	81	32	179
195	191	42	162	135	187	28	239	188	183	15	56	263	19	12	173	182	324	57	223	216	265	194	86	215	67	245	165	128	125	0	218	112	94	293	240	272	9	259	2	327	304	212	143	294	126	109	190	99	250
314	317	238	225	148	96	5	334	53	231	34	227	89	157	171	65	146	87	275	73	107	16	178	154	23	71	193	200	316	170	291	249	51	46	319	222	260	224	332	38	106	335	85	268	271	82	321	228	40	166
83	328	234	255	289	20	140	49	333	30	257	201	264	186	243	203	337	229	326	124	110	118	281	119	307	54	330	133	198	226	63	105	251	127	13	241	309	7	158	6	277	194	122	113	114	301	51	293	144	121
156	318	299	261	79	67	154	332	61	237	245	274	313	64	231	193	259	84	182	28	225	167	20	30	25	287	88	242	87	308	161	333	220	255	73	212	0	92	291	29	179	16	298	54	45	3	8	151	240	281
82	97	326	176	288	47	221	283	260	38	177	129	56	126	223	263	76	66	117	178	37	149	266	319	27	35	191	136	312	107	321	247	334	302	329	256	292	165	74	218	286	219	268	205	325	105	279	58	65	235
19	22	204	183	52	142	320	202	68	317	265	141	7	174	197	31	139	21	1	301	175	135	335	81	83	315	310	168	160	195	91	190	226	32	69	269	224	272	278	171	210	234	101	43	132	134	49	80	57	309
114	96	249	95	297	180	115	229	145	322	46	267	294	262	2	169	206	192	26	208	216	152	303	102	33	238	207	258	13	118	150	306	108	164	213	78	162	93	222	4	166	51	113	70	53	116	143	133	214	339
293	181	201	172	189	123	72	137	62	285	103	254	24	138	239	236	155	110	9	77	323	125	158	127	130	85	59	60	98	39	215	40	232	273	264	307	196	147	250	246	14	109	316	230	121	36	300	243	241	337
304	71	55	42	89	48	18	305	153	275	173	34	331	277	112	233	111	75	282	328	86	228	11	284	289	17	290	170	15	217	187	327	144	90	120	50	5	252	199	330	63	276	198	185	159	209	100	94	124	251
211	324	296	140	131	203	119	270	314	200	194	253	163	157	12	186	311	280	122	23	295	6	99	184	44	128	104	338	41	248	257	146	148	271	244	336	106	188	227	10	304	209	217	138	337	166	102	194	57	298
26	5	258	41	60	109	235	143	181	148	269	252	305	324	330	112	71	204	29	229	146	133	298	255	152	287	158	3	166	138	176	119	79	225	104	236	319	167	300	139	248	241	173	213	43	226	7	329	6	202
301	142	272	275	210	243	332	251	121	118	149	77	170	157	306	132	154	83	192	24	292	222	268	20	273	279	232	334	201	333	259	114	179	23	130	4	160	274	99	217	244	94	207	150	59	108	309	227	326	75
267	17	31	87	163	193	246	290	144	285	117	281	129	124	18	228	195	318	224	211	312	19	16	282	280	11	322	212	199	303	63	105	56	264	283	2	48	125	68	101	69	145	98	164	106	215	103	27	185	89
310	328	136	42	336	156	15	58	93	95	266	14	74	65	295	97	162	230	276	147	231	91	92	262	62	25	219	214	134	30	320	37	76	278	90	85	1	80	186	50	331	263	286	28	66	256	128	35	45	70
216	53	257	182	72	131	177	161	307	137	38	51	297	208	253	168	308	245	302	107	73	44	86	209	34	242	304	78	197	120	237	335	122	96	183	293	288	299	313	172	189	81	21	111	165	159	337	194	0	82
260	13	135	52	315	169	238	314	289	102	311	205	171	198	32	100	47	46	187	239	261	178	36	174	221	203	55	88	61	277	49	250	64	270	155	126	223	153	40	233	116	291	317	9	339	323	10	196	67	265
188	254	191	39	57	200	325	180	220	218	190	123	33	84	294	338	316	271	141	184	22	240	8	234	113	54	296	115	247	327	249	12	140	175	321	151	127	284	206	110	51	205	273	50	303	102	199	298	268	182
147	141	36	328	197	276	326	136	315	20	72	64	117	108	331	225	144	74	268	133	244	311	305	199	143	127	168	4	222	215	217	53	17	233	45	15	157	77	148	240	226	243	109	8	277	270	88	193	195	292
25	163	184	336	16	272	242	323	179	65	146	52	209	257	267	128	335	236	40	22	167	93	60	191	170	318	131	245	49	332	37	129	26	220	269	139	76	81	62	279	235	121	188	119	202	310	316	301	313	105
239	290	162	151	307	27	229	286	59	337	114	124	43	230	154	115	100	135	46	2	177	164	126	165	111	89	70	104	172	180	265	19	309	319	91	333	218	99	116	308	252	224	118	158	289	159	137	314	278	234
221	182	262	156	3	85	84	250	101	284	160	317	339	300	294	92	176	48	79	1	223	78	122	132	54	123	194	174	56	140	271	231	200	255	96	32	125	251	47	57	120	31	219	237	30	110	208	275	153	113
327	334	41	138	9	192	39	86	196	94	23	10	61	325	291	296	216	42	205	256	293	324	66	69	247	304	13	98	241	63	29	212	185	24	260	189	322	288	261	87	134	302	297	102	321	320	211	106	149	190
254	330	312	298	55	155	50	171	58	299	33	14	6	280	207	178	145	71	259	95	90	263	186	281	238	198	5	73	150	11	248	303	18	21	34	173	227	161	228	283	67	7	82	44	329	204	206	295	183	130
214	51	201	266	175	38	258	152	107	12	103	210	203	169	264	287	232	166	273	187	97	28	246	285	75	0	35	274	213	181	112	338	253	80	306	249	282	68	142	83	225	22	236	181	137	48	41	175	201	36
223	332	339	253	149	79	186	161	69	120	136	293	146	99	118	242	148	299	262	301	103	206	192	28	57	217	333	211	266	282	143	94	6	296	187	75	16	74	66	184	119	29	261	315	139	9	219	243	43	174
259	107	172	275	83	271	71	258	183	168	327	321	126	310	70	326	54	101	213	129	328	331	98	265	284	27	76	138	312	169	182	40	121	50	205	128	108	46	320	263	329	87	276	11	313	197	202	67	104	212
8	3	190	256	285	324	140	24	156	110	97	166	85	88	268	330	287	109	80	37	5	286	159	133	335	311	31	72	61	141	1	185	160	12	47	53	41	42	157	122	175	145	189	105	274	283	288	164	142	135
240	64	272	147	59	222	63	196	106	181	297	73	124	273	322	30	102	207	230	250	38	292	239	167	4	280	201	316	51	15	291	290	112	308	117	237	298	111	154	307	314	20	176	210	13	194	289	81	241	204
245	233	132	238	248	90	60	269	295	22	338	19	179	35	34	220	23	244	52	306	180	134	215	130	17	45	198	255	224	162	32	170	151	199	208	318	49	336	89	252	10	39	95	68	193	270	26	65	177	115
78	325	294	302	93	305	267	264	25	323	91	150	216	304	188	319	58	125	231	56	55	171	209	232	178	116	152	257	278	123	226	86	48	234	334	246	62	218	127	303	144	277	337	260	221	7	236	225	203	33
137	82	153	281	173	18	114	254	165	214	0	96	228	249	36	195	227	163	14	191	21	279	155	251	77	200	317	247	2	100	92	44	309	84	158	229	113	300	235	131	34	2	101	120	108	35	79	125	298	165
161	80	250	203	98	156	122	237	159	257	317	152	298	51	87	21	339	323	126	118	233	202	160	293	28	135	245	201	124	246	48	88	295	153	29	15	287	18	57	208	116	127	228	210	64	256	162	114	296	229
110	205	198	224	115	30	171	204	184	248	216	6	85	19	183	54	178	272	191	16	190	47	109	254	214	158	70	263	194	294	33	24	96	314	91	43	55	332	252	260	289	316	83	238	84	63	302	211	251	193
22	9	149	146	58	226	94	133	97	170	71	150	185	253	46	283	17	129	151	200	101	262	68	143	128	75	319	93	72	241	2	280	192	103	78	303	231	73	181	141	41	168	7	163	12	215	154	213	276	333
27	123	82	247	120	0	315	60	62	337	225	166	175	186	176	3	69	311	310	338	125	31	155	309	132	139	274	40	259	38	261	197	111	147	258	4	136	189	300	52	100	164	157	81	199	325	264	169	329	312
243	267	188	195	113	271	286	324	336	145	212	59	278	266	119	56	108	326	174	5	270	292	13	180	265	45	106	304	232	11	140	177	8	65	25	291	330	49	86	37	99	53	239	34	321	275	313	148	66	32
44	277	196	105	107	20	142	167	95	222	227	236	249	26	92	102	218	306	318	1	61	23	308	104	39	74	305	165	187	138	255	209	335	273	235	220	327	35	281	206	279	217	244	179	269	89	137	182	117	219
234	67	130	322	240	173	221	282	242	297	284	131	334	79	77	223	320	121	112	207	172	285	76	268	290	328	299	288	134	14	42	90	301	144	230	50	10	36	331	307	321	150	56	195	17	186	320	115	113	333
272	65	64	30	7	329	72	225	323	37	24	113	46	277	36	265	255	86	248	318	334	47	169	157	145	327	73	160	168	53	106	304	215	260	184	254	129	29	78	34	63	261	326	99	243	58	93	67	312	193
12	165	48	206	296	320	9	44	181	278	223	126	240	224	10	207	94	173	43	282	115	61	138	132	308	233	121	62	284	237	180	189	220	319	117	45	201	315	273	143	42	178	316	198	147	208	253	133	172	100
18	91	202	301	26	5	56	96	179	54	250	283	281	190	110	20	11	325	257	52	102	156	234	217	263	87	292	204	75	128	66	336	119	136	306	290	81	231	148	84	311	71	31	124	185	269	17	49	33	241
109	150	264	299	116	194	236	332	276	23	104	167	307	294	152	118	238	175	177	305	120	112	101	245	271	90	337	14	196	214	197	153	68	199	130	135	139	302	210	154	252	50	97	123	293	2	310	151	161	339
142	268	158	267	170	211	77	95	125	32	286	27	51	200	19	155	287	111	275	330	103	188	41	174	232	247	333	227	171	242	4	317	229	288	331	221	192	279	309	226	176	205	186	213	28	239	230	328	289	218
280	303	297	324	25	212	249	298	70	322	114	21	209	55	40	60	141	59	8	166	79	222	182	246	92	191	35	15	137	16	98	22	216	219	122	195	88	0	127	235	76	140	57	314	270	162	321	159	39	251
80	13	134	82	295	1	105	335	285	107	69	131	83	313	228	203	187	183	85	274	74	244	108	144	338	291	149	146	300	163	89	256	262	266	164	259	6	258	38	3	168	272	158	155	142	263	190	33	249	317
177	32	73	258	196	120	59	301	216	217	10	230	51	333	165	75	141	171	252	105	307	69	161	205	282	112	136	261	182	174	183	116	245	214	114	263	272	81	215	115	65	108	298	239	43	152	198	21	273	304
337	78	64	68	228	122	305	173	23	175	312	223	145	222	42	46	219	58	163	104	126	193	25	294	125	326	276	162	77	194	79	320	317	60	189	288	121	97	87	138	5	106	40	225	335	265	311	220	118	238
142	71	134	111	147	303	299	9	144	146	149	17	95	44	85	128	280	82	329	210	102	319	63	151	109	339	129	242	24	187	143	185	270	12	94	284	267	168	16	84	235	247	41	316	287	306	203	186	251	206
167	188	324	3	107	36	137	256	113	98	180	88	124	208	131	18	286	248	89	321	244	158	169	0	328	176	47	309	38	191	250	195	72	231	56	156	338	227	331	308	127	172	209	327	133	34	66	30	164	236
234	54	86	275	76	99	300	93	264	130	302	200	310	277	4	20	6	61	52	15	330	336	313	178	92	181	291	259	241	232	11	262	49	325	55	33	2	243	160	150	218	224	322	293	274	28	57	39	153	295
103	249	123	8	297	296	323	292	221	14	1	314	237	199	135	229	271	211	253	192	334	53	13	201	266	257	226	48	157	132	281	110	240	117	101	80	50	279	255	197	67	166	19	119	26	268	179	74	190	29
27	70	285	184	91	90	7	62	83	254	246	207	170	159	31	22	233	100	278	289	213	260	332	155	315	269	148	204	35	283	212	96	37	154	318	290	139	140	202	45	233	54	334	202	276	76	66	16	3	145
224	277	67	314	70	121	226	243	307	285	324	157	9	122	249	339	325	306	293	303	150	18	273	1	137	95	276	16	17	245	20	65	208	51	30	181	312	58	92	142	182	251	163	165	206	209	6	37	295	290
76	264	19	235	50	53	267	215	233	292	103	214	97	38	131	317	72	210	43	32	133	296	83	265	179	309	274	191	255	253	240	336	248	299	268	272	190	294	41	213	338	185	4	228	254	74	3	85	124	192
223	230	200	289	333	99	8	27	193	117	160	216	194	177	168	104	154	10	98	63	49	14	128	159	86	262	138	119	15	107	174	305	256	313	337	39	198	84	7	151	158	316	284	204	62	321	78	81	162	301
169	22	173	327	263	298	77	60	170	257	283	237	93	101	320	64	197	212	328	11	172	184	334	304	207	105	250	123	175	278	89	42	0	166	153	71	161	135	143	147	288	203	114	23	120	44	318	102	45	91
