0,0
210	111	270	291	56	382	81	194	195	110	119	219	183	251	24	279	78	65	43	333	47	105	391	360	345	113	277	218	393	401	1	6	187	26	293	377	351	212	354	341	258	226	66	37	298	131	164	379	181	12
97	231	352	98	380	276	314	88	281	207	61	214	402	253	334	355	126	319	72	109	121	309	99	101	52	288	191	170	64	27	275	323	151	100	376	102	174	297	152	154	388	69	269	166	10	76	163	34	364	80
57	87	335	358	301	259	365	92	264	173	29	211	146	70	349	17	230	228	59	114	202	25	282	263	130	366	383	20	236	222	124	343	252	241	199	278	189	36	138	142	149	375	294	326	223	147	208	35	329	19
242	184	175	108	5	205	303	157	346	287	240	104	225	172	60	21	302	106	139	127	49	247	58	167	75	394	390	361	148	38	305	188	217	227	132	117	304	68	192	0	50	386	274	331	55	332	245	311	83	155
257	107	63	129	340	299	350	316	295	197	186	86	249	160	46	266	162	318	261	176	84	395	339	238	347	389	296	193	2	137	260	353	116	120	198	367	196	204	180	307	308	32	327	7	9	103	91	39	28	378
215	338	161	169	373	190	262	206	153	397	30	255	213	136	337	315	168	392	229	224	171	280	267	115	317	48	357	330	322	82	95	67	96	22	254	244	312	159	310	144	209	368	324	90	41	233	300	328	53	178
273	372	399	51	14	325	272	285	3	23	128	165	201	45	336	235	362	237	42	232	79	185	381	220	268	112	11	150	234	85	246	134	143	271	290	182	306	370	4	133	44	250	289	284	203	135	145	384	71	118
359	400	216	74	396	248	94	374	93	18	283	292	313	31	321	140	89	158	286	342	348	141	243	13	77	385	179	177	387	200	33	62	122	363	344	54	239	356	16	371	40	256	73	8	398	221	156	123	369	320
15	125	265	27	338	226	391	235	214	345	178	222	25	52	299	68	329	375	270	244	324	280	397	313	343	43	225	221	248	372	295	276	331	152	261	17	113	223	134	294	196	45	217	181	44	204	320	285	92	93
71	338	245	139	31	244	378	21	320	260	110	103	380	5	202	375	96	343	363	74	145	162	191	317	58	374	251	17	323	168	228	376	364	123	321	151	134	309	81	33	369	230	400	119	365	385	301	314	285	87
344	210	282	222	212	7	130	252	335	370	67	312	190	35	261	278	94	391	366	263	201	188	367	69	179	11	43	392	307	393	19	203	97	29	267	86	114	156	148	27	345	246	93	72	64	25	61	46	397	273
353	127	232	32	47	28	120	165	274	83	350	271	131	313	63	229	137	60	65	207	396	154	112	341	372	268	104	234	177	209	265	98	142	225	211	4	311	48	214	264	269	330	22	304	49	18	77	125	394	315
56	2	279	218	241	294	352	306	189	100	390	300	332	248	346	80	382	138	157	174	227	272	266	401	36	16	200	319	326	220	129	383	373	109	291	85	258	68	181	358	356	172	192	334	187	182	303	44	259	217
256	102	50	194	208	185	128	161	52	40	92	329	166	144	283	318	117	20	39	152	316	360	296	219	163	167	41	15	55	387	89	107	395	124	295	24	173	184	121	186	254	340	386	351	299	126	143	108	0	221
66	355	12	197	38	113	26	76	359	30	204	180	331	160	379	336	333	13	136	213	402	255	34	106	362	305	322	384	176	84	238	105	6	289	226	277	196	354	90	91	280	82	9	23	57	231	287	328	325	169
347	239	158	399	290	371	262	281	37	240	146	348	288	292	115	381	133	78	159	235	153	257	398	95	284	297	42	164	339	155	59	135	198	122	175	101	215	236	150	140	183	70	247	79	302	253	178	249	286	205
75	388	88	242	8	224	270	349	1	389	250	368	73	243	223	147	275	54	99	62	10	276	193	3	293	310	118	116	45	199	233	14	237	327	206	53	51	342	132	377	357	324	170	216	308	298	195	361	337	111
171	149	141	48	235	97	91	95	390	113	344	351	203	393	101	205	324	300	251	318	278	243	10	291	26	135	271	292	239	115	311	35	260	348	125	354	189	255	233	402	104	100	343	61	165	381	102	399	376	384
96	187	94	177	57	155	119	219	247	8	49	317	92	181	329	17	335	203	136	292	195	304	385	366	347	152	80	41	163	76	189	301	183	207	121	256	361	53	387	176	241	133	328	188	194	294	68	395	217	282
69	322	402	42	310	345	33	191	377	174	398	20	145	265	222	132	75	77	196	363	93	105	166	172	36	39	175	349	158	32	126	137	353	263	315	369	153	273	113	16	243	22	330	115	168	130	399	27	171	35
28	208	58	223	357	63	197	37	40	388	85	371	43	34	392	7	110	365	160	104	26	313	314	134	318	72	18	54	248	355	250	30	102	293	179	311	291	202	259	348	238	180	258	232	99	389	245	71	240	151
394	9	46	372	3	73	257	297	266	368	298	55	340	182	173	67	21	260	287	25	147	382	309	300	378	384	279	253	333	66	52	199	342	14	269	146	140	224	100	393	323	289	216	214	215	295	212	225	204	138
359	157	70	142	390	10	120	13	98	302	246	89	62	299	23	324	270	111	386	125	83	44	90	154	78	117	190	127	210	271	400	316	285	135	227	305	201	15	230	209	327	91	11	19	162	376	141	319	184	144
252	272	264	97	2	12	233	352	234	374	5	370	358	150	254	244	107	226	249	186	82	185	401	1	255	108	239	149	326	332	31	109	116	165	50	306	167	344	339	356	381	391	278	274	379	95	231	281	338	131
192	251	261	122	211	375	101	60	88	262	383	308	341	169	360	65	29	320	143	307	87	351	103	296	220	6	61	343	213	331	236	312	24	277	86	367	123	235	64	267	364	275	4	38	229	112	350	114	373	178
290	51	118	0	362	276	148	284	325	337	206	354	106	288	45	221	397	164	129	396	283	380	81	228	84	336	205	286	128	218	159	268	161	156	74	47	170	124	200	198	79	237	139	303	59	56	280	242	193	48
346	334	321	387	264	82	235	154	36	390	28	322	236	219	265	129	267	76	272	165	269	277	105	61	399	263	247	167	142	169	67	371	357	319	47	25	346	249	88	45	307	161	20	64	42	171	107	255	168	79
106	102	237	402	109	340	24	143	125	120	79	72	315	74	389	2	62	29	351	261	229	284	322	371	172	245	364	392	34	155	88	53	301	260	244	35	295	252	268	300	296	328	385	176	381	367	202	138	3	166
61	85	211	148	271	232	339	101	147	395	361	394	217	309	358	354	272	391	374	264	69	8	93	383	7	311	154	316	305	212	113	230	325	23	112	136	281	308	372	265	186	235	116	334	275	84	274	263	110	76
193	298	124	57	214	307	37	294	357	150	250	273	90	12	144	73	218	200	400	108	365	299	216	51	228	203	95	45	293	283	377	246	384	59	314	267	78	68	302	196	11	117	238	219	1	81	225	313	126	399
64	105	201	118	174	191	50	134	179	132	285	38	123	158	21	16	9	194	103	188	247	350	17	382	89	44	10	375	376	60	98	253	398	86	342	208	28	22	210	344	241	27	388	36	338	324	41	269	131	329
161	162	319	276	40	345	82	369	5	347	178	92	180	146	175	362	115	20	233	91	13	128	333	280	39	221	145	304	63	380	199	26	360	52	386	19	167	356	223	353	205	323	348	0	182	164	226	111	396	248
80	183	209	198	366	306	130	157	312	335	181	107	378	197	190	204	286	343	297	55	373	127	135	321	327	165	236	140	94	310	266	133	67	368	363	56	156	75	71	401	137	151	397	14	18	66	243	346	355	318
258	83	287	370	163	234	30	192	303	70	49	254	142	256	290	104	222	359	387	31	152	279	206	326	119	65	187	320	282	47	58	341	189	337	379	336	160	87	139	121	6	213	231	15	42	122	153	278	224	242
240	289	262	257	227	114	97	317	249	251	184	330	220	277	99	168	54	4	159	169	239	255	393	352	259	291	141	100	349	77	173	177	390	171	33	332	288	149	48	185	46	215	331	25	270	129	207	32	195	43
170	292	96	58	3	330	369	275	188	235	72	27	17	127	267	299	133	321	199	260	320	318	185	262	77	223	164	150	173	91	386	397	25	1	117	113	108	246	176	214	291	401	195	216	217	234	215	368	360	18
101	148	215	37	242	98	374	168	198	268	85	174	297	254	303	52	306	255	356	385	209	140	224	357	379	188	360	20	220	160	260	378	154	157	380	381	390	102	373	298	279	387	136	49	144	218	193	208	105	275
278	53	138	32	221	86	307	81	331	372	283	253	4	172	395	338	398	41	314	399	371	348	225	286	241	133	339	153	345	42	77	182	135	392	239	69	47	170	294	302	175	84	199	340	190	271	240	265	186	334
137	76	323	273	362	141	201	109	176	207	337	145	123	397	332	158	370	14	13	6	325	161	349	187	169	71	3	95	335	185	147	251	139	330	400	280	343	359	11	155	180	21	333	34	106	261	393	7	336	327
94	39	92	329	256	10	270	38	2	238	317	266	354	103	328	171	352	351	166	17	235	97	70	246	125	248	368	156	396	35	18	341	363	196	87	80	184	50	377	149	116	129	131	288	250	68	142	83	389	274
64	384	231	222	51	267	299	110	162	122	36	194	353	236	376	143	73	365	60	89	88	276	126	320	179	195	361	1	120	310	28	48	31	132	127	118	263	391	322	66	192	321	210	401	293	19	230	243	29	9
26	346	227	46	369	93	292	287	124	63	228	344	262	104	96	296	177	79	56	43	57	247	316	165	313	65	301	5	355	15	189	113	25	382	206	249	23	45	300	163	375	326	204	305	100	183	358	40	315	75
290	229	304	388	259	223	128	295	72	237	244	291	203	121	74	22	164	324	245	152	202	233	319	173	107	205	30	44	59	130	234	150	58	167	366	90	82	55	289	178	24	394	181	277	27	78	402	281	151	159
311	232	383	191	12	217	347	312	117	216	211	309	367	112	134	111	119	197	284	308	33	200	91	257	16	264	146	226	115	54	219	318	350	8	62	99	258	252	214	364	212	386	108	67	342	282	0	269	114	285
272	61	213	333	283	146	4	30	95	22	224	206	295	308	166	120	349	119	328	263	383	355	85	340	201	261	256	153	36	45	307	213	80	91	9	393	225	309	361	52	296	106	160	258	23	325	359	20	219	78
210	283	129	79	265	71	274	295	276	339	353	70	107	99	141	110	57	349	262	211	207	212	148	197	87	402	28	103	278	272	120	371	16	201	219	379	29	149	192	356	9	108	66	43	253	74	101	136	263	357
313	166	156	182	387	268	238	329	347	275	337	306	76	146	54	237	269	128	324	138	185	189	325	27	365	220	184	40	244	50	169	121	273	46	316	181	145	161	369	194	335	67	390	196	8	3	303	397	241	358
139	24	271	104	256	164	85	88	168	326	305	109	80	364	389	282	143	222	307	126	72	61	327	133	174	97	31	342	140	1	183	366	12	47	53	41	42	224	361	289	157	187	105	190	204	284	248	394	135	334
368	348	147	376	63	213	106	331	322	338	124	312	318	30	102	294	293	245	341	288	401	375	4	311	175	223	51	15	186	286	112	304	117	270	377	111	154	328	310	20	176	206	13	287	81	292	285	240	132	233
243	90	60	383	291	22	230	360	179	35	34	259	23	239	382	302	180	134	215	130	17	373	198	250	162	32	252	151	199	208	314	49	396	89	323	10	39	95	68	193	385	26	65	177	115	78	321	290	298	93
340	264	392	378	261	25	319	91	150	216	333	188	315	58	125	355	56	372	171	209	354	178	116	400	346	123	226	86	48	234	367	246	62	218	127	299	374	277	296	260	336	344	352	225	203	33	137	82	153	351
173	18	114	398	165	214	0	96	228	380	36	195	227	163	370	388	384	279	395	251	77	200	317	247	391	100	92	44	309	84	350	229	113	300	235	131	221	160	73	258	301	345	94	172	7	38	381	69	205	202
158	281	386	75	232	231	83	255	320	119	19	122	191	266	37	297	280	330	64	11	14	159	55	45	144	167	59	308	343	242	249	257	52	399	21	267	236	359	362	5	98	2	170	332	142	155	393	118	254	363
152	217	6	149	22	162	280	120	77	83	152	191	166	65	273	262	206	2	79	388	164	3	34	298	394	100	146	290	175	35	159	357	4	87	118	123	324	127	134	182	235	176	205	154	108	385	216	331	279	253
335	253	304	397	265	89	38	286	149	287	6	371	362	159	63	146	251	182	373	203	22	342	152	32	125	363	126	156	121	129	337	301	355	398	197	349	275	289	300	153	356	36	55	190	390	21	294	116	333	183
257	3	124	64	322	48	80	65	267	401	67	212	143	175	201	282	302	383	110	266	216	4	367	240	314	30	134	54	16	359	49	193	127	184	57	51	340	135	272	243	79	177	151	199	293	186	237	91	158	309
346	163	178	323	98	28	384	399	224	188	328	114	68	33	85	17	117	88	155	375	140	214	96	128	118	298	254	317	205	370	352	297	29	15	18	400	348	233	231	157	87	226	245	172	19	170	189	382	43	147
223	319	141	210	270	385	192	47	377	137	34	62	70	316	154	250	361	161	24	130	77	180	171	97	109	339	191	185	194	331	258	83	344	113	84	106	357	308	198	59	131	81	150	9	246	238	58	94	115	380
71	350	366	338	122	46	303	228	213	162	101	160	196	168	280	75	241	93	72	166	330	2	20	262	133	103	78	76	181	256	396	73	358	393	41	310	7	268	12	56	378	336	132	285	204	195	263	315	144	27
123	82	334	230	372	120	229	176	0	283	360	347	60	225	271	318	69	277	136	307	278	284	259	312	90	31	202	139	368	40	200	215	13	325	169	111	345	260	232	324	52	100	164	211	379	234	14	208	219	388
381	207	364	145	376	10	374	311	119	108	5	174	261	248	252	247	402	354	45	329	8	11	264	321	25	42	392	86	37	99	53	239	290	369	148	66	288	44	105	107	276	142	306	167	327	95	222	227	236	320
249	351	26	92	102	218	365	221	274	112	299	1	61	291	23	341	242	104	39	74	173	326	165	296	187	292	138	343	255	353	389	332	209	50	273	313	235	295	220	391	35	281	305	394	386	206	279	217	387	244
395	179	269	119	295	99	98	7	115	186	58	208	17	352	207	112	258	142	392	232	280	300	367	381	263	122	145	36	32	255	372	158	165	19	27	41	56	42	332	291	195	159	51	380	313	49	350	290	66	401
293	208	143	385	142	63	273	80	65	30	161	354	46	146	257	193	42	155	371	382	375	43	108	344	74	55	266	133	186	210	301	72	249	171	96	101	2	268	170	51	400	147	9	271	145	154	388	219	122	7
32	336	205	23	62	153	68	102	125	91	175	85	389	333	232	298	295	328	380	329	309	383	84	58	34	166	240	304	254	99	341	239	156	70	56	117	307	222	246	202	231	103	29	158	259	300	342	16	185	343
196	391	362	159	244	355	282	325	121	22	396	204	377	50	398	299	136	296	77	78	269	286	237	129	8	95	169	277	235	64	361	24	4	294	350	334	181	198	86	135	359	149	36	120	224	211	160	368	320	358
250	191	60	127	393	356	188	28	100	317	347	308	258	73	137	335	213	126	139	228	243	319	245	176	303	285	94	323	144	373	179	316	278	265	203	113	199	88	47	37	234	10	207	363	52	106	330	349	339	164
182	306	256	314	19	369	105	15	370	67	118	284	291	262	272	201	280	25	260	252	209	312	229	263	365	281	98	168	21	255	53	92	115	97	366	384	150	140	352	165	157	287	212	399	83	214	44	192	292	318
89	348	297	123	76	302	276	104	190	162	345	27	82	381	247	321	401	378	367	12	180	39	48	66	172	233	57	148	138	59	49	290	251	315	0	111	20	110	387	216	61	220	130	163	331	178	54	221	267	13
5	351	45	386	93	217	264	187	327	132	225	379	197	324	114	218	177	87	38	253	18	274	395	26	261	184	402	310	372	151	238	11	134	167	390	311	215	313	248	75	206	200	128	322	189	6	119	337	227	195
226	332	81	3	33	340	131	71	174	31	183	124	17	394	305	289	283	194	109	236	40	338	116	242	392	353	288	35	279	360	346	223	364	79	152	374	107	397	14	1	230	376	112	357	173	141	41	90	241	326
270	69	275	145	149	141	146	128	271	40	263	383	344	268	356	220	326	336	230	113	97	84	312	302	121	265	169	337	278	222	42	46	294	330	386	314	79	236	85	329	77	17	187	21	51	151	64	125	390	373
389	278	374	76	241	330	172	299	396	195	307	95	51	311	189	175	272	188	394	347	66	17	210	45	213	150	171	290	312	35	48	365	341	225	308	43	12	306	136	279	310	295	268	322	69	166	289	193	54	145
298	331	236	247	345	340	31	249	275	53	294	182	292	110	316	184	237	135	333	358	22	21	314	164	20	4	343	202	11	56	67	203	194	384	156	118	18	287	339	170	266	99	98	85	212	64	63	120	165	399
245	108	223	380	84	336	121	251	162	263	10	230	89	185	32	105	83	8	113	71	75	231	271	94	239	82	149	46	397	52	152	265	27	218	28	179	318	337	128	253	366	90	68	395	214	9	36	23	377	79
112	49	252	300	96	387	190	204	97	383	284	257	158	78	392	100	286	382	167	363	209	291	183	7	125	139	137	92	315	161	250	222	132	302	296	138	370	351	323	326	148	334	134	191	103	176	261	122	186	47
211	14	187	216	224	73	364	29	273	255	400	234	215	320	201	371	154	319	157	5	305	111	129	44	59	232	220	338	196	376	353	19	262	282	81	87	198	2	342	269	379	16	77	70	3	62	173	115	288	116
393	335	86	332	197	344	126	349	256	402	219	385	130	106	181	146	144	13	229	177	93	401	151	368	297	74	143	350	88	169	325	267	309	328	346	317	378	329	39	264	147	283	1	72	33	41	372	55	274	324
168	217	238	226	61	159	243	381	281	26	303	101	163	301	242	102	221	391	388	114	153	258	192	40	270	207	127	119	227	259	199	109	362	6	398	91	277	65	248	359	375	356	155	327	357	160	355	254	280	80
386	60	34	124	348	25	354	140	123	304	293	260	321	141	276	24	180	313	208	107	228	240	37	57	235	131	246	104	117	285	390	178	360	233	133	0	367	373	38	361	42	352	205	174	369	200	244	15	58	206
50	30	142	91	1	343	179	329	165	154	315	394	384	9	97	67	242	85	215	330	255	173	119	256	203	70	137	100	245	44	348	400	197	224	214	263	339	308	193	373	133	51	352	79	393	333	36	182	270	370
210	307	368	213	302	242	394	14	206	20	61	175	105	238	328	359	356	137	157	354	345	5	364	66	218	166	390	232	290	337	209	19	190	335	141	11	284	357	396	395	108	51	255	109	316	39	71	47	40	371
4	172	65	264	165	150	293	321	174	120	279	188	250	72	125	216	312	130	92	253	86	74	22	84	106	387	182	112	323	204	291	97	297	160	370	320	381	235	399	107	324	88	195	67	280	9	64	62	388	304
116	8	98	143	373	401	29	24	331	27	268	37	96	148	317	257	79	50	144	121	348	346	196	202	208	147	75	193	318	343	17	358	48	285	333	199	314	114	16	162	277	219	127	286	203	236	60	151	366	30
256	191	95	237	115	233	298	70	142	44	385	288	270	391	380	0	339	159	169	52	15	33	260	212	58	187	136	310	231	21	26	63	119	344	269	158	76	7	379	83	85	261	215	94	247	32	353	201	46	211
384	383	156	36	91	234	81	275	128	350	397	38	309	10	140	118	89	267	369	139	77	283	55	222	129	42	23	351	246	292	100	287	49	295	189	34	360	56	319	57	161	122	198	170	303	258	104	230	377	183
200	340	342	180	262	167	382	6	252	326	224	362	103	226	87	90	332	153	389	299	45	265	263	341	43	164	28	73	347	393	113	306	132	171	152	31	313	102	184	131	221	289	214	133	248	322	3	111	155	135
349	372	146	329	363	375	271	244	365	99	276	181	126	138	68	145	179	402	355	194	69	228	117	398	400	41	178	325	186	59	254	259	197	305	223	251	225	168	54	229	266	338	241	149	207	367	239	352	296	192
53	35	227	1	78	315	12	301	243	311	124	177	361	308	220	154	2	330	185	163	278	376	123	176	273	281	82	101	240	392	300	327	336	110	25	272	374	386	205	245	249	334	173	378	282	18	217	134	294	274
80	93	13	12	377	159	178	355	311	172	302	295	345	221	91	240	88	176	380	401	200	283	287	71	330	229	273	207	393	226	18	77	301	260	44	364	245	20	306	81	24	98	357	180	254	151	222	296	235	390
176	90	139	87	390	32	106	156	95	46	63	41	94	382	249	76	272	29	371	79	218	339	346	227	251	276	148	266	343	353	267	136	125	14	223	80	178	344	230	89	84	241	71	51	188	311	204	120	100	198
364	169	348	225	317	164	245	141	150	298	10	181	182	400	86	274	137	31	307	209	324	221	112	171	85	42	283	157	396	143	39	220	341	133	33	184	78	66	232	379	295	134	335	259	321	17	273	374	378	47
68	229	77	19	170	200	284	308	75	328	373	217	386	56	212	103	219	342	22	309	313	391	264	304	246	377	383	91	327	224	58	59	319	337	388	302	145	193	127	142	53	107	402	160	158	175	16	5	257	3
253	314	235	288	325	35	207	254	362	18	330	296	294	28	397	355	338	363	121	269	322	394	368	357	191	240	340	237	30	243	183	299	177	23	226	345	202	333	166	192	149	289	233	92	135	275	11	286	303	20
293	315	401	197	380	384	44	168	329	312	359	13	180	105	72	263	305	236	205	196	306	108	201	117	52	162	216	195	252	247	62	126	213	297	387	81	7	399	234	116	129	55	369	43	159	358	375	349	398	395
