2,0
180	24	183	213	56	129	241	35	191	130	176	47	64	114	149	121	59	257	10	83	264	181	142	270	113	49	19	204	111	171	43	173	155	234	105	229	131	21	192	61	60	220	249	159	167	210	170	269	80	20
38	26	232	193	98	211	240	132	136	162	164	166	116	161	0	236	147	102	6	55	194	37	231	245	63	1	205	250	218	178	69	58	106	46	261	196	247	120	138	169	5	160	75	119	235	2	195	253	222	70
127	68	76	52	226	172	32	148	7	9	103	91	39	217	225	87	209	207	157	246	242	190	238	78	25	237	267	154	109	72	202	223	189	263	152	188	115	117	48	107	228	185	251	99	95	67	66	252	22	124
101	175	144	212	259	186	90	41	81	163	110	244	53	17	184	51	14	187	82	84	260	29	3	23	146	128	165	168	45	199	97	233	42	198	79	262	12	112	11	227	85	134	143	254	219	104	34	182	108	50
201	214	215	4	133	44	96	255	28	203	135	174	145	224	88	71	118	208	230	268	137	216	74	266	139	94	151	150	248	93	18	27	36	57	31	65	140	89	158	30	86	92	141	126	153	243	13	197	77	258
179	177	206	100	200	33	62	122	54	239	16	40	256	73	8	221	156	123	15	125	265	167	244	234	262	47	42	222	24	102	127	32	43	196	53	195	65	214	265	100	91	248	173	122	137	223	232	116	73	107
25	43	88	136	174	168	144	163	157	27	267	129	258	11	61	187	45	255	264	44	34	167	175	225	131	29	180	68	216	119	52	196	93	253	192	171	17	106	149	92	105	221	265	211	207	178	233	64	195	8
50	146	104	70	219	194	269	240	162	250	254	197	77	48	94	49	155	209	116	217	156	85	235	152	252	109	228	214	91	213	38	138	62	31	268	74	58	140	154	75	148	18	107	121	139	89	230	190	143	79
63	234	118	113	261	223	73	210	124	189	86	260	32	172	117	19	41	101	83	137	238	188	57	263	114	191	257	39	150	244	231	222	100	181	80	12	84	245	42	122	135	0	179	35	266	242	183	37	4	103
30	59	99	78	132	87	36	185	241	262	239	108	2	40	237	72	90	218	161	173	203	206	120	220	193	26	7	141	1	145	5	102	66	270	256	205	232	128	170	33	126	248	60	10	123	13	184	53	198	199
67	158	6	212	165	56	9	247	249	243	142	133	226	46	159	47	259	112	22	177	166	71	201	14	169	153	98	111	246	236	95	147	182	21	115	208	54	251	24	23	82	65	186	76	204	176	3	20	127	16
134	200	55	81	28	202	164	69	51	97	15	130	125	96	224	215	151	160	227	229	110	131	173	40	113	188	263	67	270	11	210	106	17	208	220	196	152	94	102	185	249	114	47	215	22	119	61	192	255	227
87	231	115	17	144	58	263	266	128	234	7	268	108	262	146	67	142	228	223	73	175	41	227	62	163	99	127	143	167	259	149	116	184	224	153	192	89	102	101	239	161	158	79	250	130	106	214	247	221	43
155	52	209	38	252	183	92	150	255	124	169	119	45	193	19	200	114	159	90	11	118	74	5	195	148	240	187	244	220	120	93	123	173	81	162	21	217	86	243	34	31	32	6	96	136	71	33	188	145	269
196	53	140	199	95	105	23	181	61	35	230	258	50	141	179	117	246	55	94	248	113	236	208	233	249	168	132	191	10	133	12	171	78	103	44	198	9	154	72	238	254	129	110	134	8	166	180	253	201	165
64	76	226	63	218	202	54	69	206	29	139	260	28	97	147	68	46	256	13	203	204	261	225	27	237	126	25	174	131	185	51	213	160	47	156	194	83	75	189	137	176	60	65	245	3	112	70	16	104	107
270	40	241	98	242	216	211	235	4	111	48	91	20	219	59	257	22	164	121	49	18	152	222	77	125	37	14	56	151	2	84	205	212	39	109	57	190	172	88	135	1	100	265	229	85	66	215	30	0	178
42	80	82	138	170	182	157	186	267	251	15	122	264	232	210	177	197	36	26	207	24	130	21	237	230	58	81	197	250	168	35	95	173	60	68	74	138	44	269	226	104	159	148	14	218	216	47	205	240	59
173	41	71	126	141	49	75	73	116	162	36	105	67	70	266	186	253	190	8	55	77	143	72	46	191	202	54	237	97	108	10	91	33	257	120	213	23	210	44	115	203	42	26	14	133	66	140	232	76	212
35	9	211	15	100	187	17	154	196	199	138	185	135	13	167	94	16	68	249	261	179	217	183	259	147	127	96	160	134	110	229	109	58	208	82	57	107	240	225	174	137	157	63	119	153	31	99	231	85	37
50	39	130	224	149	181	258	197	53	171	22	132	7	18	270	150	95	89	146	104	25	83	125	121	3	163	194	5	122	206	101	60	88	113	182	254	242	172	166	230	29	144	145	117	87	176	103	40	6	61
246	255	93	239	151	243	218	195	256	86	111	123	219	64	248	260	19	131	4	38	112	175	263	114	158	34	51	118	233	180	189	20	148	28	69	228	168	98	177	247	165	32	45	164	129	223	27	262	81	188
84	80	30	128	207	12	161	159	156	169	74	269	170	124	209	200	198	250	79	139	47	59	56	24	193	48	90	78	245	215	238	43	136	0	201	192	106	227	65	155	1	102	52	222	235	216	226	236	11	184
252	234	251	241	265	214	264	62	205	221	244	268	267	152	21	92	178	204	2	220	142	192	246	234	233	156	106	244	193	96	74	112	116	163	182	95	16	200	262	174	224	49	169	119	114	181	117	97	33	264
220	259	30	79	61	265	237	54	196	47	0	12	126	205	257	88	16	29	258	3	8	222	56	157	197	183	175	195	224	165	132	216	66	186	226	202	213	238	25	84	136	194	87	178	37	92	23	27	35	218
148	189	28	181	162	117	67	76	252	134	263	210	206	201	260	177	264	128	129	73	215	65	19	22	149	176	52	221	164	68	247	82	261	145	104	31	207	21	234	266	161	152	107	83	160	141	135	74	97	91
7	139	191	105	32	184	69	81	244	20	192	232	240	166	171	190	101	43	156	6	49	122	245	151	80	182	57	154	114	96	95	229	115	243	99	236	225	2	142	167	180	26	169	267	102	33	193	168	13	255
150	270	108	174	78	93	4	51	113	70	53	116	143	133	172	10	123	72	137	62	250	103	204	24	138	241	110	9	77	125	158	127	130	85	59	60	98	39	40	233	223	230	147	200	214	109	208	121	36	188
268	231	55	42	89	48	219	106	269	153	235	173	34	179	14	58	146	155	212	18	38	239	242	112	111	75	253	41	86	262	228	71	11	249	254	17	46	163	248	170	15	217	45	187	227	64	144	90	256	120
50	5	199	246	1	118	63	198	185	159	209	100	94	124	251	211	44	140	131	203	119	88	60	90	178	151	63	103	57	81	109	203	265	162	194	11	164	86	199	270	182	258	44	8	85	94	257	179	223	38
108	269	124	82	19	26	30	121	51	79	42	186	263	166	250	24	163	226	69	175	2	152	143	181	158	6	137	96	29	160	146	120	150	3	188	212	253	159	72	260	45	48	177	74	246	98	149	145	34	170
138	191	136	23	76	122	227	112	20	183	268	102	254	37	31	109	66	255	13	142	195	202	4	99	240	70	32	162	101	180	235	94	248	215	7	119	233	58	83	200	5	228	36	189	46	93	155	55	88	178
184	47	258	190	61	85	245	204	169	247	95	25	92	87	244	198	148	239	185	116	35	203	80	133	234	0	218	114	77	270	53	131	67	261	62	39	182	156	107	193	243	208	84	86	196	257	230	219	265	22
8	97	113	194	209	256	54	40	221	71	174	192	140	65	151	127	207	110	216	210	153	168	28	147	197	144	266	106	104	164	231	201	57	44	238	242	176	125	165	18	49	90	12	206	73	52	38	103	262	115
259	63	224	217	14	252	129	172	213	135	100	267	232	33	237	59	222	173	167	15	78	199	68	75	41	11	161	117	249	157	91	1	81	211	154	128	130	229	126	264	43	64	105	123	118	241	89	27	236	50
134	60	132	56	220	187	223	251	21	179	16	9	171	139	214	141	111	205	17	225	10	269	111	240	21	187	94	238	212	160	196	112	165	1	120	137	9	175	141	116	51	79	235	188	139	29	84	248	190	18
206	158	177	170	85	106	20	149	187	214	153	199	237	171	123	167	266	185	93	212	178	14	32	190	103	173	174	50	51	83	70	69	42	120	89	194	182	227	183	47	4	207	154	196	205	145	18	31	19	38
102	156	204	71	195	73	267	253	166	219	110	10	60	80	250	191	88	163	6	79	49	157	41	228	169	104	43	57	136	247	36	251	233	66	241	5	137	140	15	210	168	133	96	201	81	236	254	248	109	131
165	142	77	76	105	125	220	113	263	235	132	162	122	64	40	92	87	245	155	75	34	101	124	230	3	261	221	218	128	39	72	35	97	121	244	22	141	197	188	238	63	107	30	216	59	179	58	257	249	224
82	164	202	180	24	129	139	258	126	27	78	25	270	184	55	186	12	181	161	56	264	53	112	134	111	234	215	52	144	198	229	91	1	176	242	209	192	259	243	54	193	217	225	213	150	99	2	200	130	240
268	67	260	86	26	0	13	222	252	16	61	45	11	62	17	28	44	94	148	7	48	84	226	119	265	8	114	118	46	33	232	138	203	172	223	100	23	189	231	211	147	65	159	246	74	135	115	127	239	90
9	262	29	269	160	117	37	152	21	146	175	95	256	68	255	116	143	98	108	208	151	195	258	37	207	255	219	25	49	140	243	20	117	15	111	8	64	52	163	22	16	121	209	109	226	170	200	40	176	119
91	4	70	47	50	115	165	1	155	160	192	83	256	30	206	251	23	221	93	156	232	180	194	236	260	7	78	73	53	114	157	22	265	147	150	188	95	173	59	179	143	148	137	204	214	250	42	10	261	48
35	75	224	43	6	219	153	270	20	64	222	215	267	229	31	39	19	12	111	181	134	152	230	168	136	158	269	54	3	69	29	109	85	170	106	119	191	98	46	17	37	176	25	45	139	94	2	82	132	88
175	138	164	227	258	144	21	96	174	239	18	240	141	238	268	249	71	146	212	245	197	171	201	80	248	142	90	110	99	198	186	0	28	34	259	151	166	14	131	65	244	216	8	97	202	26	72	264	189	149
33	207	123	27	255	77	128	24	103	211	60	32	254	246	79	56	262	161	122	159	62	101	243	5	107	163	129	127	118	55	113	177	58	126	66	182	130	233	247	61	89	252	213	68	87	40	100	266	125	86
196	203	190	257	15	241	16	185	124	193	51	76	167	36	9	133	117	178	49	242	63	52	108	205	84	102	231	116	234	162	183	195	41	237	235	172	121	154	105	120	200	208	187	145	44	253	74	38	92	225
228	220	112	209	263	210	81	140	11	57	184	135	226	13	223	104	169	67	218	217	199	193	212	15	3	12	180	60	169	78	20	266	184	65	211	136	114	117	249	135	150	58	173	108	241	81	17	47	245	233