2,0
52	206	318	57	139	309	210	142	306	205	151	26	56	113	1	126	130	105	119	111	189	47	267	108	268	131	186	27	24	298	294	102	184	224	34	188	195	269	147	43	259	231	173	227	219	167	297	6	193	295
157	92	138	272	88	25	65	311	324	59	285	37	121	64	222	98	214	213	279	218	154	36	10	211	202	204	305	226	273	80	35	127	19	212	175	229	263	61	70	5	148	238	163	104	244	230	87	76	296	197
316	114	60	308	69	21	257	106	78	196	255	49	183	228	58	172	75	302	315	280	20	38	187	100	180	240	132	191	152	199	313	68	261	0	254	164	319	270	55	170	83	247	300	63	129	277	284	253	162	86
174	46	258	242	276	301	198	2	137	181	287	116	120	299	307	245	32	266	7	9	103	91	39	28	290	275	194	169	303	233	321	223	109	288	72	136	274	225	215	251	252	317	171	207	161	149	325	249	115	117
48	107	291	262	241	155	99	95	190	67	66	96	22	166	124	192	278	101	159	289	144	281	209	30	12	90	41	208	81	160	236	176	110	153	53	178	17	260	51	14	264	82	84	314	29	3	23	146	128	165
201	217	168	45	50	97	235	237	42	232	79	185	310	220	112	11	150	234	85	246	134	143	271	182	282	4	133	44	250	203	135	145	71	118	293	323	216	74	322	248	94	304	93	18	283	292	31	140	89	158
286	141	243	13	77	312	179	177	200	33	62	122	54	239	16	40	256	73	8	221	156	123	320	15	125	265	193	273	232	305	261	185	157	125	264	222	294	306	323	35	234	237	120	64	79	131	272	45	123	12
40	61	166	244	285	122	298	0	304	198	316	64	139	215	249	120	113	13	112	128	315	17	11	277	256	232	226	284	309	158	43	24	234	153	106	274	16	148	209	289	82	98	317	307	151	74	275	320	143	219
133	200	177	296	78	239	271	191	145	32	125	265	108	67	227	278	210	233	323	150	299	28	25	162	203	146	183	87	136	27	253	89	247	47	168	22	291	211	55	321	107	70	91	26	79	282	50	310	240	75
222	319	4	255	88	243	306	109	261	196	93	1	131	286	318	178	207	308	95	142	179	155	186	99	172	10	20	288	3	218	266	157	171	126	45	228	129	71	189	51	86	132	121	101	154	52	276	105	224	111
164	141	225	159	68	180	257	250	147	283	279	144	272	235	149	230	138	195	23	54	44	165	62	92	258	135	53	305	241	2	290	175	264	187	104	216	236	202	46	223	206	248	173	130	59	134	181	65	281	311
6	267	217	41	205	313	114	184	312	238	5	262	29	137	199	85	163	201	204	34	124	156	9	176	81	213	292	76	14	269	302	325	39	31	56	212	193	21	103	182	77	115	8	322	294	229	314	192	97	60
118	188	303	194	273	220	287	48	57	221	49	110	12	231	270	300	169	36	73	33	259	18	174	38	170	190	252	58	90	140	127	260	251	246	94	35	123	117	197	63	301	83	152	293	66	254	161	116	214	15
119	19	297	263	280	185	96	167	69	295	30	237	72	37	100	102	245	80	268	84	160	7	324	208	242	42	89	301	134	250	253	267	95	130	7	169	289	79	220	275	145	236	17	299	292	45	233	142	238	260
48	295	97	91	95	149	113	228	76	202	177	101	236	273	297	250	315	276	242	10	288	26	135	269	299	238	115	308	35	259	79	125	132	189	254	291	233	104	100	251	61	165	93	102	21	258	253	64	123	188
36	103	216	311	231	301	114	77	78	280	192	58	247	205	92	217	321	14	31	263	74	296	44	130	3	173	172	230	261	108	215	226	11	178	252	134	212	195	47	183	81	279	229	182	174	42	221	235	59	227
191	60	55	168	56	282	264	167	184	159	302	57	116	88	262	66	256	248	67	37	266	0	90	317	94	148	241	50	9	2	322	306	126	243	293	176	5	220	170	34	17	143	89	286	65	72	209	87	155	120
305	107	271	268	23	312	24	199	272	207	46	213	4	38	106	85	200	12	15	82	222	203	138	40	166	267	239	160	33	319	290	197	245	140	141	324	219	30	249	154	211	129	69	131	255	244	8	186	201	225
303	124	208	118	25	260	51	194	110	54	292	142	133	198	63	84	323	175	224	127	13	139	270	7	158	240	6	318	70	218	98	325	151	300	193	157	265	105	298	96	223	136	164	109	313	171	283	278	147	1
27	117	320	287	41	146	86	234	145	153	119	187	144	162	19	204	121	307	156	18	53	16	206	52	214	43	304	83	75	246	310	179	29	32	309	185	45	122	190	137	284	232	274	99	210	257	22	196	111	289
62	181	285	294	169	73	152	277	39	80	281	180	316	150	112	68	71	314	28	20	128	275	163	237	49	161	298	41	133	57	134	77	173	68	243	71	177	72	85	94	307	158	294	17	80	311	32	240	53	40
96	28	315	283	234	258	278	281	154	200	66	21	81	229	320	37	295	47	79	160	7	123	126	168	236	116	145	95	314	174	214	136	97	293	202	269	0	16	297	166	245	130	132	230	91	76	102	199	142	35
288	303	31	187	152	185	129	117	176	272	49	139	274	101	67	151	105	114	189	33	54	3	179	232	13	197	22	282	92	191	143	280	115	241	239	51	70	156	219	172	125	300	107	299	53	271	183	80	302	180
127	62	171	103	249	198	256	218	83	68	27	190	235	77	254	251	141	223	85	59	266	98	311	244	267	207	250	150	312	153	246	137	121	36	195	193	196	42	262	48	277	215	161	34	298	58	210	18	38	165
112	286	75	167	268	86	290	275	292	170	173	225	46	169	264	45	64	144	90	175	296	50	5	323	118	63	20	155	252	263	72	313	124	257	40	140	131	119	14	240	110	78	253	325	12	321	55	135	260	122
317	322	6	308	184	309	226	104	41	224	324	148	178	15	237	216	106	188	10	164	146	149	228	2	1	17	128	84	25	227	52	163	222	134	182	270	233	305	74	211	255	294	111	192	87	285	319	242	147	138
212	265	159	231	56	194	203	205	261	60	24	238	89	100	213	30	259	306	208	113	9	73	279	221	26	71	304	248	273	8	65	243	133	29	82	310	247	94	289	162	181	284	11	108	4	206	120	43	217	57
316	44	61	307	220	88	204	158	99	301	32	201	177	287	93	69	291	23	276	109	19	186	39	209	318	157	260	38	152	270	176	85	57	164	44	209	310	267	163	191	172	264	281	219	8	263	320	60	228	88
150	210	194	41	183	233	119	228	259	42	93	265	117	149	133	252	162	4	160	59	158	11	138	109	87	48	18	7	245	243	301	318	253	74	2	216	288	178	24	29	148	264	169	114	213	124	92	112	20	290
324	19	305	296	317	219	298	79	309	176	193	25	43	94	6	30	263	37	311	256	1	209	170	50	230	156	142	76	99	299	66	291	177	45	70	297	292	234	278	72	3	166	172	136	101	152	217	51	261	248
80	319	122	108	145	31	269	199	221	125	258	235	34	181	195	282	69	143	23	96	157	254	232	246	250	44	163	277	165	255	0	82	312	13	266	121	182	98	102	202	215	226	95	272	32	137	120	241	260	201
46	185	222	203	189	58	83	174	325	36	146	55	88	61	47	307	49	85	306	271	155	293	242	262	161	320	116	35	287	200	280	289	283	77	321	53	131	159	198	67	310	62	188	191	39	57	274	249	173	107
190	273	295	33	186	84	323	38	237	60	284	281	314	184	22	197	8	207	227	97	113	73	275	75	54	40	115	196	71	247	12	140	175	65	151	127	244	206	303	110	279	100	153	168	28	270	147	268	240	180
276	144	231	212	308	315	106	104	208	204	164	285	105	313	192	90	52	239	103	63	304	14	132	129	224	135	322	286	218	68	167	15	78	267	91	257	81	211	154	128	238	130	229	126	64	123	118	89	27	236
134	56	220	187	223	251	294	21	179	16	9	171	139	214	141	111	205	17	302	300	225	10	316	86	26	5	266	91	30	284	271	128	268	35	293	43	3	15	298	167	58	129	118	93	237	155	56	106	159	149
241	85	114	288	105	311	218	86	115	93	173	53	268	119	282	16	91	52	170	250	99	108	49	101	272	190	242	123	193	150	138	136	137	182	209	20	235	37	161	215	226	266	19	81	234	205	54	312	292	324
231	144	135	4	185	46	174	246	74	208	281	232	221	148	32	279	141	171	213	225	296	159	109	321	224	297	41	175	263	216	139	302	210	299	198	172	258	140	78	323	42	77	320	145	203	66	69	47	252	98
294	270	188	84	168	24	286	260	197	308	207	199	133	147	76	102	186	278	212	154	151	325	187	196	293	284	55	155	238	58	33	14	13	6	285	71	3	95	90	200	158	261	267	253	176	160	314	316	11	167
271	21	180	34	106	273	67	7	157	82	44	153	94	39	92	130	220	10	283	38	2	257	107	289	12	103	59	201	169	8	251	166	17	254	97	70	248	125	274	222	178	156	0	35	18	181	112	309	211	87
80	184	50	243	149	116	129	131	276	301	68	142	83	134	317	287	64	62	298	245	51	280	313	219	110	162	122	36	194	191	255	146	143	73	111	60	89	88	240	126	202	179	195	256	1	239	120	306	28	48
236	31	132	127	118	275	269	152	192	233	61	230	29	9	26	227	322	305	300	124	63	228	265	27	262	104	96	310	177	277	79	56	43	57	247	164	165	121	65	315	5	217	15	189	113	25	307	206	249	23
45	303	163	264	30	204	319	304	100	183	117	40	22	75	290	229	318	214	259	223	128	295	72	237	244	291	85	23	4	170	43	302	78	233	131	144	88	191	7	273	201	47	94	91	312	306	22	255	111	42
256	303	40	247	307	300	43	31	177	12	273	164	312	323	233	79	3	28	176	246	203	189	76	179	54	186	99	259	278	218	245	264	106	279	81	9	154	57	190	212	134	107	174	8	226	103	15	173	133	16
272	235	243	200	225	120	141	47	110	285	50	180	67	20	149	286	132	304	306	129	204	162	277	121	161	182	126	194	237	51	35	219	196	97	108	148	261	274	169	193	17	140	70	270	34	150	263	185	71	80
317	310	89	115	240	287	143	68	268	293	26	65	49	78	320	295	238	93	171	42	324	60	181	227	66	91	146	88	39	297	250	197	318	58	298	282	30	56	253	117	216	116	111	222	156	224	22	241	86	48
32	244	313	125	195	62	214	101	267	301	184	321	4	284	33	63	137	192	153	87	230	18	114	260	135	215	325	96	136	104	36	228	163	251	262	23	209	77	82	61	252	258	188	213	100	92	85	109	239	206
275	84	229	90	207	113	44	296	311	269	131	160	73	266	127	165	271	302	223	94	309	7	208	38	288	69	205	147	202	158	25	75	232	231	83	248	119	19	122	308	292	123	314	291	41	24	211	322	64	294
11	14	159	55	45	144	167	59	242	249	257	290	21	236	5	98	315	170	142	155	118	254	289	217	6	53	183	157	27	201	187	220	168	124	221	316	280	128	1	152	52	319	305	138	234	139	210	281	265	145
198	255	178	299	283	10	105	102	191	172	112	95	46	151	175	2	29	276	13	37	72	166	74	130	199	0	272	161	49	184	120	188	42	284	228	22	13	312	54	222	36	128	20	55	85	65	291	319	286	305
95	141	2	105	255	221	222	206	181	0	211	209	308	31	231	150	123	82	56	30	101	22	180	4	146	108	322	33	6	204	173	9	151	236	284	27	293	282	3	208	182	312	215	139	115	214	281	46	297	290
179	38	100	65	106	140	250	274	157	219	287	8	62	216	271	260	159	99	53	200	243	321	161	325	103	205	253	164	320	240	270	307	84	315	64	185	207	288	196	176	61	283	128	296	197	63	317	102	124	285
210	70	118	37	249	59	298	171	87	162	242	143	81	227	52	17	306	107	122	72	125	213	120	21	92	39	230	129	35	323	299	132	259	280	154	233	311	319	234	117	91	67	130	225	267	149	278	269	262	104
79	258	198	220	202	29	246	12	34	310	244	277	97	241	228	42	90	251	193	110	50	10	217	265	51	166	1	147	289	135	199	55	96	184	83	168	13	44	153	229	77	248	169	144	26	48	160	279	324	145
152	119	148	268	54	68	266	224	191	155	167	291	16	158	138	88	273	36	254	47	112	116	78	133	238	156	32	170	14	28	40	174	218	313	286	190	58	172	94	247	264	134	127	292	43	45	252	25	15	263
175	245	76	20	232	316	203	66	235	142	165	109	131	126	272	75	178	194	113	189	71	188	305	136	11	261	23	226	41	85	276	195	303	98	212	302	137	80	294	24	177	7	111	318	18	57	223	301	237	49
295	5	74	309	163	275	300	192	86	69	304	89	114	186	201	256	314	93	60	73	183	257	19	239	121	187	213	129	108	222	114	263	201	104	58	284	309	63	187	53	14	2	110	223	257	142	224	66	181	32
125	188	279	213	276	106	324	49	164	115	32	295	150	159	153	27	215	310	244	7	186	220	81	43	36	56	119	51	290	281	237	41	109	103	58	42	142	214	118	271	253	26	285	99	93	64	228	249	314	101
313	50	231	21	165	230	183	196	320	4	98	17	121	102	86	126	63	131	15	62	200	9	123	122	180	278	223	25	22	111	33	67	134	323	88	54	76	263	12	60	204	191	268	31	245	283	192	112	206	73
90	158	8	258	182	39	143	307	145	29	107	69	114	146	205	166	181	242	75	11	19	59	288	189	66	187	321	207	312	257	292	217	208	195	144	280	284	141	6	2	291	240	133	221	238	201	315	211	317	190
250	84	78	261	130	241	179	92	135	302	44	89	184	149	275	61	83	234	120	116	136	161	16	124	210	13	138	289	46	155	172	57	48	167	203	152	71	304	52	296	77	14	178	311	140	171	255	65	199	232
68	309	0	170	169	301	306	18	318	216	85	80	132	233	227	97	117	243	151	175	91	1	148	294	299	209	264	53	163	298	87	30	70	168	229	82	177	259	202	185	3	127	100	35	273	110	265	147	274	20
37	113	23	267	74	252	104	246	235	303	129	96	156	236	256	305	197	128	34	247	272	45	47	24	79	162	139	10	28	287	176	225	270	325	277	300	137	95	262	260	248	297	194	266	154	293	55	38	308	157
224	269	173	5	226	193	219	319	72	251	198	108	254	212	94	316	286	282	160	105	40	322	174	239	218	222	298	30	84	168	307	64	199	133	125	46	74	302	96	58	42	56	166	70	65	62	264	229	185	232
316	106	9	201	71	81	103	235	274	140	229	146	262	195	6	197	77	39	300	310	304	251	230	178	205	24	254	119	164	30	113	319	185	95	160	58	290	120	130	128	188	322	75	212	250	297	80	219	233	149
20	261	249	32	125	97	92	158	8	207	210	28	272	60	64	172	234	129	267	1	271	227	286	176	84	259	124	50	245	115	216	280	67	38	266	157	248	173	200	298	170	46	228	305	268	70	29	269	179	142
154	7	238	136	83	79	194	189	109	31	315	145	132	263	162	23	306	292	260	0	277	33	85	137	239	213	131	12	287	165	161	27	196	96	255	325	34	45	133	192	183	93	151	289	63	116	121	37	147	311
202	318	14	66	90	168	11	40	301	169	257	35	100	56	231	275	126	299	323	88	118	86	276	312	111	190	320	314	270	215	303	43	69	222	253	242	191	155	65	171	47	110	240	135	42	55	291	181	144	175
51	57	117	313	5	174	10	217	232	187	107	78	152	134	49	91	186	112	102	108	214	218	241	143	123	252	82	41	293	52	2	204	36	224	53	167	307	94	294	4	26	3	225	72	17	199	114	203	139	208
89	98	61	321	198	236	148	104	278	243	74	101	44	308	209	285	279	309	166	163	54	25	153	193	76	13	73	237	138	19	226	48	223	184	296	62	281	295	150	265	264	99	87	180	273	283	302	18	324	220
156	16	317	221	122	258	22	256	105	206	244	159	127	288	15	182	284	211	246	21	141	59	177	68	247	282	90	246	237	312	9	68	136	231	239	183	43	120	170	36	192	128	74	7	118	66	208	115	108	134
239	237	166	57	168	302	308	110	276	173	320	54	45	254	287	51	289	216	69	5	18	115	292	257	91	98	260	248	322	169	251	189	182	20	37	101	35	39	202	285	283	224	244	318	307	77	204	144	211	185
131	33	234	192	66	312	47	116	245	108	284	43	40	321	109	134	46	319	12	31	176	133	249	152	132	198	113	233	10	70	255	240	262	221	208	16	165	75	171	305	67	188	107	246	124	238	235	282	310	273
24	88	264	41	13	267	3	286	93	162	280	279	200	89	118	84	225	17	177	231	151	325	48	229	214	153	212	74	232	193	236	49	272	149	50	145	55	163	242	274	121	179	76	22	102	277	105	135	156	8
298	123	159	258	324	181	127	178	53	230	300	1	263	196	2	314	103	6	199	150	21	96	278	226	269	4	119	222	250	227	194	297	11	56	63	266	209	87	316	187	218	146	68	61	228	142	62	95	85	34
