2,0
100	110	240	210	56	6	167	330	252	113	170	197	331	43	78	328	227	211	262	207	148	251	157	131	88	208	173	229	195	1	340	119	301	346	121	47	139	204	26	335	52	172	98	224	24	65	310	64	186	287
260	130	27	147	176	306	219	255	34	329	142	164	57	281	297	245	231	273	333	138	111	205	92	187	80	163	25	317	212	304	59	146	37	261	344	126	238	202	97	226	174	276	316	151	36	10	114	81	102	184
258	327	257	222	105	35	217	322	19	241	199	183	336	249	61	70	108	5	20	264	152	69	29	17	87	76	318	189	104	319	60	21	263	106	127	49	196	58	75	337	181	38	266	191	175	213	132	228	347	68
154	0	50	188	223	288	55	298	194	83	259	254	230	63	129	296	305	272	278	86	198	160	46	215	162	275	84	295	323	225	2	137	206	308	116	120	321	180	193	267	32	299	7	9	103	91	39	28	311	294
280	169	325	274	153	343	253	109	309	72	136	293	338	218	247	168	339	307	171	236	161	149	315	270	214	115	300	341	117	48	107	312	279	82	155	99	95	190	67	66	96	22	166	124	244	192	291	101	159	269
144	302	209	30	242	12	90	41	233	285	53	178	324	277	51	14	282	3	23	128	165	201	45	235	237	42	232	79	185	332	220	268	112	11	150	234	85	246	134	143	271	290	182	303	4	133	44	250	289	284
203	135	145	71	118	314	345	216	74	342	248	94	326	93	18	283	292	313	31	140	89	158	286	141	243	13	77	334	179	177	200	33	62	122	54	239	16	40	256	73	8	221	156	123	320	15	125	265	255	281
131	173	40	113	188	263	67	270	11	210	106	17	208	220	196	152	94	102	185	249	274	47	215	22	328	61	315	255	227	338	50	347	89	232	161	74	217	189	160	107	284	16	96	166	177	139	342	64	286	278
2	307	27	148	63	108	236	333	112	233	43	103	60	305	128	318	56	205	165	55	260	4	162	15	0	80	306	69	340	26	313	83	247	109	314	223	7	214	145	225	125	209	87	329	276	120	291	136	330	254
186	164	239	265	84	211	324	213	98	298	124	13	127	309	212	35	275	279	273	234	179	302	293	146	91	344	104	44	24	82	297	256	301	31	172	157	230	123	337	317	6	310	25	251	339	32	345	331	266	280
133	78	183	143	95	28	153	41	224	167	155	59	168	122	151	253	150	282	281	180	70	154	79	46	30	75	299	228	88	312	142	207	93	1	261	191	332	242	271	243	198	99	327	10	20	308	3	283	257	241
343	178	126	267	45	290	226	300	129	71	206	159	53	158	51	86	132	121	101	237	341	219	272	52	304	203	195	105	222	81	111	171	250	141	269	289	244	68	268	320	326	316	147	238	100	218	346	144	321	29
149	197	303	264	138	134	23	54	187	62	92	200	135	292	245	202	115	258	19	175	296	130	216	176	114	322	97	181	65	323	277	262	246	37	184	72	5	325	285	137	199	85	163	201	204	34	156	9	76	235
14	248	335	116	42	39	287	240	193	21	182	77	8	66	229	192	118	194	294	117	48	57	221	49	110	12	231	336	119	169	288	36	73	334	311	33	259	295	18	174	38	170	190	252	58	90	140	319	7	246
141	305	163	240	192	328	88	221	14	8	232	318	303	180	10	213	278	134	246	320	252	55	184	308	285	116	58	130	147	331	339	323	164	156	325	286	155	26	117	293	39	172	25	256	291	274	209	263	153	248
262	123	108	160	254	129	242	212	35	245	66	97	239	238	41	284	29	230	219	96	103	206	61	269	76	330	295	150	319	300	113	121	333	64	149	111	233	283	4	197	75	95	115	344	50	267	185	312	225	313
211	69	304	306	139	199	237	72	144	37	296	204	177	36	273	167	27	316	217	60	169	84	80	77	317	235	138	31	310	74	311	292	79	47	202	258	24	48	90	78	145	43	136	250	298	174	1	102	52	207
223	190	326	62	314	18	265	247	152	287	220	151	92	332	33	301	253	189	122	244	21	196	70	176	288	100	143	93	205	101	114	321	148	68	104	290	208	99	302	142	159	132	91	3	120	22	44	294	131	214
168	181	59	346	45	210	347	11	161	277	137	337	236	276	98	175	17	81	32	179	195	191	42	162	135	187	28	259	188	183	15	56	270	19	12	173	182	315	57	322	216	272	194	86	215	67	261	165	128	125
0	218	112	94	275	335	279	9	266	2	297	126	109	5	342	53	231	34	227	89	157	171	65	146	87	282	73	107	16	178	154	23	71	193	280	200	324	170	299	249	51	46	327	222	260	224	340	38	106	343
85	268	271	82	329	228	40	166	83	336	234	255	289	20	140	49	341	30	257	201	264	186	243	203	345	229	334	124	110	118	281	119	307	54	338	133	198	226	63	105	251	127	13	241	309	7	158	6	96	202
182	20	8	97	87	188	119	121	312	210	321	177	323	222	92	333	324	38	27	30	139	198	227	190	248	193	88	225	0	102	16	54	165	249	126	171	345	133	56	28	66	52	299	163	166	220	284	339	124	136
65	338	161	104	238	272	159	224	45	308	40	213	128	199	141	322	154	317	263	285	183	246	25	271	244	151	37	67	106	90	36	149	12	140	107	179	29	315	309	100	42	247	304	335	168	278	250	279	189	259
245	269	194	76	282	157	167	122	281	217	110	73	82	291	147	84	325	252	229	152	329	9	108	290	47	79	254	61	268	64	226	142	129	10	3	267	181	275	307	50	169	260	256	74	261	332	236	264	200	156
176	219	162	241	283	13	117	235	197	23	155	35	277	98	293	205	6	303	105	207	185	81	318	175	62	137	230	5	218	342	186	306	286	58	337	19	22	276	2	180	231	344	125	178	172	68	206	330	7	33
160	31	221	21	1	44	216	239	83	53	26	255	202	280	91	135	262	214	59	32	187	69	209	336	148	297	340	347	295	288	305	101	43	132	134	49	237	192	80	223	57	273	114	96	204	253	95	94	150	115
191	174	300	145	99	46	334	251	195	326	258	212	287	240	310	184	319	313	320	118	164	138	242	78	93	328	4	51	113	70	116	143	289	266	201	208	123	72	103	89	24	311	265	77	158	234	127	130	85	60
39	215	296	232	341	331	196	14	109	316	292	211	243	131	71	55	298	48	18	203	153	343	173	34	270	314	146	274	294	346	301	112	233	111	75	144	41	86	228	327	11	120	257	17	302	63	170	15	6	2
58	1	157	311	228	259	224	287	37	176	27	227	236	267	178	314	335	255	130	320	94	101	25	290	293	254	317	91	326	121	263	222	43	9	115	253	324	173	166	334	127	262	239	209	229	29	18	305	83	221
246	23	252	219	129	160	72	126	346	312	52	188	277	46	142	342	5	7	291	10	77	250	13	108	230	261	301	79	199	33	41	297	150	84	332	117	3	170	322	97	195	133	275	62	278	190	20	249	323	285
211	118	241	197	112	96	76	139	68	240	217	271	181	124	184	128	113	260	286	26	0	283	266	295	6	279	61	325	132	154	235	12	333	193	207	40	24	116	42	294	167	185	213	330	220	337	98	318	282	345
141	340	338	298	343	36	74	80	307	88	60	319	300	280	54	67	327	187	234	237	152	214	87	71	47	159	148	16	50	288	153	216	104	347	223	321	158	276	99	122	4	175	172	75	202	205	284	14	140	119
114	59	215	292	251	78	242	138	109	203	174	17	31	65	156	143	225	106	8	339	64	344	177	146	163	212	258	273	179	304	19	144	192	49	11	264	198	299	39	145	63	245	105	56	32	149	303	329	204	2
48	125	315	244	164	336	272	69	274	218	210	103	289	89	136	302	313	15	93	309	186	95	270	162	55	147	151	243	92	180	171	281	316	134	201	30	22	248	90	85	257	268	45	306	231	310	28	66	35	70
200	53	182	131	161	232	137	38	51	226	196	208	341	168	73	191	107	44	86	34	331	247	57	120	328	183	265	296	100	189	81	21	111	165	155	194	256	82	123	269	135	308	206	169	238	110	233	102	253	147
228	277	69	346	240	293	166	193	248	219	20	39	333	72	97	332	78	88	211	186	253	22	111	162	224	10	156	131	132	163	25	71	119	242	18	148	331	64	310	4	53	152	128	199	261	254	46	144	327	282
115	198	28	247	202	201	37	113	191	73	139	320	244	275	318	45	8	118	147	151	23	21	90	114	170	213	110	237	47	207	77	330	143	347	272	91	65	225	158	126	154	245	161	291	187	180	43	313	210	232
164	315	17	264	192	94	5	107	35	206	93	55	146	141	58	66	256	221	328	181	257	89	103	157	326	68	87	40	252	250	86	15	235	176	233	51	306	36	323	133	117	184	246	52	108	278	102	188	337	241
105	312	145	335	74	38	292	309	268	81	302	324	271	177	218	135	96	13	104	136	95	12	62	183	290	160	16	289	137	76	208	229	227	222	294	195	194	127	182	138	168	150	258	123	48	255	60	159	197	205
274	287	267	226	49	82	345	165	273	26	172	223	296	288	344	283	284	11	311	189	340	2	169	238	341	307	280	276	129	305	215	67	83	124	142	262	109	27	265	63	342	121	59	317	249	251	259	171	29	281
308	243	100	80	300	130	298	329	260	239	70	297	134	301	200	234	220	19	167	99	116	339	173	33	336	236	304	6	84	178	179	3	85	209	190	204	101	34	286	338	231	263	92	299	214	79	1	122	54	316
174	56	140	149	270	155	203	32	125	112	303	57	120	31	334	321	30	196	343	153	14	314	41	9	295	217	279	266	230	61	0	7	216	42	50	44	75	322	325	106	175	269	98	319	285	212	185	24	204	344
70	305	135	13	117	239	261	158	49	275	132	228	255	42	245	133	324	311	20	321	90	249	285	259	55	238	220	194	137	54	193	97	335	38	12	46	322	110	277	244	65	235	265	177	232	136	266	14	57	104
229	58	306	251	267	11	318	9	27	260	74	276	254	36	190	34	129	66	213	120	23	234	179	140	293	41	199	283	81	248	331	269	157	18	75	161	118	95	223	302	171	242	230	313	107	126	142	224	227	83
323	160	346	247	231	134	325	128	143	71	183	127	45	69	310	169	15	344	33	196	272	287	79	286	48	72	246	24	116	115	258	264	146	237	47	304	167	37	103	29	280	119	91	138	206	181	98	257	273	297
329	338	188	16	121	31	176	330	87	28	308	88	222	166	52	334	21	202	216	208	99	43	332	217	178	84	320	162	210	32	60	252	168	19	214	77	6	207	80	100	192	342	56	292	53	328	67	262	299	343
93	307	141	347	201	102	35	68	152	281	114	170	25	94	278	218	76	0	130	298	108	82	64	125	123	182	3	198	295	284	2	44	317	26	148	296	155	204	315	212	85	101	17	327	189	40	62	50	256	279
290	270	174	149	184	219	8	215	150	233	291	340	303	345	131	241	164	314	205	282	250	92	180	109	165	5	300	289	96	61	172	175	326	159	7	145	1	113	225	268	191	139	203	316	122	163	333	319	240	105
339	263	156	173	59	153	195	10	309	243	209	186	22	147	341	63	86	106	185	301	73	124	151	30	312	197	288	78	226	294	336	221	4	39	337	200	211	274	253	51	271	154	144	112	187	236	89	111	209	31
129	142	281	276	2	234	189	228	63	236	32	100	110	237	175	166	289	285	164	58	138	273	140	272	48	61	134	89	21	295	3	149	298	233	199	14	291	117	275	309	66	108	153	194	250	205	126	197	53	114
44	181	336	204	109	31	338	328	35	284	303	207	231	274	161	172	6	137	307	286	170	253	179	155	150	221	213	148	154	239	156	251	345	128	342	152	162	248	82	180	23	242	104	310	74	279	300	38	13	288
10	255	191	219	201	55	278	190	16	241	22	49	112	224	151	65	116	269	41	4	198	8	226	238	95	173	52	243	40	185	304	124	25	36	247	178	271	327	157	313	280	311	64	332	27	249	67	50	80	339
158	223	294	92	30	146	54	319	193	9	340	57	125	323	187	51	214	330	93	326	264	79	143	34	209	267	135	91	260	121	188	306	331	184	11	98	28	96	215	301	119	37	195	68	33	85	17	88	235	167
262	127	337	208	118	1	263	102	46	97	335	26	266	270	29	15	163	18	192	293	145	186	302	177	206	246	240	317	314	73	203	47	87	78	287	244	222	159	277	19	77	59	347	43	147	333	182	99	210	141
346	299	252	165	343	216	144	218	202	217	62	70	315	123	257	212	24	130	256	171	183	107	211	81	282	308	56	329	83	86	113	84	106	305	290	131	265	12	94	254	115	334	71	324	322	105	122	320	168	101
160	196	200	75	72	258	20	133	103	245	76	296	321	90	316	297	5	7	341	268	312	232	132	111	283	230	120	229	176	0	42	220	227	60	225	344	318	292	45	69	139	136	174	39	169	259	325	261	335	109
46	213	42	80	169	185	129	55	327	2	108	70	101	58	30	65	291	9	14	322	319	147	334	23	133	136	146	175	95	166	182	1	315	228	342	74	211	161	279	300	103	91	266	307	34	317	142	331	72	282
237	121	306	346	286	32	56	51	63	314	62	102	212	84	224	304	29	145	278	210	16	176	117	335	154	158	310	22	41	181	35	50	277	214	125	235	78	240	347	122	153	8	204	337	96	328	135	64	247	24
4	222	239	272	196	285	68	318	99	160	156	344	202	79	208	244	271	294	86	7	85	254	332	287	36	325	120	191	246	143	341	298	209	276	171	60	127	330	329	290	28	100	295	312	324	229	73	137	155	320
126	139	255	203	339	252	159	281	263	94	301	144	186	256	241	113	273	88	47	37	193	10	232	336	52	106	207	316	164	245	292	19	205	105	15	343	260	118	262	231	243	258	25	323	199	259	98	168	21	219
53	92	115	97	152	150	140	326	165	157	265	83	44	192	270	296	89	123	76	280	297	104	43	190	179	162	299	321	149	170	27	82	303	223	250	234	249	69	257	340	12	180	39	48	284	269	188	66	201	172
77	67	233	57	148	198	138	59	49	268	251	293	0	111	20	110	90	216	61	220	130	163	308	178	54	221	267	13	5	309	45	107	93	217	264	187	288	132	225	333	197	302	114	218	177	87	38	253	18	274
141	26	261	184	275	345	151	238	11	134	167	230	311	215	313	248	75	206	200	128	189	6	119	227	195	226	81	3	33	131	71	174	31	183	124	17	173	305	289	283	194	109	236	40	338	116	242	112	165	157
56	325	51	23	125	332	97	32	22	64	36	90	284	108	152	343	171	52	302	116	82	35	143	54	85	73	129	43	176	7	213	146	298	130	28	134	204	241	198	258	10	173	247	237	192	337	75	126	84	195
63	305	115	67	299	9	308	76	177	181	271	17	201	165	135	189	335	100	29	5	31	254	44	59	79	128	255	112	328	83	138	81	196	111	186	329	202	122	120	70	144	62	170	145	216	279	346	105	314	330
118	316	251	99	68	69	265	267	187	304	261	243	219	331	297	106	295	260	212	203	77	286	121	13	46	191	167	291	93	272	154	74	88	53	151	66	303	11	288	320	136	231	236	256	188	321	276	184	333	1
183	33	323	227	55	18	182	294	61	159	307	293	211	26	218	47	78	101	163	148	275	150	319	102	225	215	262	266	274	2	40	222	14	72	336	127	113	119	334	139	217	197	6	269	91	21	312	310	226	248
114	313	161	281	71	287	223	339	160	221	234	209	80	290	60	34	124	109	220	92	306	25	98	140	123	156	282	245	4	65	194	141	239	20	24	180	175	259	253	252	341	315	240	179	277	37	57	309	131	322
235	326	208	246	149	104	117	327	178	283	133	0	38	42	205	174	200	244	15	58	206	50	30	142	153	45	8	340	300	242	268	207	48	233	257	87	317	157	168	162	318	49	210	296	169	94	273	285	347	164
324	95	172	110	230	158	224	301	280	250	229	270	89	342	12	228	311	16	238	345	289	39	190	41	147	132	214	263	19	185	86	264	166	27	338	96	278	199	3	155	249	107	292	193	137	232	103	344	261	221
228	210	11	56	330	94	190	32	43	268	171	257	8	246	65	227	316	208	201	124	340	345	188	72	75	85	112	299	305	157	137	205	19	248	47	221	211	272	250	148	326	119	329	81	183	215	164	258	76	4
322	232	304	66	276	87	262	179	36	265	161	302	218	295	50	249	306	111	327	256	61	344	287	46	337	21	298	271	64	53	200	133	217	1	34	309	285	51	12	197	130	186	323	274	92	174	115	226	192	35
145	169	9	347	181	113	82	261	118	44	230	129	110	25	324	2	321	209	240	30	243	237	26	255	151	6	229	38	18	80	343	206	189	333	219	270	29	126	89	269	91	95	77	139	100	339	125	173	70	16
273	132	182	275	282	251	63	280	109	214	341	147	162	10	284	84	233	71	122	106	78	191	241	79	332	313	67	103	198	296	57	17	259	20	117	328	288	49	185	267	244	314	143	300	116	73	123	108	193	97
