0,1
157	205	273	114	47	43	25	270	26	192	272	176	113	166	199	253	259	189	194	222	154	83	130	142	171	35	129	24	224	262	78	19	214	127	10	61	80	56	64	100	180	190	207	163	245	121	237	147	254	21
173	170	167	60	218	49	59	186	252	159	202	260	155	105	20	38	231	98	247	131	175	161	227	0	220	111	87	6	55	204	138	37	242	248	148	63	1	215	188	229	187	69	58	251	278	46	269	206	191	149
183	178	240	5	119	75	132	106	102	246	2	120	116	233	169	70	201	68	76	52	277	181	32	234	7	9	103	91	39	219	236	213	257	275	162	109	72	136	217	164	249	271	152	198	115	117	48	107	267	195
261	99	95	67	66	232	22	124	101	184	144	223	250	196	90	41	81	160	172	110	255	53	17	193	51	14	197	82	84	268	29	3	23	146	128	165	168	45	209	97	244	42	228	79	185	264	12	112	11	238
85	134	143	210	230	104	34	182	108	50	211	225	226	4	133	44	96	212	263	28	203	135	174	145	235	88	71	118	208	241	276	137	216	74	274	139	94	151	150	258	93	18	27	36	57	31	65	140	89	158
30	86	92	141	126	153	243	13	77	266	179	177	200	33	62	122	54	239	16	40	256	73	8	221	156	123	15	125	265	137	255	228	42	221	231	201	92	206	32	270	204	115	213	175	212	158	44	226	161	190
167	222	187	250	156	146	189	11	255	227	148	130	240	274	121	219	25	197	192	267	249	239	61	236	143	27	137	223	207	92	162	44	176	185	188	17	154	229	160	43	104	70	265	52	149	45	228	277	208	113
174	234	129	245	93	251	134	50	243	81	260	211	91	29	68	124	34	273	230	88	144	257	136	107	241	109	178	151	264	54	77	8	86	64	85	224	231	106	48	181	49	114	153	204	32	253	73	152	242	105
55	221	261	262	139	247	38	233	62	31	138	74	58	191	155	131	209	75	258	18	193	118	173	94	215	57	226	89	117	95	79	63	140	244	150	163	101	116	15	119	19	41	83	180	266	96	276	39	171	190
168	206	100	212	80	12	84	203	42	157	122	135	0	196	35	172	213	214	37	4	103	30	59	99	78	132	87	36	218	268	248	125	23	108	2	194	175	40	232	195	72	90	252	161	269	217	272	235	238	120
254	225	26	7	141	205	179	256	1	145	183	5	102	66	110	275	237	263	216	128	170	33	126	127	60	10	123	13	184	53	198	199	67	158	6	246	165	56	9	210	20	220	16	270	142	133	259	46	159	47
278	112	22	177	166	71	201	14	169	98	111	271	147	182	21	115	24	82	65	186	76	3	200	28	202	164	69	51	97	22	168	112	250	68	144	127	188	43	231	157	203	85	11	109	19	244	17	177	81	60
7	31	237	140	148	30	70	214	128	244	176	181	86	239	107	95	217	218	123	234	212	253	17	146	26	65	111	220	184	27	162	119	261	196	4	125	210	260	265	219	206	66	117	198	96	247	109	77	108	56
74	231	16	236	232	230	173	99	45	106	113	102	131	224	225	1	243	87	92	105	235	81	62	274	85	53	197	124	41	248	276	223	251	80	207	52	90	22	82	222	71	58	89	193	180	20	186	168	35	262
267	241	133	150	115	6	55	36	151	144	116	190	135	240	59	263	252	67	221	254	120	101	209	48	136	126	79	258	42	229	175	94	43	145	38	266	166	19	226	238	143	112	114	182	11	269	158	73	152	5
50	213	75	149	18	93	194	189	205	245	195	21	2	34	159	32	215	33	271	203	153	57	165	127	49	23	118	61	163	84	164	178	268	185	270	183	0	25	132	39	141	246	10	130	167	201	12	257	78	179
142	103	44	161	202	155	275	187	9	233	72	88	256	129	110	134	8	250	199	264	204	211	138	228	277	154	249	64	169	76	14	216	63	121	177	278	170	54	227	69	91	29	139	171	15	28	188	97	147	68
46	157	13	255	98	191	37	122	172	200	242	192	174	273	51	160	47	156	3	208	83	137	60	259	272	104	24	40	100	111	257	238	103	256	172	185	122	182	29	212	25	36	176	216	153	221	74	60	220	139
110	203	154	63	43	128	196	105	140	256	160	32	136	129	173	207	47	102	41	36	17	126	42	76	151	216	219	176	138	180	57	16	269	28	209	132	254	85	81	200	99	40	26	94	54	37	8	248	49	35
244	259	53	155	166	68	7	30	80	145	27	240	152	260	39	159	157	72	69	230	147	184	71	158	77	174	201	9	46	3	73	34	212	198	246	55	274	193	75	137	67	232	178	114	225	161	33	214	124	0
119	197	252	58	21	66	245	134	275	271	224	14	130	115	261	205	195	96	100	74	278	153	104	20	247	163	142	223	139	182	133	172	70	187	10	226	13	98	89	62	277	23	146	188	111	125	83	44	90	78
177	127	221	255	208	222	266	15	264	91	210	250	183	141	238	144	175	190	170	97	2	265	243	118	59	168	84	117	231	202	194	242	241	215	107	120	186	79	82	251	268	1	106	108	48	149	199	273	234	263
56	31	253	109	116	171	165	50	237	167	11	189	148	12	181	162	22	239	135	228	18	179	218	95	217	25	233	272	121	131	249	5	122	211	191	204	270	101	60	88	113	150	262	156	92	52	227	257	93	192
19	185	169	206	65	29	258	143	87	51	103	220	6	61	276	213	236	24	86	164	123	235	64	267	45	4	38	229	112	101	47	103	0	200	255	258	79	187	21	102	76	256	66	226	33	49	231	37	70	80
106	222	20	189	215	212	258	8	156	191	190	113	133	17	182	247	126	38	97	63	70	29	37	173	217	82	203	120	53	89	236	27	266	157	52	60	95	149	161	67	208	109	16	80	136	0	242	34	94	153
107	263	99	24	159	225	179	55	262	158	219	163	128	145	66	65	224	138	259	47	229	88	90	30	118	170	167	84	15	42	142	227	114	139	102	253	85	28	144	56	226	274	92	119	40	186	210	54	235	250
122	239	183	171	204	267	141	93	188	207	45	140	104	124	272	248	121	146	169	196	48	57	134	230	143	87	168	25	175	276	164	36	96	12	241	181	218	206	185	115	176	100	238	260	162	79	270	216	76	111
200	211	110	73	71	39	275	231	147	9	108	199	61	195	151	152	64	273	237	129	10	3	131	228	201	14	150	50	213	243	75	74	251	132	240	166	232	197	184	198	154	244	32	277	194	278	252	13	117	165
49	246	23	155	35	51	98	77	177	254	6	43	105	256	233	81	18	220	62	261	137	112	5	205	59	257	174	234	245	123	58	193	86	19	22	4	2	180	101	127	125	178	172	68	221	255	264	7	33	160
31	268	21	1	44	265	41	269	83	26	46	202	116	91	135	72	214	187	69	209	148	249	130	11	271	103	192	223	78	35	93	24	6	196	70	257	260	174	114	149	66	179	215	229	2	263	125	101	267	34
129	254	273	41	5	26	114	192	153	83	241	266	218	245	33	172	156	132	157	145	108	149	187	220	116	124	223	29	152	143	164	144	6	146	260	3	77	257	117	269	244	94	79	163	228	236	148	277	130	121
255	0	175	150	195	43	248	272	13	7	118	265	199	267	212	216	36	227	60	243	88	167	54	67	142	181	222	275	138	24	179	71	258	104	252	20	193	185	211	16	202	215	217	219	207	201	251	18	190	158
23	140	99	4	170	240	119	113	115	112	184	160	59	126	268	246	141	10	109	75	46	17	31	87	173	231	261	210	154	8	133	64	139	253	19	49	11	176	224	39	63	105	56	278	221	2	48	125	68	101
69	262	98	174	106	178	103	27	247	89	203	242	136	42	127	166	15	58	93	95	47	14	74	65	263	97	162	249	55	147	250	91	92	225	276	62	25	270	232	134	30	22	37	76	61	237	90	85	1	188
80	186	50	12	213	229	204	230	28	66	84	128	35	45	70	200	234	53	271	182	72	131	177	161	214	180	137	38	51	235	196	208	52	168	239	226	159	191	107	73	44	86	209	34	259	57	78	197	120	264
151	122	96	183	9	40	100	189	81	21	111	165	155	194	256	82	274	135	206	169	238	110	233	102	123	205	171	198	32	40	213	255	102	15	32	42	5	249	168	185	223	176	153	14	47	120	155	136	140	93
101	151	220	37	216	98	16	170	137	273	85	128	40	259	231	52	198	93	115	99	186	221	276	197	54	136	200	20	226	109	123	270	157	160	225	252	240	172	261	22	15	248	139	49	108	224	199	278	163	65
113	53	141	32	208	86	145	81	153	91	30	46	4	176	25	260	196	41	74	256	206	154	201	23	135	277	188	133	78	42	77	114	138	213	246	69	47	215	100	263	253	84	217	24	174	250	105	119	190	205
140	76	102	271	168	203	147	144	207	235	180	187	55	148	209	274	58	161	33	14	13	6	234	211	159	155	193	173	71	3	95	90	218	150	219	189	241	167	214	5	222	11	158	185	21	171	34	106	266	67
7	82	44	94	39	92	130	249	10	275	38	2	245	107	182	12	103	59	175	169	8	239	166	17	242	97	70	238	125	255	212	178	156	0	35	18	181	112	183	258	87	80	184	50	232	149	116	129	131	269
257	68	142	83	134	121	64	62	237	264	51	272	75	110	162	122	36	194	191	254	146	143	73	111	60	89	88	229	126	202	179	195	244	1	120	251	28	48	236	31	132	127	118	268	267	152	66	192	233	210
61	223	19	230	243	29	9	26	227	72	204	45	124	63	228	265	27	262	104	96	117	177	79	56	43	57	247	164	165	20	6	90	183	203	225	29	22	30	146	119	73	248	80	64	118	103	132	148	191	255
194	147	125	100	218	246	192	58	15	28	245	66	214	249	56	99	233	114	67	184	91	49	177	86	223	257	168	140	26	158	68	251	127	54	4	155	113	148	271	255	33	62	171	48	183	97	240	89	18	196
119	93	88	22	205	85	8	228	71	154	270	36	94	65	79	220	120	252	134	23	179	244	121	243	60	129	109	81	264	101	82	92	278	150	3	32	253	221	180	238	50	235	44	7	80	38	202	69	77	108
116	30	169	75	248	144	217	117	269	63	165	215	164	41	219	83	200	64	198	193	250	236	55	45	16	39	268	42	185	87	227	210	146	21	133	132	11	261	106	254	98	272	76	142	137	118	107	6	51	237
181	186	213	208	57	241	224	206	161	173	1	152	234	52	197	232	258	124	226	25	110	9	209	43	265	103	10	105	204	277	230	174	95	46	70	131	211	216	151	175	267	239	20	136	13	37	72	195	166	201
74	102	130	199	203	0	128	141	96	145	260	263	78	167	17	47	160	231	135	156	35	207	190	266	24	182	139	187	40	188	112	273	176	153	229	225	31	53	123	29	178	191	5	111	61	159	274	256	275	34
14	122	143	73	247	90	242	170	138	84	163	189	149	59	262	27	212	2	162	19	12	276	222	115	157	104	126	172	259	99	84	136	271	69	227	33	225	101	174	100	83	243	157	164	82	129	118	98	141	266