2,0
241	303	266	66	335	263	376	325	327	362	270	212	275	192	61	338	6	119	131	43	126	1	360	56	98	24	157	181	332	343	183	78	173	319	202	188	164	124	47	329	281	149	146	334	166	374	184	99	341	205
12	366	274	97	227	367	295	255	65	170	92	26	52	197	174	154	64	27	262	264	121	194	113	88	259	142	372	69	207	111	10	76	147	34	100	80	57	87	218	257	105	130	249	29	208	102	70	253	17	384
238	110	305	25	114	240	349	261	20	359	59	223	37	231	269	365	346	278	251	81	330	151	222	138	385	211	242	172	36	353	152	358	280	310	163	195	191	35	345	19	167	108	5	326	378	104	377	245	60	21
288	106	139	127	49	228	58	75	276	373	210	148	38	291	252	199	282	132	117	318	68	175	0	50	307	187	315	55	316	226	297	83	155	189	107	63	129	324	293	333	299	214	186	86	230	160	46	317	162	302
236	176	84	323	219	328	354	260	193	2	137	287	336	116	120	198	350	196	204	180	225	294	32	311	7	9	103	91	39	28	339	215	322	161	169	361	190	247	277	206	153	217	380	30	109	337	72	213	136	347
279	300	258	101	168	375	229	224	171	267	115	301	48	340	314	382	82	95	67	96	22	254	244	298	159	296	144	209	308	90	41	233	351	312	53	178	273	355	304	51	14	309	272	285	3	23	128	165	201	45
235	237	42	232	79	185	364	220	268	112	11	150	234	85	246	134	143	271	290	182	306	331	4	133	44	250	289	284	203	135	145	71	118	352	383	216	74	379	248	94	357	93	18	283	292	313	31	321	140	89
158	286	342	348	141	243	13	77	368	179	177	370	200	33	62	122	363	344	54	239	356	16	371	40	256	73	8	381	221	156	123	369	320	15	125	265	140	201	173	74	43	152	25	79	244	77	143	339	27	157
201	263	71	320	278	17	112	375	166	129	152	272	349	81	46	35	254	323	190	325	384	157	125	173	103	27	60	154	305	255	377	189	219	385	165	32	28	61	142	98	339	11	63	86	228	94	279	211	244	284
67	203	119	47	382	43	234	145	213	319	330	379	110	336	72	366	4	48	350	74	273	333	22	185	148	18	248	83	256	260	56	230	2	77	340	264	316	191	220	7	168	167	131	289	87	137	335	192	161	80
283	311	162	331	29	268	246	364	355	369	194	259	210	64	297	372	383	69	127	16	139	96	344	229	269	5	351	36	314	109	227	85	184	338	299	348	209	182	281	307	102	50	306	128	52	40	357	346	328	117
252	39	261	225	217	295	15	55	291	89	358	266	124	226	121	174	326	380	126	143	108	0	214	12	38	113	26	66	76	354	30	345	180	232	179	241	332	58	265	321	13	136	267	107	251	106	303	120	376	359
84	105	317	287	207	329	204	222	337	44	21	381	362	196	177	378	370	296	312	33	294	90	91	186	104	172	24	82	9	212	352	208	274	218	288	347	341	31	290	271	363	160	41	301	169	239	158	334	123	188
151	34	20	6	93	25	37	240	146	365	322	133	78	159	235	153	257	280	95	42	164	282	155	59	371	198	122	368	101	215	236	150	140	183	70	247	79	253	178	249	286	205	75	327	88	242	8	224	270	1
318	250	361	73	243	223	343	275	353	99	356	10	276	193	3	293	310	342	116	45	199	233	14	237	206	53	51	132	324	170	374	308	298	195	111	171	149	141	68	367	304	231	118	147	238	100	144	57	285	197
138	134	23	54	300	187	62	92	313	200	135	309	163	245	202	115	258	19	175	156	373	360	130	292	216	302	176	114	221	97	315	181	65	49	277	262	291	282	242	244	31	255	191	123	277	125	91	85	189	246
378	155	85	130	36	94	285	53	324	358	54	16	17	32	292	76	284	385	260	43	334	57	49	153	291	188	42	312	314	133	72	26	197	41	8	269	305	230	293	359	71	195	7	30	240	226	27	329	175	39
158	338	287	63	281	147	374	73	216	115	140	37	35	173	202	151	69	166	199	9	46	3	34	80	180	256	55	264	296	75	67	234	238	249	212	154	33	172	295	331	182	186	58	328	66	231	207	265	105	290
138	119	349	208	163	347	96	352	298	184	104	20	136	134	302	210	365	233	110	126	77	145	99	146	70	14	177	10	176	13	98	89	330	377	23	306	271	111	125	83	44	254	78	375	127	157	325	196	239	248
15	255	366	307	257	141	224	144	160	209	174	97	336	201	323	273	308	344	245	217	190	183	270	232	203	382	120	304	82	367	318	275	108	313	149	187	258	322	335	31	194	109	116	171	165	50	383	167	380	189
276	12	181	162	22	368	135	327	18	179	95	25	219	263	121	373	262	5	122	211	191	337	261	101	60	88	113	150	252	297	350	320	227	243	353	316	19	185	169	277	65	29	246	143	247	117	87	272	351	103
40	346	379	61	90	266	213	236	24	86	282	123	235	64	279	4	38	361	112	364	288	342	362	118	315	340	357	206	317	45	333	311	164	129	310	283	372	81	228	84	332	286	128	218	159	268	356	156	74	47
170	124	200	198	79	237	139	303	376	56	280	242	193	48	299	0	192	106	1	102	52	222	253	267	251	241	341	370	339	319	62	274	205	221	244	309	345	343	152	348	369	92	178	204	289	2	220	142	21	371
326	321	100	93	384	114	363	148	68	250	360	229	51	381	355	132	91	259	225	278	214	300	294	131	354	168	59	215	301	6	11	161	107	223	137	28	0	254	105	156	142	37	241	231	143	161	179	91	263	253
338	326	253	174	131	110	24	344	161	181	334	81	68	323	278	8	302	125	319	53	120	234	377	200	102	136	290	275	57	327	212	7	294	295	218	204	29	313	1	321	132	226	243	233	37	162	372	176	108	196
293	90	128	86	150	286	373	101	351	182	38	283	230	88	138	320	349	16	9	314	346	315	144	345	238	299	44	309	246	363	60	354	310	273	268	22	109	186	59	355	27	304	36	358	105	148	3	85	205	301
225	271	123	40	307	368	98	5	158	367	284	311	194	208	191	20	261	91	375	134	256	241	180	348	145	103	17	35	63	279	52	178	19	282	223	111	281	285	217	130	89	95	72	107	335	93	300	266	55	237
263	127	364	203	232	28	289	140	94	165	361	280	133	67	258	219	84	287	229	45	179	385	199	156	370	374	190	216	347	322	155	247	337	359	137	211	267	312	380	236	245	118	124	365	18	66	221	276	228	56
235	2	83	318	333	209	350	116	298	113	163	356	193	30	336	82	252	384	70	340	80	269	142	0	164	34	104	222	303	92	188	31	152	379	172	378	369	329	126	146	23	143	206	250	248	119	272	65	187	325
106	26	47	58	264	189	260	296	316	160	87	139	121	6	213	231	15	42	122	153	224	242	240	262	257	330	114	97	249	251	366	220	277	99	168	54	4	159	169	239	255	308	362	291	141	100	77	173	177	306
171	33	381	149	48	185	339	215	25	270	360	352	32	195	341	170	292	96	167	12	297	371	62	157	183	357	115	147	197	305	353	244	46	61	198	79	192	76	274	332	49	43	343	202	73	210	214	71	39	382
265	175	207	227	317	383	151	64	11	331	129	10	259	328	135	14	376	50	41	324	75	74	69	166	342	13	184	117	154	201	112	288	51	78	254	21	351	383	29	166	79	121	5	133	157	288	276	197	376	229
20	149	364	333	251	32	42	332	80	230	320	145	281	192	13	383	339	317	235	287	244	363	367	283	373	195	148	132	122	334	218	86	168	147	356	2	103	241	291	199	47	186	41	154	101	368	209	157	38	193
205	120	17	341	316	11	69	70	236	240	140	280	270	248	166	351	203	182	187	50	234	177	328	271	259	14	194	106	261	136	318	336	169	170	36	374	125	18	254	73	60	89	88	345	340	51	268	247	109	299
158	31	4	371	379	163	105	202	272	311	19	102	29	298	26	85	262	322	310	93	76	326	183	369	124	188	303	9	301	300	6	104	96	162	325	79	229	288	227	43	57	312	66	232	65	5	15	113	338	156
377	293	215	274	155	221	222	77	48	313	306	131	375	64	40	92	87	180	198	75	329	172	3	128	39	72	35	97	121	74	22	164	354	153	307	365	257	290	344	173	107	30	44	59	242	150	58	206	167	352
90	315	82	342	237	343	178	24	129	348	181	139	361	126	27	78	278	25	321	295	55	253	250	12	264	246	357	56	117	216	211	53	238	112	134	111	201	302	197	279	323	327	130	370	185	200	91	1	176	296
191	16	217	360	380	225	284	324	54	219	286	277	99	258	252	214	212	319	67	0	269	382	61	213	45	233	366	62	273	28	263	84	114	314	347	119	8	118	46	33	138	223	100	23	189	249	159	115	127	239
335	372	331	160	37	350	292	152	21	146	175	95	256	68	255	116	378	143	98	108	330	349	137	358	297	266	71	144	171	34	376	285	49	165	294	265	135	110	224	337	179	196	220	243	63	355	267	226	210	353
260	231	204	151	190	359	123	381	52	362	305	308	94	184	174	276	346	133	7	10	385	207	304	245	141	228	208	384	275	142	309	161	282	83	81	289	352	278	69	347	240	294	166	193	374	219	20	39	334	72
28	76	240	156	207	264	373	327	195	132	161	274	3	106	318	307	31	43	169	173	266	226	133	171	238	260	215	308	57	206	374	227	40	289	228	213	8	332	193	15	185	54	16	148	384	305	108	325	302	381
50	334	67	20	146	196	129	81	277	366	97	272	164	99	177	319	200	121	186	174	150	230	51	328	371	301	214	231	79	252	270	188	17	279	70	110	348	375	291	181	71	80	179	312	89	107	233	336	140	68
103	251	26	65	49	330	321	363	120	93	256	42	194	60	154	66	91	143	88	39	278	134	141	322	324	243	9	360	192	377	58	343	361	30	56	246	117	239	116	344	203	268	219	22	297	86	48	32	237	125
190	62	209	101	316	248	180	368	4	216	33	63	137	184	335	267	337	18	114	250	135	292	320	96	136	379	36	197	358	244	258	23	204	77	82	345	245	235	369	100	92	85	109	232	275	271	357	224	353	253
113	44	282	306	294	131	326	73	364	127	165	352	298	218	94	304	7	208	38	284	69	205	147	202	158	25	75	83	241	119	372	350	303	385	340	309	338	41	24	211	317	64	290	11	349	159	55	45	144	167
362	263	257	223	87	347	249	286	21	236	5	98	310	355	142	155	118	254	285	217	6	339	183	346	365	201	331	220	168	124	323	359	351	128	1	152	52	314	300	356	234	139	210	281	265	145	198	255	342	283
10	105	102	191	382	333	95	46	151	175	367	341	276	13	37	72	166	74	130	199	0	315	78	221	273	47	160	376	35	280	182	187	296	112	176	153	229	225	370	53	123	29	178	261	111	61	378	354	34	14
122	329	247	90	242	170	138	84	163	311	189	149	59	299	262	27	212	2	162	269	287	295	19	12	380	222	115	313	157	104	126	293	172	288	259	383	229	367	289	34	355	76	178	322	42	36	382	14	190	340
198	369	254	308	110	195	146	21	151	243	139	377	337	374	256	54	80	344	96	154	15	29	343	128	6	212	122	202	63	197	124	300	278	24	101	273	218	262	354	208	269	298	164	19	156	229	216	103	356	118
184	22	9	58	91	141	237	30	116	51	33	150	260	383	93	115	236	380	205	183	185	320	84	214	72	132	302	2	385	166	295	78	342	259	253	73	88	159	279	323	114	12	353	375	357	266	324	125	82	338
177	48	0	350	317	193	60	274	263	62	227	226	157	319	246	46	129	41	120	69	3	160	289	47	31	27	381	181	290	264	349	211	38	174	347	196	4	327	143	309	52	100	81	147	285	359	287	170	315	272
318	213	155	228	293	316	59	119	56	108	161	5	210	306	204	45	106	199	171	11	140	8	65	231	364	367	86	37	99	53	34	258	275	148	360	333	307	224	105	107	20	363	265	277	98	384	358	153	64	321
192	95	26	92	102	215	18	362	43	1	61	249	248	23	346	85	379	104	123	373	74	270	70	250	366	336	187	294	138	87	97	247	335	209	292	180	17	57	361	245	200	39	162	149	220	167	305	251	35	163
239	351	49	255	331	267	206	217	244	179	89	137	182	117	326	234	67	130	283	240	173	221	341	371	291	79	77	223	312	339	330	207	340	355	268	286	345	334	42	90	144	230	50	10	328	176	257	280	135	55
233	225	313	252	83	168	13	44	28	352	169	241	282	304	121	238	145	152	382	310	68	378	191	7	16	158	219	136	36	303	112	222	133	32	14	284	40	186	190	314	172	242	94	281	368	134	127	111	299	301
332	25	271	372	175	76	276	232	201	203	66	235	376	142	370	322	165	329	109	296	288	131	126	311	348	261	297	75	178	365	194	325	113	189	71	188	56	217	268	372	344	366	244	198	267	223	298	356	36	224
7	282	86	198	145	243	361	193	215	322	142	379	94	214	366	286	30	63	264	129	192	28	136	380	72	46	177	254	220	4	168	58	100	143	156	225	103	257	47	189	157	341	234	320	292	185	99	314	248	261
204	9	113	25	362	78	197	180	65	318	106	377	208	36	364	115	53	24	325	95	37	29	372	64	352	147	315	289	327	340	62	51	34	133	287	304	42	201	305	56	357	217	240	334	102	12	283	374	48	206
126	308	190	73	44	117	67	375	383	278	238	10	333	199	233	328	43	265	353	169	20	110	218	293	61	276	317	52	202	358	160	316	329	263	121	165	346	369	312	45	196	93	311	132	271	303	87	370	178	91
290	181	18	231	26	5	96	241	54	296	376	179	210	277	148	11	250	167	298	111	306	337	75	128	66	138	382	119	184	207	321	351	335	252	81	245	213	84	356	71	174	31	297	373	124	247	223	17	232	49
33	268	172	175	253	194	109	150	307	348	116	338	255	269	267	319	23	104	236	302	359	152	118	354	273	371	350	120	112	101	173	309	230	288	275	211	224	90	301	14	280	339	151	153	68	378	130	135	365	139
347	330	154	349	50	97	123	326	171	2	355	161	385	158	170	77	125	32	27	200	19	155	331	237	188	41	279	242	227	186	260	363	229	332	221	272	226	176	205	299	284	239	345	344	324	342	294	323	212	249
343	70	368	114	21	209	55	40	60	141	59	8	166	79	222	182	246	92	191	35	15	137	16	281	98	22	216	219	122	195	88	0	127	310	235	76	140	57	360	270	162	367	159	39	251	80	13	134	82	295
1	105	381	285	107	69	131	336	83	313	228	203	187	183	85	274	74	244	108	144	384	291	149	146	300	163	89	256	262	266	164	259	6	258	38	3	1	125	83	229	351	360	291	115	164	252	149	294	205	365