2,1
81	247	1	170	341	274	378	65	388	149	189	164	121	293	242	152	66	151	43	386	166	192	260	88	392	305	47	323	97	298	24	100	99	288	102	126	191	402	278	241	6	147	26	364	211	56	360	101	61	276
403	391	72	37	330	183	281	207	187	12	352	223	228	105	389	110	236	259	98	222	277	258	372	266	78	113	295	316	358	163	52	374	217	227	64	27	282	300	111	297	328	109	231	208	119	275	397	91	69	354
172	10	76	261	34	131	80	57	87	188	367	291	130	146	92	340	173	29	219	175	70	410	17	240	370	59	114	210	25	351	142	270	375	20	202	174	124	262	385	252	154	314	195	36	138	161	264	384	301	333
218	411	361	35	336	19	253	226	181	108	5	184	310	157	355	294	251	104	302	263	60	21	309	106	139	127	49	257	58	167	75	296	399	395	148	38	312	194	225	326	132	117	311	68	245	0	50	350	212	338
55	339	400	199	318	83	155	214	205	107	63	129	349	373	359	408	308	197	186	86	365	160	46	303	162	325	190	176	84	404	379	249	353	380	304	280	230	193	2	137	279	362	116	120	238	198	376	196	204	180
299	315	32	334	7	9	103	39	28	215	347	169	382	269	206	153	406	30	255	213	136	346	322	168	401	229	224	171	287	267	115	324	48	366	337	329	82	95	67	96	22	254	244	319	159	317	144	209	377	331
90	41	233	307	335	53	178	273	381	327	51	14	332	272	285	3	23	128	165	201	45	343	235	398	237	42	232	79	185	390	220	268	112	11	150	234	85	246	134	143	271	290	182	306	345	387	357	4	133	44
250	289	284	203	135	145	393	71	118	368	409	216	74	405	248	94	383	93	18	283	292	313	31	321	140	89	158	286	342	348	141	243	13	77	394	179	177	396	200	33	62	122	363	344	54	239	356	16	371	40
256	73	8	407	221	156	123	369	320	15	125	265	137	68	292	403	242	140	197	372	188	321	341	221	25	203	27	358	293	193	153	211	43	313	85	364	382	369	389	402	280	277	190	269	163	168	392	264	17	345
179	222	139	220	254	279	391	67	154	329	94	127	5	335	399	93	156	232	311	331	203	355	17	295	21	110	143	186	363	119	252	148	259	81	7	131	87	74	300	31	305	35	350	352	114	201	97	210	299	244
322	162	347	96	314	387	145	86	12	58	381	410	333	234	404	33	272	356	304	325	171	386	246	373	71	388	165	390	312	318	191	103	134	372	268	228	354	120	188	379	69	376	11	43	258	123	130	19	202	326
29	278	137	142	63	336	274	27	317	227	403	72	64	25	61	46	291	124	261	126	260	32	47	28	263	266	358	285	83	362	60	65	174	207	112	353	190	104	282	209	230	208	98	332	212	168	4	214	48	323
225	313	401	22	121	49	18	365	77	125	320	397	56	151	2	316	241	344	306	364	273	411	100	271	245	407	0	384	80	307	138	406	157	189	251	283	296	149	177	36	16	218	24	338	375	129	339	396	109	303
85	269	68	181	200	370	319	265	172	192	346	378	187	182	315	44	368	321	267	102	50	194	229	264	405	217	185	128	161	52	40	211	92	341	166	144	294	330	117	393	20	39	152	328	395	66	409	219	163	167
41	15	55	108	89	107	309	173	184	38	248	400	256	221	367	197	113	26	76	371	30	204	180	343	160	392	348	345	13	136	213	141	255	34	106	374	408	334	398	176	84	238	105	6	301	226	277	196	366	289
90	91	280	82	9	23	57	231	287	340	337	169	359	239	158	111	290	383	262	281	37	240	146	360	288	292	115	394	133	78	159	235	153	257	369	95	284	297	42	164	351	155	59	135	198	122	175	101	215	236
150	140	183	70	247	79	302	253	178	249	286	205	75	402	88	242	8	224	270	349	1	389	250	380	73	243	223	147	275	54	99	62	10	276	193	3	293	310	118	116	382	45	199	233	14	237	385	327	206	53
51	342	132	377	357	324	170	216	308	298	195	361	383	58	159	389	91	243	215	292	90	230	341	382	77	200	295	267	165	36	10	116	189	104	97	253	135	61	317	78	362	318	64	60	37	26	74	55	225	48
194	56	139	105	136	96	299	357	145	219	399	144	208	111	187	160	137	47	134	193	151	199	285	256	183	225	266	115	125	374	191	347	174	16	158	279	320	90	389	398	340	197	168	121	42	286	241	181	214	17
8	372	410	404	163	361	217	402	257	253	182	180	210	263	355	132	68	358	53	48	94	282	166	18	212	80	391	119	176	43	113	41	57	329	291	179	364	315	243	393	408	76	171	92	342	110	104	301	49	318
93	269	252	196	33	188	69	175	339	20	32	204	133	58	39	130	294	300	247	124	351	317	245	311	77	381	222	75	36	397	200	309	173	19	22	152	135	338	170	379	27	369	35	28	98	400	376	322	63	258
37	40	205	85	353	34	7	44	209	26	153	260	177	189	126	72	332	54	272	215	287	30	102	155	12	142	324	230	378	403	15	70	248	295	392	270	334	330	172	331	99	259	10	71	280	198	59	159	9	46
81	3	73	293	319	162	195	302	129	336	55	384	292	203	223	67	21	363	273	25	147	161	298	250	128	74	316	97	305	314	66	52	138	386	406	216	14	207	246	146	140	78	224	100	202	341	240	356	232	327
265	23	326	333	264	117	238	283	157	79	120	13	297	89	62	306	303	83	310	154	190	127	359	313	323	227	343	201	271	411	368	91	11	352	141	345	184	289	350	390	2	328	233	396	234	84	5	321	365	150
254	244	107	226	249	186	82	185	377	1	255	108	304	239	149	366	375	371	31	109	116	165	50	344	167	388	383	401	268	237	278	274	218	95	231	281	382	131	192	251	261	122	211	380	101	60	88	262	156	348
308	370	385	169	405	65	29	360	143	307	87	395	103	296	220	6	61	346	387	213	349	373	236	312	335	24	277	86	367	164	123	235	64	267	409	275	4	38	229	112	394	114	228	178	290	51	118	0	407	362
276	148	284	325	337	206	354	106	288	45	221	242	38	219	28	20	289	411	309	402	373	379	377	354	193	216	0	310	230	236	30	151	225	288	133	259	16	126	272	66	8	260	358	374	177	249	54	254	92	147
313	121	329	95	408	196	109	253	166	228	85	24	309	220	69	212	240	29	235	360	283	120	260	379	88	249	384	183	23	363	293	51	278	241	272	79	367	2	93	337	138	365	276	299	174	291	34	387	124	99
76	4	37	207	6	353	143	218	108	273	116	394	74	96	186	7	371	101	393	215	257	308	325	162	361	265	177	404	271	373	61	208	176	288	25	252	211	136	35	319	306	102	323	300	409	247	53	3	275	391
112	377	229	354	340	401	39	185	72	314	168	274	45	164	315	62	155	364	180	405	403	84	390	270	191	203	216	200	232	366	8	294	113	407	193	54	40	227	385	150	331	333	399	326	148	110	219	302	28	147
170	144	352	106	386	201	175	57	341	395	307	125	359	328	90	12	259	73	289	281	233	230	351	330	194	188	358	217	129	172	184	327	100	202	33	286	59	376	285	292	322	78	68	346	41	11	381	117	374	296
91	1	81	154	280	310	126	43	64	105	295	118	244	27	50	134	267	132	344	356	368	38	210	123	158	316	21	179	16	9	171	263	342	103	214	250	304	246	297	268	195	17	237	46	89	44	225	10	406	355
141	60	98	131	264	86	370	5	22	178	42	48	36	139	398	324	161	388	122	82	169	226	261	334	92	146	269	115	20	13	128	221	231	145	63	173	199	26	347	52	349	19	167	238	97	223	311	205	397	224
0	245	182	255	111	248	80	209	198	375	130	157	383	410	181	107	242	197	190	204	345	343	15	396	55	262	127	135	335	392	284	165	236	140	94	380	266	133	67	305	159	301	350	277	56	156	75	339	378	71
318	321	332	357	137	151	298	32	14	18	66	243	153	114	389	312	258	83	317	372	287	239	369	163	234	30	192	338	303	70	49	336	254	142	256	290	104	222	251	149	348	31	152	382	279	206	402	400	119	65
187	320	362	282	47	58	213	189	87	77	411	160	313	365	160	400	261	120	259	279	143	258	3	286	239	227	79	113	395	355	97	140	111	346	121	77	399	138	354	178	309	206	402	382	43	14	130	124	240	88
105	330	188	370	4	160	199	64	385	174	119	286	131	137	256	52	116	109	280	20	8	141	395	49	283	373	133	354	267	16	379	115	60	148	390	272	398	151	179	74	158	389	303	218	313	310	135	241	36	406
382	89	154	268	366	76	37	93	17	239	156	222	209	312	168	321	269	365	139	409	307	353	314	308	194	331	296	342	359	260	411	225	46	2	144	197	196	70	326	363	147	340	19	271	77	200	270	248	255	211
99	234	53	367	129	242	288	91	170	172	397	114	376	193	182	108	306	238	369	355	159	276	254	85	81	226	301	84	402	101	245	136	298	221	315	220	146	339	388	1	184	78	122	132	54	123	294	358	140	176
278	352	32	125	205	47	360	394	243	180	167	374	110	362	153	372	318	212	41	138	336	39	86	94	378	231	332	285	250	42	279	235	329	66	69	347	266	216	98	345	335	305	24	263	371	215	87	299	102	407
281	361	149	190	410	400	287	261	55	155	50	171	58	350	33	14	13	6	207	185	92	178	145	71	3	95	90	396	309	186	311	240	127	59	198	319	368	73	150	11	10	18	21	325	208	34	173	106	338	161
346	349	67	7	224	157	82	44	289	341	375	391	130	300	51	201	175	38	258	328	107	12	103	210	203	169	381	232	166	273	187	97	28	246	399	0	35	274	213	181	112	297	253	80	377	282	68	142	83	134
403	62	323	316	356	219	162	252	251	292	191	351	143	111	88	317	126	202	195	257	120	392	284	48	236	31	118	344	152	364	192	233	61	275	230	29	9	26	227	357	408	386	327	380	124	63	228	265	293	27
262	104	96	393	177	277	79	302	56	43	57	247	164	165	322	121	65	401	5	217	15	189	113	25	384	206	337	249	23	334	45	383	163	264	30	333	204	405	304	324	100	183	387	117	320	40	348	343	22	75
290	229	404	214	259	223	128	295	72	237	244	291	134	199	402	243	152	113	295	185	192	120	373	263	109	224	227	26	254	248	313	323	91	217	155	362	48	56	315	85	142	288	285	92	54	341	81	330	183	357
405	280	34	74	396	310	320	110	279	409	120	328	36	314	287	181	133	277	117	75	97	254	202	333	250	54	206	303	212	318	261	65	27	83	126	410	339	192	142	239	237	42	340	169	11	218	57	259	344	118
190	38	115	201	9	170	41	46	337	107	335	129	260	66	230	210	70	289	300	400	160	137	127	71	247	128	255	69	227	119	33	157	143	103	382	323	265	345	360	24	404	378	309	47	135	348	49	394	37	317
29	217	219	79	315	374	369	95	233	393	98	285	291	385	358	121	138	242	296	331	16	31	140	134	104	87	28	196	88	179	322	334	21	293	99	43	408	204	341	84	384	168	32	324	19	388	77	6	228	391
100	272	307	386	183	53	182	214	346	308	364	299	141	325	356	330	357	223	114	368	94	342	329	76	0	249	193	108	82	64	366	401	3	262	248	2	44	284	359	148	264	155	282	85	101	17	313	189	40	235
50	207	241	224	174	149	184	8	266	371	258	229	81	316	67	220	15	136	131	164	281	205	167	395	399	102	213	372	166	92	332	109	80	165	5	62	376	12	96	411	72	61	172	175	146	256	159	222	7	336
145	161	1	319	349	45	225	380	139	203	283	122	163	298	268	240	105	304	326	156	375	59	363	195	353	276	243	389	186	327	147	306	63	403	106	185	73	124	151	30	197	343	361	402	294	338	352	4	355	302
200	211	274	253	51	271	154	144	112	187	236	350	111	292	20	176	347	13	194	390	177	311	132	90	60	312	263	22	14	275	35	290	180	23	52	215	130	273	392	198	377	162	238	406	244	199	208	270	305	113
89	245	362	10	252	39	397	68	387	26	321	78	221	153	93	18	398	379	25	251	91	150	216	295	370	173	267	365	269	188	191	58	354	125	286	231	56	55	171	209	373	232	301	178	116	152	367	351	383	257
278	123	226	86	48	234	288	297	407	158	381	246	391	105	339	30	2	21	390	22	124	141	206	407	246	360	101	115	9	33	120	58	386	107	63	355	270	254	241	251	38	209	0	296	199	286	31	4	255	365
35	16	284	244	179	277	389	193	229	167	53	287	344	342	58	411	169	197	100	181	221	63	410	61	49	220	242	377	262	385	239	311	187	292	172	142	148	238	180	243	345	293	185	343	224	2	137	44	60	108
355	330	154	299	320	198	222	129	189	31	381	260	9	375	357	150	134	155	370	241	66	176	104	347	138	188	173	164	226	29	227	267	186	213	174	45	394	194	208	298	335	350	93	119	95	26	32	223	14	272
235	286	191	363	228	51	231	341	48	246	39	276	21	353	3	279	310	199	401	252	140	97	308	114	372	248	259	374	117	264	170	33	280	288	332	409	289	82	89	184	368	325	366	365	28	326	47	163	352	135
6	157	214	327	210	8	236	156	278	158	19	361	390	304	38	348	153	322	266	23	391	354	74	166	13	360	10	37	109	336	270	339	55	110	4	301	359	22	177	112	294	395	126	247	65	116	79	41	307	237
398	128	399	52	281	40	405	162	380	124	25	209	204	36	152	99	269	149	207	340	161	306	195	291	233	393	407	234	175	178	369	64	397	27	141	151	67	50	80	319	69	356	305	323	91	367	190	201	300	408
215	92	30	146	54	321	68	139	57	125	96	205	42	387	251	85	143	203	34	328	121	383	145	274	11	98	15	17	273	88	216	249	147	253	87	127	46	118	1	364	102	282	388	219	285	271	18	192	240	206
317	255	313	263	261	250	73	324	78	358	159	378	275	77	59	43	384	182	373	165	295	144	218	202	303	217	318	290	62	70	371	123	257	212	24	130	333	256	171	183	107	211	81	351	386	56	0	83	86	113
84	106	382	362	315	131	337	265	12	314	94	254	115	225	331	71	406	403	105	122	302	392	168	101	160	196	200	75	346	349	72	309	258	20	316	133	103	245	334	76	296	329	402	90	396	297	5	7	136	268
312	376	232	132	111	400	283	379	338	404	230	120	7	29	268	96	359	172	224	398	180	64	30	196	44	347	384	303	202	48	100	143	37	34	113	363	321	115	36	197	254	250	198	282	381	133	184	110	249	12
258	294	64	373	92	100	235	162	383	241	365	142	67	260	236	30	194	23	84	224	1	245	39	240	265	381	80	165	300	269	38	239	405	111	286	276	232	175	85	411	160	157	394	115	372	103	393	124	314	230
360	279	93	63	275	229	195	110	291	375	292	90	205	33	213	96	161	14	66	125	164	311	170	83	11	40	355	35	334	191	322	263	130	335	379	147	366	254	268	97	69	237	270	338	190	299	65	43	186	140
7	357	55	198	222	257	154	385	397	51	388	390	5	389	46	255	352	136	149	325	78	24	347	189	91	58	220	313	108	396	358	193	217	308	380	406	326	285	94	398	252	3	72	202	371	139	89	408	158	168
259	342	364	104	234	132	403	74	346	134	34	298	133	181	44	341	187	183	248	297	310	166	290	54	306	153	76	251	174	13	73	101	138	289	128	359	184	62	402	49	155	116	320	150	9	8	178	152	99	273
143	180	17	27	120	18	42	203	214	307	16	302	288	223	243	122	2	404	208	249	282	22	349	340	348	281	295	119	151	159	382	336	32	378	327	81	386	368	339	343	145	197	331	211	129	410	293	59	177	79
68	247	317	156	318	377	315	321	369	356	121	367	351	176	328	70	56	102	312	172	324	185	332	284	29	261	117	112	330	272	41	105	218	118	344	53	20	278	246	391	163	50	238	141	77	206	12	319	31	387
264	95	354	146	60	231	188	253	280	4	171	242	173	267	196	309	250	363	233	148	207	384	86	135	287	333	36	182	401	0	345	109	274	392	266	316	127	71	131	303	167	225	199	28	87	283	407	376	329	137
304	399	126	169	277	227	353	226	123	400	362	107	350	26	144	395	179	204	244	200	219	114	113	88	47	37	6	10	15	201	52	106	337	409	75	210	215	192	57	370	221	19	361	271	296	323	212	374	256	82
48	305	25	262	209	301	216	61	98	228	21	45	353	9	380	216	241	339	62	223	68	7	134	97	245	191	213	73	208	52	127	173	399	5	77	175	66	205	320	100	44	138	128	301	82	296	43	121	206	345