0,0,1,0
223	188	181	241	59	271	267	284	264	56	64	105	190	245	47	25	202	26	43	65	220	130	129	24	285	126	138	100	61	70	211	213	169	92	87	154	121	157	131	222	36	102	170	277	52	106	183	80	76	35
227	132	19	172	189	10	184	225	290	250	167	5	273	194	257	274	186	263	151	268	78	60	127	236	21	266	49	193	215	142	75	199	147	171	20	38	261	173	289	98	272	195	68	210	0	113	244	111	6	55
226	224	152	37	83	27	114	163	162	63	1	237	196	209	252	251	69	58	86	191	119	254	46	281	228	240	164	161	198	187	2	148	282	116	120	247	206	32	7	9	103	91	39	242	259	235	269	287	180	109
72	136	234	229	175	283	207	149	219	115	117	48	107	260	238	197	155	99	95	67	66	279	22	166	124	101	159	204	144	246	30	217	90	41	81	160	192	176	110	153	53	178	17	214	51	14	218	82	84	280
29	3	23	146	128	165	201	168	45	231	97	57	42	230	79	185	276	12	112	11	150	85	134	143	232	205	253	104	34	182	108	50	233	258	249	4	133	44	255	96	212	275	28	203	135	174	145	139	88	71
118	208	262	288	137	216	74	286	248	94	270	93	18	31	140	89	158	141	243	13	77	278	179	177	200	33	62	122	54	239	16	40	256	73	8	221	156	123	15	125	265	92	271	52	30	186	142	168	289	79
105	104	92	71	61	206	26	25	86	259	202	263	165	153	148	133	289	267	234	268	181	244	196	243	109	89	155	91	209	149	129	139	107	68	147	20	51	40	182	282	273	98	1	261	138	179	287	22	50	199
217	168	27	216	52	279	11	195	249	222	17	150	137	43	75	13	194	242	70	106	189	130	16	260	131	156	220	277	113	264	54	44	112	192	62	158	184	269	125	188	74	270	64	205	198	47	28	230	136	190
121	111	285	82	88	46	240	93	151	276	45	2	250	120	53	226	178	145	6	274	154	219	213	134	233	114	169	228	245	283	162	29	85	34	124	9	81	76	14	171	207	239	173	31	262	21	256	77	115	8
187	229	97	60	118	176	193	48	191	49	252	218	232	172	211	32	36	73	177	144	55	288	3	221	18	174	38	170	159	143	58	90	140	197	290	255	146	204	266	94	248	57	123	117	95	163	79	63	212	281
210	225	142	227	247	101	271	116	15	235	152	119	19	41	83	236	24	246	96	223	69	39	30	167	72	253	65	280	224	100	284	80	12	203	84	160	278	208	200	42	157	122	135	180	0	272	185	251	35	241
59	66	110	37	215	4	103	214	99	78	132	87	286	237	23	108	258	231	175	275	67	161	186	265	166	254	238	10	7	141	201	257	183	5	102	164	56	128	33	126	127	98	69	43	45	185	264	229	222	287
237	31	146	269	173	15	35	40	84	24	74	192	276	44	4	260	162	106	92	88	85	208	125	89	275	105	205	60	285	136	12	182	66	77	135	26	172	87	216	95	226	196	240	130	116	259	113	81	236	37
257	56	63	212	190	2	46	54	14	242	166	101	195	90	244	233	193	234	109	7	30	6	179	70	167	210	270	143	203	104	8	36	227	123	246	138	271	145	100	0	144	108	117	17	165	197	201	97	110	120
27	34	213	10	191	170	131	140	283	53	16	72	169	48	133	96	153	86	215	41	251	278	280	185	126	184	51	102	156	148	154	160	69	290	207	180	45	55	289	187	224	249	99	65	119	1	288	22	186	158
253	248	62	52	218	189	29	204	111	239	202	238	261	254	80	25	171	150	82	228	272	71	58	151	28	20	128	221	163	107	49	267	232	265	243	274	220	183	115	164	124	279	139	286	219	175	91	59	229	13
67	98	121	176	217	284	79	263	42	76	273	132	94	252	142	43	235	38	255	47	134	19	194	68	174	64	231	147	112	114	152	277	157	262	11	9	211	250	230	73	245	247	5	50	222	168	129	75	149	18
93	225	177	264	282	155	209	287	21	200	214	258	159	32	33	137	199	161	57	198	181	127	223	23	118	61	178	3	83	256	241	281	39	141	206	188	266	103	268	122	78	141	172	163	217	284	110	88	192	14
153	259	42	51	151	121	160	191	178	254	236	171	134	194	113	115	87	199	94	204	53	90	192	93	196	209	285	163	211	104	181	112	223	17	8	278	133	130	80	229	96	272	212	174	167	193	47	119	132	48
76	276	135	213	111	180	198	68	156	92	221	56	252	124	219	43	274	41	57	281	237	169	136	61	105	279	197	166	170	189	49	116	143	114	33	69	131	235	20	110	230	58	106	266	108	240	231	228	125	137
77	270	222	75	36	103	39	210	182	139	32	18	168	0	183	65	31	187	1	144	256	16	19	22	261	145	179	158	152	27	263	35	28	253	244	188	50	63	262	37	40	150	85	246	34	7	44	195	26	251
164	176	126	72	203	54	175	200	280	30	102	155	12	248	215	88	214	15	247	217	288	173	177	220	264	172	267	99	241	250	71	273	265	59	159	9	46	81	3	73	286	109	162	107	129	64	55	45	218	208
67	21	289	245	25	147	161	6	287	128	74	24	97	186	149	66	52	243	4	206	216	14	207	225	146	140	78	224	100	202	122	29	232	148	258	23	260	95	257	117	238	249	205	138	269	284	157	70	142	79
10	120	13	98	290	277	89	62	82	226	83	255	154	190	127	185	239	101	227	123	201	271	242	38	91	11	275	141	60	184	282	86	283	2	268	233	118	234	84	5	165	0	252	105	158	231	37	251	234	145
257	38	266	268	155	85	57	161	44	182	272	265	160	187	179	196	279	215	8	261	86	60	172	88	275	81	118	252	248	224	20	130	52	107	255	68	258	226	188	221	125	176	19	260	274	191	63	281	148	140
249	189	102	137	16	72	17	256	181	180	145	120	103	29	132	94	53	205	243	174	164	162	285	163	7	40	236	59	24	178	37	283	220	127	90	270	109	5	67	108	158	84	131	232	89	45	142	123	124	28
211	128	136	271	223	27	242	199	280	9	146	237	200	105	286	55	209	246	66	231	190	241	193	194	56	289	2	91	83	262	133	144	116	113	30	82	284	70	234	80	0	34	104	92	31	126	23	143	152	119
65	228	106	26	47	58	225	244	138	87	139	95	121	216	15	42	122	153	22	233	6	1	156	114	97	240	222	290	99	168	134	54	4	159	204	208	218	3	35	141	238	93	77	173	230	206	171	33	203	245
212	149	48	185	169	186	239	277	25	273	269	263	32	165	195	251	229	36	96	167	12	276	278	62	157	183	98	213	267	170	177	115	147	197	250	100	101	264	235	46	61	198	150	79	192	247	18	76	111	217
49	43	253	202	219	110	73	210	214	71	39	287	175	207	227	288	151	64	11	129	10	259	135	14	282	50	41	75	74	69	166	13	184	117	154	201	112	51	78	254	21	149	74	160	87	138	136	25	30	101
264	91	58	3	142	94	252	289	139	137	225	257	129	233	247	165	154	199	265	73	160	259	130	164	27	25	1	30	173	77	254	169	167	249	72	290	32	229	200	147	187	228	209	21	18	211	245	288	180	106
121	197	15	170	207	57	44	244	127	248	282	84	267	178	117	223	286	120	113	214	43	193	29	92	37	263	9	101	51	111	217	183	97	176	206	128	239	23	155	221	93	179	49	52	56	46	145	284	133	188
5	7	157	10	115	79	278	13	100	275	118	68	266	238	53	136	272	83	251	33	41	112	66	201	124	126	194	108	231	134	236	62	132	20	277	150	240	285	235	96	76	63	95	220	262	260	195	216	22	26
0	202	237	6	61	222	161	274	185	196	12	198	234	219	168	40	24	116	42	232	182	224	255	171	81	258	82	98	86	107	110	141	135	123	35	226	166	36	74	80	38	88	60	34	241	205	280	54	67	184
28	227	269	270	152	256	87	71	47	159	148	276	190	250	16	50	208	181	90	153	253	104	102	261	230	158	213	151	279	99	122	4	175	172	75	243	246	242	14	140	119	114	59	143	45	125	78	105	138	109
203	174	17	31	215	65	156	8	64	271	177	146	163	212	287	162	19	144	192	11	70	39	273	149	131	189	204	2	48	191	281	186	69	55	218	210	103	283	85	89	268	132	13	20	280	157	218	101	165	42
279	35	108	168	251	156	95	197	266	117	276	20	45	284	146	221	37	263	114	65	93	271	183	68	162	199	207	66	113	88	198	278	64	164	157	255	111	275	25	43	46	23	115	141	210	143	4	236	147	15
103	223	18	133	51	191	39	36	105	5	245	53	177	253	77	152	52	73	144	206	285	126	128	161	281	135	72	238	17	268	74	38	241	166	283	81	94	219	104	139	171	213	13	8	192	62	150	145	90	89
71	148	119	16	237	259	76	233	151	258	131	194	127	163	10	40	22	165	261	159	260	232	60	248	222	226	240	247	193	277	172	49	82	136	170	26	220	187	11	246	2	282	242	180	129	67	274	124	142	169
109	27	63	273	121	59	158	29	202	243	100	176	130	227	218	200	215	70	250	134	195	231	19	12	244	91	80	249	167	99	116	182	181	107	138	280	118	208	21	209	137	86	173	254	154	33	272	235	6	205
224	179	3	85	239	84	290	204	101	34	160	265	83	264	234	92	229	48	214	79	1	188	69	78	178	122	132	54	123	252	174	56	140	149	262	257	186	184	155	288	96	203	32	125	289	47	57	120	31	267
225	58	30	110	196	256	153	14	41	9	217	230	61	0	7	216	42	50	44	75	287	175	269	98	212	185	24	189	286	228	270	87	201	102	28	97	211	106	190	112	55	290	249	22	195	261	223	38	171	87
40	133	268	74	29	174	145	122	260	240	72	110	126	169	255	238	207	285	88	104	121	281	156	197	138	99	119	108	215	43	185	79	50	131	160	3	54	124	141	80	270	76	149	46	246	24	118	94	175	106
37	5	120	159	180	61	8	287	70	128	66	31	136	97	284	266	258	222	87	12	47	53	103	253	233	75	42	105	71	279	256	288	269	232	148	28	189	107	243	140	167	199	67	135	85	187	64	143	248	217
154	59	179	63	142	57	16	275	73	157	27	206	102	280	69	166	181	204	38	9	83	196	6	230	146	216	250	245	129	164	51	15	112	212	186	147	241	183	272	20	231	198	274	81	194	176	132	210	90	60
208	265	223	168	19	35	34	23	52	271	134	130	17	267	193	234	290	235	276	49	113	89	10	282	219	68	211	26	65	177	115	78	224	93	263	205	252	172	244	91	150	39	264	184	262	11	283	109	13	188
257	58	98	277	202	237	30	139	56	55	171	209	117	161	45	178	116	152	111	95	242	239	1	22	261	123	226	86	48	32	220	182	213	41	162	151	289	125	286	170	62	218	127	101	25	144	278	259	201	192
4	190	221	273	7	236	225	203	33	137	82	153	173	18	114	254	165	214	0	96	228	249	36	195	227	163	14	191	21	155	251	77	200	247	2	100	92	44	84	158	229	93	257	55	63	42	226	290	85	40