2,0
43	266	157	325	227	316	186	318	108	290	1	147	162	65	299	102	26	217	100	305	57	105	287	47	304	121	24	113	111	56	126	226	212	80	191	131	27	98	223	302	167	231	34	130	199	323	275	225	52	64
146	313	174	262	228	92	6	188	142	163	215	195	25	154	229	222	213	59	37	173	189	148	293	241	172	210	205	138	36	10	218	193	314	211	312	261	119	88	35	197	274	19	219	181	269	127	61	70	5	20
296	139	114	254	238	87	76	303	194	104	184	326	60	207	69	21	247	106	78	202	97	49	331	236	58	244	75	253	322	38	285	164	183	132	206	249	68	279	0	50	170	151	276	55	277	240	83	152	329	63
129	301	291	260	196	86	180	46	263	252	282	308	204	2	137	187	294	116	120	306	175	255	32	272	7	9	103	91	39	28	297	281	315	169	310	242	328	230	109	295	72	136	280	264	198	224	168	324	171	214
161	149	278	258	115	307	117	48	107	298	267	251	155	99	95	190	67	66	96	22	166	124	192	259	101	159	257	144	288	209	30	12	90	41	208	233	81	160	245	273	176	110	153	53	178	17	309	332	51	14
270	82	84	321	29	3	23	128	165	201	45	235	237	42	232	79	185	317	220	268	112	11	150	234	85	246	134	143	271	182	289	4	133	44	250	284	203	135	145	71	118	300	330	216	74	327	248	94	311	93
18	283	292	31	140	89	158	286	141	243	13	77	319	179	177	200	33	62	122	54	239	16	40	256	73	8	221	156	123	320	15	125	265	32	78	208	18	169	273	220	235	254	251	257	272	185	317	298	44	330
274	150	178	56	205	296	288	139	98	279	281	43	216	145	109	202	217	113	183	17	84	304	323	89	0	157	264	164	67	125	162	16	200	317	159	142	112	155	266	270	153	168	311	82	313	207	80	233	61	13
64	224	300	4	223	299	11	133	256	222	324	271	292	40	290	24	247	131	276	50	331	186	106	172	291	128	234	160	60	215	244	146	225	329	107	286	180	32	74	171	308	322	301	253	78	31	209	136	314	95
28	25	318	228	166	206	120	148	27	219	122	196	332	47	188	198	87	108	22	306	236	55	7	191	70	319	91	26	79	250	325	75	88	265	154	93	1	151	143	283	212	243	289	99	261	10	20	3	267	189
177	320	126	45	310	129	71	303	158	51	86	132	121	101	287	52	258	105	249	111	232	141	238	179	68	203	272	269	147	330	294	144	239	326	149	257	138	220	23	54	44	187	165	62	92	273	135	53	208	195
268	115	2	305	175	298	211	104	241	227	218	226	210	46	255	278	97	173	130	59	134	181	65	275	262	6	282	242	41	230	328	114	184	327	103	5	277	29	137	199	85	163	201	204	34	124	156	9	176	81
213	307	76	235	14	248	284	312	42	39	240	193	21	182	77	8	309	229	192	118	194	302	48	57	221	49	110	12	231	285	315	169	36	73	33	259	18	174	38	170	190	252	58	90	140	127	260	251	246	94
35	123	117	197	63	316	83	152	293	66	254	161	116	214	15	119	19	297	263	280	185	96	167	69	295	30	237	72	37	321	100	102	245	101	204	311	180	53	62	312	143	265	315	298	17	169	221	158	323	105
227	220	175	100	222	323	281	61	114	79	182	238	25	308	36	66	289	41	39	317	137	172	248	64	301	211	326	108	260	163	252	123	58	102	37	180	104	239	130	10	177	297	253	332	258	152	149	47	74	55
48	26	284	77	134	90	267	320	60	95	298	136	35	92	27	242	314	277	231	78	208	278	302	309	306	207	275	189	88	113	271	195	50	76	168	139	116	165	21	115	70	213	147	230	93	245	103	265	155	84
68	101	200	224	225	316	14	31	329	315	91	292	97	22	181	44	276	3	132	191	216	190	59	296	219	174	273	274	11	300	215	247	98	197	81	324	42	135	28	159	210	56	303	209	232	57	167	321	295	67
291	293	125	0	112	94	184	282	9	2	263	205	143	188	126	285	99	148	221	5	270	212	34	17	176	89	330	280	236	65	72	240	261	87	194	120	73	107	331	196	178	237	192	23	71	279	24	173	254	170
51	244	46	268	4	38	106	85	256	12	15	82	310	259	313	138	40	166	307	183	264	96	202	160	33	217	20	327	249	287	140	141	49	269	30	1	255	154	142	129	201	69	235	131	294	286	8	186	243	233
203	290	199	228	272	229	262	124	110	118	299	54	312	133	198	226	63	105	251	127	13	241	7	158	6	218	161	151	62	193	157	111	223	164	250	109	150	171	328	319	257	283	117	128	146	86	234	145	153	119
187	144	162	19	266	204	121	318	156	18	53	16	304	206	52	214	43	169	83	75	246	322	179	29	32	80	185	325	288	305	45	311	122	178	49	263	159	302	301	94	136	180	8	47	110	228	114	119	158	139
256	321	156	0	165	16	28	166	151	164	272	317	81	172	87	252	325	327	231	192	150	95	160	308	190	47	225	300	276	52	288	126	117	115	139	61	92	175	107	68	269	141	66	283	37	154	79	320	303	143
265	132	168	96	216	21	201	233	329	97	167	88	19	35	295	105	91	7	136	322	250	69	195	310	101	217	207	161	43	178	266	49	83	210	80	57	263	76	129	254	292	197	158	182	237	152	31	262	67	176
261	2	279	177	235	311	142	268	27	223	56	240	102	33	193	54	3	275	25	13	286	171	22	293	108	169	330	114	245	93	4	51	306	70	53	116	319	145	274	123	228	137	62	215	103	174	253	138	241	282
77	125	127	130	85	59	294	98	39	234	318	191	196	147	189	183	285	180	121	36	236	255	251	42	298	48	226	270	153	202	173	34	179	239	58	267	224	18	38	206	305	112	111	75	232	264	86	230	312	332
214	218	17	46	323	331	170	15	45	187	64	144	90	313	120	50	5	199	1	118	63	20	198	185	155	289	209	299	72	324	246	124	211	328	40	140	131	291	119	14	249	110	219	200	290	78	229	163	157	12
186	55	135	296	122	280	23	6	99	184	44	128	104	278	41	314	277	146	148	244	271	106	188	227	10	149	258	257	315	84	222	134	307	74	260	109	242	212	302	159	194	203	205	297	60	281	24	238	89	100
287	213	30	259	204	208	113	9	73	316	221	26	71	220	248	273	8	65	243	133	29	82	32	247	94	326	162	181	284	309	304	301	11	278	257	109	101	103	277	68	37	102	262	250	8	128	98	24	108	125
287	193	108	303	183	149	143	277	216	202	7	59	26	4	253	286	114	295	221	24	172	101	71	75	29	160	237	242	89	209	138	31	156	158	329	186	79	213	87	281	18	134	20	94	97	179	16	170	11	326
283	166	272	17	235	263	56	195	152	3	117	2	48	293	119	308	198	177	315	136	69	112	93	99	197	27	133	262	266	42	252	225	227	330	41	150	219	248	217	109	74	65	284	125	157	185	201	176	19	168
23	290	322	92	124	139	43	245	25	282	145	6	142	30	264	37	251	76	210	302	296	182	1	60	80	118	199	50	273	261	28	66	163	233	228	45	70	311	194	207	72	300	271	38	51	275	148	107	73	44
86	34	232	250	318	332	162	276	122	96	231	226	291	260	312	212	285	165	241	256	0	82	181	13	309	298	169	121	236	98	102	258	222	270	95	321	171	32	137	120	280	325	307	46	328	187	310	259	243	58
83	230	5	178	36	146	174	203	55	88	61	47	21	49	189	85	64	305	155	331	153	254	215	292	265	161	40	116	35	317	288	244	316	327	279	77	320	10	53	131	196	159	255	67	9	62	188	246	191	39
57	200	269	180	220	173	314	190	123	33	84	278	141	184	22	240	8	234	113	54	115	247	249	12	140	175	151	127	206	110	100	304	147	301	144	111	106	104	208	204	164	323	105	274	214	192	90	268	52	294
239	103	63	319	223	14	132	129	313	224	135	205	324	289	218	68	167	15	78	297	267	306	91	257	81	211	154	128	238	130	229	126	299	262	78	289	15	79	320	153	128	66	136	266	258	103	301	32	111	158
220	259	101	64	89	297	119	128	22	327	243	289	186	326	224	237	189	15	318	216	174	93	184	218	139	52	20	317	279	328	109	136	329	238	84	304	280	240	100	131	151	179	36	274	271	49	205	316	269	135
40	77	74	37	298	141	158	19	105	148	283	188	278	16	197	133	295	53	137	147	85	132	306	301	208	114	108	172	99	324	176	81	116	272	76	194	115	91	264	140	221	266	268	222	270	1	60	146	78	285
4	54	123	46	292	286	294	138	129	122	321	198	267	315	144	32	163	47	332	193	258	159	168	30	110	313	211	25	113	154	167	41	300	241	86	207	23	182	296	273	180	42	235	185	245	66	69	160	171	98
308	250	24	330	170	87	310	102	242	226	196	149	325	287	55	155	50	58	212	33	14	13	6	303	145	71	3	95	90	260	200	276	190	127	225	309	331	73	150	11	215	254	21	231	34	173	106	161	312	67
7	157	82	44	256	305	153	94	206	39	92	183	130	51	201	10	175	323	38	2	311	107	248	12	103	59	239	234	203	169	8	290	199	232	210	166	17	187	291	97	70	209	28	125	299	75	178	255	156	244
261	246	0	35	18	213	181	112	263	253	80	249	68	142	83	134	214	62	288	281	319	219	162	252	251	191	314	143	111	88	282	126	202	195	257	120	223	284	48	236	31	118	307	152	192	233	61	275	230	29
9	26	227	320	72	204	45	124	63	228	265	293	27	262	104	96	117	177	277	79	302	56	43	57	247	164	165	322	121	65	229	5	217	266	183	45	4	102	242	30	119	276	282	78	69	91	189	158	238	260
61	74	146	46	112	53	218	290	291	314	107	71	292	121	3	277	320	265	29	54	40	244	285	88	219	24	129	206	288	126	270	326	322	154	212	246	8	102	269	50	193	70	301	148	124	199	79	282	230	12
31	47	43	275	207	177	42	248	97	234	299	141	99	197	76	106	103	28	128	85	80	169	222	188	67	157	305	181	138	140	120	179	294	57	110	149	278	143	27	184	252	286	194	245	304	9	250	164	332	216
315	147	189	72	295	176	51	15	303	328	16	105	302	241	261	108	133	226	208	312	145	329	263	20	253	185	180	66	272	81	210	224	132	156	90	60	186	256	264	166	298	35	34	23	318	175	134	130	17	259
168	287	209	279	49	273	89	10	174	196	68	187	26	65	115	78	262	93	239	183	198	331	91	150	39	240	238	306	220	109	13	58	323	211	30	139	56	309	171	117	161	310	178	116	330	111	95	215	213	1
22	274	123	86	48	32	182	41	162	151	271	125	268	325	62	127	101	237	311	260	233	201	192	4	190	276	293	283	225	243	33	63	296	137	82	153	87	25	173	18	114	313	223	203	135	165	214	0	96	136
104	228	316	204	36	195	227	163	307	300	319	327	251	77	200	247	324	100	92	44	84	289	229	113	235	131	221	160	73	258	284	94	172	7	38	317	69	205	202	158	281	321	75	232	231	83	255	119	19	122
191	266	37	297	280	64	11	14	159	55	45	144	167	59	308	242	249	257	52	21	267	236	5	98	2	170	142	155	118	254	152	217	6	42	155	323	22	46	194	260	325	14	88	165	104	227	265	101	238	38
277	205	253	189	103	255	15	315	307	22	331	280	125	30	184	48	2	161	273	302	300	88	21	329	274	263	174	319	155	143	24	9	262	283	324	54	69	251	310	51	294	244	159	147	209	58	287	0	224	220
328	33	101	285	124	62	216	316	160	151	78	63	140	3	115	47	31	27	279	96	129	171	259	72	153	228	38	291	93	19	4	128	84	132	122	234	236	81	82	265	278	6	150	286	248	239	80	211	120	202
118	60	212	141	166	114	146	260	185	254	305	59	116	56	108	210	46	5	318	156	119	204	52	157	266	106	100	208	198	11	8	65	181	250	206	86	37	99	53	240	227	264	317	243	270	105	107	20	320	249
98	71	154	64	95	217	92	102	192	18	229	306	1	61	195	194	200	304	85	247	123	188	74	70	187	322	295	258	138	87	245	193	215	256	180	17	57	282	39	162	149	167	268	196	35	163	308	49	199	214
23	221	139	179	269	89	197	73	137	182	117	91	67	130	213	237	173	26	290	41	272	326	104	79	77	226	314	231	275	289	207	298	313	148	177	164	29	312	223	12	34	246	43	292	170	97	303	218	293	183
42	90	45	144	110	230	50	10	321	176	257	135	55	233	225	267	252	83	168	13	44	28	309	169	241	121	238	145	152	113	68	332	191	7	16	158	219	136	36	112	222	133	32	14	284	40	186	190	172	242
94	281	323	134	127	111	299	301	25	271	327	175	76	276	232	201	203	66	235	330	142	325	165	109	296	288	131	126	311	261	297	75	178	274	108	53	242	174	133	45	63	195	310	181	306	213	137	289	305	75
52	289	158	308	125	287	101	9	203	148	299	141	297	323	151	17	227	36	322	269	232	328	198	12	187	126	177	109	304	190	103	219	75	188	56	254	66	285	327	314	279	174	325	223	259	281	186	329	99	278
267	49	301	191	313	196	263	118	310	73	121	7	100	11	224	26	243	50	228	207	180	266	33	176	161	272	30	312	42	150	173	32	86	51	249	19	27	262	63	200	251	41	46	300	111	295	43	112	4	293
240	153	64	142	123	48	238	58	189	28	102	166	253	90	302	170	31	194	143	230	165	268	192	114	94	276	145	62	21	67	55	40	60	132	81	59	8	303	234	195	15	216	16	25	98	204	22	95	317	122
115	88	201	93	199	231	54	76	181	265	184	14	245	159	119	171	233	13	134	270	294	39	255	106	257	105	205	29	107	309	69	131	218	290	57	332	273	320	222	258	18	74	264	144	208	35	244	146	237	288
239	214	221	10	217	242	6	2	38	275	298	210	133	284	271	306	137	164	80	324	77	250	183	305	296	84	215	78	315	130	225	127	260	182	92	135	124	44	220	89	226	318	211	172	149	331	241	61	83	72
206	212	120	178	179	116	136	213	277	138	155	167	152	71	108	140	307	65	292	68	311	0	169	147	282	274	160	85	168	53	97	117	175	91	1	154	157	209	163	87	248	286	70	229	82	261	202	185	3	291
280	110	319	330	20	37	113	23	321	252	104	246	235	5	129	96	156	236	256	193	197	128	34	247	326	45	47	24	316	283	79	162	139	207	42	196	208	245	247	74	30	237	3	2	65	103	327	58	292	117
317	9	216	307	21	158	30	310	178	219	165	205	137	316	17	234	176	131	202	182	212	251	75	24	255	250	77	162	120	169	113	92	82	252	151	301	106	319	6	79	81	259	254	271	256	146	125	253	194	0
160	2	315	142	119	84	245	58	235	204	28	292	39	143	227	8	123	130	313	124	295	215	189	323	85	108	331	97	214	71	122	20	136	201	32	282	196	296	289	192	60	64	103	268	168	275	262	1	304	263
321	95	314	129	177	72	149	294	80	50	213	23	220	302	67	38	299	157	195	167	12	267	109	242	286	145	291	46	115	132	156	70	29	217	232	188	7	248	83	173	297	31	240	200	22	326	128	270	33	272
183	164	239	238	269	277	27	236	96	191	154	261	34	280	140	45	133	231	170	221	320	324	93	185	161	332	63	116	121	37	228	147	197	159	244	278	14	66	90	186	172	179	190	300	11	40	16	247	288	35
100	56	246	308	126	49	68	88	118	86	309	127	111	229	141	15	303	257	102	43	69	260	285	284	233	210	155	65	171	47	110	276	135	230	42	55	325	181	279	222	144	175	51	57	117	322	5	207	174	10
266	36	187	107	78	152	134	91	112	218	274	241	249	41	327	52	258	224	53	293	94	306	4	26	3	225	328	199	114	203	139	208	89	98	61	59	198	148	104	311	243	74	290	287	101	44	105	209	318	312
206	166	163	54	25	153	193	76	13	73	237	138	19	226	48	223	184	330	62	281	305	329	150	265	264	99	87	180	273	283	211	18	298	70	252	267	118	35	32	82	116	54	226	150	36	22	51	231	332	305
37	194	113	176	39	223	151	14	269	230	107	310	101	309	253	69	235	171	287	221	159	142	155	77	58	279	89	321	207	45	182	66	27	166	5	328	149	249	144	240	114	67	116	74	179	222	234	65	251	199
242	44	303	51	294	331	13	33	18	133	7	280	110	163	252	85	276	154	201	117	299	152	54	98	263	216	35	20	282	205	297	325	227	84	256	317	177	277	57	206	59	169	47	10	248	232	111	301	140	29
306	196	68	43	40	271	180	175	46	91	295	12	319	262	31	106	162	289	129	228	168	173	218	48	16	291	264	327	108	118	170	70	124	198	178	229	272	311	75	224	211	304	3	285	115	134	109	24	88	243
41	141	131	125	316	202	93	156	17	236	30	145	290	312	132	79	137	292	300	257	130	49	157	186	193	50	191	189	55	246	28	326	121	172	167	238	76	22	102	329	105	135	204	8	0	123	208	153	259	307
