0,1
91	375	301	100	435	99	317	174	311	199	146	319	126	129	446	65	334	444	191	332	366	260	416	88	24	78	276	119	190	443	262	131	359	102	430	43	116	236	471	315	47	7	253	231	164	387	309	456	247	147
240	6	401	463	278	252	403	287	449	358	154	330	107	161	193	299	1	426	61	10	385	194	307	188	50	372	34	142	419	130	329	404	218	217	354	68	312	228	462	414	26	152	212	410	192	304	111	184	173	245
72	208	242	70	167	341	333	114	151	80	163	412	415	172	469	295	302	81	56	282	37	66	324	223	327	316	12	98	97	447	84	365	101	428	390	423	155	76	149	361	175	113	279	434	52	27	266	64	109	323
110	38	105	318	238	75	388	183	121	230	226	69	160	418	207	351	280	181	57	87	170	405	345	211	92	249	29	277	391	17	308	2	59	63	25	331	346	347	431	402	20	269	187	270	166	377	454	124	195	303
241	293	281	326	288	296	36	138	227	460	214	222	210	442	343	380	355	219	120	35	261	383	19	294	132	202	257	189	198	108	5	148	367	349	325	157	421	300	204	336	389	104	425	58	60	176	197	21	400	106
305	139	225	127	49	298	339	445	459	251	264	335	457	117	274	0	291	55	386	297	450	83	275	205	399	411	186	86	46	314	162	465	398	436	429	258	137	357	432	196	180	9	259	32	381	263	472	103	39	28
215	397	169	440	310	206	153	467	30	255	213	136	396	368	168	461	229	224	171	328	267	115	370	48	422	384	376	82	95	67	322	96	22	254	244	373	159	362	144	209	433	378	90	41	233	337	350	437	53	178
273	439	374	51	14	379	338	340	272	285	3	23	128	165	201	45	464	353	235	427	237	42	232	392	79	185	448	220	268	112	11	150	234	85	246	134	143	394	271	360	290	182	364	306	458	408	438	4	133	44
352	250	289	284	203	135	145	417	451	71	118	424	470	393	216	74	466	453	248	94	407	406	441	93	18	283	292	313	31	321	140	89	158	286	342	348	141	382	409	243	13	77	452	179	177	455	200	33	62	122
363	344	54	395	239	356	16	371	420	40	256	73	8	468	413	221	156	123	369	320	15	125	265	305	194	442	438	321	353	192	331	410	218	17	70	179	121	193	384	154	441	25	418	61	251	129	168	304	374	22
7	31	235	410	246	306	70	212	126	467	175	162	86	382	373	95	305	398	328	418	278	131	17	145	327	65	283	258	342	27	168	119	190	468	441	123	387	220	321	217	218	304	117	432	96	245	109	77	371	56
74	214	16	148	291	228	125	99	45	339	390	102	316	222	384	301	234	87	357	422	233	81	62	271	303	53	120	195	368	472	275	366	266	310	185	350	439	375	463	260	71	58	89	150	460	285	436	406	35	454
458	459	401	389	115	424	370	315	353	143	452	423	399	421	451	189	250	67	209	252	101	48	448	124	79	336	309	412	414	261	94	43	359	462	265	241	19	386	225	198	112	114	181	11	351	223	413	296	5	348
219	75	149	18	93	358	205	203	243	193	21	455	411	159	32	456	33	270	201	153	469	165	127	286	446	118	61	163	431	437	355	267	269	183	0	25	132	39	408	244	10	130	367	302	12	307	78	179	142	103
44	354	202	155	292	341	445	450	72	438	254	332	110	134	435	380	402	263	396	338	311	426	433	154	247	64	457	393	298	216	63	121	323	430	312	54	227	69	284	29	139	171	317	28	188	97	147	68	46	313
405	253	279	191	470	471	319	299	337	242	420	174	273	381	400	47	156	334	208	83	137	60	259	326	104	329	442	100	320	98	288	449	4	343	425	361	318	59	22	333	49	230	274	409	293	14	151	2	362	172
88	1	229	85	66	403	372	383	178	330	80	138	170	157	186	325	251	369	465	404	365	232	210	177	388	36	272	447	207	24	42	133	129	164	3	394	324	200	211	257	192	187	182	461	429	395	466	282	50	194
52	352	417	128	161	308	40	92	166	144	427	20	295	152	237	385	264	167	41	15	55	108	345	107	453	443	173	184	377	38	248	51	364	256	221	392	224	268	197	294	113	26	322	76	116	30	204	356	180	135
160	314	199	215	122	13	136	213	141	363	255	34	106	73	415	236	376	206	176	84	340	238	105	374	6	440	226	347	397	300	277	419	196	346	331	8	378	289	344	90	91	360	428	280	82	9	23	391	434	57
231	287	335	140	416	297	464	169	249	239	158	111	379	444	407	290	276	262	349	281	37	240	146	39	97	8	412	349	239	425	72	318	162	263	78	230	461	33	75	208	76	155	423	453	299	413	293	287	41	382
168	332	47	105	3	403	293	25	421	254	352	83	160	139	313	410	438	175	210	165	16	0	178	145	424	92	215	166	412	250	330	117	279	237	190	28	87	233	196	132	392	249	192	385	231	107	91	351	68	169
374	263	156	141	52	419	362	437	434	143	325	340	150	172	129	97	154	386	207	239	454	241	174	264	305	427	228	79	466	161	369	396	361	469	115	297	416	218	451	136	457	49	407	216	80	347	114	96	76	183
95	365	22	298	448	164	236	289	232	223	31	195	449	182	285	442	282	268	191	261	389	316	270	440	27	152	56	395	102	33	13	225	272	338	251	384	366	51	311	70	53	116	324	151	277	123	234	137	62	367
103	426	336	138	328	286	77	381	460	130	422	59	299	98	432	240	341	197	390	147	176	189	398	401	121	388	357	334	55	42	303	48	193	408	153	343	173	425	179	245	58	269	230	18	467	292	214	112	111	75
346	452	86	235	317	337	349	224	17	46	253	267	170	15	45	393	429	400	90	226	342	50	5	199	397	431	63	20	404	185	446	294	377	464	436	329	252	124	211	262	420	140	131	296	119	14	255	110	219	200
295	78	229	163	413	447	375	122	371	387	445	184	350	128	104	372	41	383	280	146	148	453	443	274	106	188	227	465	149	406	257	320	456	418	222	134	312	74	260	288	373	242	212	307	159	194	203	380	302	60
281	24	238	89	100	368	213	444	471	458	208	113	472	73	321	221	430	71	353	248	273	8	65	243	133	29	82	360	455	94	331	162	181	411	309	304	359	11	108	4	345	206	120	310	43	314	399	57	370	378
44	61	356	220	88	204	158	348	439	301	32	201	177	287	93	323	339	470	363	69	291	23	276	109	19	414	39	209	318	157	205	125	135	417	364	333	21	6	36	167	202	198	256	187	247	246	81	1	290	217
144	275	278	66	391	266	258	382	283	118	35	284	354	379	186	259	306	319	468	37	40	433	85	441	171	34	180	7	300	64	26	409	376	450	462	126	72	402	54	99	435	67	2	244	30	358	155	12	142	423
322	344	405	271	326	394	84	459	463	308	127	428	101	355	335	10	327	38	461	265	315	415	9	385	2	120	188	212	418	300	351	307	376	34	315	398	109	293	53	456	196	228	24	321	116	435	193	88	311	319
470	358	295	411	351	124	290	56	307	140	3	449	421	263	255	121	272	401	104	427	361	469	217	79	198	97	126	138	360	87	441	387	91	14	439	128	43	445	461	252	395	275	240	25	383	58	127	216	277	280
222	244	344	5	389	139	404	112	385	437	77	27	1	382	193	456	471	143	18	54	72	215	88	376	99	386	253	224	225	339	130	13	118	289	106	350	365	157	331	17	278	235	172	113	179	84	367	46	178	101
349	258	432	129	154	23	234	348	199	197	65	214	74	176	453	173	150	122	374	80	32	117	37	442	159	408	466	239	435	284	207	68	320	372	223	397	108	342	400	454	41	105	315	282	444	370	276	29	357	420
9	458	468	181	440	219	164	355	160	195	375	167	259	460	410	229	379	380	49	115	52	94	406	291	285	133	7	10	438	337	141	188	368	436	412	417	227	83	260	33	465	286	304	457	114	299	381	300	237	187
185	464	341	62	132	20	396	359	446	145	119	362	335	142	221	96	76	323	402	63	364	309	261	264	236	47	388	26	0	170	325	59	6	345	61	294	443	333	326	302	12	67	75	274	202	292	262	297	40	24
116	42	313	424	266	254	462	392	242	279	451	418	251	459	98	433	245	250	241	166	36	228	246	205	211	60	434	184	403	267	152	310	71	209	220	148	230	190	203	16	50	393	153	287	472	316	158	213	338	4
175	413	249	399	125	78	109	174	273	31	156	8	346	64	327	177	146	163	212	343	371	19	144	192	305	11	409	39	319	390	312	288	149	416	450	204	2	48	429	405	363	324	69	373	218	369	311	210	103	283
394	89	398	322	136	298	414	426	15	271	314	93	422	186	95	303	270	330	321	391	353	162	356	55	147	151	243	347	92	180	171	318	281	430	425	134	201	30	22	293	332	317	248	90	85	257	336	306	268	45
419	231	423	28	66	448	384	35	301	70	200	431	53	366	182	328	131	161	232	137	38	51	226	196	208	463	168	73	455	191	107	329	44	86	34	452	247	57	334	120	447	407	378	352	183	265	296	100	340	428
189	81	21	111	165	415	155	194	256	82	123	269	135	308	206	169	238	377	110	233	467	354	102	260	139	199	218	358	279	36	268	222	20	303	425	308	64	269	241	147	270	93	281	119	215	377	420	114	108	300
116	192	310	454	374	333	254	246	255	346	380	268	232	97	213	26	264	409	323	402	405	81	121	281	88	135	309	147	50	114	237	412	56	339	245	108	363	428	430	433	391	146	39	17	80	370	304	411	285	381
429	224	276	365	343	22	48	203	180	403	329	54	340	357	286	390	358	42	457	342	456	414	143	289	159	4	327	344	91	398	468	238	251	228	165	93	141	134	18	195	240	185	150	469	263	446	239	36	67	354
471	337	120	319	23	202	395	227	335	283	82	31	266	400	169	100	92	461	85	109	63	423	440	294	30	366	3	352	113	375	244	73	273	127	158	311	334	7	437	376	69	226	75	83	436	119	308	415	467	278
220	41	330	260	64	179	306	427	45	361	206	164	444	338	219	188	326	133	465	132	11	235	106	463	420	98	252	148	243	442	458	351	142	350	155	137	452	447	341	214	462	205	6	394	194	320	297	371	277	183
275	284	234	201	271	270	248	168	407	96	367	253	397	128	217	345	1	152	250	52	257	236	316	385	139	336	25	110	9	300	418	419	280	43	301	103	10	325	102	181	191	386	272	174	95	46	70	377	298	267
387	175	303	279	20	331	13	37	355	166	408	360	199	0	78	426	47	160	410	35	432	472	112	176	399	406	225	53	123	29	178	261	111	438	313	291	34	372	122	247	90	242	170	138	84	422	189	149	59	299
262	393	212	2	162	404	287	295	19	12	315	222	115	322	104	126	293	392	349	259	197	416	157	443	62	105	21	324	362	364	302	136	153	321	94	258	459	156	401	388	347	421	204	274	424	451	49	71	72	288
450	76	417	172	208	348	413	218	99	448	435	144	200	256	28	453	290	57	241	431	445	186	14	131	65	44	173	373	8	353	439	282	470	328	233	455	317	151	207	33	314	184	379	27	51	77	384	24	359	464
60	216	193	32	269	215	229	223	74	79	312	296	161	378	171	318	211	101	145	198	5	107	163	129	383	118	221	55	230	369	177	58	382	66	182	130	154	38	61	89	231	368	466	68	87	40	356	425	125	86
196	396	190	140	15	460	16	209	441	210	124	449	249	307	332	167	292	265	389	117	434	305	187	461	432	464	133	248	302	411	54	126	101	261	372	249	335	439	74	36	280	306	136	127	322	135	307	368	246	222
192	368	208	286	442	256	80	243	156	199	258	64	51	96	467	88	163	346	183	48	115	124	21	160	166	200	357	150	374	321	444	403	91	470	129	114	29	15	291	18	251	213	382	57	363	330	205	146	143	302
359	342	141	210	202	116	254	30	411	293	248	298	349	6	87	19	347	54	336	245	354	376	229	47	458	118	122	162	70	266	153	272	33	24	466	318	468	43	436	305	270	231	149	159	351	429	84	63	215	216
185	197	22	9	110	196	378	58	443	399	300	97	128	447	154	446	345	46	413	17	151	410	204	101	283	371	198	171	465	259	93	72	247	2	20	161	387	103	78	343	181	73	294	211	457	320	375	260	12	456
449	420	237	337	27	123	82	253	120	0	184	60	62	364	316	170	313	395	414	3	463	315	262	335	125	31	155	394	132	139	277	392	263	38	275	431	404	147	437	4	380	193	472	52	100	164	157	81	416	427
267	360	358	264	265	373	448	462	369	323	274	214	434	340	367	361	59	396	319	119	56	108	224	174	5	287	250	355	180	327	45	106	228	246	366	452	140	177	8	65	408	295	386	49	86	37	99	53	239	34
289	278	317	148	417	455	356	105	107	423	167	95	384	227	236	249	26	92	102	218	370	425	1	61	454	312	104	39	469	309	426	187	138	255	328	209	339	273	418	220	464	35	400	206	279	217	244	179	269	89
471	182	117	379	234	67	130	326	240	173	221	362	398	421	391	432	338	79	77	223	324	441	383	207	461	285	412	268	290	407	419	424	402	390	42	90	406	144	230	50	10	381	331	459	176	257	280	135	55	233
225	353	252	83	168	13	44	28	333	409	169	241	282	304	341	121	238	145	152	445	310	68	440	388	191	7	16	158	344	219	451	36	303	112	222	372	334	133	350	32	14	284	40	186	393	190	314	172	242	94
281	428	134	127	111	299	301	332	25	271	433	175	76	460	232	201	203	66	235	405	385	438	415	142	430	322	165	329	109	296	288	422	131	126	311	389	348	450	297	75	178	365	194	401	325	113	189	71	188	377
453	136	11	261	23	435	226	41	85	307	276	397	195	69	292	439	98	212	306	74	352	137	308	330	172	189	90	332	316	133	32	99	301	43	76	56	114	253	26	123	295	49	119	118	257	395	221	432	220	378
285	213	356	146	203	133	103	101	42	185	55	349	446	30	382	99	43	362	129	46	365	256	269	262	143	219	334	440	370	80	51	366	316	84	65	166	463	433	387	102	388	277	243	9	282	149	74	401	62	354
7	456	198	422	23	63	246	96	108	413	325	117	154	402	468	121	278	378	68	122	396	453	136	72	147	193	58	34	142	436	85	266	268	432	145	442	377	70	56	319	420	231	419	210	176	91	341	29	224	457
312	321	16	358	191	181	202	300	375	318	257	258	199	455	252	22	409	245	390	50	254	347	350	308	444	78	280	298	459	8	95	175	156	64	373	24	4	428	235	411	323	205	86	135	371	417	36	120	320	303
294	381	438	281	263	458	60	127	369	368	421	28	100	160	329	272	234	196	73	137	450	222	126	139	169	342	244	265	232	208	441	297	94	335	144	317	179	328	290	284	211	113	207	88	47	37	392	10	348	404
52	106	249	361	204	445	164	352	182	470	339	412	452	384	105	15	383	67	255	118	296	472	273	379	201	292	25	271	240	209	418	239	333	301	293	98	168	228	21	314	393	53	92	115	429	295	466	150	140	423
331	165	157	250	299	212	287	83	214	44	192	304	330	89	309	462	76	389	104	190	162	406	449	82	394	247	286	414	291	380	12	180	39	48	276	66	172	233	57	148	138	59	49	302	251	327	454	111	20	110
400	431	61	220	130	163	343	178	54	221	267	13	5	425	45	399	93	217	439	187	355	132	225	372	197	464	114	218	177	87	38	253	18	274	408	26	261	184	415	310	385	416	238	11	424	167	403	311	215	313
248	75	206	451	128	322	189	6	119	337	467	195	226	332	81	437	33	340	131	71	174	31	471	124	363	17	435	305	289	443	194	109	236	40	338	116	465	405	353	288	35	279	360	346	223	364	79	152	374	107
426	14	1	230	376	112	357	173	141	461	90	241	326	270	434	275	151	153	324	259	386	391	460	395	134	448	410	159	306	97	123	216	171	2	69	407	161	3	398	264	158	315	170	283	77	351	125	32	344	27
307	200	19	155	0	367	447	345	237	359	188	41	430	469	336	242	397	227	427	186	260	183	229	146	109	185	337	395	125	95	227	136	46	309	106	235	398	376	356	77	175	405	322	271	301	129	331	42	21	64
57	415	5	237	51	162	407	239	224	445	292	251	331	402	18	388	353	223	233	45	371	20	288	311	196	118	231	166	214	312	252	145	332	443	69	294	278	386	299	194	360	107	235	47	340	43	422	335	447	46
356	375	12	462	35	134	31	204	401	110	187	54	209	344	429	66	236	450	234	179	10	426	391	133	244	434	165	16	75	279	113	67	419	98	341	350	228	408	202	383	373	24	372	176	387	423	310	3	152	358
132	108	273	421	89	435	84	257	17	225	414	308	392	48	394	410	420	286	363	222	352	185	367	49	405	211	440	182	50	230	362	156	232	268	121	433	76	22	451	271	105	135	149	8	368	470	318	260	314	428
171	53	276	255	384	206	188	446	246	103	437	266	150	21	96	326	216	263	4	430	212	189	463	297	305	11	56	63	306	200	320	193	361	400	245	396	218	465	330	95	85	342	99	436	64	315	240	190	97	172
122	42	454	382	378	349	287	120	262	32	83	136	71	203	19	359	94	284	82	456	174	15	52	164	285	170	347	329	250	27	139	300	28	175	269	448	184	442	441	128	381	364	337	317	90	68	444	241	298	9
36	23	397	104	79	453	112	215	265	336	210	316	293	291	197	183	195	374	376	339	158	78	355	100	213	385	167	141	452	180	323	7	125	137	92	161	129	138	399	296	460	148	253	247	438	191	346	186	14	154
459	205	73	29	319	307	201	290	418	157	261	111	44	59	220	295	275	282	249	81	87	198	2	449	357	377	272	77	70	409	62	173	115	380	116	439	86	338	126	458	256	324	325	142	390	219	0	130	343	106
181	146	333	144	13	302	229	177	93	30	151	208	389	74	143	393	88	309	289	169	322	425	366	267	427	431	455	416	117	432	39	264	147	283	1	72	33	41	37	55	274	424	168	217	238	226	61	159	351	243
398	178	281	26	464	303	334	101	163	404	301	242	406	102	221	471	461	38	114	153	258	192	40	468	270	207	328	403	127	369	119	227	259	199	395	109	321	6	58	91	277	345	65	248	472	131	370	457	417	155
327	413	469	411	160	467	254	280	80	313	60	34	124	365	466	348	379	25	354	140	123	412	304	331	442	137	47	65	261	56	418	230	232	8	36	301	422	304	307	197	124	133	287	380	407	183	324	443	11	32
363	126	87	414	12	171	458	77	391	128	74	244	278	402	63	420	455	323	320	66	295	258	211	17	21	76	340	97	89	431	396	336	401	111	348	161	392	444	116	394	120	364	238	373	206	166	65	296	449	40
69	404	186	19	91	267	383	159	190	25	349	387	289	227	236	246	232	90	202	180	49	299	50	242	293	162	361	235	317	378	27	255	51	173	37	183	350	71	9	18	362	385	346	343	376	470	276	212	174	107
217	269	54	223	194	147	261	220	139	191	4	432	185	81	400	372	70	60	437	451	301	22	32	229	92	233	141	365	334	265	322	184	430	61	176	469	270	467	58	67	168	196	382	406	151	282	143	150	442	243
130	131	239	327	268	330	331	386	253	304	329	193	138	389	132	157	98	3	234	47	254	286	181	416	328	468	62	335	310	59	256	303	145	379	80	16	274	142	200	245	83	325	237	109	78	321	199	454	403	84
381	101	192	438	106	368	219	412	413	11	125	407	450	388	421	424	105	377	290	14	148	44	415	418	144	172	471	440	309	93	75	167	228	169	434	204	318	55	409	266	215	20	275	341	123	72	208	399	5	464
88	352	307	429	302	201	398	56	82	218	112	1	146	344	39	95	410	461	127	287	231	324	175	354	260	452	375	42	397	338	134	457	411	79	152	154	41	213	163	29	247	108	441	447	264	86	113	271	165	369
35	297	43	280	160	137	248	64	121	466	8	472	342	367	285	24	283	96	13	462	251	262	306	164	313	259	405	203	445	249	149	353	133	273	182	380	48	31	408	68	459	114	272	371	73	36	428	222	316	240
355	2	393	30	435	284	351	446	115	443	155	326	300	453	216	187	210	370	179	279	221	45	433	209	426	0	448	425	308	52	15	33	463	314	7	136	28	358	277	26	319	119	135	158	332	188	263	195	339	85
118	94	356	422	288	257	110	46	38	281	366	156	205	292	347	189	465	207	384	53	390	294	250	99	10	140	374	345	153	419	395	333	427	311	129	298	23	291	360	214	100	102	305	117	34	124	312	57	417	122
198	170	315	460	104	230	357	439	456	197	241	436	359	423	225	337	6	252	178	224	177	103	226	239	108	272	181	314	449	156	276	56	234	63	470	268	236	191	403	313	53	216	17	121	465	397	71	18	264	354
127	207	41	309	44	432	129	78	130	452	435	377	337	281	366	77	341	253	311	98	291	100	355	62	214	393	108	338	61	453	335	104	238	245	209	166	428	289	411	286	382	326	3	331	136	15	376	53	324	254
117	18	287	304	212	352	125	451	29	276	406	138	416	188	319	173	157	191	81	364	423	55	7	208	259	141	27	222	144	202	193	74	24	448	70	379	110	190	148	72	295	417	317	93	30	458	336	282	185	410
440	359	165	88	26	97	134	270	16	5	80	256	275	463	186	128	434	444	241	357	293	176	369	114	316	66	318	143	345	111	152	90	263	267	464	119	373	285	433	235	390	248	457	346	68	466	397	120	20	322
268	37	124	213	175	462	288	262	273	252	76	73	39	329	292	284	156	445	180	356	28	436	467	389	1	177	233	45	38	200	298	85	396	174	12	469	460	179	446	388	230	132	427	219	155	51	342	375	11	302
344	109	31	195	83	205	14	401	198	394	419	280	221	32	300	215	149	67	206	168	301	340	272	370	102	258	229	472	362	171	79	429	274	145	425	392	380	204	223	56	244	269	58	431	240	246	199	228	315	225
86	43	264	243	217	151	154	333	277	236	349	307	439	471	459	306	201	278	242	237	325	299	294	48	343	290	107	118	308	192	330	255	266	82	363	438	365	40	415	328	403	137	25	226	167	320	106	63	123	105
398	437	361	271	112	33	231	360	408	414	8	89	178	87	35	332	456	158	413	54	313	153	260	247	261	224	135	399	203	358	189	232	386	57	250	160	121	95	404	94	251	450	468	211	430	22	297	418	339	184
350	92	9	409	305	113	4	234	303	71	447	426	122	239	46	367	50	10	115	23	21	131	327	257	139	421	216	249	163	265	384	69	470	116	159	279	323	461	84	170	220	454	402	42	347	296	283	455	310	381
162	6	2	91	351	334	194	96	420	147	181	321	172	126	17	353	64	140	405	47	372	196	312	19	187	449	354	368	75	182	391	400	443	407	378	103	395	422	150	101	60	210	387	371	49	374	133	13	52	314
465	59	0	34	65	146	99	161	385	197	348	442	227	218	164	441	142	169	383	424	412	36	183	160	245	170	271	226	113	214	257	20	395	439	267	325	30	422	470	469	383	408	242	40	458	100	95	178	436	348
368	28	226	358	320	224	98	84	352	37	4	369	87	152	23	269	133	80	128	215	303	140	396	293	170	471	103	434	26	324	439	166	400	209	219	363	349	451	179	448	157	355	36	9	325	217	317	296	394	143
176	297	259	379	177	339	253	429	201	136	255	66	164	360	193	200	263	64	146	51	173	107	274	210	267	181	35	195	305	467	108	59	423	221	315	277	330	309	438	53	420	19	106	243	372	69	391	417	33	198
155	433	89	10	233	432	65	456	455	56	466	79	131	142	185	399	426	174	138	55	454	431	153	132	129	139	178	446	310	424	376	25	441	347	101	232	134	86	393	281	468	266	319	447	114	311	341	189	459	304
202	265	338	356	74	397	123	430	42	39	211	125	442	453	137	270	257	332	60	286	411	261	187	398	389	236	212	75	469	30	127	112	199	192	208	388	365	58	409	225	149	78	284	2	470	287	109	7	343	117
351	180	186	67	414	435	121	95	412	77	82	165	172	268	364	301	443	48	290	333	405	213	306	457	124	427	276	312	308	220	144	197	416	183	216	94	382	354	381	252	1	231	254	295	70	126	279	119	15	194
370	115	11	156	463	207	282	100	294	90	12	154	403	182	50	344	377	318	464	273	472	275	52	234	328	8	422	461	313	104	242	380	145	206	436	248	251	314	171	378	150	384	20	407	105	299	367	41	13	161
