1,0,1,1
58	63	35	19	59	56	83	105	121	76	205	132	5	55	78	117	70	46	142	1	2	102	10	193	49	6	39	130	20	134	103	87	75	180	60	148	199	69	201	168	167	172	181	52	99	98	47	175	182	111
147	161	155	197	7	26	192	160	61	110	206	68	116	24	43	144	21	129	114	91	72	163	124	67	66	22	38	203	119	166	106	101	90	131	171	127	41	80	81	32	95	48	25	53	128	17	120	51	14	82
84	191	29	3	23	152	195	37	196	169	194	45	136	97	186	185	109	42	174	146	79	198	165	170	184	143	173	12	112	11	85	154	176	104	34	108	50	138	149	159	4	133	44	96	183	28	135	145	200	187
71	118	162	204	137	74	189	94	151	150	178	93	18	27	36	57	31	65	140	89	158	30	86	92	141	126	153	13	77	188	179	177	190	33	62	122	107	88	54	139	100	16	115	164	40	0	73	8	202	157
156	123	113	64	15	125	9	166	1	147	179	192	160	98	66	53	170	47	187	77	197	43	67	188	4	84	24	95	164	78	158	201	162	22	173	72	111	128	113	8	146	185	6	116	26	110	178	15	97	196
69	27	39	199	66	73	44	79	152	142	49	123	37	110	67	185	30	64	172	13	53	135	194	62	143	35	52	179	97	151	170	192	76	92	145	45	75	33	22	38	161	9	14	112	148	195	186	31	127	176
108	190	24	159	90	157	93	124	105	102	20	16	101	165	55	150	36	51	41	15	140	68	120	17	34	178	138	47	204	32	78	173	18	21	42	48	43	167	7	65	104	133	84	57	200	72	8	54	181	171
106	100	188	153	87	85	6	202	180	125	29	163	158	168	19	131	132	196	175	0	113	115	86	99	12	1	5	169	26	109	116	128	137	4	95	40	177	201	56	193	2	107	121	70	81	111	182	191	25	77
141	189	130	91	198	94	160	156	118	80	154	88	117	136	187	96	114	147	82	174	89	98	155	166	183	71	83	126	184	122	205	146	103	144	149	197	59	50	3	60	63	134	164	74	46	139	119	162	203	11
206	58	28	129	23	61	10	155	148	13	11	20	43	179	124	115	76	113	97	25	205	27	114	121	195	138	185	44	51	156	86	111	145	139	150	52	204	131	177	164	190	134	70	92	17	68	61	151	47	107
161	65	64	87	66	185	74	180	106	40	143	206	67	11	17	83	63	110	18	155	55	22	138	56	141	156	162	174	172	102	16	109	112	128	81	61	77	173	27	89	194	96	175	113	43	124	39	151	47	188
177	92	4	117	15	196	0	29	2	69	114	5	38	98	26	198	202	107	205	169	136	201	191	131	104	94	85	72	186	171	146	48	190	145	76	13	100	21	193	35	200	49	97	160	164	33	163	108	91	58
44	24	82	9	84	183	80	7	148	50	57	103	31	157	12	120	134	119	125	144	149	139	111	123	60	23	34	127	179	6	167	25	181	192	32	90	36	115	166	133	78	168	95	28	41	204	152	59	153	122
199	150	140	135	165	70	154	79	46	30	75	137	197	88	8	142	189	93	1	184	176	73	147	130	19	182	99	62	10	20	3	37	54	118	116	178	126	187	45	14	129	71	159	53	158	51	86	132	121	101
68	170	52	42	203	195	105	139	165	203	58	142	52	99	53	101	176	50	79	92	96	134	184	5	144	166	102	159	45	183	73	195	17	38	21	132	146	193	94	116	185	32	67	93	161	7	168	55	74	117
145	152	24	40	95	46	105	35	15	146	187	74	70	165	4	44	135	129	12	144	63	77	60	106	180	190	204	172	170	120	3	87	88	66	183	196	182	92	37	160	97	2	14	5	56	61	159	116	185	54
195	130	11	7	30	31	156	90	6	147	26	84	136	192	123	109	153	36	133	100	110	85	131	89	0	101	178	17	149	179	81	93	108	27	34	171	10	173	154	103	125	127	53	16	72	48	117	96	138	86
197	41	64	83	75	162	167	51	102	141	168	113	8	206	193	69	126	78	189	163	45	55	122	166	198	158	104	18	99	65	119	1	57	22	169	143	33	62	52	140	148	29	186	111	73	184	21	39	80	25
200	150	82	112	205	71	58	151	28	20	128	203	107	49	161	157	137	50	118	202	115	164	124	191	139	181	201	175	91	59	114	13	67	98	121	176	199	188	79	32	42	76	23	132	94	177	142	43	9	38
155	47	134	19	194	68	174	145	192	122	176	117	29	104	58	164	80	105	138	25	114	36	140	147	41	39	165	132	168	152	61	47	196	150	102	93	159	166	115	55	48	37	116	131	101	177	10	130	127	119
8	137	198	17	124	49	96	100	41	180	53	83	136	192	160	115	9	72	35	46	30	27	128	63	168	71	132	91	166	66	75	110	80	190	39	149	163	43	114	54	0	47	194	33	188	94	99	119	201	172
133	102	144	55	147	104	69	32	36	67	105	159	68	130	20	76	74	70	85	14	10	170	204	148	89	3	23	42	44	26	78	62	125	126	154	169	7	73	15	81	181	141	167	191	77	13	157	145	16	140
127	176	97	2	142	118	28	59	177	129	84	153	37	206	161	165	155	205	138	107	98	146	120	58	186	82	57	189	1	106	108	48	134	187	179	183	31	109	116	50	162	197	12	22	158	135	184	18	95	25
196	121	200	5	122	193	101	60	88	113	150	178	156	92	52	171	195	199	65	29	174	143	175	117	87	51	103	40	6	61	90	202	93	185	151	56	79	24	21	86	111	173	164	123	139	182	64	11	45	19
131	4	38	203	112	34	152	169	60	206	80	90	176	185	47	74	170	96	51	201	46	129	180	128	103	143	121	112	133	100	139	145	202	148	131	147	38	87	104	156	132	68	55	157	172	178	119	94	159	24
69	127	108	194	28	123	197	47	117	153	21	67	29	76	82	151	205	91	66	79	154	137	7	43	142	103	74	193	37	145	0	191	16	105	182	32	181	165	176	84	96	107	134	35	169	31	52	195	132	116
203	167	8	49	177	26	97	93	170	180	143	33	149	54	114	92	25	13	22	150	81	188	65	101	4	139	51	70	95	168	183	147	57	53	73	174	80	61	171	133	62	162	130	189	10	190	141	27	9	77
56	30	2	85	59	125	98	192	87	175	198	201	68	19	126	173	136	109	129	102	36	83	115	113	121	60	3	202	187	42	89	48	138	206	152	34	179	58	18	38	156	112	111	75	158	199	86	172	71	11
161	164	17	46	160	204	45	64	144	90	166	120	50	5	200	118	63	20	155	159	100	72	94	124	196	40	140	131	119	14	185	110	78	163	157	12	186	55	135	24	122	23	39	6	99	184	44	128	104	41
1	146	148	178	15	88	106	171	88	8	97	17	186	119	116	114	110	27	175	20	60	93	26	118	54	34	30	196	15	187	92	56	128	0	161	16	169	163	111	38	106	176	133	52	28	63	85	94	164	185
38	46	130	7	105	37	117	8	97	122	44	140	196	24	57	60	86	204	99	87	91	166	51	4	150	12	141	123	158	58	111	1	88	16	9	179	178	109	43	170	135	126	25	194	139	129	23	78	68	157
102	90	73	161	22	74	162	182	27	48	103	11	64	120	121	3	180	33	197	181	144	40	41	5	50	106	169	171	108	20	145	13	101	136	100	17	35	63	146	128	26	173	52	175	19	39	203	115	77	59
96	195	110	36	98	125	192	131	81	190	54	187	176	198	89	29	168	159	53	95	72	107	205	132	147	79	85	69	93	148	15	55	134	6	127	138	28	94	143	10	160	133	67	191	84	200	45	156	21	174
75	183	165	189	71	62	155	65	76	185	137	186	42	32	112	119	118	124	14	18	66	193	114	199	56	206	2	83	167	61	184	202	116	177	113	163	151	30	82	47	70	49	80	153	142	0	164	34	104	149
92	188	31	152	201	172	154	48	42	82	162	30	149	161	155	120	96	99	56	124	29	6	108	26	116	16	74	137	24	152	11	202	148	136	158	200	98	76	93	95	169	23	150	66	79	20	17	118	114	146
126	5	121	9	183	51	129	102	205	57	83	33	86	111	174	130	140	26	142	154	143	104	73	81	194	96	176	29	82	166	72	149	41	108	3	124	132	114	179	21	150	113	160	88	120	144	193	156	118	40
0	94	145	187	43	117	178	13	7	77	184	133	206	6	158	36	38	60	34	169	164	54	67	139	79	172	185	135	24	122	71	146	165	20	189	181	153	16	197	195	53	191	182	119	18	201	155	23	200	99
4	167	44	116	110	112	161	168	157	59	123	199	78	138	10	109	75	46	17	31	87	170	202	173	204	177	8	115	141	64	159	148	19	49	11	70	39	63	105	56	32	131	2	48	125	68	101	69	152	98
180	106	175	103	27	192	89	198	203	136	42	127	163	15	58	93	95	47	14	74	65	190	97	162	100	55	147	151	91	92	171	62	25	107	52	134	30	22	37	76	61	90	85	1	188	80	186	50	12	45
137	196	28	66	84	128	35	82	91	30	155	101	127	86	35	50	43	3	15	145	150	58	128	154	93	59	102	56	143	158	177	160	42	97	129	51	64	146	39	89	120	99	14	165	130	88	202	107	66	40