2,0
566	374	181	529	233	497	628	417	64	163	45	191	298	571	456	294	517	271	512	223	228	537	438	447	484	550	43	494	587	161	713	27	351	94	334	593	280	257	492	594	272	157	499	379	646	500	218	671	80	196
311	302	345	698	203	489	558	197	367	299	282	618	190	386	588	39	462	390	12	573	519	533	544	116	52	631	403	57	179	35	473	131	727	590	666	449	411	305	78	260	230	650	188	211	31	553	431	398	152	92
719	433	329	383	623	293	292	242	303	274	378	611	358	273	560	469	7	477	428	686	183	595	235	195	684	596	102	569	370	716	143	575	33	126	703	60	729	586	582	675	333	6	707	261	579	381	176	172	142	237
531	487	610	217	563	22	296	425	153	603	192	173	167	262	285	522	307	222	24	396	389	65	76	304	562	524	16	354	504	322	546	309	69	508	443	97	169	555	714	68	730	514	513	194	96	448	441	34	47	56
175	151	695	240	682	110	21	561	121	278	481	171	220	511	193	621	84	414	105	323	72	510	702	264	577	277	100	341	402	91	435	475	656	387	300	437	601	252	244	634	485	254	259	458	442	479	284	115	445	697
140	1	133	599	662	231	236	109	439	476	664	238	607	450	229	107	253	70	538	335	482	141	680	405	276	118	154	501	88	705	639	136	50	114	486	692	605	295	241	245	457	98	215	407	166	625	663	83	708	349
61	146	384	567	249	59	3	518	419	164	641	139	119	694	210	11	505	266	429	28	129	279	317	10	81	392	509	306	659	108	399	460	418	609	604	626	463	111	491	14	214	327	160	723	26	488	184	372	99	660
581	25	440	444	679	326	578	49	410	336	678	424	681	375	541	343	525	312	159	37	66	205	636	622	226	353	130	289	507	559	301	174	227	547	149	212	101	725	287	620	687	75	332	225	408	147	23	572	113	549
592	308	704	731	177	728	365	155	600	629	38	361	690	669	647	717	170	715	339	452	377	564	617	219	248	325	627	632	138	58	162	2	208	250	642	87	426	478	391	616	548	348	199	106	29	643	556	696	17	30
565	315	63	281	352	721	124	693	467	20	359	187	207	165	612	224	706	415	613	654	451	269	483	104	288	495	318	570	251	539	36	394	648	584	297	19	466	310	635	267	112	536	120	291	532	85	275	685	132	202
400	644	189	198	665	247	5	148	633	178	520	413	145	471	204	638	658	397	316	432	552	362	585	672	127	619	314	423	331	404	474	368	614	42	388	117	493	270	324	0	9	55	576	667	455	677	319	385	724	434
18	568	700	186	86	580	503	46	168	637	221	436	598	720	602	258	137	330	376	454	158	180	521	32	150	263	103	347	551	540	350	516	699	213	465	206	726	542	255	412	328	583	346	427	615	722	421	470	459	373
48	709	506	589	649	82	355	95	446	67	608	534	422	380	201	357	128	144	401	209	286	498	268	90	41	676	337	416	234	366	53	243	79	51	526	651	338	340	515	535	640	557	313	554	232	661	591	185	718	62
480	624	523	597	246	134	655	461	360	290	182	364	673	674	4	645	44	472	468	135	430	657	683	710	71	630	464	688	15	393	216	74	668	712	606	406	701	93	530	283	543	321	652	89	670	342	653	382	409	13
453	77	711	691	689	200	545	574	122	363	344	54	395	239	356	528	371	420	502	40	490	256	73	8	496	156	123	369	320	527	125	265	649	534	713	572	35	298	681	384	328	663	145	263	185	74	724	370	615	564
651	90	295	240	649	174	318	179	286	191	97	212	219	430	401	151	110	270	175	197	499	196	522	545	554	288	76	725	145	365	610	215	561	611	484	366	119	22	452	189	47	505	222	49	359	264	417	575	443	370
673	199	77	386	33	96	136	153	68	600	661	140	114	188	489	18	311	152	80	638	542	416	631	721	566	314	371	327	42	570	556	243	292	711	163	677	412	183	130	63	568	70	216	27	381	272	688	616	392	535
582	105	168	75	604	236	252	506	329	78	294	463	382	530	208	695	291	241	565	250	405	263	306	672	603	224	0	248	104	41	166	652	203	534	182	697	269	477	687	384	128	500	290	342	134	173	621	74	210	111
498	471	578	176	343	207	56	450	617	332	394	536	257	368	486	455	379	302	316	528	194	475	461	313	524	423	333	172	397	293	548	223	627	700	347	17	8	305	496	133	497	361	488	94	195	341	181	28	684	48
465	395	470	331	432	4	374	731	345	364	543	474	297	43	58	680	658	113	602	729	44	531	436	228	507	681	584	593	158	668	298	324	121	32	245	390	177	581	93	287	115	340	403	562	321	550	230	69	555	466
352	20	160	723	19	282	39	209	360	546	664	647	703	358	36	577	202	557	665	648	247	246	640	521	217	144	587	66	363	258	515	35	338	259	37	40	85	299	692	686	180	714	614	26	309	675	72	54	99	67
400	419	30	155	12	142	527	410	383	387	10	629	265	671	46	81	3	637	449	442	162	420	320	55	525	458	351	590	663	518	701	696	25	147	612	551	330	454	424	727	409	322	52	138	260	495	14	380	100	385
232	372	709	375	464	482	117	238	553	388	654	607	717	266	120	683	626	413	89	586	279	339	426	520	493	83	639	624	510	154	334	573	190	127	642	285	434	476	227	504	201	724	576	511	620	11	492	141	480	184
402	428	404	353	592	453	233	532	315	234	84	501	5	451	433	608	150	254	538	591	107	226	249	622	186	715	82	185	519	1	362	255	108	304	239	149	509	24	317	574	31	539	676	116	427	165	50	479	167	229
615	445	148	549	437	237	646	730	344	391	469	588	644	547	95	685	281	467	64	377	625	192	719	261	122	211	669	460	123	101	60	88	369	406	262	728	348	308	572	399	349	448	275	441	169	537	660	29	559	143
307	373	87	716	613	103	296	220	630	61	567	674	213	526	609	596	653	335	277	662	367	656	541	235	636	635	516	459	708	408	628	659	726	569	276	325	641	206	456	421	45	164	129	283	444	336	589	218	159	655
632	415	156	425	170	718	200	198	79	502	139	303	59	706	242	193	560	346	579	512	457	106	483	411	513	102	564	643	253	693	267	440	633	722	214	606	62	396	274	205	221	244	689	698	533	623	407	92	670	204
289	650	422	667	378	356	21	326	699	679	605	634	357	478	468	580	563	398	132	490	91	225	702	278	300	131	354	571	414	393	6	523	161	704	137	540	657	73	98	431	529	337	544	491	435	447	418	135	187	284
2	487	15	312	691	268	429	438	57	598	694	503	86	323	125	256	112	350	710	645	707	9	514	389	720	126	109	446	355	485	494	481	517	13	53	231	34	273	690	601	301	157	171	472	65	328	146	310	599	508
71	473	376	585	619	16	713	178	666	23	583	705	280	712	7	682	51	558	124	251	38	618	597	319	271	594	118	462	552	678	595	439	125	610	521	617	447	659	629	136	158	656	334	389	570	99	176	634	731	172
359	225	240	677	431	691	261	663	369	325	209	358	569	109	4	578	429	20	628	200	17	314	435	398	147	444	355	215	673	565	286	564	346	495	456	105	653	129	553	401	586	137	609	16	157	413	696	133	53	535
335	492	172	64	131	196	427	426	616	226	551	294	726	465	60	179	136	393	501	634	389	550	518	362	340	713	339	76	323	376	380	563	176	470	672	93	531	489	704	330	581	271	491	141	114	475	218	681	317	579
524	598	144	418	601	46	2	410	600	352	536	89	70	686	710	139	221	567	562	336	154	19	476	77	449	127	91	659	180	99	655	288	381	351	692	373	168	193	469	522	582	170	439	727	331	85	84	231	101	283
344	510	199	374	625	390	500	368	1	694	568	122	132	519	123	182	479	140	482	517	299	671	378	32	125	296	641	391	345	642	440	188	402	110	280	699	400	328	548	41	542	361	725	669	584	521	605	357	596	558
42	447	676	416	66	69	711	499	243	668	222	454	701	729	452	478	640	708	268	662	87	354	338	276	646	301	300	504	106	149	591	235	684	332	630	474	155	697	571	467	279	627	14	13	638	207	185	92	585	145
570	3	715	471	313	272	186	238	198	396	73	466	617	661	18	555	679	458	670	702	472	525	604	515	462	505	367	680	419	705	321	51	201	266	556	38	622	683	561	497	103	587	441	169	450	700	494	166	626	187
97	533	246	624	716	0	35	274	488	487	507	318	253	80	306	405	282	68	611	83	650	432	422	62	424	341	307	383	219	162	523	251	292	615	377	143	329	509	316	88	526	126	453	195	257	120	415	513	48	236
31	685	539	451	392	192	455	529	560	693	29	9	26	227	384	437	349	629	327	408	124	690	636	549	293	485	262	104	96	421	177	566	79	484	302	56	43	57	247	446	724	420	322	718	65	430	5	498	15	189
113	25	682	206	580	547	545	709	45	411	728	706	461	333	589	468	537	324	100	183	387	502	657	654	348	343	445	423	75	290	229	433	623	259	544	128	295	72	237	244	675	695	353	121	74	22	164	438	459	245
652	554	364	202	597	530	394	319	173	107	678	30	44	59	130	234	150	58	434	167	511	698	372	82	730	375	606	178	649	385	635	181	559	277	382	27	78	480	213	281	481	717	159	311	665	520	191	12	217	347
417	312	117	216	211	309	527	112	134	111	457	119	197	284	541	473	264	603	115	54	538	406	633	620	386	639	342	512	269	645	233	707	720	28	350	602	263	304	723	618	118	33	138	428	223	23	403	249	239	577
552	160	37	632	688	21	175	95	651	395	610	448	365	108	573	667	483	297	486	425	71	171	34	631	285	49	165	265	660	224	337	220	356	63	592	477	436	210	619	204	151	190	613	612	52	599	305	371	308	94
184	719	404	506	7	10	289	228	208	664	275	142	161	595	593	496	194	648	712	260	252	443	258	214	574	388	532	514	256	414	278	608	588	503	575	490	607	721	644	647	241	47	534	11	6	61	102	67	643	24
508	255	409	656	40	116	298	666	464	254	135	248	242	731	81	232	320	594	98	86	363	366	397	379	250	291	326	36	205	572	546	463	412	442	310	540	407	267	152	722	583	303	148	230	460	203	528	50	90	153
287	360	614	658	158	703	516	687	714	334	493	270	370	315	399	557	637	590	621	174	273	543	156	8	576	39	689	146	163	212	55	674	248	690	537	212	340	686	427	687	120	571	149	347	638	376	268	103	133	609
330	571	216	704	651	399	38	412	639	349	6	441	356	357	63	714	265	597	369	623	22	125	180	513	124	155	272	149	146	367	485	587	588	694	277	316	472	722	286	287	682	447	458	674	664	21	175	185	609	574
563	3	546	64	129	632	396	65	300	177	550	544	573	410	684	278	298	377	413	140	4	128	214	309	30	537	54	497	407	582	492	656	499	579	51	681	666	508	660	418	529	253	197	159	184	456	713	157	364	598
321	525	669	728	470	676	450	558	596	668	205	489	688	85	17	116	88	143	153	263	198	96	127	118	250	448	379	203	646	346	564	29	15	567	589	478	593	228	156	87	617	193	170	603	283	302	391	43	147	655
315	141	293	266	515	516	715	376	398	34	712	70	421	154	246	355	628	569	405	419	490	97	696	509	189	602	720	371	254	462	533	487	718	106	294	477	210	644	532	81	150	9	427	380	58	570	115	213	705	245
365	615	122	46	354	551	289	162	101	160	196	622	335	75	488	599	72	166	325	2	20	710	521	103	78	406	181	624	679	270	482	552	337	495	318	636	633	251	414	658	640	204	195	430	637	647	123	82	554	479
443	120	229	652	0	390	381	342	575	461	267	580	592	378	502	709	459	611	654	308	677	31	202	139	362	514	200	630	643	500	620	600	608	260	528	319	52	100	164	211	678	662	438	730	457	382	339	424	358	483
370	446	368	665	119	108	5	174	548	248	463	247	395	663	45	324	8	638	264	25	556	392	591	37	99	53	604	431	363	148	680	451	468	105	107	276	142	559	167	327	95	562	227	607	320	249	26	672	707	218
645	469	274	673	433	1	61	291	23	687	729	104	648	586	408	326	534	296	187	555	138	343	255	436	383	547	209	445	273	612	235	584	220	530	35	281	305	650	386	206	279	217	387	244	179	269	89	549	561	182
117	526	347	692	67	130	653	240	173	221	476	657	417	531	284	131	444	360	79	77	621	425	481	506	207	518	486	420	675	527	268	290	437	614	288	426	353	134	14	42	90	522	144	366	230	50	10	503	701	553
538	434	176	257	726	280	135	401	55	560	233	225	464	252	83	168	449	13	44	409	28	333	524	691	241	693	282	578	698	416	341	121	613	145	152	626	404	113	568	68	543	511	191	411	423	7	484	16	158	605
344	627	136	36	474	723	727	222	372	334	133	350	493	32	40	393	190	314	172	94	536	510	576	332	271	126	641	76	232	201	385	542	415	322	165	667	109	491	422	389	348	494	635	178	194	71	689	671	261	535
566	226	41	616	397	292	439	98	212	306	697	137	507	80	338	432	435	577	310	24	519	453	695	336	373	60	301	18	595	57	601	719	49	323	659	517	74	311	581	163	192	86	69	345	454	304	114	186	256	93
572	642	183	19	711	394	295	619	340	498	703	455	625	238	299	471	307	224	84	236	700	223	465	716	275	313	375	219	161	48	215	400	629	56	504	297	12	442	11	262	731	501	683	467	59	661	171	27	39	541
686	312	452	429	259	702	496	242	132	606	610	359	594	540	384	690	565	329	725	717	317	523	92	649	539	285	243	440	699	708	66	188	151	585	199	234	388	480	33	475	466	169	685	631	706	111	520	352	460	402
721	331	351	110	328	545	231	102	73	505	258	239	62	91	634	47	361	670	618	237	590	473	428	303	512	583	403	112	557	724	208	374	568	268	72	142	62	320	669	103	705	357	564	374	145	454	311	257	133	169
334	595	203	79	707	503	90	593	578	484	120	82	485	219	143	151	176	32	17	369	333	509	575	52	64	245	23	717	390	620	75	84	373	83	480	146	522	36	382	683	170	360	465	576	679	558	7	502	622	9
28	186	144	188	652	248	134	265	614	51	406	126	191	97	261	217	541	145	63	300	318	438	698	340	724	354	649	85	275	562	121	688	125	645	149	587	108	177	29	581	532	302	659	726	100	714	115	128	582	690
105	167	81	421	589	189	436	299	152	294	357	70	154	555	444	216	116	455	277	122	129	386	627	708	410	183	413	693	68	596	165	655	451	583	106	77	570	46	591	500	610	660	577	621	215	66	584	11	173	310
136	464	718	728	636	329	727	195	341	457	650	33	331	602	55	18	351	513	598	731	454	706	222	559	231	615	618	496	163	633	549	635	565	594	705	501	539	534	542	388	187	40	259	452	422	687	127	113	376	569
362	139	312	314	6	276	521	21	320	321	239	535	470	640	223	554	701	71	473	579	347	429	234	433	209	497	252	60	374	124	109	251	567	608	669	642	140	123	378	540	367	462	601	194	725	471	405	24	625	629
175	481	427	208	476	504	512	609	401	235	358	523	104	495	556	414	385	133	0	450	42	205	658	557	711	716	58	670	361	30	142	153	547	439	348	408	242	592	524	489	529	363	387	87	325	552	168	162	326	420
694	304	169	94	715	285	381	164	394	95	573	492	230	722	446	301	280	611	630	380	641	350	12	597	648	703	719	353	426	39	518	628	147	491	214	263	392	185	441	264	417	537	472	96	278	631	623	445	605	107
292	671	137	232	372	344	236	398	131	656	416	560	345	482	692	158	256	291	47	499	330	38	103	546	34	72	448	56	156	604	418	352	339	588	672	545	322	286	2	425	702	86	447	638	332	543	27	553	463	130
336	57	238	487	4	20	262	653	721	271	212	395	713	227	178	92	181	505	270	224	423	661	375	49	475	311	289	258	432	160	150	544	507	700	467	720	313	295	550	563	359	624	8	551	435	536	419	506	428	221
517	399	14	308	309	461	274	1	31	677	199	306	666	135	440	288	229	478	647	456	684	253	520	437	316	192	349	514	632	13	201	266	257	686	297	680	479	682	157	403	328	132	493	110	240	729	101	80	50	590
279	255	197	67	323	667	663	119	528	424	26	268	494	179	488	74	674	371	190	91	572	519	254	246	207	370	342	511	483	233	712	343	458	681	213	260	600	396	664	269	490	204	508	607	37	654	202	45	657	619
409	515	477	93	161	62	319	200	377	510	498	293	171	442	466	449	196	415	117	526	486	228	346	172	267	296	272	585	35	356	568	612	675	561	324	88	118	676	383	111	303	397	527	566	102	43	69	644	643	210
155	65	366	730	391	626	298	355	699	431	307	250	5	174	10	368	548	691	78	603	112	364	218	637	379	241	249	651	41	695	564	460	53	646	606	516	538	3	225	696	114	89	98	61	571	198	148	400	616	678
243	338	586	317	290	287	469	389	613	44	709	685	443	19	673	710	404	166	54	25	665	193	76	315	430	525	73	237	138	531	226	384	48	184	704	574	281	305	411	697	468	662	434	99	599	180	273	283	530	459
247	220	668	16	211	634	474	22	393	617	206	244	407	159	327	639	15	182	337	402	284	453	365	723	533	141	59	689	335	580	282	412	472	92	554	680	570	179	21	601	715	46	578	411	371	536	157	200	416	466
666	697	16	140	71	343	538	438	341	363	272	576	223	180	712	258	537	705	307	358	136	232	454	63	17	260	603	319	235	5	373	104	154	81	407	365	467	619	193	176	372	279	91	166	393	18	517	483	410	168
563	552	53	460	229	578	380	700	397	88	660	40	490	444	694	245	200	507	237	708	545	268	531	725	601	107	692	378	489	583	515	273	2	211	339	575	503	147	116	49	9	523	266	77	409	657	681	128	69	167
599	640	181	254	270	540	418	433	59	183	20	651	76	699	391	615	466	661	561	481	644	12	674	100	612	34	98	374	21	655	624	419	239	347	435	400	189	487	458	492	44	156	501	414	457	96	562	665	604	671
117	635	27	682	269	500	456	190	450	637	143	506	159	516	704	439	278	139	87	716	333	431	532	300	14	633	152	468	173	375	403	546	555	510	298	4	78	335	122	448	653	113	267	613	636	192	658	475	111	10
711	437	184	32	585	726	639	145	695	342	65	539	201	306	292	119	93	238	662	461	86	360	290	66	642	327	672	434	118	610	426	533	447	353	321	178	369	676	329	521	388	727	337	645	443	362	678	685	649	151
295	673	424	518	233	29	596	357	368	19	535	324	171	251	663	471	60	51	174	557	627	415	572	244	22	719	194	654	586	304	593	430	202	359	287	623	686	120	265	455	285	330	205	392	172	48	376	488	723	389
84	286	275	698	89	293	322	97	529	494	302	731	568	102	187	75	282	141	445	710	574	577	664	452	534	57	240	126	196	571	417	186	41	594	499	135	160	606	706	413	252	702	338	436	25	691	191	283	584	336
408	582	315	479	361	621	602	42	402	54	422	495	325	524	227	462	234	352	296	253	90	215	61	377	449	74	7	607	728	262	246	291	595	396	305	367	294	50	622	185	348	442	58	570	508	590	617	484	155	421
37	544	543	199	581	217	274	696	219	618	464	323	591	301	371	230	243	476	256	687	92	170	684	547	334	530	451	1	85	703	164	548	496	70	123	491	713	364	511	549	150	416	349	220	47	212	99	474	559	351
427	261	714	693	148	179	224	80	289	656	317	62	589	473	643	566	314	67	208	729	340	355	722	131	493	646	399	482	625	162	169	370	130	628	440	387	161	592	587	125	149	669	677	679	680	206	242	567	520	134
109	138	255	715	132	157	354	3	129	177	303	620	453	659	605	632	318	271	264	528	390	600	52	250	142	328	241	83	504	556	609	55	565	236	101	675	411	106	11	381	46	198	39	522	105	526	404	263	144	428
103	718	331	573	228	425	204	525	470	579	276	114	379	72	225	344	614	309	616	68	56	82	218	423	112	513	146	551	95	688	23	588	127	213	231	634	175	165	478	536	0	554	480	195	38	345	214	79	310	382
401	288	553	497	406	498	163	505	541	247	108	465	469	569	320	598	299	720	35	297	43	650	280	472	638	137	248	64	446	121	6	641	8	226	689	24	486	608	386	13	683	463	313	259	441	721	412	203	350	124
509	249	502	542	133	432	182	15	560	31	346	724	580	197	626	690	73	459	395	383	394	36	153	222	316	477	514	405	670	30	284	312	115	629	667	326	398	216	210	221	45	311	709	209	512	730	652	308	564	527
33	385	611	519	648	28	277	26	631	420	647	158	332	188	429	707	485	597	630	94	356	257	110	558	550	281	366	668	717	701	207	384	218	263	5	84	148	640	529	156	291	486	473	282	142	121	427	471	650	434
448	698	677	176	297	604	79	723	682	327	469	665	563	488	131	539	108	505	177	662	403	286	28	487	369	26	106	355	583	166	270	183	294	157	123	37	19	134	84	636	174	64	680	114	318	80	612	295	497	633
142	181	56	192	564	202	577	386	193	699	466	55	715	428	513	221	86	709	164	702	595	139	641	693	170	551	89	51	213	547	352	378	287	694	103	255	671	679	376	172	462	281	690	65	146	140	273	620	490	372
315	303	413	74	350	676	361	128	233	392	438	443	199	508	33	225	208	645	137	450	9	598	265	619	580	615	261	691	189	704	194	209	197	351	343	254	75	412	30	127	447	607	149	368	323	58	716	347	489	550
2	440	385	7	647	555	216	530	212	382	585	95	459	77	211	527	624	600	623	242	48	267	357	727	243	124	185	460	653	144	367	94	726	406	481	643	1	542	681	226	390	501	559	686	708	416	675	309	314	410
435	100	296	121	132	90	53	12	154	422	182	533	523	306	456	332	311	639	195	263	629	231	724	606	486	395	126	25	684	52	36	415	420	603	257	109	8	313	276	104	377	404	253	608	145	402	630	541	617	712
720	251	277	171	210	411	150	339	427	105	365	324	457	13	496	54	654	417	540	3	14	546	130	113	223	92	408	290	648	575	83	237	656	470	299	556	85	122	531	474	589	291	586	384	525	364	572	590	203	599
158	349	330	526	241	283	479	184	169	558	21	110	478	147	358	689	338	246	553	204	601	484	356	17	329	302	29	262	27	573	260	340	16	278	341	613	43	32	534	47	188	646	543	464	336	88	151	434	46	713
93	705	118	222	40	307	229	68	289	337	529	419	703	160	651	264	335	76	342	664	461	227	44	326	706	359	190	91	99	566	34	717	425	61	485	235	345	148	218	696	700	96	240	57	493	214	725	205	6	635
331	538	561	597	688	602	238	298	18	472	426	491	71	191	280	168	11	436	196	502	201	138	731	249	657	581	475	20	535	642	115	616	567	239	587	611	711	152	200	506	722	288	660	516	383	628	669	112	4	659
178	333	275	697	141	465	272	41	180	446	452	445	625	729	500	605	458	409	557	701	394	719	582	721	562	661	730	512	626	135	325	344	129	518	454	614	375	463	387	78	728	22	618	62	72	592	588	10	97	155
111	119	520	576	360	467	687	316	548	627	560	476	363	666	258	515	509	504	482	609	230	353	371	50	552	245	528	165	594	532	707	45	537	519	439	35	510	591	167	308	228	593	480	120	714	320	159	66	695	220
451	398	517	449	710	117	514	161	503	15	638	366	471	473	69	396	346	98	498	219	483	322	431	247	401	102	292	305	678	610	232	24	348	421	125	578	650	524	468	49	73	300	655	437	354	685	670	507	570	370
545	5	362	317	442	101	569	649	574	82	477	42	380	441	374	692	622	652	136	198	634	672	250	640	424	455	554	511	285	23	206	621	596	186	153	544	536	268	328	187	266	429	293	388	584	284	0	381	423	499
244	175	259	271	494	644	310	274	432	63	397	668	173	373	334	414	279	389	718	579	304	215	224	379	236	156	495	143	407	282	312	70	549	453	674	391	565	163	521	393	269	319	87	321	59	39	38	217	133	234
405	658	522	433	60	667	116	67	430	207	568	256	444	418	81	492	179	162	31	400	248	683	252	399	301	663	631	637	632	107	673	571	451	396	169	540	206	651	472	241	673	247	703	167	191	636	93	46	358	268
494	569	545	345	229	479	407	693	638	289	405	536	47	235	78	422	98	546	46	437	126	109	131	382	388	473	250	24	50	684	724	333	193	700	608	414	386	371	660	20	94	43	246	448	370	177	436	578	458	80
166	107	237	537	397	121	134	117	543	376	30	334	656	357	209	100	90	564	442	330	406	600	42	150	278	703	506	79	649	273	106	488	476	72	213	694	502	224	670	690	459	522	669	230	683	336	624	252	104	39
145	167	223	610	383	181	179	642	560	487	409	435	727	452	173	27	48	128	655	325	472	528	400	423	686	613	521	135	639	516	716	45	212	714	356	290	538	485	199	447	387	108	198	467	23	141	293	513	446	99
111	434	597	89	629	157	591	190	132	351	82	76	120	464	342	262	188	490	297	291	455	220	404	338	450	616	1	247	308	215	346	362	658	232	469	123	3	540	377	189	697	441	617	87	292	208	381	129	115	77
699	426	146	364	7	243	628	659	341	83	360	391	144	332	114	685	710	535	350	101	264	428	641	161	323	475	51	19	174	460	520	592	599	233	9	86	518	544	180	67	390	715	711	170	64	584	478	691	22	231
38	554	664	316	563	0	95	306	152	730	368	142	721	63	647	125	140	210	708	40	678	353	650	309	514	160	348	49	425	695	197	729	149	324	59	17	282	206	643	589	203	709	359	228	687	671	675	218	310	577
677	651	253	668	249	483	234	648	681	567	688	272	8	12	295	682	92	263	489	413	462	461	165	421	127	653	430	69	679	255	85	13	500	492	102	612	702	565	402	275	192	344	508	495	529	21	110	585	503	260
412	303	245	236	172	698	53	602	482	615	225	481	416	598	375	74	728	276	355	408	632	723	717	457	34	431	280	133	704	477	551	285	283	284	163	175	620	507	147	373	314	186	470	183	35	634	680	527	75	296
581	288	517	73	331	561	319	596	572	707	411	182	645	609	60	256	471	429	533	568	254	576	244	549	583	523	701	626	14	552	667	159	137	81	118	427	542	666	493	335	217	315	18	97	294	326	501	399	726	570
637	195	204	367	11	10	586	719	635	116	286	515	239	57	327	361	240	418	151	358	54	463	340	398	718	505	662	657	593	176	26	499	389	277	706	424	184	580	705	445	603	496	588	396	530	267	692	573	270	124
607	484	105	673	251	266	321	466	532	103	304	531	211	31	575	474	558	164	512	534	384	130	56	2	440	268	196	363	265	5	91	155	269	84	259	312	71	449	33	465	258	25	511	207	148	510	274	366	663	28
168	374	194	524	605	66	646	191	369	354	443	287	365	432	433	410	378	311	301	113	590	41	468	661	731	187	438	372	37	202	122	491	328	385	136	539	725	221	439	162	158	313	318	119	65	417	32	415	154	550
112	547	556	279	347	676	216	555	62	712	241	178	68	320	627	61	665	713	248	419	652	562	171	674	611	504	395	672	420	257	307	219	226	526	403	339	644	621	6	497	654	349	623	394	352	619	601	582	720	456
559	143	579	138	299	696	451	185	548	618	722	329	480	541	88	337	153	300	525	379	227	454	587	393	200	271	553	205	625	242	15	604	139	29	214	640	4	298	238	594	633	16	281	498	595	96	519	509	52	169
305	70	444	566	574	343	486	622	380	261	606	630	453	156	222	58	571	689	44	636	401	557	93	631	614	322	36	392	55	201	302	317	524	384	445	56	126	201	608	369	584	433	703	505	290	512	409	304	563	320
579	709	207	367	551	256	242	651	14	415	569	402	139	536	373	725	670	157	494	505	616	508	9	655	326	44	43	622	316	691	599	483	146	119	453	285	489	73	153	254	653	27	446	283	516	121	334	189	315	187
440	473	429	29	95	669	302	292	76	325	30	364	699	317	174	469	387	351	546	661	570	164	416	151	703	484	492	91	443	46	267	229	7	71	217	681	499	99	650	696	142	301	531	372	717	196	476	201	20	612
149	567	328	706	626	694	659	154	719	704	457	702	399	500	437	654	32	409	414	260	273	572	19	547	348	323	80	226	564	303	79	96	523	418	563	529	57	180	338	397	595	452	354	391	339	166	522	290	87	495
209	36	674	613	581	353	219	512	423	629	350	169	236	83	658	286	589	16	310	238	171	230	392	88	28	264	534	444	127	556	56	604	555	686	550	67	289	675	193	406	112	173	673	124	548	262	477	365	432	521
526	504	714	371	420	212	729	472	509	385	84	544	627	593	58	677	133	308	724	393	467	359	376	448	374	113	638	610	466	711	125	668	287	573	561	305	53	108	543	503	588	370	123	175	478	470	537	208	349	532
715	434	240	8	103	232	726	49	390	265	602	583	693	147	637	491	519	259	211	357	707	126	601	596	394	97	116	224	296	356	425	271	455	237	40	428	22	66	541	642	120	360	158	203	284	514	672	341	559	245
102	257	665	375	279	156	18	355	701	488	250	280	205	431	255	12	86	21	462	545	253	379	565	65	506	11	592	6	542	442	332	671	624	33	560	540	17	72	324	578	663	518	222	368	475	337	291	114	247	221
527	23	263	170	218	25	233	427	182	498	309	188	62	728	288	202	319	594	270	493	730	322	74	458	520	496	167	1	459	10	313	598	194	712	400	501	276	45	111	35	4	177	106	206	684	181	228	318	723	297
649	220	539	562	346	152	369	623	524	646	363	632	131	55	464	619	439	300	381	639	243	395	195	63	204	75	664	41	366	110	486	474	47	77	345	553	435	107	676	269	68	454	330	716	162	513	695	700	692	731
54	678	200	186	92	535	438	132	31	680	122	117	130	304	299	586	249	461	403	408	277	252	225	178	159	307	78	580	479	530	150	145	0	708	401	422	667	2	39	24	634	720	705	451	430	606	575	183	244	417
576	510	197	268	571	608	261	614	591	278	101	210	272	82	388	109	682	163	597	727	382	656	176	336	5	447	333	282	713	59	384	485	487	134	89	424	136	343	227	13	480	361	497	198	460	515	320	352	60	554
135	577	118	115	160	617	648	294	128	213	347	525	471	148	633	15	683	465	558	445	698	335	552	605	688	378	105	38	52	603	502	481	51	231	419	657	468	104	295	582	329	179	396	100	144	718	168	426	450	618
137	184	645	449	199	246	235	241	380	50	398	93	587	275	314	266	389	631	643	190	94	685	85	306	321	625	511	340	98	61	549	584	662	281	239	687	386	216	274	141	70	191	293	251	161	3	585	590	143	628
407	37	413	710	377	358	404	456	621	436	611	165	697	647	528	538	48	138	507	660	81	679	609	312	721	248	342	607	214	517	412	140	630	636	411	192	64	533	405	69	690	344	215	689	641	644	258	155	185	463
722	600	42	652	421	568	666	298	26	482	640	557	172	441	129	635	362	331	327	620	615	574	223	383	34	490	90	566	433	234	311	410	265	634	221	91	522	551	277	590	692	697	482	474	391	532	339	493	318	616
327	324	37	554	584	282	641	248	144	611	596	370	432	374	691	78	196	90	467	19	272	204	428	452	56	80	208	354	146	294	526	32	49	161	483	650	55	418	62	151	457	356	541	242	498	241	310	34	369	660
529	703	669	52	594	365	640	574	404	436	202	177	727	328	510	110	494	188	676	304	444	635	293	145	630	690	44	465	299	592	228	480	307	132	190	619	729	343	484	283	517	409	405	583	395	553	134	344	559	142
16	301	362	716	236	143	271	120	213	589	290	615	403	308	218	720	340	662	29	724	448	507	715	160	88	547	380	398	185	60	367	378	93	389	379	606	13	353	539	576	224	115	232	472	423	567	277	557	648	657
259	628	516	199	302	180	99	291	167	148	1	542	508	708	675	569	75	98	499	371	69	420	556	609	214	206	435	22	501	631	222	45	433	312	513	671	431	360	515	216	449	205	705	429	548	636	602	441	412	497
580	373	728	714	381	597	169	179	229	629	546	519	264	616	183	35	152	40	211	288	257	10	466	625	654	285	538	537	237	385	527	685	320	500	603	192	350	674	477	407	486	623	4	391	702	65	82	730	2	523
560	566	86	166	421	514	687	578	528	317	76	322	329	533	731	599	491	438	265	485	598	555	564	18	682	135	67	270	361	255	275	72	503	505	610	108	137	426	618	230	153	461	445	100	595	540	17	439	706	570
48	698	605	582	710	506	280	496	157	200	23	33	677	474	97	413	392	79	85	300	287	182	267	679	217	454	106	453	479	693	473	201	109	94	680	114	178	688	661	437	20	450	122	711	223	364	622	140	670	276
565	58	41	424	186	193	495	651	607	292	377	149	476	419	440	335	411	562	156	446	695	504	209	38	278	659	102	334	470	509	0	357	408	624	643	725	653	311	655	318	590	51	256	511	709	383	71	141	665	155
36	626	107	239	138	451	30	284	372	561	469	219	24	194	27	490	701	579	254	658	113	524	289	368	136	649	359	400	463	722	227	6	306	458	128	74	57	530	234	638	668	263	399	81	719	534	124	7	550	415
127	585	253	316	240	133	11	8	656	247	116	147	617	250	333	150	243	189	414	634	73	59	50	397	184	197	212	502	667	43	129	525	387	158	686	175	83	26	331	339	492	489	384	273	712	61	713	587	117	462
9	347	518	632	266	84	191	646	295	187	233	119	53	621	430	696	286	464	493	723	588	91	262	535	338	726	352	442	342	375	31	66	382	456	396	162	170	683	89	92	235	604	176	627	700	637	681	591	96	3
673	568	552	313	325	425	416	321	697	28	12	174	315	215	388	363	68	226	664	422	522	87	131	386	139	298	689	5	203	572	15	42	601	358	520	417	46	543	694	393	260	563	663	251	130	64	195	699	210	165
220	549	123	164	345	718	642	252	512	633	349	581	455	678	198	488	608	666	531	101	402	459	647	246	314	14	575	118	268	427	261	721	39	244	181	577	305	341	336	77	468	639	231	303	171	111	125	279	54	487
613	376	593	620	600	573	394	168	644	346	297	475	281	401	406	323	460	684	172	551	434	443	478	269	207	126	481	707	532	482	221	47	471	238	225	692	95	249	410	704	154	521	536	159	112	614	173	348	245	447
63	319	366	105	121	274	332	544	296	586	571	309	558	351	337	104	70	330	103	390	21	612	545	258	717	355	326	652	25	645	672	163	670	551	259	62	676	703	2	185	151	213	588	414	454	657	344	347	144	257
314	296	152	473	356	681	342	685	123	202	132	425	590	301	349	470	626	720	345	31	586	268	286	471	719	315	721	328	628	608	203	504	266	24	103	247	486	129	185	177	324	474	271	576	436	677	108	547	275	341
263	448	120	558	182	661	712	270	400	265	254	253	361	335	343	717	667	501	307	493	28	708	228	32	277	646	26	592	380	567	723	35	261	337	2	290	19	655	654	107	391	396	535	145	668	623	21	347	211	728
502	282	354	41	650	555	664	158	714	143	25	53	695	42	312	542	385	256	352	206	427	703	407	376	350	340	230	87	267	429	52	674	597	113	589	171	305	111	388	518	561	334	549	262	243	642	15	310	412	221
678	106	54	433	540	392	218	485	541	424	131	596	302	336	216	317	698	637	130	411	65	588	236	276	59	575	610	181	93	240	551	581	167	692	629	79	460	319	454	223	452	579	495	488	553	173	250	478	360	476
188	331	658	465	390	671	659	180	43	81	640	690	594	636	285	82	656	533	461	498	80	554	157	456	618	303	332	70	633	153	199	13	611	119	14	294	451	397	607	672	298	641	444	428	545	691	515	101	363	309
602	175	125	601	379	183	684	459	431	370	622	704	156	358	118	176	138	37	673	369	367	365	36	652	311	468	68	519	489	150	7	329	538	491	122	457	584	66	300	536	237	426	666	463	163	351	508	259	492	30
387	295	244	200	615	630	612	481	229	144	686	375	458	653	662	582	401	205	631	413	78	231	514	552	279	624	715	297	292	90	39	718	490	326	599	657	477	422	469	625	306	149	587	278	316	643	45	320	441	713
23	136	562	609	162	635	682	255	92	496	639	174	394	217	393	249	168	430	529	569	531	215	440	512	634	566	480	563	409	573	227	453	1	727	373	186	381	487	191	679	516	201	281	72	368	419	264	510	544	556
