2,0
45	33	507	402	415	374	97	261	228	377	466	358	64	27	486	191	438	260	589	506	242	311	102	292	326	508	211	445	274	410	439	100	131	482	550	386	203	574	396	52	31	76	442	92	105	24	521	68	271	157
424	441	151	329	16	503	230	257	69	279	154	333	188	236	476	231	467	272	454	501	253	295	389	47	222	425	397	546	519	379	276	43	163	7	65	426	84	210	192	72	339	564	280	349	532	323	223	447	6	194
172	413	241	361	110	161	572	152	303	173	167	539	308	452	12	1	529	140	457	142	299	456	109	78	116	302	332	493	511	435	460	537	437	193	56	287	408	107	121	245	305	434	266	387	238	471	478	181	559	91
190	94	118	252	88	249	449	312	481	114	277	500	166	317	98	282	175	504	392	126	176	567	197	146	390	341	325	334	59	262	359	60	289	526	164	315	462	139	119	540	195	11	309	296	505	129	278	61	10	81
436	484	558	352	573	50	179	34	108	444	57	547	562	479	473	217	556	111	583	35	14	214	499	400	450	160	220	582	348	26	497	514	184	474	285	99	544	483	25	336	240	307	565	475	304	70	264	218	367	485
183	284	80	587	566	293	548	388	586	579	37	66	394	226	130	354	174	227	381	149	212	101	584	552	75	225	554	147	23	113	428	177	155	469	38	524	538	520	170	517	353	418	219	248	512	138	58	407	2	208
250	87	575	491	451	199	106	29	403	351	17	443	414	63	281	580	124	557	20	187	207	391	458	327	536	269	104	288	345	318	576	375	384	36	404	297	19	310	498	463	112	343	120	291	378	85	275	132	202	518
189	198	247	5	148	513	509	145	204	3	370	316	21	335	362	440	127	49	431	494	314	331	492	578	294	251	368	383	488	42	117	270	324	398	0	306	423	300	55	143	429	165	83	399	205	470	319	385	535	18
301	419	186	86	433	46	455	162	298	516	221	133	141	465	258	137	495	330	372	376	158	196	180	9	259	32	150	263	590	103	347	39	28	350	215	534	588	169	561	487	206	153	585	30	365	255	412	328	213	136
533	346	235	427	489	168	581	229	224	171	477	417	405	267	421	115	459	237	373	48	568	551	525	522	82	411	355	95	446	67	322	96	22	254	422	380	244	448	201	357	159	128	144	401	209	286	268	90	41	555
233	337	416	510	234	432	366	560	53	178	273	243	79	51	338	340	515	313	232	531	185	577	62	480	523	246	134	461	360	290	182	364	541	542	4	44	472	468	135	430	549	569	71	464	553	15	393	216	74	571
406	563	93	530	283	543	321	89	342	382	409	13	453	77	570	200	545	122	363	344	54	395	239	356	528	371	420	502	40	490	256	73	8	496	156	123	369	320	527	125	265	123	550	494	426	377	588	484	67	379
8	436	10	58	287	66	464	55	14	26	95	35	141	318	345	165	416	520	77	357	286	115	362	348	67	548	409	96	419	295	383	315	527	406	167	205	482	242	97	343	550	531	543	356	329	192	72	443	412	262
341	42	213	174	207	342	476	575	31	461	478	88	365	373	37	561	572	282	497	428	432	195	453	370	324	279	576	25	302	553	113	296	191	539	60	199	569	563	518	333	160	235	517	41	176	565	457	211	293	220
468	449	435	571	346	189	267	61	528	134	512	219	116	108	221	339	172	248	425	470	276	402	130	36	123	530	258	376	64	526	360	433	245	4	244	494	138	239	300	498	344	509	252	564	353	560	69	183	452	327
265	253	129	173	27	81	84	459	456	417	163	12	259	519	438	74	401	330	79	139	47	515	56	24	48	90	78	182	447	136	0	395	503	155	1	102	445	415	184	202	349	442	398	355	556	537	488	587	380	393
197	397	92	583	208	580	270	347	94	233	469	217	21	454	70	558	278	100	143	557	559	101	552	230	148	331	212	68	104	328	359	475	374	142	555	132	350	91	549	225	120	481	446	44	292	131	263	240	168	492
59	483	372	467	332	391	11	396	513	404	471	28	480	98	17	458	364	351	135	427	291	188	15	306	431	584	316	216	538	546	586	215	125	256	394	112	312	418	317	9	299	2	335	272	126	408	5	386	440	231
34	227	273	466	89	301	429	410	65	420	310	87	547	502	107	441	322	178	154	590	510	399	280	573	477	170	337	249	51	46	369	562	260	224	384	38	106	387	85	319	268	271	82	388	524	542	40	166	437	379
423	255	485	20	491	140	49	385	30	414	201	463	264	186	243	203	389	534	462	124	110	541	507	426	307	366	54	381	133	198	226	63	340	105	251	127	529	241	309	7	158	6	472	326	218	532	582	151	567	193
554	361	484	352	588	460	164	250	109	511	171	465	451	403	505	283	117	516	422	297	146	86	378	234	145	153	119	522	144	400	568	382	162	19	266	204	121	450	156	18	53	16	368	304	206	52	574	540	496	448
83	75	246	455	434	179	358	29	32	506	392	185	500	325	334	536	305	45	311	122	190	581	570	232	274	99	321	375	210	257	313	22	196	579	111	566	405	62	444	308	589	493	585	336	285	535	169	495	367	73
377	152	525	277	39	479	80	281	514	180	71	150	338	314	473	407	128	545	363	236	413	118	187	439	371	499	269	303	175	13	323	508	354	504	229	578	288	298	490	76	43	521	228	247	294	275	194	320	237	3
147	487	114	238	157	577	523	93	486	254	261	50	222	424	149	177	289	551	411	209	284	103	533	200	214	474	290	159	544	390	33	137	161	430	57	181	421	501	223	489	23	156	468	356	262	79	515	154	470	429
136	445	177	370	108	323	259	210	59	404	7	166	364	557	112	507	401	532	138	24	213	290	271	337	29	237	232	578	555	109	549	543	387	381	350	400	481	278	252	502	421	392	333	69	93	394	422	11	219	217
366	504	355	482	79	260	150	3	408	2	371	586	99	201	148	176	216	511	538	194	334	286	322	263	514	246	459	529	359	41	435	499	241	291	101	74	65	464	379	508	326	427	265	522	23	162	319	388	117	125
577	451	25	143	6	183	429	386	37	440	124	207	329	293	346	1	60	425	495	406	50	270	468	158	76	280	509	536	28	503	533	327	477	45	520	281	497	272	72	264	185	38	51	172	202	397	73	44	363	34
163	244	315	186	434	273	382	579	548	580	292	569	309	587	282	442	250	418	450	419	395	193	398	384	541	230	98	102	521	212	513	95	377	456	490	491	120	446	385	253	567	233	341	307	256	325	58	83	467	365
496	372	389	174	203	376	88	61	535	357	455	189	85	330	356	155	437	448	215	553	235	378	40	116	35	314	285	358	313	324	276	562	360	53	131	196	512	390	469	474	62	188	191	39	57	200	466	180	472	403
311	438	441	304	572	228	33	84	275	563	552	367	240	8	517	113	556	391	247	249	12	462	175	575	452	534	110	100	476	147	493	144	353	106	523	208	444	164	320	105	274	436	192	90	268	516	344	515	103	460
542	342	501	132	583	530	417	453	362	488	289	218	68	510	447	78	581	267	336	91	547	81	211	154	396	487	430	229	126	299	64	123	118	89	27	461	306	134	361	479	554	470	413	500	294	21	179	16	9	171
373	214	564	423	415	17	302	431	300	225	10	316	585	86	405	5	458	22	178	42	283	570	36	540	119	582	449	571	161	287	525	296	122	82	169	226	261	463	92	146	269	589	20	308	347	13	128	343	295	221
231	145	63	566	199	26	454	52	485	19	167	238	551	223	432	205	187	568	0	245	182	420	561	111	248	80	209	198	310	30	130	345	584	142	539	181	351	328	107	546	197	190	335	349	204	480	478	15	506	55
383	262	127	135	424	465	443	528	284	165	531	236	140	94	588	49	266	393	133	67	416	590	340	559	526	473	301	486	277	56	156	75	339	498	519	71	318	411	321	332	494	137	151	298	32	489	368	439	375	374
380	14	18	66	243	484	153	550	149	312	410	258	475	317	369	560	407	234	338	303	70	254	409	104	222	251	348	31	152	457	428	402	279	399	206	47	87	77	414	160	139	121	518	527	492	224	242	257	227	412
114	97	184	565	220	168	54	4	505	159	239	255	573	352	141	471	173	46	545	288	48	558	331	537	129	544	195	43	170	96	524	483	297	574	157	354	576	426	433	115	305	236	20	155	484	454	328	338	147	357
546	433	421	528	291	263	409	48	500	495	453	388	313	485	329	569	295	56	426	322	340	109	448	384	97	309	361	419	185	147	523	39	206	194	205	407	253	412	251	507	402	393	360	280	22	562	446	300	143	245
327	88	180	371	42	26	113	252	435	339	457	520	250	4	310	518	370	100	91	273	324	297	121	18	150	158	390	120	243	338	235	36	505	391	257	146	213	321	23	114	375	541	364	271	82	31	555	379	493	478
458	589	450	202	179	489	30	278	270	488	341	345	219	503	214	3	93	411	73	164	347	165	50	284	519	577	7	80	509	315	69	201	583	544	183	119	294	276	306	266	333	462	188	237	64	159	275	406	45	343
549	415	423	192	568	455	535	133	132	490	320	106	399	98	227	148	334	538	543	155	527	461	404	325	431	224	586	374	558	444	511	436	521	168	326	246	349	479	469	244	381	337	1	152	238	52	232	440	281	366
139	25	110	9	350	578	570	501	43	517	103	10	311	584	181	191	303	260	561	95	46	565	539	460	255	420	175	563	534	20	522	496	37	581	470	166	556	387	264	102	579	508	203	0	128	141	96	397	283	286
78	442	405	17	47	160	298	35	575	449	553	176	367	542	225	53	123	29	178	261	111	417	299	279	524	550	566	247	90	242	170	138	454	401	189	149	59	262	373	212	536	459	403	287	525	12	301	222	115	452
498	126	293	336	554	559	197	395	157	422	62	468	21	344	346	302	136	153	94	258	574	156	582	408	330	400	204	274	365	516	71	72	288	429	76	430	530	471	540	506	99	557	414	144	200	256	28	432	290	491
241	463	424	186	14	131	65	590	580	8	353	418	529	413	328	233	447	317	151	207	514	314	492	548	51	77	24	359	441	60	216	193	32	483	215	229	497	480	79	312	296	161	378	171	502	211	533	564	198	5
107	163	129	383	118	221	55	230	369	177	58	382	66	182	130	154	477	61	89	231	368	443	68	87	40	356	425	560	86	552	396	190	487	15	438	16	475	510	124	547	307	332	573	292	265	389	117	434	526	486
63	585	308	108	587	358	195	588	572	162	439	451	41	467	482	428	551	410	105	376	456	208	187	145	44	209	74	38	92	228	476	112	465	269	466	81	472	140	335	362	512	57	184	135	226	352	13	223	104	392
351	571	318	537	481	67	218	217	199	416	210	272	11	137	33	116	49	304	127	576	240	386	316	248	34	19	305	532	289	282	172	398	513	101	267	445	2	169	142	355	484	372	385	323	83	380	567	249	27	319
354	377	196	504	499	254	239	427	285	259	125	174	54	348	473	70	122	134	234	220	531	268	464	167	437	363	394	357	277	342	173	331	545	75	236	494	6	84	515	85	474	34	2	101	120	108	454	79	125	523
458	235	397	587	155	280	153	410	505	529	564	58	399	194	561	464	198	450	287	307	528	478	163	519	499	278	358	336	506	243	158	35	406	431	366	380	221	63	49	324	525	210	514	246	409	236	470	576	582	483
293	199	237	323	370	415	238	188	534	213	193	267	241	2	581	114	156	355	457	150	474	438	184	353	282	157	402	375	284	189	495	520	328	197	251	523	32	181	521	517	140	538	170	286	244	209	224	48	270	407
490	21	532	3	266	432	180	389	347	468	463	556	439	231	345	391	154	16	33	97	554	357	371	129	569	513	82	454	559	166	570	461	359	28	586	47	356	500	135	6	515	277	191	486	214	289	19	414	589	186
38	372	342	459	311	526	503	447	341	462	497	109	333	435	55	110	4	233	298	22	112	272	173	126	226	65	116	477	41	223	395	416	128	400	437	466	422	507	162	361	124	480	36	152	485	340	149	558	161	291
195	579	322	374	330	543	175	178	350	64	378	27	141	151	67	50	80	588	430	446	228	306	91	348	190	201	285	319	546	445	30	146	54	304	68	344	177	9	404	57	185	125	385	96	51	29	205	394	368	93
455	85	575	204	143	203	34	310	121	364	460	262	487	98	15	17	88	216	249	147	253	87	127	46	118	527	539	481	365	540	271	18	192	568	553	300	255	382	263	412	250	73	78	339	159	327	275	77	59	43
563	516	165	541	144	218	417	303	217	453	62	70	352	123	257	212	24	567	256	171	183	512	442	81	537	542	56	393	83	590	113	84	106	363	536	465	572	441	265	12	314	94	254	115	398	331	71	552	384	511
122	302	373	168	101	160	196	423	75	346	349	72	309	258	20	316	133	103	245	334	578	296	560	531	440	377	297	471	7	544	268	469	376	489	132	429	283	533	338	573	120	229	176	0	427	510	518	60	225	408
318	292	482	69	420	136	467	585	428	259	325	555	493	90	381	31	411	202	367	388	139	39	40	200	215	13	294	571	169	111	403	95	260	232	392	308	492	52	100	164	413	337	211	449	390	524	566	425	583	488
208	565	545	501	475	444	451	369	207	530	145	138	10	401	535	315	443	472	119	312	108	5	174	261	248	317	502	252	247	557	436	102	45	362	484	498	8	11	396	433	264	321	25	473	584	551	86	37	99	53
239	290	476	74	335	148	66	580	44	421	452	105	107	276	142	167	354	222	227	320	434	448	351	26	92	274	299	1	61	549	23	383	104	379	326	187	343	332	273	313	456	295	418	504	405	220	424	550	547	419
281	305	386	206	279	387	179	269	491	89	329	137	508	182	117	219	234	130	240	242	574	494	131	230	360	79	577	172	76	479	288	426	134	14	42	509	301	562	522	548	496	535	169	72	543	62	318	536	96	303
214	563	449	248	242	386	265	151	301	162	514	465	515	448	120	9	475	486	428	64	363	348	416	256	445	461	569	369	349	187	222	566	309	173	375	333	436	334	367	387	299	542	590	493	121	209	40	480	403	573
482	440	108	463	447	177	188	11	146	585	6	183	128	446	357	82	559	75	115	395	478	208	194	32	79	351	261	60	234	538	216	28	522	97	280	582	424	557	149	340	487	500	398	143	444	51	488	527	264	195
106	191	163	21	271	578	353	306	236	129	421	558	426	223	23	438	230	71	105	42	277	77	46	136	205	235	492	441	58	308	168	451	339	167	458	215	81	175	489	122	123	490	252	534	87	499	464	331	286	176
17	302	471	523	456	330	145	95	85	152	587	125	326	328	549	63	109	390	142	165	24	325	414	341	314	12	508	576	332	583	567	84	33	39	498	405	476	322	352	378	185	239	503	276	394	219	494	362	392	376
479	477	509	137	295	113	517	232	420	124	374	131	574	18	275	329	153	516	300	519	385	158	169	0	217	401	506	47	294	189	38	245	103	388	528	72	291	425	156	316	502	381	354	203	127	415	419	263	540	133
34	555	30	164	2	55	485	86	418	535	345	571	304	130	57	238	320	510	20	262	380	360	227	178	92	181	336	270	504	495	417	466	310	501	483	160	150	371	497	565	467	581	588	8	359	372	579	221	410	274
1	361	545	199	135	288	229	312	552	253	192	321	505	427	201	266	257	553	297	548	550	157	132	432	450	240	481	101	80	50	439	279	255	197	67	323	536	532	119	511	268	179	74	190	29	27	70	285	551	484
413	90	7	396	83	254	246	473	170	435	575	31	570	233	100	278	343	350	289	213	260	382	452	584	269	507	429	422	556	462	212	96	37	154	318	526	139	140	202	45	529	457	491	93	409	161	62	521	319	116
200	377	293	454	513	147	344	196	117	370	14	66	228	346	186	172	68	267	296	272	433	104	35	356	251	56	472	13	231	204	126	49	324	88	118	342	544	383	111	455	397	577	537	347	102	43	69	259	586	518
110	210	155	65	171	303	366	589	391	496	298	311	355	437	564	144	431	307	313	250	373	406	5	207	174	10	368	36	547	107	78	408	134	554	91	442	112	358	364	470	218	512	399	379	241	543	249	524	41	560
52	258	460	292	224	53	423	520	94	539	4	26	3	225	561	114	89	98	61	198	148	400	546	243	338	317	290	287	469	389	44	443	19	541	572	404	166	54	25	193	76	315	430	525	73	237	138	531	226	384
48	184	568	281	305	411	562	468	434	99	180	273	283	530	459	247	220	16	211	474	22	393	206	244	407	159	327	15	182	337	402	284	453	365	533	141	59	335	580	282	412	131	204	1	240	16	181	98	523	251
157	582	65	337	398	66	468	218	91	541	426	332	212	167	495	262	9	480	490	341	357	413	255	125	275	63	199	364	169	526	264	233	392	535	151	539	19	215	292	546	512	577	299	353	376	147	446	496	312	97
191	236	342	516	201	92	345	425	81	309	11	514	277	505	335	77	286	515	559	84	74	61	261	172	238	528	106	120	237	303	76	570	367	260	20	128	72	437	399	5	88	471	576	562	432	534	109	395	232	112
83	206	159	429	517	467	75	213	561	208	143	231	439	283	331	411	21	200	460	51	530	473	47	40	37	4	116	193	162	98	196	510	556	58	572	475	575	497	148	448	302	32	268	371	174	529	108	384	326	389
401	362	86	280	293	343	581	503	368	463	456	450	175	385	160	67	270	137	64	487	183	8	211	527	29	24	569	547	557	96	130	491	190	431	50	459	525	548	436	419	521	380	564	443	219	568	307	382	349	531
442	182	258	48	494	161	317	438	407	318	114	499	247	410	203	493	127	586	36	297	288	563	478	360	434	408	150	267	30	42	509	95	56	115	295	354	498	142	44	216	187	210	246	391	290	404	522	323	55	328
209	454	321	0	466	222	542	52	15	33	484	7	136	329	26	119	322	513	188	388	195	85	118	94	284	257	452	46	38	502	457	189	409	415	250	555	520	140	320	129	23	291	348	100	524	489	34	427	57	122
198	170	488	104	230	511	406	552	6	252	416	224	428	103	226	87	90	316	397	396	587	458	355	45	265	481	565	43	477	28	73	504	523	113	366	501	171	152	31	455	102	184	131	492	550	324	289	306	214	133
248	573	540	111	155	135	405	462	585	465	304	146	451	390	369	444	271	350	244	433	479	532	181	485	138	545	145	179	474	422	194	69	228	117	470	472	41	178	325	186	59	377	430	254	358	259	197	305	558	251
225	168	54	229	266	338	567	375	149	207	435	239	420	296	192	53	579	35	227	1	418	78	315	12	571	243	311	124	177	361	363	308	507	154	2	330	185	163	278	445	393	537	176	273	281	82	590	240	461	300
506	336	110	25	272	374	386	205	245	249	334	173	574	417	378	441	282	18	553	589	294	274	80	518	578	469	486	482	508	99	453	263	164	310	285	126	89	121	347	351	421	464	333	139	356	22	381	79	70	16
71	132	583	588	412	379	327	538	242	269	253	319	544	158	500	423	144	584	93	403	10	234	344	447	340	298	204	533	424	359	313	17	276	373	107	49	372	123	220	449	3	256	560	14	166	68	483	346	352	223
221	27	400	217	551	370	519	165	549	543	287	39	235	60	279	402	554	241	180	566	536	301	440	383	414	476	314	105	13	387	580	202	141	156	365	339	394	153	62	134	101	77	565	381	328	482	181	46	344	391
141	328	103	190	520	346	104	478	146	143	366	377	42	436	362	282	259	274	138	84	244	114	44	356	218	125	246	78	243	518	277	169	27	510	551	273	385	468	395	140	24	241	555	411	283	245	499	519	404	453
589	355	280	559	93	568	204	272	128	131	392	464	515	550	176	338	349	156	368	98	316	488	401	542	38	545	117	14	165	26	67	472	333	41	449	130	4	327	445	79	134	120	148	177	341	81	132	403	286	115
279	193	309	378	308	285	329	490	563	475	370	253	5	31	575	275	86	486	390	263	217	77	304	534	233	222	382	157	136	365	489	0	90	61	505	527	572	180	15	198	129	433	410	62	185	53	39	369	485	434
46	252	144	361	208	557	578	343	448	379	182	175	318	74	109	345	541	588	195	474	409	508	491	100	214	18	412	102	200	418	337	29	235	579	75	291	465	28	110	127	55	164	357	174	562	549	574	7	11	320
450	363	269	311	68	456	30	564	202	152	52	70	326	238	300	108	276	72	215	166	388	221	331	444	522	442	324	523	188	71	352	88	364	97	419	344	16	414	80	173	219	142	492	590	386	558	391	163	530	451
516	521	469	66	531	191	498	111	587	375	380	181	463	569	119	278	538	290	529	317	487	336	209	426	367	413	20	12	58	37	212	124	32	347	319	415	76	494	583	281	422	186	139	307	470	284	425	466	170	1
207	537	45	513	145	301	294	430	85	406	552	268	467	179	229	133	168	155	51	495	225	267	213	289	497	358	389	83	205	270	493	262	223	47	423	360	288	264	149	483	206	432	452	581	230	514	171	335	248	460
258	159	56	240	582	561	533	199	228	461	482	43	427	151	154	484	396	236	455	504	447	373	330	298	101	36	584	438	348	201	398	315	332	242	237	473	429	421	48	287	302	496	524	295	107	306	118	536	440	299
192	340	480	255	577	266	82	239	554	293	10	556	40	509	532	477	91	571	137	25	226	167	359	402	459	106	63	376	123	105	580	501	454	506	437	271	112	33	231	560	479	539	384	416	408	544	8	439	393	89
394	435	399	407	178	325	397	446	322	87	35	471	567	158	543	54	528	586	153	462	260	247	261	224	502	135	69	203	303	476	189	232	342	526	57	250	546	160	121	95	507	353	94	251	210	525	211	566	22	297
334	457	500	339	184	431	350	92	9	540	305	417	113	234	122	50	23	21	257	547	576	383	249	458	443	116	323	220	553	535	296	310	381	162	6	2	351	194	96	372	147	321	172	126	17	64	405	196	312	19
187	481	354	400	150	60	387	371	49	374	13	314	570	59	512	34	65	99	161	227	441	503	424	548	183	565	216	292	265	420	428	517	254	73	197	3	313	511	585	573	256	222	276	283	199	254	53	323	204	510
273	279	255	194	187	43	83	216	358	541	155	294	82	156	588	200	158	557	585	334	366	368	476	244	402	582	386	328	359	504	528	46	403	575	124	236	221	86	486	56	435	589	10	446	100	469	210	175	544	305
522	121	170	311	76	72	229	304	441	365	377	13	339	19	109	102	411	208	331	260	289	218	307	3	385	70	447	426	91	387	372	371	2	451	519	116	111	163	165	37	354	389	520	127	300	315	278	483	142	138
257	299	274	241	547	290	546	189	335	512	103	319	327	453	73	14	106	355	64	164	292	425	487	539	153	583	69	95	133	495	195	94	256	554	93	98	225	409	303	485	569	268	492	570	567	261	284	209	249	306
364	558	561	81	39	475	90	431	276	444	212	282	214	104	298	55	53	222	252	123	62	66	107	61	84	530	23	51	472	580	297	410	531	550	245	470	262	207	533	404	581	448	551	228	203	398	340	192	28	254
461	301	378	173	318	35	422	182	6	169	399	498	145	401	393	247	309	474	430	344	134	391	38	556	85	514	308	11	141	265	4	240	97	325	427	146	118	15	68	337	198	26	362	25	506	57	29	564	140	542
491	396	356	420	206	418	501	63	188	508	177	277	1	500	87	343	152	353	395	527	89	302	191	537	101	40	215	258	429	48	174	490	497	578	131	271	148	242	412	408	529	314	287	524	135	414	132	201	361	338
416	590	36	248	190	464	421	548	80	128	293	543	246	224	75	150	33	239	34	549	392	272	251	452	180	322	413	313	516	573	223	44	171	394	534	205	341	139	267	563	143	481	336	151	231	79	27	489	406	108
363	41	351	136	577	113	499	232	388	459	565	119	120	407	381	45	234	0	346	555	8	226	219	374	291	32	147	217	572	360	373	286	384	129	515	467	434	185	323	312	553	9	333	269	233	110	479	105	460	457
250	466	517	584	456	243	552	31	454	536	130	329	320	477	375	168	496	166	440	47	432	18	465	419	122	545	49	562	270	88	532	92	213	96	211	579	59	502	238	397	178	285	482	510	181	65	275	321	571	283
586	7	161	227	526	253	162	345	266	445	468	518	184	326	463	484	405	473	503	157	367	310	183	494	99	538	488	202	71	144	369	370	12	540	281	521	204	566	535	20	230	357	176	587	390	513	179	160	342	220
450	455	172	54	443	330	22	16	21	352	449	114	382	196	296	574	235	259	193	559	159	423	493	424	280	74	349	379	437	347	42	433	415	295	417	316	125	199	24	137	438	186	126	60	576	115	52	154	58	288
428	30	383	471	112	462	117	376	458	17	568	149	78	317	263	436	442	67	50	77	507	525	5	480	560	324	478	264	167	380	237	523	348	505	400	511	197	332	509	439	350	462	163	365	181	265	131	445	480	467
427	117	47	551	528	495	128	450	167	180	297	324	313	403	481	198	36	43	345	176	220	449	534	199	24	540	113	221	71	222	64	289	514	178	402	318	435	252	38	583	62	105	190	477	177	148	262	491	6	451
126	292	169	232	437	388	366	37	248	106	67	90	214	353	334	489	425	212	558	433	479	389	241	1	407	362	83	134	359	344	536	329	432	22	336	88	122	561	78	104	335	144	229	338	411	342	4	510	131	46
370	484	98	18	349	87	328	82	243	107	244	333	51	29	341	539	50	79	304	230	299	30	200	518	109	417	188	121	308	20	166	588	323	307	472	584	80	485	557	150	556	91	438	223	325	546	330	351	410	193
377	264	442	371	309	42	383	81	94	415	316	298	237	235	521	456	93	72	181	416	443	19	478	100	542	28	157	258	581	501	39	97	441	58	112	360	455	306	27	215	423	135	399	527	48	380	467	460	250	520
156	132	582	207	213	0	444	41	45	426	554	448	381	290	33	543	400	173	171	286	179	499	158	209	508	3	368	108	364	145	464	115	84	23	302	141	367	453	431	574	516	573	99	475	111	525	436	346	89	208
549	9	326	274	429	394	500	488	227	541	76	120	293	340	517	562	332	10	365	458	25	257	320	247	572	379	311	123	580	473	189	103	577	497	129	254	77	146	532	7	569	430	305	421	114	465	216	398	101	348
270	224	161	405	486	372	428	174	552	246	231	168	233	590	86	375	553	291	170	136	16	278	420	531	409	524	256	95	387	152	382	493	142	191	63	412	125	140	210	470	40	273	568	445	386	446	327	312	576	390
575	160	586	49	519	96	197	201	149	406	59	17	282	548	206	507	162	203	315	261	310	452	337	228	378	538	271	218	391	529	205	143	253	354	587	249	277	234	502	570	392	238	272	8	12	295	139	92	567	263
483	461	545	544	165	496	127	138	300	397	69	376	242	255	85	13	566	419	102	68	533	476	357	513	504	350	347	356	275	192	434	571	414	563	5	21	401	110	503	454	492	260	301	303	245	236	172	52	53	459
511	469	61	225	565	515	154	471	74	55	413	276	355	463	579	226	439	219	65	352	34	523	280	133	317	185	374	285	283	284	163	175	202	408	240	147	373	314	186	54	462	490	183	447	35	526	15	589	75	296
564	422	288	404	578	73	331	494	287	319	32	424	151	182	60	57	194	396	385	585	70	395	14	159	137	118	505	155	153	468	537	217	530	294	560	195	204	457	11	522	322	339	116	480	555	239	498	509	361	550
482	418	358	487	506	44	266	559	119	26	184	343	279	267	281	124	66	393	251	321	466	269	211	547	31	187	474	369	164	512	259	384	535	130	56	2	440	268	196	363	265	369	580	563	573	104	236	534	555	117
511	292	203	80	123	230	181	218	428	481	465	222	249	589	495	226	323	276	422	158	188	120	373	524	84	356	560	289	108	468	102	561	461	49	574	518	79	19	513	536	149	243	343	448	27	277	537	393	282	504
76	335	142	83	262	29	8	557	296	531	196	442	475	527	233	119	350	71	530	189	170	582	174	87	30	339	567	480	322	297	325	455	28	112	549	353	9	255	58	256	498	245	247	202	507	396	471	315	12	375
238	577	477	187	193	479	320	491	240	11	548	6	164	304	424	224	65	33	133	22	17	310	384	542	419	194	381	550	126	399	435	453	539	114	250	23	7	25	171	53	316	201	32	439	348	14	354	584	532	528
257	153	1	552	10	558	334	533	263	20	437	111	35	4	146	211	212	347	236	458	127	195	278	220	520	583	389	365	319	544	206	505	400	131	55	349	366	44	125	581	409	139	434	299	219	41	265	110	253	363
47	77	559	305	538	313	86	414	68	221	382	106	162	526	417	308	54	462	200	209	186	337	351	568	378	31	217	576	360	117	130	450	390	259	446	341	492	152	403	225	476	159	333	420	264	328	456	473	579	0
449	145	445	451	529	39	24	392	534	280	183	553	330	300	197	261	571	101	467	82	438	301	151	163	509	346	483	229	391	176	361	454	59	169	352	134	96	283	89	136	180	74	227	317	588	43	198	355	60	368
