2,1
242	25	35	166	181	56	195	247	164	24	161	43	78	258	261	251	196	189	106	60	255	61	19	116	119	10	178	268	64	111	152	47	136	127	175	49	257	244	240	114	227	98	21	142	80	149	169	249	198	163
121	138	217	120	129	20	38	26	238	59	226	148	187	184	132	273	170	100	0	83	105	229	6	55	199	209	37	237	194	253	63	1	210	183	224	202	69	58	246	219	46	274	201	186	155	248	173	235	5	171
75	154	102	241	2	113	131	228	70	130	68	76	52	222	176	32	232	7	9	103	91	39	214	231	87	223	213	162	252	271	157	109	72	207	159	180	267	147	193	115	117	48	107	234	190	172	99	95	67	66
211	22	124	101	266	144	218	245	191	90	41	81	160	167	110	250	53	17	188	51	14	192	82	84	264	29	3	23	146	128	165	168	45	204	97	263	42	215	79	185	260	12	112	11	233	85	134	143	205	225
104	34	182	108	50	206	220	269	4	133	44	96	212	259	28	203	135	174	145	230	88	71	118	208	236	272	137	216	74	270	139	94	151	150	254	93	18	27	36	57	31	65	140	89	158	30	86	92	141	126
153	243	13	197	77	262	179	177	200	33	62	122	54	239	16	40	256	73	8	221	156	123	15	125	265	112	42	171	266	43	164	200	32	197	53	68	122	201	238	217	134	24	161	239	104	178	268	191	226	152
81	172	239	176	25	50	11	274	188	212	234	152	213	233	118	61	180	267	121	203	257	139	113	189	227	85	91	105	173	211	174	27	44	193	249	218	194	68	196	86	29	45	134	155	157	77	237	34	263	185
144	17	114	259	255	43	150	70	88	52	109	143	160	104	168	228	251	247	8	270	64	140	253	107	93	48	245	49	171	235	225	32	167	223	195	226	92	55	207	246	138	106	231	38	149	62	31	129	74	58
192	146	117	136	75	204	18	124	163	94	252	57	89	248	137	154	79	63	131	229	151	191	241	73	243	101	206	205	116	269	119	19	41	83	148	256	272	266	39	181	178	217	242	100	197	80	12	84	190	42
122	135	0	156	35	162	214	215	37	4	103	30	59	99	78	132	87	36	240	258	232	271	23	108	2	175	40	216	72	90	236	161	264	187	219	222	120	238	209	26	7	141	179	1	145	183	5	102	66	110
265	221	250	128	170	33	126	127	60	10	123	13	184	53	198	199	67	158	6	230	165	56	9	210	20	220	16	260	142	133	244	46	159	47	268	112	22	177	166	71	201	14	169	153	98	111	261	254	95	147
182	21	115	208	54	262	24	82	65	186	76	3	200	28	202	164	69	51	97	15	130	125	96	273	224	268	211	169	102	83	47	119	174	255	22	263	230	242	29	11	198	184	50	124	60	49	160	17	64	103
175	173	26	268	71	41	161	149	30	133	165	241	218	204	194	224	116	259	89	58	17	113	114	193	56	101	62	243	229	120	99	183	52	217	186	144	167	143	238	80	125	162	233	128	247	244	74	196	53	256
123	81	87	7	148	86	168	261	198	96	35	45	90	166	215	106	190	117	85	95	55	36	108	77	115	158	263	202	67	48	92	82	79	135	42	181	270	258	214	182	43	109	38	209	225	6	253	245	178	252
179	105	19	153	248	145	203	31	11	163	146	124	102	73	119	265	5	50	94	236	274	231	219	18	93	197	140	136	150	195	185	21	271	34	32	187	33	232	257	127	223	23	118	61	84	220	267	0	216	132
39	141	10	130	159	12	207	78	142	103	44	155	246	9	184	72	273	206	129	110	134	8	212	221	138	180	249	154	199	64	169	76	269	63	121	255	250	170	54	69	260	29	139	171	15	28	188	97	147	68
46	157	13	205	254	235	222	122	37	27	272	211	213	200	126	192	25	189	174	131	227	51	228	262	160	47	156	240	208	201	83	75	234	226	137	191	176	60	65	66	3	251	112	70	16	239	104	107	24	40
100	237	210	242	98	177	264	57	4	111	91	20	266	59	22	164	49	230	152	14	151	2	172	88	1	48	257	97	91	95	149	113	228	76	202	177	101	236	273	196	250	68	169	242	10	190	26	135	269	137
39	55	157	67	264	49	166	126	41	259	72	261	163	63	8	210	171	174	216	255	68	149	36	250	96	100	53	154	253	240	247	146	35	17	104	9	147	127	138	263	66	133	262	71	256	142	130	54	160	140
46	43	125	132	231	184	225	180	176	33	239	268	155	115	175	75	213	236	110	220	134	76	251	85	257	215	235	70	14	10	207	37	202	94	3	23	89	248	42	83	44	192	26	78	62	136	57	219	181	7
99	73	15	102	232	273	91	196	243	217	77	13	233	145	16	245	137	119	97	2	153	105	58	230	224	270	189	234	252	185	204	141	172	107	120	266	82	201	1	226	108	274	144	199	191	195	31	109	116	50
167	209	229	12	22	179	135	162	18	95	25	208	121	212	5	122	254	101	60	88	113	150	190	260	92	52	183	194	211	169	65	29	186	143	187	117	87	223	103	40	6	61	90	214	93	197	151	271	267	246
21	86	111	173	244	123	269	182	64	11	241	19	131	4	38	203	112	222	152	114	158	178	34	51	118	0	227	238	20	148	28	69	249	168	206	98	177	265	106	165	32	45	221	272	164	129	24	27	258	81
188	228	84	80	205	30	128	218	159	161	156	74	47	170	124	200	198	79	237	139	59	56	242	193	48	166	76	243	116	200	148	46	170	204	241	80	68	155	156	201	98	184	256	164	206	47	79	38	33	95
28	173	30	97	228	107	100	63	142	133	54	163	188	67	16	224	251	40	219	20	45	82	244	243	165	111	17	8	109	177	60	65	156	207	241	92	87	25	236	90	187	48	124	205	27	106	218	36	149	136
12	129	232	252	29	55	34	121	0	42	189	88	76	273	258	202	139	221	110	231	126	161	175	71	210	240	246	9	85	47	79	84	120	128	61	268	64	186	104	52	168	198	172	10	204	3	227	157	14	147
176	50	141	215	214	74	262	255	154	38	151	122	56	209	73	261	144	181	185	66	216	167	239	117	37	217	253	250	23	35	256	98	271	169	6	196	105	171	229	81	18	260	222	237	190	5	180	238	245	264
58	86	19	22	254	220	263	274	125	68	170	178	7	233	160	31	235	21	1	44	179	183	83	53	225	213	259	91	135	223	59	32	69	41	148	130	11	15	194	266	112	101	43	132	134	49	197	192	80	57
249	114	96	269	95	94	247	115	191	174	39	145	99	46	75	159	200	195	146	206	2	212	226	270	257	26	62	230	155	152	184	140	102	33	203	182	131	137	153	13	118	199	150	119	108	164	138	242	78	248
162	193	93	272	4	166	51	113	70	116	143	267	201	208	123	72	103	89	24	211	265	77	158	234	127	223	73	68	204	141	214	96	90	74	8	150	12	117	249	108	88	125	162	24	191	123	144	251	7	110
162	156	182	101	79	149	93	253	92	241	145	56	169	11	89	163	112	7	17	274	94	209	248	133	265	16	69	74	59	229	4	157	231	171	194	26	18	185	27	195	237	220	2	232	42	124	117	48	273	41
24	29	130	211	236	183	226	198	143	228	187	256	20	172	170	19	23	247	43	224	25	108	6	99	30	230	37	176	177	148	1	225	114	168	50	250	134	154	76	238	87	28	66	138	142	267	45	70	254	118
269	212	72	3	213	166	125	266	216	203	260	51	119	68	80	109	261	136	263	150	31	63	215	239	44	222	139	34	251	210	78	202	158	122	96	193	189	160	221	81	179	264	0	82	152	13	165	52	121	201
98	102	218	181	244	95	132	32	137	120	259	178	233	46	199	240	219	268	58	83	252	5	36	146	174	55	88	61	47	21	49	85	64	14	155	126	153	271	161	243	116	35	227	205	167	128	258	77	10	53
131	235	159	272	67	9	62	188	191	39	57	200	255	180	173	107	190	129	123	33	186	84	86	38	270	60	91	15	141	184	22	197	8	217	207	245	246	97	113	73	135	75	54	40	115	196	234	71	262	249
12	140	175	65	151	242	127	206	110	100	223	147	103	144	111	106	104	208	204	164	257	105	214	192	90	242	66	46	5	134	73	229	85	27	139	25	196	105	173	185	101	182	58	155	252	262	121	77	165	72
4	142	195	99	190	208	136	20	52	180	179	54	235	13	49	145	267	141	230	42	194	198	69	196	135	156	189	223	231	84	11	98	122	140	236	169	16	106	258	240	214	264	105	7	32	76	237	227	262	176
177	85	204	172	109	266	219	101	146	10	47	168	144	2	242	186	261	175	41	252	243	38	17	228	70	102	137	110	171	229	0	222	114	53	238	94	80	162	50	158	123	201	246	188	14	83	155	86	193	62
207	125	257	199	103	274	273	36	268	148	132	18	174	73	133	60	89	88	234	210	51	157	67	1	269	120	95	28	187	31	127	118	154	147	170	61	19	29	149	26	161	255	93	160	71	244	220	124	221	9
37	143	249	6	104	166	96	192	253	79	248	46	56	256	43	57	215	212	165	260	66	209	65	5	15	113	254	185	81	23	250	45	184	163	259	226	77	48	68	100	183	131	263	64	40	92	87	265	233	75
34	218	3	128	39	72	35	203	97	121	74	22	164	182	251	153	152	108	202	115	138	63	206	173	107	205	30	44	59	130	150	58	241	167	239	90	116	82	55	270	272	178	24	129	245	181	139	21	126	27
78	224	213	247	25	225	151	159	232	8	191	12	217	117	216	211	271	112	134	111	119	197	33	200	91	255	257	28	182	68	25	161	35	128	115	258	89	111	171	45	46	105	152	88	181	221	43	267	90	251
110	259	252	263	189	213	41	267	22	163	15	201	197	185	113	142	152	45	30	48	106	16	64	217	265	109	210	87	134	192	226	42	36	4	81	257	232	228	237	255	181	164	177	191	56	260	222	183	148	86
82	225	169	262	274	141	187	91	194	7	69	85	250	83	66	54	98	133	174	103	179	118	247	88	1	132	253	52	221	80	154	11	25	9	116	167	150	50	271	158	10	137	63	244	95	190	70	176	256	175
23	129	227	205	20	272	120	195	212	67	38	114	273	249	102	159	209	75	119	230	160	258	203	242	155	78	162	93	17	47	135	35	264	238	112	166	161	53	123	29	5	199	61	170	234	241	239	143	73	90
121	138	178	55	206	59	43	6	261	198	13	31	39	19	12	171	115	146	236	180	104	126	37	251	168	266	3	127	84	108	157	224	211	188	62	105	122	21	68	231	46	145	235	136	153	246	243	94	2	111
156	219	202	128	214	139	149	96	107	204	18	100	270	49	71	254	268	196	76	101	172	240	92	248	218	99	125	130	144	245	0	28	140	147	34	165	57	58	40	186	208	14	131	65	44	200	173	117	8	97
89	220	26	182	72	233	124	151	207	33	184	27	51	77	24	60	216	193	32	269	215	229	223	74	79	105	260	102	140	211	64	75	145	24	253	110	67	255	226	171	107	132	50	5	79	74	43	8	129	266
22	142	58	190	95	13	242	167	218	70	5	36	20	205	49	248	157	159	273	46	153	192	169	134	200	262	42	254	54	55	61	259	97	65	160	38	140	133	220	12	51	245	151	229	104	231	244	107	195	110
232	57	14	256	228	237	188	211	265	191	74	11	120	9	27	145	196	34	143	66	137	126	23	207	127	185	146	90	41	117	171	81	227	258	86	187	274	18	75	268	124	270	72	183	177	251	239	128	199	136
243	1	154	83	30	166	89	257	240	267	179	135	197	71	253	132	206	45	69	181	158	118	15	193	33	203	186	113	79	129	48	255	24	116	115	156	272	216	208	47	59	147	37	246	103	29	178	119	91	138
213	180	98	222	109	161	122	261	194	16	121	31	266	176	87	28	252	88	238	172	52	165	21	209	224	264	99	43	4	225	184	84	73	162	217	32	60	260	168	19	221	77	6	214	80	100	235	144	56	210
53	234	202	67	269	105	112	93	10	141	111	201	102	35	68	152	175	114	170	25	94	96	226	76	223	0	130	249	108	82	64	125	123	182	3	198	163	7	230	2	44	106	26	148	39	155	204	63	212	85
101	17	78	189	40	62	247	50	263	250	174	149	219	8	215	150	233	139	92	173	236	271	131	241	164	72	162	212	97	0	174	120	170	56	81	248	62	157	4	90	125	35	91	202	22	205	146	259	8	119
267	115	171	209	231	96	28	116	85	255	80	21	243	51	122	248	110	246	127	130	258	158	133	205	213	57	194	87	159	252	244	48	109	29	15	266	200	207	114	186	226	235	88	141	206	215	259	160	204	197
189	202	30	170	151	183	64	6	91	19	166	54	35	18	229	237	163	16	98	47	254	225	117	191	70	262	161	268	33	24	182	77	89	43	55	67	124	224	152	154	83	260	84	63	129	210	190	192	22	9
143	118	58	203	94	146	97	150	71	149	184	251	46	272	17	128	121	199	101	247	68	135	126	75	137	93	72	178	240	2	253	156	103	78	76	176	73	168	193	41	256	7	162	12	214	153	173	172	144	27
123	82	245	120	0	179	60	62	36	223	261	212	185	175	3	69	131	216	90	125	31	155	181	132	139	273	40	271	38	234	250	111	147	257	4	136	201	232	52	100	164	157	81	198	134	263	169	14	228	241
219	188	195	113	270	208	138	10	145	211	59	187	233	119	56	108	265	174	5	269	13	180	264	45	106	238	230	11	140	177	8	65	25	217	42	49	86	37	99	53	239	34	220	274	79	148	66	32	44	165
196	105	107	20	142	50	167	95	222	227	236	249	26	92	102	218	221	112	1	61	23	242	104	39	74	182	243	35	2	138	88	155	223	60	190	12	16	239	270	247	58	242	51	77	134	241	232	81	87	172
91	203	160	36	9	53	234	208	145	179	126	86	255	177	141	181	103	270	34	262	17	235	221	264	143	62	56	236	12	150	196	195	20	193	112	151	242	272	198	24	52	154	178	237	229	45	109	153	97	104
166	191	218	49	66	161	5	87	73	123	100	75	266	7	142	11	207	26	125	50	128	257	184	269	33	180	165	158	30	189	42	265	110	32	239	51	72	19	27	156	63	205	173	41	46	99	176	171	43	129
4	251	101	118	157	64	192	117	201	48	247	58	194	28	111	102	170	240	90	148	174	31	199	190	231	121	169	271	197	114	94	209	21	67	55	40	60	132	81	59	8	79	254	200	15	222	16	25	98	168
