2,1
145	137	69	180	72	174	103	10	152	112	46	20	52	61	68	111	99	78	19	142	124	1	39	176	117	70	83	168	114	58	55	56	130	59	110	172	7	26	95	181	47	63	24	60	129	21	81	105	66	49
161	116	87	76	43	154	133	90	151	35	67	173	2	136	119	38	178	144	91	149	75	148	109	41	32	80	48	25	53	98	17	101	51	14	82	84	166	29	3	23	134	170	37	171	147	169	45	120	97	102
42	79	143	159	128	150	12	11	22	106	85	6	167	121	138	135	104	34	175	108	50	160	127	132	4	5	44	131	96	158	28	162	71	118	146	179	74	94	155	93	18	27	36	57	31	65	140	89	30	86
92	141	126	153	13	77	163	165	33	62	122	107	88	54	139	100	16	115	164	40	0	73	8	177	157	156	123	113	64	15	125	9	172	111	97	180	56	6	174	175	163	105	95	28	33	43	101	71	150	72
9	32	17	169	54	73	30	31	69	76	173	100	84	33	47	55	42	109	92	53	52	152	45	66	24	78	142	181	131	48	44	159	123	20	143	68	106	43	154	170	138	79	177	140	112	126	85	172	135	176
64	115	18	166	65	156	7	121	180	95	22	162	12	110	5	116	179	0	39	107	147	4	124	105	114	144	93	56	137	36	97	151	178	150	37	6	40	141	174	77	13	51	127	102	2	91	1	94	101	145
80	168	155	72	75	86	167	104	88	132	118	175	171	128	113	89	98	125	96	27	38	158	16	165	83	164	21	136	122	148	103	59	153	3	60	63	134	74	46	139	119	146	11	149	58	28	129	23	61	10
81	120	157	50	34	108	57	163	67	62	161	111	35	14	87	71	160	8	26	90	41	82	99	15	25	19	29	133	70	130	49	117	176	79	114	120	174	94	27	149	18	136	130	49	109	105	61	70	62	175
55	164	63	0	90	126	58	179	99	147	170	136	17	153	22	156	131	27	132	168	105	89	106	154	175	129	26	15	87	18	25	71	148	11	83	167	121	24	163	180	78	80	79	141	91	112	61	84	40	142
94	70	113	86	108	111	20	109	177	101	158	102	98	151	50	165	45	152	1	157	107	30	51	4	146	161	52	155	75	174	43	93	13	162	149	68	125	127	128	143	16	178	144	133	69	10	134	23	54	44
130	145	62	92	172	140	7	53	120	74	67	95	64	122	19	47	28	123	150	104	35	73	2	135	82	88	46	171	139	166	59	65	173	159	6	181	41	138	37	114	72	160	5	176	29	137	85	34	124	9
81	76	14	33	116	42	39	31	56	21	103	77	115	8	66	100	97	60	118	38	117	48	57	49	110	96	12	3	119	169	32	36	11	28	72	70	159	126	145	177	142	14	63	49	62	85	46	22	178	136
92	132	140	95	45	127	56	42	159	116	43	77	90	52	136	20	106	138	128	58	87	151	85	89	180	79	7	168	135	103	171	81	73	62	80	38	19	155	164	146	5	30	125	179	11	82	18	160	101	163
134	169	17	139	170	21	114	175	93	102	149	34	31	32	113	67	105	133	86	115	177	167	53	166	118	23	154	61	35	36	50	152	84	119	55	0	150	178	94	143	96	162	120	2	39	12	78	117	130	44
33	74	148	144	59	9	72	109	124	88	145	1	110	6	8	142	71	153	129	158	10	41	108	123	99	172	26	141	64	76	14	63	121	173	54	69	176	29	15	28	97	68	46	13	174	147	122	37	27	126
25	131	157	51	49	47	156	165	83	75	161	137	60	65	66	3	112	70	16	104	107	24	40	100	98	22	181	57	4	111	48	91	144	150	24	40	95	46	105	35	15	145	79	74	70	149	4	44	167	129
104	180	95	26	64	76	144	108	25	48	98	142	75	39	37	102	114	140	84	35	110	8	83	100	131	10	77	41	27	1	101	69	52	62	151	118	171	159	135	18	155	113	93	134	163	61	78	145	165	172
50	115	132	70	161	80	176	92	74	58	36	21	79	121	123	122	111	129	164	20	68	143	90	43	14	31	173	97	22	44	139	3	40	147	105	30	116	91	6	11	33	136	175	117	160	47	149	81	32	169
127	177	42	148	168	59	28	137	60	55	103	179	56	29	19	178	150	156	49	57	130	88	153	66	119	86	157	67	141	128	125	0	112	94	158	138	9	2	133	174	162	126	109	99	96	5	13	181	34	17
152	89	45	65	72	170	54	87	166	120	73	107	16	167	154	23	71	24	7	51	146	46	124	4	38	106	85	63	12	15	82	53	155	66	135	147	59	23	71	36	8	26	49	165	101	121	175	70	74	91
178	49	108	159	65	154	94	136	180	8	47	110	60	114	119	158	139	160	77	76	68	56	113	41	42	170	134	172	80	143	141	90	132	33	151	176	20	61	111	137	53	173	152	120	174	13	167	57	11	36
103	115	142	133	177	32	98	155	0	93	31	75	171	17	1	89	16	19	22	86	91	121	106	48	112	145	35	28	58	164	50	63	92	37	40	96	85	104	43	34	123	7	126	144	26	153	116	72	18	54
127	124	69	51	105	161	2	131	30	179	102	87	27	12	166	39	162	88	150	15	70	130	84	125	157	163	44	101	99	181	10	71	38	135	59	9	46	81	3	73	118	109	107	129	64	55	45	165	156	67
21	5	168	25	147	6	175	128	74	24	97	149	66	52	138	4	14	169	146	140	78	100	122	29	148	82	23	83	95	62	117	79	80	69	136	117	61	95	123	130	79	68	37	157	102	144	121	76	160	43
45	127	164	47	156	134	84	55	56	126	0	12	29	36	48	165	16	30	61	3	8	87	42	71	174	63	180	128	177	162	166	141	38	67	148	160	54	130	122	25	85	76	14	88	181	37	82	23	27	35
34	149	121	28	79	129	151	60	179	40	92	73	17	18	66	139	178	5	104	135	98	58	65	19	22	124	111	52	171	90	68	100	132	117	146	105	31	107	21	1	44	145	109	153	83	161	142	136	74	97
91	7	144	86	106	32	59	69	81	41	20	154	11	15	120	172	112	101	43	157	6	49	167	64	152	80	147	57	176	114	96	95	94	115	39	99	46	75	2	163	168	159	26	170	140	102	33	131	169	13
118	150	119	108	175	78	93	4	51	113	70	53	116	143	133	173	10	123	72	137	62	50	103	89	24	138	155	110	9	77	125	158	154	29	131	37	143	175	63	38	113	8	16	181	89	50	109	69	5	134
125	24	154	53	34	99	83	32	138	133	112	88	168	76	124	58	118	120	65	35	141	178	151	149	123	158	179	61	25	8	129	57	163	108	49	150	170	114	134	78	37	18	172	96	101	81	12	105	102	177
139	159	73	84	137	100	75	140	70	14	152	90	169	116	66	7	110	180	181	74	45	165	15	162	68	136	104	33	155	29	1	127	166	2	106	64	132	50	6	175	4	56	147	59	69	38	143	171	113	21
51	16	9	43	11	62	103	126	121	117	77	67	17	109	46	173	44	167	10	85	23	148	60	98	3	135	86	176	144	28	22	42	27	48	36	119	41	55	131	47	31	40	122	82	5	94	92	146	153	115
20	161	91	13	128	87	156	39	145	63	26	52	71	19	97	174	0	164	111	80	54	30	130	89	157	142	160	95	72	107	79	93	65	125	106	18	29	75	166	111	170	80	119	11	139	48	103	140	42	72
161	103	155	86	93	128	51	98	107	113	33	5	41	10	29	21	1	9	123	140	156	66	18	44	46	37	120	15	91	147	27	116	158	162	169	85	181	124	118	176	57	30	150	100	177	139	52	173	72	180
135	121	126	117	97	133	69	163	115	22	26	0	132	108	148	6	95	61	73	3	89	96	12	130	25	137	40	110	42	84	112	152	43	141	157	82	13	7	35	170	94	36	74	168	38	88	77	83	60	34
79	154	58	54	67	172	111	23	179	166	24	28	87	71	81	47	127	129	20	175	76	62	165	16	50	80	53	92	90	151	104	102	134	99	122	4	75	159	142	14	119	114	59	153	45	178	78	171	138	109
17	31	65	143	106	8	160	64	167	146	55	19	144	49	11	136	70	39	145	63	174	105	56	32	149	131	2	48	125	164	68	101	82	91	30	157	120	129	86	35	50	43	3	15	147	152	58	130	112	93
129	156	171	70	137	112	134	162	155	170	138	150	133	58	47	49	20	16	165	13	44	83	86	106	127	84	116	123	32	97	144	153	154	178	42	52	172	119	10	130	2	108	94	12	179	145	69	90	41	159
111	7	169	157	38	59	152	33	80	17	149	54	118	11	125	103	0	181	91	53	55	148	143	50	139	101	176	120	164	14	135	110	62	107	122	140	174	175	36	109	146	18	151	73	60	89	88	98	74	51
67	1	114	28	163	31	4	136	24	147	168	105	82	61	95	19	102	115	29	132	26	85	99	142	180	93	76	141	71	158	124	63	9	37	27	6	104	96	173	21	79	126	46	56	43	57	166	66	121	65
5	15	113	25	161	81	23	78	45	160	8	30	77	48	68	100	131	117	64	40	92	87	22	167	75	34	177	3	128	39	72	35	173	139	177	18	37	167	38	77	72	156	22	20	52	147	8	128	151	95
175	69	29	78	39	156	73	115	77	64	171	141	71	146	144	10	20	128	30	22	90	46	172	142	18	80	91	162	163	6	7	48	82	4	99	122	165	42	139	101	110	97	72	123	153	125	19	34	37	159
88	130	14	3	147	150	59	45	53	8	118	25	28	111	109	113	23	21	98	107	114	167	119	27	47	132	0	157	24	166	85	65	32	178	151	60	158	56	148	177	43	31	126	83	161	50	17	75	70	94
5	35	1	93	55	143	138	58	66	54	2	26	152	61	89	103	154	134	129	87	40	100	149	86	68	127	170	168	15	131	173	124	51	176	36	9	133	117	181	63	52	108	84	102	179	41	121	105	120	145
