0,0
88	384	300	100	161	183	374	257	129	230	456	151	365	170	131	415	107	314	155	331	172	43	212	175	24	310	184	116	188	443	275	291	130	418	358	261	445	190	324	347	7	318	65	47	152	402	455	350	102	236
6	346	437	277	241	240	429	387	146	211	316	78	164	298	1	163	61	10	281	319	119	99	50	228	34	238	247	91	328	463	262	303	366	68	311	193	461	147	26	207	424	305	252	448	390	317	174	72	280	214
70	249	142	400	111	219	80	191	411	414	470	266	114	278	81	56	376	37	66	323	149	326	417	12	98	126	97	192	446	84	372	101	427	315	422	154	76	227	388	173	113	332	341	52	27	295	64	109	329	110
38	105	301	231	308	270	181	121	226	222	69	160	333	357	453	279	442	57	87	404	336	208	92	245	29	276	401	17	307	2	59	63	25	330	403	288	430	194	20	444	187	269	166	199	312	124	195	302	428	425
217	325	287	264	36	138	223	210	218	441	433	379	354	343	120	35	260	436	19	293	132	202	459	189	198	108	5	148	399	434	242	157	405	299	204	335	359	104	282	253	60	176	197	21	351	106	304	139	225	127
49	297	355	58	167	75	386	458	251	294	334	370	117	345	0	389	55	385	296	362	83	274	205	398	410	186	86	46	368	162	464	397	435	468	258	137	339	431	196	180	9	259	32	380	263	471	103	39	28	215
396	169	439	309	206	153	466	30	255	213	136	457	367	168	460	229	224	171	327	267	115	462	48	421	383	375	82	95	67	322	96	22	254	244	449	159	361	144	209	432	377	90	41	233	337	349	381	53	178	273
438	373	51	14	378	338	340	272	285	3	23	128	165	201	45	392	353	235	426	237	42	232	391	79	185	447	220	268	112	11	150	234	85	246	134	143	412	271	360	290	182	364	306	394	419	408	4	133	44	352
250	289	284	203	135	145	416	450	71	118	423	469	393	216	74	465	452	248	94	407	406	440	93	18	283	292	313	31	321	140	89	158	286	342	348	141	382	409	243	13	77	451	179	177	454	200	33	62	122	363
344	54	395	239	356	16	371	420	40	256	73	8	467	413	221	156	123	369	320	15	125	265	305	194	442	438	321	353	192	331	410	218	17	70	179	121	193	384	154	441	25	418	61	251	129	168	304	374	22	325
7	31	449	225	74	305	233	109	125	420	81	189	70	117	126	454	304	181	120	175	350	254	17	396	326	65	267	323	261	409	263	241	201	247	468	214	302	357	102	406	459	303	334	77	95	96	370	372	471	56
193	429	16	258	425	385	124	260	45	421	438	119	358	218	292	343	217	86	338	99	87	62	270	228	53	301	203	367	145	291	162	265	309	183	467	413	279	443	405	71	58	89	352	245	284	341	398	35	306	219
235	131	148	389	423	369	400	408	195	115	432	330	234	286	373	246	67	205	461	101	48	415	123	79	417	354	411	223	375	94	43	143	435	365	348	19	220	383	313	112	114	427	11	202	168	412	150	5	359	327
75	149	18	93	317	185	212	458	190	21	296	410	159	32	209	33	269	198	153	422	165	127	285	445	118	61	163	418	288	307	266	386	0	25	132	39	455	10	130	366	431	12	252	78	179	142	103	44	353	155
273	430	462	320	72	299	250	433	110	134	447	244	401	466	395	337	310	222	275	154	243	64	456	392	388	216	63	121	381	371	311	54	227	69	283	29	139	171	316	28	188	97	147	68	46	312	404	457	278	191
253	470	318	469	315	27	298	336	242	339	174	271	380	399	47	156	333	208	83	137	60	259	325	104	328	355	100	319	98	450	448	4	342	424	440	436	59	22	332	49	230	274	362	293	14	151	2	361	172	88
1	229	85	66	402	437	382	178	329	80	138	170	157	186	451	251	368	464	403	321	232	210	177	387	36	272	390	207	24	42	133	129	164	3	393	324	200	211	257	192	187	182	460	441	394	465	282	50	194	52
351	453	128	161	308	40	92	166	144	426	20	295	152	237	384	264	167	41	15	55	108	345	107	452	442	173	184	377	38	248	51	364	256	221	446	224	268	197	294	113	26	322	76	116	30	204	356	180	135	160
314	199	215	122	13	136	213	141	363	255	34	106	73	414	236	376	206	176	84	340	238	105	374	6	439	226	347	397	300	277	419	196	346	331	8	378	289	344	90	91	360	428	280	82	9	23	391	434	57	231
287	335	140	416	297	463	169	249	239	158	111	379	444	407	290	276	262	349	281	37	240	146	39	97	8	411	349	239	424	72	318	162	263	78	230	460	33	75	208	76	155	422	452	299	412	293	287	41	381	202
168	331	47	105	3	436	292	25	321	254	351	83	160	139	312	430	437	175	210	165	16	0	178	145	448	92	215	166	353	250	329	117	401	237	190	28	87	233	196	132	403	249	192	407	231	107	91	350	68	169
373	263	156	141	52	418	361	277	433	143	324	313	150	172	129	97	154	385	207	239	325	241	174	264	286	426	228	79	453	161	368	395	360	468	115	296	305	218	343	136	307	49	381	216	80	346	114	96	76	183
95	420	22	297	447	164	236	334	232	223	31	195	422	182	332	441	282	268	191	261	388	366	270	434	27	152	56	454	102	33	13	225	452	337	251	367	338	51	342	70	53	116	383	151	371	123	234	137	62	365
103	425	417	138	465	285	77	380	459	130	421	59	298	98	375	240	340	197	389	147	176	189	289	274	121	387	397	456	55	42	302	48	193	272	153	384	173	424	179	245	58	269	230	18	466	347	214	112	111	75
345	404	86	235	316	336	317	224	17	46	253	267	170	15	45	392	460	399	90	226	341	50	5	199	396	408	63	20	390	185	445	293	431	303	439	328	252	124	211	262	419	140	131	295	119	14	255	110	219	200
294	78	229	163	378	446	374	122	370	386	357	184	349	128	104	400	41	356	279	146	148	442	280	106	188	227	464	149	451	257	406	455	299	222	134	311	74	260	288	372	242	212	470	159	194	203	412	463	60	281
24	238	89	100	362	213	443	414	411	208	113	471	73	320	221	429	71	352	248	273	8	65	243	133	29	82	359	393	94	330	162	181	410	309	304	444	11	108	4	450	206	120	310	43	314	398	57	369	377	44
61	457	220	88	204	158	348	438	301	32	201	177	287	93	323	339	469	363	69	291	23	276	109	19	413	39	209	318	157	205	125	135	416	364	333	21	6	36	167	202	198	256	187	247	246	81	1	290	217	144
275	278	66	391	266	258	382	283	118	35	284	354	379	186	259	306	319	427	37	40	432	85	440	171	34	180	7	300	64	26	409	376	449	467	126	72	402	54	99	435	67	2	244	30	358	155	12	142	423	322
344	405	271	326	394	84	458	462	308	127	428	101	355	335	10	327	38	461	265	315	415	9	351	2	318	150	269	417	299	120	306	375	34	310	392	108	412	53	264	409	365	24	338	233	110	211	88	148	309	172
385	357	252	173	264	121	262	214	373	435	3	289	455	197	79	216	139	380	97	143	112	350	122	77	403	140	274	443	313	438	406	386	43	14	118	297	253	88	234	130	58	239	25	285	56	124	405	420	221	215
113	5	87	138	261	72	101	436	382	27	1	91	150	154	279	369	126	54	327	360	349	346	426	409	106	223	127	199	129	13	371	412	104	302	280	375	17	277	99	379	157	178	84	310	46	359	396	453	278	431
128	244	23	468	376	338	195	65	358	74	217	452	172	414	282	294	80	32	117	37	466	207	460	237	465	434	18	224	219	463	68	260	181	222	323	108	341	399	164	41	105	176	381	355	367	275	29	167	419	9
255	469	441	439	343	160	286	159	456	374	351	440	459	276	333	179	300	49	115	52	94	394	290	284	133	7	10	188	395	141	198	320	344	411	416	361	83	259	33	464	229	364	193	114	470	292	299	236	187	185
272	304	62	132	20	335	227	295	145	119	225	437	142	348	96	76	442	401	63	363	383	400	263	235	47	387	26	0	170	404	59	6	316	61	388	240	389	325	457	12	67	75	307	202	291	258	445	40	24	116
42	410	423	444	254	461	391	242	266	450	417	251	458	98	432	245	250	241	166	36	228	246	205	211	60	433	184	402	267	152	309	71	209	220	148	230	190	203	16	50	392	153	287	471	315	158	213	337	4	175
365	249	398	125	78	109	174	273	31	156	8	345	64	326	177	146	163	212	342	370	19	144	192	305	11	408	39	319	331	312	288	149	427	449	204	2	48	448	339	362	324	69	372	218	368	311	210	103	283	393
89	397	322	136	298	413	425	15	271	314	93	421	186	95	303	270	330	321	390	353	162	356	55	147	151	243	347	92	180	171	318	281	429	424	134	201	30	22	293	332	317	248	90	85	257	336	306	268	45	418
231	422	28	66	447	384	35	301	70	200	430	53	366	182	328	131	161	232	137	38	51	226	196	208	462	168	73	454	191	107	329	44	86	34	451	247	57	334	120	446	407	378	352	183	265	296	100	340	428	189
81	21	111	165	415	155	194	256	82	123	269	135	308	206	169	238	377	110	233	467	354	102	77	108	36	215	156	278	328	147	352	20	390	64	363	197	383	93	268	74	131	114	447	381	454	414	245	105	119	4
116	192	309	453	376	320	254	246	255	345	391	268	232	97	213	26	264	408	322	401	404	81	121	281	88	135	308	147	50	114	237	411	56	338	245	108	362	427	429	432	390	146	39	17	80	428	303	410	285	380
440	224	276	364	342	22	48	203	180	402	343	54	339	445	286	313	357	42	456	341	455	413	143	289	159	4	323	327	91	358	388	238	251	228	165	93	141	134	18	195	240	185	150	468	263	355	239	36	67	412
304	336	120	414	23	202	394	227	334	283	82	31	266	399	169	100	92	448	85	109	63	422	439	294	30	365	3	351	113	374	244	73	273	127	158	310	333	7	436	375	69	226	75	83	435	119	462	385	466	278
220	41	301	260	64	179	470	426	45	360	206	164	443	337	219	188	325	133	464	132	11	235	106	306	419	98	252	148	243	457	367	350	142	349	155	137	451	424	340	214	461	205	6	393	194	319	297	370	277	183
275	284	234	201	271	270	248	168	406	96	366	253	450	128	217	344	1	152	250	52	257	236	315	395	139	335	25	110	9	299	417	418	280	43	300	103	10	326	102	181	191	316	272	174	95	46	70	372	298	267
386	175	329	279	20	330	13	37	347	166	407	397	199	0	78	446	47	160	311	35	381	471	112	176	331	405	225	53	123	29	178	261	111	437	409	291	34	371	122	247	90	242	170	138	84	421	189	149	59	262
392	212	2	162	403	287	295	19	12	467	222	115	398	104	126	293	352	354	259	197	415	157	442	62	105	21	324	361	363	302	136	153	321	94	258	458	156	400	387	346	420	204	274	431	423	49	71	72	288	460
76	416	172	208	348	377	218	99	447	469	144	200	256	28	452	290	57	241	430	444	186	14	131	65	44	173	373	8	353	438	282	433	328	233	454	317	151	207	33	314	184	379	27	51	77	384	24	359	463	60
216	193	32	269	215	229	223	74	79	312	296	161	378	171	318	211	101	145	198	5	107	163	129	383	118	221	55	230	369	177	58	382	66	182	130	154	38	61	89	231	368	465	68	87	40	356	425	125	86	196
396	190	140	15	459	16	209	441	210	124	449	249	307	332	167	292	265	389	117	434	305	187	55	354	38	314	161	429	406	36	220	137	305	117	126	135	245	34	160	42	182	269	40	101	120	439	450	229	282	279
161	470	250	411	461	156	122	237	159	360	317	364	298	51	87	21	339	323	414	118	345	202	160	293	353	343	245	410	124	246	48	88	295	153	29	15	287	18	57	208	116	398	228	210	64	256	162	114	424	229
110	205	198	224	115	30	171	204	184	248	216	6	453	19	183	54	368	272	370	381	390	47	396	254	214	373	70	263	437	294	33	24	96	391	91	43	374	402	431	260	289	316	347	362	84	63	302	211	251	193
22	9	149	146	58	451	394	383	97	170	442	150	185	253	46	283	17	129	151	200	101	262	367	143	128	434	319	93	72	357	2	342	192	103	78	378	231	73	181	141	452	369	371	163	12	215	154	213	408	354
27	123	82	247	120	0	315	60	62	337	346	166	406	430	340	3	458	429	366	471	125	31	155	309	132	139	274	388	259	38	432	197	399	147	258	4	376	441	300	52	100	164	157	81	199	460	264	356	426	312
243	267	443	457	436	355	286	324	336	363	462	59	278	266	119	56	108	326	174	5	270	459	351	180	265	45	106	359	409	447	140	177	8	65	403	291	330	49	86	37	99	53	239	34	321	275	313	148	412	417
465	277	196	105	107	20	418	167	95	380	227	236	249	26	92	102	218	463	318	1	61	449	467	104	39	464	305	421	187	138	255	209	335	273	413	220	327	35	395	206	279	217	244	179	269	89	466	182	117	375
234	67	130	420	240	173	221	358	393	469	387	427	382	79	77	223	320	361	379	207	392	285	407	268	290	328	400	419	456	386	42	90	438	144	230	50	10	444	331	454	176	257	280	135	55	233	225	349	252	83
168	13	44	28	333	404	169	241	282	304	341	121	238	145	152	440	310	68	450	384	191	7	16	158	344	219	446	36	303	112	222	372	334	133	350	32	14	284	40	186	190	314	172	242	94	281	423	134	127	111
299	301	332	25	271	428	175	76	455	232	201	203	66	235	405	385	433	415	142	425	322	165	329	109	296	288	422	131	126	311	389	348	445	297	75	178	365	194	401	325	113	189	71	188	377	468	136	11	261	23
435	226	41	85	307	276	397	195	69	292	439	98	212	306	74	352	137	308	448	416	80	338	329	172	189	90	331	316	133	32	99	301	43	76	56	114	253	26	123	295	49	119	118	257	394	221	431	220	377	81
284	213	355	146	203	133	103	101	42	185	55	312	445	30	381	99	43	361	129	46	394	255	268	417	143	219	333	439	369	80	51	365	440	84	65	166	462	432	419	102	352	378	243	9	281	149	74	400	62	387
7	446	198	421	23	63	246	96	108	269	469	117	154	401	426	121	277	388	68	122	422	452	136	72	147	193	58	34	142	435	85	265	309	431	145	441	304	70	56	318	385	231	258	210	176	91	366	29	224	424
392	320	16	405	191	181	202	299	465	263	256	257	199	339	293	22	408	245	389	50	330	383	349	449	443	78	390	297	463	8	95	175	156	64	372	24	4	403	235	425	354	205	86	135	370	416	36	120	319	302
252	380	331	280	262	457	60	127	368	454	278	28	100	160	328	271	234	196	73	137	467	222	126	139	169	341	244	317	232	208	314	296	94	334	144	316	179	327	377	358	211	113	207	88	47	37	458	10	347	375
52	106	249	420	204	350	164	444	182	418	266	325	451	362	105	15	382	67	254	118	295	471	272	282	201	291	25	412	240	209	323	239	273	300	292	98	168	228	21	348	456	53	92	115	428	294	396	150	140	373
165	157	250	298	212	286	83	214	44	192	303	329	89	308	429	76	287	104	190	162	356	448	82	393	247	285	413	290	379	12	180	39	48	276	66	172	233	57	148	138	59	49	301	251	411	453	111	20	110	399
461	61	220	130	163	342	178	54	221	267	13	5	343	45	437	93	217	438	187	321	132	225	371	197	335	114	218	177	87	38	253	18	274	434	26	261	184	414	310	384	415	238	11	423	167	402	311	215	313	248
75	206	450	128	322	189	6	119	337	466	195	226	332	81	436	33	340	131	71	174	31	470	124	363	17	406	305	289	442	194	109	236	40	338	116	464	404	353	288	35	279	360	346	223	364	79	152	374	107	409
14	1	230	376	112	357	173	141	460	90	241	326	270	433	275	151	153	324	259	386	391	459	395	134	455	410	159	306	97	123	216	171	2	69	407	161	3	398	264	158	315	170	283	77	351	125	32	344	27	307
200	19	155	0	367	447	345	237	359	188	41	430	468	336	242	397	227	427	186	260	183	229	146	109	264	185	394	125	95	453	136	46	318	106	234	397	365	380	77	439	183	242	331	309	129	330	42	21	64	51
305	165	18	391	133	179	152	307	230	223	278	233	276	452	349	5	66	237	250	461	20	405	326	182	269	57	47	273	311	45	118	293	371	257	387	69	385	418	51	225	355	234	193	110	43	421	316	98	46	228
252	320	400	35	31	397	323	108	455	54	360	308	212	12	236	449	352	331	206	10	434	132	287	285	222	16	75	189	310	67	394	407	176	149	374	162	251	425	266	24	462	232	386	353	260	3	202	357	444	113
341	194	89	107	84	214	17	368	458	255	315	48	218	204	145	393	362	450	332	235	156	49	422	439	134	296	50	446	298	361	279	231	372	121	171	76	22	414	390	105	135	359	8	288	469	442	209	330	427	224
53	166	246	383	300	187	435	245	103	436	265	150	21	96	271	339	262	4	429	211	188	216	185	367	11	56	63	200	432	319	420	445	350	244	433	364	342	329	95	85	340	99	239	64	294	196	190	97	172	122
42	453	381	377	464	286	120	240	32	83	136	71	203	19	358	94	382	82	291	174	15	52	164	284	170	346	419	317	27	139	299	28	175	268	416	184	441	344	128	263	363	336	401	90	68	408	241	297	9	36
23	396	104	79	410	112	215	380	335	210	347	292	443	197	183	195	373	375	338	158	78	409	100	213	384	167	141	451	180	428	7	125	137	92	161	129	138	399	314	459	148	253	247	437	191	440	186	14	154	312
205	73	29	318	306	201	290	447	157	261	111	44	59	220	295	275	282	249	81	87	198	2	448	356	376	272	77	70	378	62	173	115	426	116	438	86	337	126	457	256	324	325	142	389	219	0	130	343	106	181
146	333	144	13	302	229	177	93	30	151	208	388	74	143	392	88	309	289	169	322	424	366	267	402	430	454	415	117	431	39	264	147	283	1	72	33	41	37	55	274	423	168	217	238	226	61	159	351	243	398
178	281	26	463	303	334	101	163	404	301	242	406	102	221	470	460	38	114	153	258	192	40	467	270	207	328	403	127	369	119	227	259	199	395	109	321	6	58	91	277	345	65	248	471	131	370	456	417	155	327
413	468	411	160	466	254	280	80	313	60	34	124	365	465	348	379	25	354	140	123	412	304	450	231	87	224	32	463	295	418	8	395	331	124	291	341	115	47	333	372	169	72	36	11	246	6	192	230	65	427
107	253	173	320	289	372	180	239	202	350	303	12	407	465	364	162	223	21	77	17	66	74	447	236	69	159	116	393	269	453	442	89	76	212	471	389	199	424	233	412	150	398	40	335	161	141	19	470	266	184
295	282	25	268	242	402	331	234	454	63	65	91	310	322	430	190	49	278	50	348	411	383	256	206	399	318	27	97	51	171	37	181	307	71	9	18	299	287	386	342	467	296	275	196	120	111	126	211	54	270
200	128	392	418	193	220	4	344	183	81	147	466	70	60	290	450	219	22	32	227	92	229	139	238	346	325	293	168	246	429	186	61	174	185	371	401	58	67	166	194	380	404	151	349	143	258	304	362	130	131
244	425	267	329	330	416	388	328	449	191	138	387	132	157	98	3	232	47	464	323	458	336	327	176	62	334	309	59	254	353	145	377	80	16	324	142	237	243	83	363	235	109	78	261	396	452	440	84	255	101
192	459	106	367	217	410	435	11	125	405	448	276	394	422	105	375	245	14	148	44	413	382	144	172	468	438	376	93	75	167	228	169	432	204	317	55	302	265	215	20	274	340	123	72	208	397	5	461	88	355
321	446	301	201	338	379	56	82	218	112	1	146	343	39	95	365	434	127	286	231	400	175	361	260	381	373	42	428	414	134	437	409	79	152	154	41	213	163	29	247	108	455	445	264	86	113	271	165	368	35
297	43	280	160	137	248	64	121	463	8	469	341	408	285	24	283	96	13	385	251	262	306	164	313	259	403	203	443	249	149	352	133	273	182	378	48	31	406	68	456	114	272	370	73	36	426	222	316	240	354
2	391	30	433	284	351	444	115	441	155	326	300	451	216	187	210	369	179	279	221	45	431	209	0	415	460	308	52	15	33	421	314	7	136	28	358	277	26	319	119	135	158	332	188	263	195	339	85	118	94
356	420	288	257	110	46	38	281	366	156	205	292	347	189	462	207	384	53	390	294	250	99	10	140	374	345	153	419	395	333	427	311	129	298	23	291	360	214	100	102	305	117	34	124	312	57	417	122	198	170
315	457	104	230	357	439	197	241	436	359	423	225	337	6	252	178	224	177	103	226	87	90	234	327	150	135	56	314	417	336	216	264	328	240	206	268	63	383	127	17	422	41	298	18	312	188	168	66	308	191
127	205	41	349	44	366	129	78	130	446	429	222	333	281	361	77	208	451	307	98	287	100	350	62	212	436	108	343	61	447	233	104	384	215	207	463	431	425	152	282	275	322	3	188	136	15	148	467	421	214
117	18	390	300	337	388	125	445	29	272	336	138	410	418	315	235	165	190	81	359	417	55	7	311	316	141	27	166	144	262	219	74	24	455	70	404	110	209	193	72	291	411	157	93	30	191	332	200	402	180
434	356	458	88	26	97	134	221	16	5	80	317	299	352	185	128	280	438	285	320	377	175	364	114	416	66	419	143	341	111	330	90	259	277	373	119	252	213	401	367	177	244	331	293	68	460	120	20	278	238
37	124	229	248	173	284	258	269	202	76	73	39	267	288	254	156	369	256	398	28	470	461	462	1	176	230	45	38	241	294	85	380	174	12	186	335	179	440	382	456	132	469	426	155	51	338	370	11	298	340
109	31	195	83	14	430	198	245	413	276	457	32	389	149	67	206	168	342	246	268	471	102	253	289	466	357	171	79	423	270	145	392	386	375	204	223	56	439	58	394	240	264	199	228	225	86	43	318	243	217
151	154	329	273	236	263	345	325	433	465	453	302	201	274	242	237	464	295	290	48	344	286	107	118	304	192	326	255	266	82	358	432	360	40	454	324	397	137	25	226	167	309	106	63	123	105	306	308	301	271
112	33	231	355	328	408	8	89	178	87	35	319	450	158	427	54	313	153	260	247	261	224	135	376	203	409	189	232	393	57	250	160	121	95	346	94	251	435	428	211	452	22	297	399	339	184	92	9	403	305
113	4	234	303	71	444	420	122	239	46	362	50	10	115	23	21	131	327	257	139	415	468	249	163	265	379	69	406	116	159	279	323	84	170	220	448	396	42	347	296	283	449	310	381	162	6	2	91	351	334
194	96	414	147	181	321	172	126	17	353	64	140	405	47	372	196	312	19	187	443	354	368	75	182	391	400	437	407	378	103	395	422	150	101	60	210	387	371	49	374	133	13	52	314	459	59	0	34	65	146
99	161	385	197	348	442	227	218	164	441	142	169	383	424	412	36	183	53	216	363	292	365	443	351	346	174	324	30	134	457	20	316	431	266	382	184	468	469	157	150	247	129	198	41	235	257	268	254	421	331
368	28	226	358	320	224	98	84	352	37	4	369	87	152	23	269	133	80	128	215	303	140	396	293	170	470	103	433	26	324	414	166	400	209	219	363	349	450	179	447	157	355	36	9	325	217	317	296	394	143
176	297	259	379	177	339	253	428	201	136	255	66	164	360	193	200	263	64	146	51	173	107	274	210	267	181	35	195	305	466	108	59	422	221	315	277	330	309	459	53	419	19	106	243	372	69	391	416	33	198
155	432	89	10	233	431	65	455	454	56	465	79	131	142	185	399	417	174	138	55	453	430	153	132	129	139	178	445	310	423	376	25	440	347	101	232	134	86	393	281	467	266	319	446	114	311	341	189	458	304
202	265	338	356	74	397	123	429	42	39	211	125	441	452	137	270	257	332	60	286	421	261	187	398	389	236	212	75	468	30	127	112	199	192	208	388	365	58	408	225	149	78	284	2	469	287	109	7	343	117
351	180	186	67	413	434	121	95	411	77	82	165	172	268	364	301	442	48	290	333	404	213	306	456	124	426	276	312	308	220	144	197	438	183	216	94	382	354	381	252	1	231	254	295	70	126	279	119	15	194
370	115	11	156	462	207	282	100	294	90	12	154	427	182	50	344	377	318	463	273	471	275	52	234	328	8	409	460	313	104	242	380	145	206	435	248	251	314	171	378	150	384	20	444	105	299	367	41	13	161
