2,0
408	43	329	302	175	354	568	244	157	27	749	578	260	774	351	587	45	678	167	712	34	600	562	577	131	292	188	68	218	473	52	558	452	721	194	172	550	532	695	92	280	223	217	625	598	613	235	64	197	399
333	518	104	322	381	196	303	242	163	252	519	762	732	276	94	415	708	211	116	489	383	85	570	152	254	305	230	776	284	538	417	494	411	31	271	639	307	140	491	546	439	592	564	121	684	341	632	192	143	576
475	304	413	703	617	631	637	445	124	191	298	262	615	173	483	536	402	448	510	654	240	171	57	467	525	193	450	39	616	190	233	203	100	183	80	12	84	602	573	349	478	295	181	35	438	759	375	429	626	633
30	760	405	78	132	693	571	522	437	323	264	335	384	665	765	725	277	667	220	161	443	431	237	120	222	195	294	7	737	179	1	547	487	102	442	272	635	697	672	636	293	33	126	500	60	469	628	679	403	674
514	311	753	586	6	559	386	56	581	650	508	440	142	441	451	690	428	47	261	539	22	714	345	619	572	717	169	153	285	318	763	309	537	418	699	274	115	499	466	315	24	604	740	65	595	76	549	176	358	20
560	16	701	711	565	379	492	202	495	69	685	97	407	414	777	96	476	273	151	398	299	588	110	278	21	482	456	72	396	479	105	481	611	748	91	741	228	259	334	675	449	300	410	458	400	683	511	580	513	444
257	133	282	231	236	109	507	372	710	238	651	296	623	229	107	253	70	378	390	736	517	141	614	726	374	567	118	154	629	88	751	575	136	50	114	484	457	649	698	241	245	520	98	215	548	166	488	709	83	754
731	61	146	738	367	249	59	424	3	553	370	485	164	609	599	139	119	497	210	11	544	266	590	28	129	279	317	10	81	593	387	178	306	705	108	463	730	702	742	648	392	524	111	621	14	214	425	327	160	769
26	669	728	184	462	99	706	419	25	509	29	389	585	326	603	49	643	569	336	724	761	727	435	582	743	343	563	312	159	37	66	205	680	666	226	353	130	289	433	148	601	301	716	174	227	447	149	212	101	772
287	664	771	75	332	225	504	147	744	23	686	113	688	501	634	308	735	778	177	775	365	155	644	673	38	361	224	584	715	692	656	486	170	566	339	63	377	752	661	219	248	325	671	676	138	460	58	162	2	208
250	687	87	426	477	531	391	660	505	275	348	199	106	596	198	17	638	281	352	767	739	359	187	207	165	529	700	269	605	288	612	251	512	36	394	297	19	310	267	112	541	291	750	189	247	5	555	145	471	204
682	704	397	316	432	594	533	362	641	718	127	561	620	663	314	423	331	552	404	474	368	579	658	42	388	117	493	270	324	647	0	9	55	618	713	455	723	319	385	556	770	434	18	610	746	186	86	622	503	46
168	681	221	436	642	766	646	258	137	330	376	454	158	180	521	32	150	263	103	347	551	540	350	516	745	213	465	206	773	542	255	412	328	583	346	427	659	768	607	421	470	627	459	373	48	755	506	589	694	82
355	95	446	67	608	534	422	380	201	357	128	144	401	209	286	498	268	90	41	722	337	416	234	366	53	243	79	51	526	696	338	340	515	535	640	677	557	313	554	232	707	591	185	764	62	480	624	523	662	597
246	134	655	461	360	290	182	364	719	720	4	645	44	472	468	135	430	657	729	756	71	630	464	734	15	393	216	74	668	758	606	406	747	93	530	283	543	321	652	89	670	342	653	382	409	13	453	77	757	691
689	200	545	574	122	363	344	54	395	239	356	528	371	420	502	40	490	256	73	8	496	733	156	123	369	320	527	125	265	677	345	212	225	635	364	361	384	315	35	328	632	291	344	545	658	44	404	120	655	633
539	216	154	351	132	210	272	190	76	28	225	174	481	558	578	519	447	136	286	356	672	385	695	570	0	47	569	441	715	16	236	686	676	528	357	388	538	237	175	689	176	658	574	479	678	326	56	696	726	25
361	716	487	688	546	632	647	105	477	151	756	296	27	468	168	329	590	493	195	740	370	508	160	145	189	588	192	532	330	263	230	366	424	22	752	297	52	182	729	68	739	755	240	152	728	619	561	629	625	294
302	321	690	680	141	482	340	692	328	97	720	667	641	352	489	413	197	542	452	372	20	362	332	250	434	433	298	183	223	492	389	49	80	392	623	114	96	721	727	115	403	299	603	241	503	317	474	169	359	754
395	745	33	207	484	224	13	467	150	646	463	293	78	531	743	747	383	166	659	628	70	53	116	656	368	191	316	172	582	494	137	735	524	103	219	630	548	232	110	587	77	476	464	398	127	130	555	730	342	98
426	478	458	341	245	196	541	215	530	331	713	121	466	643	384	282	249	534	42	736	48	234	710	584	153	773	173	498	179	551	58	324	510	436	18	38	269	681	685	595	111	75	262	305	573	592	443	311	228	360
575	264	499	17	526	454	285	722	15	460	651	509	699	90	386	50	5	252	199	657	63	507	580	609	427	347	579	723	639	211	604	140	131	544	119	270	292	724	697	749	163	430	511	719	777	712	420	295	679	404
184	552	128	104	449	41	775	767	146	627	515	504	313	741	188	565	522	616	597	462	257	500	682	343	543	222	134	655	74	549	288	423	733	212	776	714	666	194	203	431	387	345	589	281	693	622	89	556	410	665
506	634	401	208	113	9	529	365	762	636	71	650	349	248	273	8	65	243	133	778	545	668	450	94	375	162	181	469	309	644	514	11	108	4	390	652	120	378	310	43	314	505	57	645	419	675	44	617	687	661
88	765	158	648	497	301	631	32	201	177	287	93	540	371	339	315	363	69	380	291	23	694	708	109	19	585	39	209	602	318	157	711	125	135	475	364	333	757	601	36	167	202	393	620	416	583	725	256	187	717
247	246	527	1	290	217	144	275	768	66	391	566	258	382	432	705	439	691	35	284	731	746	608	259	306	319	486	37	40	748	85	501	171	34	180	7	653	637	26	409	633	612	520	126	72	553	54	99	742	453
435	67	451	591	605	455	30	446	358	471	155	12	142	547	405	271	84	567	649	428	101	355	10	327	265	521	46	81	3	73	624	374	606	320	55	684	557	323	496	261	537	147	417	662	338	706	353	322	138	260
737	14	554	402	759	480	100	82	535	95	571	117	238	394	379	581	266	525	354	165	397	758	279	674	226	381	83	300	334	598	185	227	123	495	465	766	91	523	461	60	400	707	611	610	764	233	412	709	373	517
614	6	442	254	418	763	107	376	186	670	594	673	744	255	304	239	149	663	24	31	701	621	562	642	229	751	445	148	470	437	344	638	760	607	473	231	488	64	377	251	122	677	613	572	600	369	406	718	348	308
399	448	698	577	29	599	143	307	87	51	615	220	518	61	683	213	669	485	769	312	335	536	277	86	367	429	703	635	235	438	576	702	516	550	459	112	408	626	414	771	563	118	738	700	276	660	325	337	206	456
618	421	45	164	129	283	671	593	444	596	336	761	640	218	159	268	161	415	156	425	586	559	170	124	200	198	79	502	139	303	59	568	280	242	193	560	346	750	512	457	704	106	483	411	513	102	564	734	491	253
472	267	440	490	753	770	214	21	62	396	274	205	221	244	774	772	664	533	278	407	92	178	204	289	2	422	350	732	654	530	228	1	705	607	124	541	449	117	290	551	217	620	494	760	275	737	724	25	58	747
356	78	680	53	308	661	740	617	4	341	242	256	423	359	250	673	361	180	514	648	776	655	580	374	453	397	647	717	442	157	170	526	114	666	194	64	605	198	663	119	622	765	257	535	47	609	235	576	430	551
624	147	280	444	415	616	449	111	10	20	299	546	93	225	158	458	333	737	563	166	636	91	696	110	579	550	424	39	398	702	695	513	144	328	276	670	146	192	132	345	538	241	69	578	29	764	471	602	760	496
168	297	46	17	777	136	637	607	778	94	395	301	141	606	88	456	332	176	139	483	472	21	96	734	188	665	18	755	148	555	583	156	371	523	271	644	530	365	462	354	446	615	215	421	376	713	222	433	131	652
260	668	728	476	706	601	72	682	705	697	638	653	399	321	296	330	237	77	128	464	532	517	60	418	274	610	400	353	221	518	497	488	698	564	736	686	335	684	676	163	129	293	761	485	113	177	489	566	66	294
729	251	436	346	89	443	630	559	470	40	100	278	385	86	770	281	426	368	634	224	16	261	463	283	124	193	721	287	362	36	437	133	117	407	291	529	63	689	52	108	205	595	474	329	393	567	733	572	651	720
582	255	253	309	628	154	105	208	187	543	451	313	74	38	396	468	420	81	411	338	316	184	135	226	13	587	577	358	432	700	218	391	199	298	272	515	137	76	373	364	318	49	344	127	182	681	123	240	210	565
710	305	667	389	367	82	310	416	762	172	401	646	773	510	384	747	422	2	169	537	288	585	245	688	323	561	588	351	109	678	692	355	722	59	429	392	254	498	461	502	419	243	508	525	490	730	445	349	775	70
752	719	732	410	200	234	220	19	268	704	544	553	683	99	116	363	455	357	613	290	484	173	772	491	632	589	414	494	84	598	179	3	85	209	522	340	650	531	101	34	286	654	339	231	744	413	92	408	754	562
614	1	454	334	122	388	727	379	427	174	56	140	149	317	599	486	745	203	32	125	482	303	57	120	693	649	540	30	679	196	431	153	369	492	314	41	394	600	527	739	703	751	279	509	597	743	545	7	708	42
621	44	656	322	325	478	175	493	98	714	675	285	212	185	24	289	635	477	521	270	87	390	201	460	102	750	97	709	106	554	190	699	548	459	549	687	155	50	171	58	130	718	14	741	6	516	207	441	348	178
145	71	735	95	685	336	753	186	592	266	591	238	533	300	73	11	248	227	161	228	757	519	694	547	604	409	774	662	51	258	593	524	103	315	232	466	749	326	381	246	434	742	412	500	505	0	35	690	711	439
343	80	440	306	405	372	641	352	282	68	142	83	214	377	62	48	126	307	331	487	219	366	162	378	292	450	769	104	402	143	581	202	435	501	195	380	495	660	560	236	31	383	360	152	674	573	275	230	499	541
9	26	618	672	204	511	327	643	575	539	262	465	608	277	79	475	425	691	302	568	43	569	448	247	669	165	469	387	121	65	657	5	452	447	15	189	625	25	645	206	337	771	768	45	723	677	479	504	324	767
481	183	707	320	552	22	75	229	659	259	766	640	295	467	584	244	633	586	534	164	438	619	664	507	746	319	107	542	556	571	642	150	570	167	715	90	594	55	375	536	181	382	27	590	480	213	731	151	159	311
520	191	12	217	347	417	312	629	216	211	716	112	134	623	457	758	197	284	763	712	603	528	473	264	658	506	115	54	759	748	406	503	611	252	726	724	386	620	67	342	512	269	756	61	725	557	233	267	574	273
28	350	404	263	304	596	626	738	631	8	370	118	558	33	138	428	223	612	23	701	403	249	671	627	639	239	265	37	160	552	363	207	245	655	16	79	326	693	385	663	760	34	538	97	344	166	483	609	715	264
758	515	371	377	430	238	135	414	106	163	449	605	407	628	412	141	325	674	66	231	477	31	226	661	357	776	733	550	189	221	358	272	523	720	81	181	84	29	155	642	56	374	150	342	166	415	723	58	483	568
112	124	196	109	489	471	180	601	592	422	634	545	49	9	777	635	277	248	2	90	298	361	363	297	372	314	161	309	133	463	427	51	8	33	772	658	311	236	572	740	168	44	278	48	338	319	114	344	416	654
322	366	455	296	505	643	464	482	575	65	266	195	478	560	389	670	19	714	300	32	140	774	80	583	668	677	97	698	728	735	721	152	629	596	428	228	689	566	538	3	429	587	35	480	707	170	486	204	516	308
495	310	662	488	129	737	294	330	467	652	328	398	369	563	553	569	60	241	653	773	748	268	162	399	370	640	91	185	186	247	432	693	594	534	490	768	533	63	695	209	745	95	6	4	385	395	767	368	194	616
539	710	213	197	778	694	82	461	224	157	591	339	667	610	577	769	173	5	193	258	755	384	198	108	559	457	93	94	555	499	154	651	160	678	436	641	345	441	513	585	239	507	682	645	287	64	380	636	438	565
413	21	254	709	356	381	50	30	742	452	317	267	493	524	529	270	765	763	190	184	531	638	223	47	71	188	760	719	382	244	243	262	445	164	435	681	291	690	620	364	673	706	573	237	156	408	453	468	378	177
446	764	340	38	626	235	153	210	660	729	632	214	665	747	615	10	37	199	373	404	323	55	462	110	260	470	22	126	703	622	116	712	41	526	708	546	571	128	692	52	40	72	584	514	671	450	722	246	465	149
599	700	511	454	627	283	346	175	766	527	738	770	27	151	67	306	336	69	663	541	402	458	201	506	576	348	286	146	54	68	727	139	57	125	367	96	307	443	205	558	623	349	376	251	85	715	143	203	34	540
686	391	347	542	121	444	20	761	409	617	98	284	741	15	17	518	293	420	324	289	341	672	88	216	249	147	423	253	87	127	327	46	118	657	497	612	302	696	498	757	502	439	597	285	752	659	18	192	530	442
704	619	687	475	255	469	263	609	250	73	459	487	669	78	12	473	159	0	275	77	59	666	43	581	536	697	355	713	397	600	165	675	472	144	218	570	521	303	217	561	393	630	62	70	726	528	410	123	593	736
417	212	24	702	751	256	171	183	353	365	598	639	590	103	557	83	113	447	375	115	603	406	265	359	743	331	732	122	582	621	739	676	101	200	75	532	316	245	334	718	437	485	492	544	644	519	136	606	132	460
481	574	756	637	120	229	176	512	725	679	701	318	292	613	604	39	259	431	543	440	202	388	762	552	503	649	215	13	655	754	111	403	232	392	25	564	771	100	337	466	211	744	390	425	724	618	208	699	451	207
535	138	731	315	608	119	312	517	174	261	631	691	102	45	362	611	520	11	396	433	264	510	321	537	554	705	86	549	99	53	290	476	74	335	148	578	749	421	105	107	276	142	167	354	607	222	227	320	734	448
351	26	92	614	274	716	299	1	61	683	23	383	104	379	551	586	326	187	650	343	332	730	273	313	456	295	418	504	405	220	424	684	547	419	281	305	386	206	279	387	179	269	491	89	329	137	508	182	117	775
234	579	130	588	240	685	242	711	494	131	230	360	79	589	717	759	624	172	76	479	646	288	426	134	14	42	509	602	301	656	562	522	548	496	434	688	257	280	647	401	567	352	233	225	746	252	595	680	525	556
28	333	271	500	169	753	400	282	304	633	750	145	664	501	625	580	178	350	191	411	7	484	16	158	394	219	648	36	474	622	263	399	255	324	168	30	9	145	535	392	149	348	170	487	125	443	202	714	549	632
297	644	626	475	1	648	676	51	65	681	105	763	18	196	741	535	614	387	41	576	611	749	639	679	574	680	439	357	750	189	338	103	730	361	597	179	665	630	159	743	307	585	17	326	202	276	550	484	37	457
685	258	678	699	182	301	344	239	372	4	638	332	459	101	279	532	330	85	367	501	683	299	320	221	84	377	371	460	187	740	727	300	343	658	555	323	382	356	20	288	528	173	427	145	707	329	479	384	624	364
420	121	433	736	271	541	193	589	317	568	769	697	287	163	45	91	67	773	116	524	98	262	66	252	69	113	502	724	723	5	508	566	222	608	266	607	294	747	402	521	308	456	500	216	199	720	469	57	368	529
33	573	194	462	458	425	661	510	412	492	171	8	94	223	775	732	695	642	602	35	733	442	339	47	391	342	599	423	451	407	476	463	175	10	170	246	441	708	774	587	601	488	719	349	68	43	40	152	662	632
46	447	496	653	31	106	742	362	726	431	474	263	670	251	331	419	108	118	218	204	738	526	617	525	237	211	613	594	516	310	422	144	682	691	75	21	543	523	248	314	586	704	725	440	298	269	115	149	134	227
309	231	591	544	622	538	760	754	434	540	530	156	522	316	583	677	717	176	79	234	436	206	375	533	539	656	713	744	633	62	28	418	596	172	593	76	22	102	333	722	448	123	302	582	265	376	192	700	127	628
728	53	770	694	673	165	506	6	341	150	595	200	487	374	188	762	212	627	355	437	363	393	449	11	686	416	718	245	63	652	347	504	346	226	527	392	61	370	209	318	692	509	99	64	709	190	97	122	687	255
605	751	219	778	752	493	120	547	536	32	643	83	136	394	71	203	19	772	350	737	82	400	174	654	250	52	688	405	534	641	139	413	284	336	580	184	610	128	515	696	90	480	324	575	241	758	9	36	23	637
335	112	215	414	305	721	210	560	650	454	625	495	197	315	183	353	195	546	616	519	698	78	471	100	646	213	556	167	141	603	494	180	507	7	125	590	735	92	358	161	430	129	388	604	618	138	567	634	461	60
296	765	148	253	247	58	390	620	191	359	432	0	378	186	303	337	14	542	154	491	205	73	399	29	558	517	664	756	578	482	745	201	771	410	581	157	261	415	111	385	44	59	499	220	295	452	429	739	275	706
623	282	663	81	675	198	2	155	177	561	272	77	70	259	551	126	453	396	635	80	486	671	767	325	498	645	130	146	564	13	93	657	151	600	548	74	143	563	88	289	322	366	443	267	468	481	571	693	397	579
117	712	424	666	283	513	72	545	621	715	426	631	55	217	505	438	351	243	398	178	281	26	672	334	404	609	761	406	472	612	647	114	660	552	734	207	328	403	490	759	395	109	321	518	655	277	577	304	467	640
485	473	327	140	690	160	537	254	703	651	592	572	757	124	701	348	25	674	293	260	450	636	24	497	489	313	208	619	228	240	435	549	569	235	446	470	464	104	629	285	417	554	360	233	133	512	373	753	716	42
764	465	369	244	15	570	50	30	142	455	153	557	520	731	306	478	689	466	242	268	48	444	379	746	354	87	710	669	168	162	238	49	477	169	606	273	312	649	164	147	411	401	95	684	408	110	381	230	748	319
224	365	421	280	229	270	768	89	12	345	16	340	39	702	503	553	659	132	214	777	185	776	264	166	27	729	96	278	711	3	667	249	107	292	705	137	232	755	236	380	135	131	274	181	562	409	257	565	158	256
291	559	445	38	766	615	714	34	584	119	56	668	598	511	352	383	428	483	386	588	389	290	286	514	311	54	86	531	225	660	710	261	186	546	354	756	270	596	480	762	150	479	694	19	499	77	674	128	322	567
241	276	347	370	374	695	624	509	29	648	302	342	349	223	136	422	501	353	772	460	90	289	751	198	219	693	401	707	16	240	310	425	535	440	746	603	709	595	581	268	470	639	235	590	517	578	80	591	645	492
609	597	430	551	555	775	567	236	427	381	582	589	336	104	731	77	246	245	455	558	612	212	486	442	466	541	593	317	354	611	229	627	653	328	259	273	193	28	321	41	180	622	207	683	127	376	613	565	469	186
315	669	359	166	12	108	682	204	449	157	243	744	585	559	694	617	661	651	266	97	68	523	221	633	445	267	556	100	702	188	14	311	148	288	467	672	202	408	496	286	735	225	614	79	253	305	56	769	366	174
678	723	628	209	156	74	540	333	518	488	748	727	76	573	530	31	616	327	39	107	532	389	657	264	405	301	355	647	82	332	412	434	641	719	548	363	125	584	83	263	515	654	331	754	362	623	106	63	756	643
439	297	217	534	579	485	544	112	33	572	725	294	128	502	201	545	604	8	726	356	137	89	608	665	143	481	178	476	141	490	66	87	35	351	499	158	319	54	640	588	494	561	274	382	224	78	421	576	527	203
383	303	378	431	86	67	610	650	160	390	95	270	739	395	335	298	211	388	738	671	420	704	316	472	386	666	71	680	480	549	46	308	398	10	115	406	607	552	438	634	324	621	249	681	599	468	505	456	116	397
619	84	762	220	344	325	701	296	670	345	162	483	542	91	391	755	435	752	765	457	17	712	140	47	196	312	19	528	340	75	182	103	150	722	519	491	471	743	437	667	314	59	699	575	65	745	538	546	368	348
685	734	164	142	618	615	637	53	713	749	252	570	606	272	176	5	658	464	724	191	3	313	684	81	574	715	291	121	587	454	696	18	721	323	742	284	4	329	424	664	377	659	557	226	387	409	394	159	605	181
537	465	564	462	30	43	23	720	255	251	279	443	568	543	428	458	149	403	200	625	92	135	507	11	482	88	20	521	547	514	271	232	44	168	602	417	257	620	436	698	72	419	237	258	626	763	339	692	463	117
52	418	216	451	477	369	632	126	668	293	337	716	400	234	372	129	55	222	299	415	24	644	113	132	679	766	248	283	57	167	497	151	529	673	360	208	662	553	261	700	190	210	510	187	688	506	416	500	631	346
122	114	411	652	733	69	533	124	25	774	703	199	592	539	73	508	441	583	718	560	228	130	250	423	61	461	49	307	493	384	475	447	282	730	393	758	300	147	99	402	306	396	2	655	571	152	161	687	40	239
513	656	131	9	256	512	109	516	326	691	728	206	34	520	26	38	96	629	154	165	265	15	277	732	524	562	536	320	238	262	118	70	373	404	740	736	231	498	474	750	600	459	290	98	21	407	123	93	413	747
757	146	37	446	660	636	586	594	138	119	711	717	352	45	278	36	280	27	169	410	13	358	1	173	177	111	525	473	213	768	242	189	318	85	139	343	50	183	761	550	144	281	484	771	526	145	429	330	192	522
649	729	638	185	705	646	710	260	254	194	675	295	563	479	580	503	448	450	367	511	778	184	32	6	269	577	426	215	247	375	770	489	62	230	598	227	322	102	153	233	635	630	741	357	674	690	759	338	105	0
163	42	569	385	380	663	304	134	453	285	214	478	504	452	444	554	767	773	531	495	642	753	101	171	197	350	689	341	60	51	287	686	708	64	218	414	244	432	22	94	371	364	706	133	175	776	777	361	195	292
676	714	399	365	309	566	760	110	155	487	120	179	170	205	58	172	48	7	677	764	697	596	275	433	392	737	601	334	379	28	471	567	562	170	147	468	767	183	525	124	724	651	602	194	653	48	100	752	195	710
491	580	210	593	312	302	194	257	414	314	217	484	175	487	236	422	289	451	13	497	361	624	127	93	208	531	252	664	663	168	365	723	91	82	79	420	660	579	666	308	584	338	204	558	70	164	218	778	407	118
409	655	406	339	537	90	277	360	203	769	652	551	138	187	363	73	418	343	212	181	228	408	581	568	510	402	247	425	599	475	768	715	761	116	56	53	770	445	733	691	776	738	499	157	674	11	158	495	394	49
700	562	15	255	250	331	241	268	27	299	667	630	477	10	716	111	389	385	694	702	371	620	404	207	64	192	209	545	767	7	679	683	364	285	2	103	388	464	481	373	646	322	133	657	634	650	564	740	396	773
758	273	386	124	449	724	44	547	226	300	240	528	84	165	344	97	100	183	611	530	670	76	372	222	46	368	325	605	500	430	479	332	729	429	23	771	682	576	306	529	369	759	14	334	567	455	297	486	570	269
777	638	391	86	33	293	454	378	701	95	648	654	501	121	617	574	102	456	621	98	398	548	625	522	85	766	704	392	72	742	178	195	155	359	627	43	3	278	283	249	452	476	751	447	327	265	377	328	282	96
19	185	718	319	350	315	301	690	171	35	55	540	717	83	755	47	432	45	616	549	535	366	6	685	51	163	592	225	69	631	712	726	292	305	496	109	640	256	244	304	28	756	145	358	439	532	37	645	649	516
216	503	426	25	229	412	571	735	504	180	354	514	142	106	515	444	318	81	628	658	689	609	94	494	410	602	153	200	156	303	763	466	538	688	597	745	513	747	123	413	728	274	189	356	448	362	485	39	511	346
92	739	706	214	490	104	221	659	575	294	416	170	727	62	643	66	107	61	596	298	279	307	588	651	542	764	641	668	352	610	693	541	0	459	182	736	162	757	710	583	141	492	601	555	453	427	699	615	261	173
290	594	260	254	262	169	335	585	421	401	467	489	245	606	128	355	134	9	38	744	341	696	132	765	552	589	661	4	713	353	613	633	146	374	590	68	395	198	26	120	626	22	57	29	140	470	232	607	572	206
434	253	63	284	333	188	21	177	483	1	276	197	87	623	152	569	110	440	754	311	553	309	89	556	518	191	384	722	101	457	40	215	441	258	635	337	48	174	230	468	411	526	399	160	669	774	737	131	271	148
242	233	598	565	563	675	75	287	465	618	482	709	135	32	201	578	393	370	36	248	725	190	730	527	734	80	460	431	246	714	224	150	239	34	272	505	251	653	502	329	619	313	546	223	340	708	450	509	473	205
520	139	267	692	753	143	632	591	336	151	231	678	539	676	129	108	582	41	351	136	719	113	705	603	387	741	65	642	119	474	403	435	543	286	446	557	234	512	184	644	671	8	219	381	595	291	544	147	517	600
695	636	639	323	310	521	461	144	105	54	673	707	698	400	243	31	721	130	320	202	375	681	166	559	637	18	662	506	419	122	731	488	561	752	270	88	604	213	608	211	443	775	59	238	397	743	524	577	275	321
586	472	519	161	227	711	345	266	665	469	326	463	281	405	680	686	367	99	536	677	720	498	71	656	12	760	20	508	357	176	390	179	746	342	220	172	566	330	534	16	533	114	382	196	296	750	235	614	259	193
749	159	423	647	554	684	493	697	424	280	74	349	379	437	347	42	433	415	295	417	316	125	199	24	137	438	612	186	126	60	772	115	52	154	58	550	288	428	587	30	383	471	112	462	117	573	672	376	458	17
762	149	78	317	703	732	263	629	622	436	442	67	50	77	507	525	5	480	560	748	687	324	478	264	167	380	237	523	348	644	703	181	135	229	585	684	473	404	104	461	290	199	72	250	469	331	720	778	210	355
602	471	747	346	271	647	383	433	250	742	521	388	523	727	453	82	584	306	639	345	662	606	543	441	295	527	593	704	165	636	654	628	299	314	370	615	667	709	166	427	514	246	141	699	559	444	753	623	327	771
701	446	172	533	237	113	398	478	361	193	497	385	93	617	610	526	454	547	277	126	498	445	284	426	495	658	425	652	281	356	104	136	542	290	140	750	504	412	240	386	506	117	470	391	415	587	460	627	320	92
121	694	417	484	759	573	416	571	641	364	174	110	259	51	249	482	43	397	337	541	304	720	588	634	487	23	296	690	494	244	575	604	194	310	680	354	65	431	674	579	419	473	387	755	131	146	476	679	718	363
260	59	16	758	147	188	438	664	201	224	697	230	651	4	725	285	294	191	196	544	450	18	175	513	707	591	171	22	239	430	330	479	156	511	620	238	447	11	347	467	303	135	529	203	227	8	358	456	675	432
649	178	145	418	32	738	687	630	393	481	26	578	186	519	437	177	50	129	30	668	568	469	70	245	33	739	399	153	220	204	607	722	38	420	666	158	429	535	719	705	440	457	765	89	264	62	550	114	94	558
362	650	483	673	556	569	72	545	724	390	565	0	257	269	439	288	524	248	214	273	728	531	717	130	640	676	698	13	379	551	689	368	289	25	741	669	395	265	29	665	212	28	326	474	657	384	96	632	155	209
359	123	567	380	661	749	458	663	693	173	37	329	328	349	501	382	708	745	152	218	242	423	228	618	45	34	41	247	401	302	231	118	585	435	436	119	570	211	555	83	235	66	492	31	508	611	477	553	232	409
643	54	297	500	520	756	374	222	283	561	449	405	518	55	626	360	322	369	208	348	631	729	681	466	47	700	512	122	576	255	1	733	537	396	434	472	549	706	517	757	540	309	373	378	422	84	256	534	300	732
90	715	406	262	154	67	199	609	499	180	403	653	103	763	577	99	528	157	2	159	656	464	149	80	120	614	712	287	562	421	734	598	207	263	40	748	75	333	132	319	671	6	392	128	488	3	274	774	268	176
261	163	743	536	442	726	88	292	775	12	280	468	267	15	711	95	325	187	35	530	183	582	44	510	389	52	605	696	509	744	334	293	179	480	376	381	108	111	353	73	586	216	736	746	721	49	223	115	266	402
307	71	703	560	14	646	69	622	621	301	276	200	525	133	58	205	710	225	522	367	164	778	109	318	638	684	106	134	60	754	612	7	215	197	769	428	490	316	311	731	411	10	407	241	539	777	491	596	317	21
85	168	344	452	17	600	332	451	608	170	189	616	682	291	254	424	581	107	313	39	583	190	648	737	252	404	692	167	475	286	574	76	355	234	206	251	599	78	448	298	305	339	226	597	210	635	516	9	357	702
185	761	219	548	100	716	683	101	394	595	68	461	64	308	633	217	148	48	341	502	270	624	773	465	74	377	202	713	127	723	124	408	496	233	36	776	79	678	350	221	642	546	184	150	81	629	24	335	213	352
655	637	371	572	365	20	116	169	601	336	730	455	151	143	102	338	486	195	105	181	125	161	489	552	677	410	644	691	686	751	672	315	695	323	515	485	272	87	46	760	63	198	566	321	343	659	138	351	253	660
366	414	162	340	282	645	112	714	685	766	590	278	772	580	258	462	144	768	459	564	57	764	160	77	625	98	400	375	613	507	594	443	619	312	563	413	735	142	463	5	770	557	493	324	27	752	554	532	740	589
372	91	505	56	592	342	229	243	538	275	762	603	97	279	137	331	53	192	86	767	670	236	503	42	19	688	139	61	182	341	334	315	596	540	464	317	655	14	477	242	680	146	727	29	483	99	707	714	355	209