2,0
59	5	20	121	52	19	187	55	69	2	111	10	75	132	120	63	117	78	105	149	147	165	61	119	87	95	134	1	47	167	154	39	76	170	35	83	189	138	46	127	185	7	26	160	58	72	101	194	56	80
24	43	99	146	21	60	98	70	173	49	180	102	151	91	90	68	166	110	67	66	116	38	191	188	174	114	81	161	186	41	32	162	48	25	53	103	17	128	51	14	82	84	179	29	3	23	144	183	37	184
159	182	45	129	97	109	42	193	79	155	172	136	163	12	112	11	22	106	85	143	6	124	130	150	145	104	34	169	108	50	131	181	142	4	133	44	96	171	28	135	148	175	71	118	152	192	137	74	177	94
168	93	18	27	36	57	31	65	140	89	158	30	86	92	141	126	153	13	77	176	178	33	62	122	107	88	54	139	100	16	115	164	40	0	73	8	190	157	156	123	113	64	15	125	9	22	138	4	157	118
97	121	133	84	146	76	157	124	27	22	49	52	175	30	192	66	53	142	69	191	123	176	55	65	9	171	31	109	167	45	72	193	33	104	17	135	95	170	187	47	32	180	113	168	75	18	153	102	21	42
24	48	43	150	7	115	92	44	93	20	172	188	166	64	185	54	68	148	116	189	156	100	29	140	79	19	85	141	130	154	137	12	127	5	112	186	73	78	106	0	39	138	162	4	110	132	86	16	159	151
136	155	56	152	36	125	128	105	101	107	38	70	173	37	177	145	6	40	143	194	77	13	51	149	131	2	91	1	94	118	80	88	117	147	96	114	190	89	98	183	83	126	122	163	103	144	59	169	3	60
63	134	74	46	139	119	161	11	164	58	28	129	23	61	10	81	158	120	174	50	34	108	57	178	181	67	62	179	165	111	35	14	87	71	160	8	26	90	41	184	82	99	182	15	25	130	175	27	184	64
89	188	0	39	13	187	40	125	109	175	142	117	167	17	143	11	94	72	102	33	155	90	35	126	16	63	158	66	127	24	38	61	106	124	133	60	76	34	168	189	154	58	74	18	87	32	179	108	83	56
136	131	85	91	5	151	98	43	64	165	161	15	31	28	25	153	191	157	172	78	120	27	123	80	82	47	159	22	12	55	7	180	70	26	79	177	122	30	77	75	9	84	4	113	88	8	96	103	152	128
93	1	107	112	73	185	69	95	110	169	146	119	99	162	10	20	186	3	192	160	148	171	50	183	45	129	67	139	14	71	166	51	86	132	121	101	145	52	42	105	81	111	141	137	150	68	170	48	118	147
100	140	144	164	29	149	116	138	184	23	54	44	62	92	57	135	53	174	115	2	19	156	178	104	163	182	190	46	176	194	97	173	130	59	134	181	65	49	21	6	36	41	193	37	114	178	86	63	162	98
167	7	180	90	15	164	85	189	172	190	144	115	17	62	26	70	30	145	54	168	82	101	116	156	175	117	65	178	45	71	174	184	74	133	120	96	56	69	92	131	97	149	1	113	106	80	173	60	53	188
63	158	165	41	81	86	77	150	124	186	143	140	151	16	160	52	22	58	99	163	20	159	177	35	102	139	126	105	147	91	111	55	36	98	128	89	87	123	59	13	67	179	48	108	95	79	146	42	194	153
4	94	152	14	43	135	107	100	38	27	47	6	119	66	191	185	192	109	125	19	170	112	114	182	24	157	29	31	11	176	187	73	136	5	50	181	75	18	93	148	162	28	166	21	2	34	32	183	33	137
57	127	49	23	118	61	84	3	83	0	25	132	39	141	10	130	171	12	122	78	142	103	44	161	155	104	9	121	72	88	37	129	110	134	8	46	51	138	193	40	154	68	64	169	76	52	180	68	58	36
17	193	162	112	132	138	13	14	127	173	9	55	42	35	85	8	10	76	82	16	67	130	188	165	175	107	181	123	182	146	121	150	155	159	46	119	89	83	117	126	187	190	170	91	194	66	88	7	164	26
31	172	39	133	25	71	156	73	99	111	183	5	58	141	191	60	169	118	116	157	77	95	178	57	41	149	29	15	87	110	120	6	61	103	147	23	144	163	105	160	86	97	36	96	54	64	158	135	19	3
4	38	75	189	109	129	179	134	50	34	51	167	113	125	115	20	28	69	131	108	40	192	98	49	72	153	37	32	45	145	27	81	84	80	30	128	12	74	177	124	79	139	47	59	56	24	48	90	78	154
43	136	0	106	184	1	102	52	11	171	168	63	62	140	18	53	174	152	180	22	151	92	176	33	2	166	94	142	122	185	21	44	70	186	65	100	143	93	137	101	114	161	148	68	104	187	99	150	146	121
174	70	117	64	110	152	68	151	59	77	192	150	114	176	135	13	86	153	128	19	33	125	171	130	37	183	47	123	185	81	79	121	189	51	34	75	96	69	67	95	38	156	49	102	157	22	179	155	85	173
161	175	46	126	42	103	132	172	80	92	16	154	90	98	5	104	63	97	186	27	143	138	40	76	145	14	164	72	127	78	118	163	12	191	55	7	139	23	39	140	134	190	148	41	129	107	101	20	50	15
119	124	136	116	160	10	36	18	21	115	2	1	193	0	84	137	99	52	188	166	6	182	149	105	194	74	83	66	177	111	87	165	109	144	56	170	60	25	91	24	180	89	100	31	30	3	112	181	187	9
73	159	147	141	26	106	71	93	17	8	142	65	133	29	82	32	94	168	162	28	53	48	45	11	131	146	108	4	184	167	120	122	54	43	58	169	57	113	35	62	44	178	61	158	88	34	71	154	55	132
187	63	142	193	52	13	153	105	145	51	113	90	19	154	117	69	176	16	17	86	84	38	152	103	168	8	11	133	132	163	143	53	29	159	67	191	107	120	110	138	7	40	125	123	37	137	146	182	161	50
188	10	72	5	186	71	89	20	88	79	160	45	181	68	81	136	28	156	185	27	109	171	9	91	140	166	116	102	118	66	101	108	56	192	2	83	39	148	111	151	158	124	126	30	128	82	131	85	70	194
80	155	173	0	179	34	104	94	150	92	60	31	24	73	44	130	55	57	18	23	139	78	174	127	119	112	65	59	189	106	26	47	58	135	162	87	95	121	144	15	42	122	22	164	6	1	114	97	61	184
21	99	134	54	4	172	180	3	35	141	100	93	77	178	33	76	175	149	48	169	46	75	25	14	129	32	165	43	190	36	96	167	12	41	74	62	157	183	98	64	170	177	115	147	49	117	152	58	3	143
94	71	191	179	48	59	176	162	92	93	140	103	150	11	118	158	91	7	17	138	170	97	39	42	16	139	79	65	89	4	181	75	166	74	18	56	27	125	87	114	2	8	109	184	186	41	24	29	189	112
156	177	148	192	164	104	99	143	20	188	165	26	19	152	127	124	43	62	25	101	6	30	22	37	171	113	1	60	163	50	12	90	168	76	106	28	66	133	180	185	45	70	157	144	159	54	72	3	174	182
117	108	130	38	51	136	68	80	142	194	149	145	31	63	107	73	44	86	134	34	141	119	57	78	69	154	151	23	122	96	187	183	178	84	81	173	111	0	82	147	13	160	52	121	190	98	102	123	175	115
95	132	32	137	120	100	172	129	46	193	135	33	67	58	83	169	5	36	146	55	88	61	47	21	49	85	64	14	155	126	153	105	161	40	116	35	15	9	167	128	110	77	10	53	131	32	182	162	179	160
137	168	141	190	92	66	101	164	154	187	183	103	49	171	85	15	96	169	129	174	157	32	76	38	40	77	80	47	145	125	134	5	34	87	3	81	20	131	132	166	88	35	75	153	181	64	180	121	79	71
60	112	51	41	10	14	156	43	133	30	188	59	110	42	120	58	176	39	82	123	50	24	102	163	107	184	178	27	78	25	158	104	55	124	105	12	111	56	83	53	93	6	73	193	142	52	106	122	155	57
72	113	1	179	31	63	136	89	150	18	97	189	54	91	172	144	194	140	167	22	149	99	126	130	128	161	2	186	191	67	86	26	182	13	148	170	16	61	45	11	62	17	28	44	94	7	48	84	177	119
185	8	114	118	46	33	138	100	23	147	65	159	165	74	135	115	127	90	9	192	29	160	117	37	4	36	70	152	21	146	175	95	0	68	139	116	19	162	143	98	109	108	173	69	151	102	180	74	154	30
98	162	20	137	194	17	97	65	103	4	127	35	151	28	24	157	185	15	88	60	176	190	188	13	165	8	38	126	71	87	64	25	142	115	104	16	184	164	117	133	147	74	171	168	40	22	82	52	146	73
169	5	135	76	158	154	119	108	49	18	36	173	37	102	26	192	128	150	62	11	167	95	166	93	179	81	163	51	148	141	67	131	100	27	63	59	68	90	43	29	134	109	46	2	174	143	114	105	89	70
152	129	121	156	72	144	19	12	77	111	124	80	170	182	99	116	53	107	186	106	118	180	21	139	91	181	183	45	130	33	193	160	6	136	3	85	84	55	101	34	145	83	189	159	92	161	48	79	1	69
78	122	132	54	123	172	56	140	149	187	177	155	96	32	125	112	47	57	120	31	191	178	30	110	175	153	113	14	58	41	138	9	39	86	94	23	10	61	0	7	42	50	44	75	66	180	111	22	69	64
104	56	34	125	65	68	123	75	158	181	61	92	116	15	62	174	183	88	194	12	94	120	86	48	79	84	23	67	117	49	169	33	8	18	168	186	36	28	22	91	99	152	26	100	127	60	132	80	165	108
3	126	147	109	98	73	82	50	157	119	150	7	83	38	113	69	30	144	77	19	63	140	184	143	41	154	118	64	155	106	31	173	45	16	93	129	153	90	101	137	176	111	97	39	4	11	189	5	162	164
188	87	42	44	76	85	14	121	193	146	114	107	134	89	32	54	6	51	171	66	122	21	58	53	55	71	133	81	149	159	142	177	57	179	190	175	148	1	52	191	161	138	124	192	25	110	9	178	43	27
