2,1
599	273	463	296	399	27	45	384	244	228	354	473	285	563	64	167	456	76	181	389	323	311	131	414	110	467	582	274	92	271	534	329	600	52	466	591	289	339	12	238	586	610	487	33	22	266	272	410	333	172
161	176	476	353	233	31	433	387	97	584	304	396	359	24	277	345	533	142	211	570	16	175	102	494	279	152	352	69	375	192	334	260	606	68	447	478	398	183	151	47	488	516	454	78	236	419	163	383	522	280
517	43	426	7	65	193	377	84	483	105	573	72	252	590	303	257	491	616	100	203	231	428	276	302	500	6	218	195	444	262	512	140	191	585	351	442	325	1	439	157	254	109	116	614	455	529	492	394	190	194
217	56	327	381	107	121	70	223	240	197	532	261	507	441	378	264	91	343	94	173	287	118	80	154	88	404	549	253	96	114	292	510	539	336	98	435	166	326	249	499	126	322	188	594	588	438	146	415	307	295
542	59	230	379	60	305	552	164	558	440	139	119	317	210	308	11	222	312	553	129	293	61	10	81	349	451	361	501	469	484	50	179	34	108	386	57	241	245	541	509	242	437	111	282	35	14	214	450	348	481
160	220	609	367	26	615	485	184	99	556	358	25	576	555	278	403	418	571	309	593	413	402	159	37	66	603	538	226	130	374	174	227	284	149	212	101	611	445	578	75	225	299	147	23	113	580	457	177	155	504
38	341	564	546	170	332	503	566	219	248	536	138	58	434	2	208	250	581	87	565	520	475	199	106	29	429	370	392	17	474	443	315	63	281	607	124	583	20	187	207	431	489	482	508	269	104	288	602	318	449
397	408	36	613	297	19	310	601	495	112	423	120	291	400	85	275	132	202	544	189	198	592	247	5	148	537	178	145	204	3	554	391	316	21	335	362	471	127	49	460	550	314	331	521	605	572	294	251	368	407
518	42	547	388	117	270	324	424	0	306	452	300	390	55	143	458	165	83	511	425	205	505	319	385	561	18	301	448	186	86	462	531	46	486	162	298	432	540	221	133	436	141	525	258	137	524	330	372	376	158
196	180	9	259	32	150	263	617	103	347	39	28	350	215	560	493	169	587	514	479	465	206	153	612	30	365	255	412	328	213	136	559	346	235	427	519	168	608	229	224	562	171	513	417	405	267	421	470	115	497
459	237	477	373	48	595	506	577	551	548	82	411	355	95	446	67	422	380	201	357	128	144	401	209	286	498	268	90	41	569	337	416	234	366	53	243	79	51	526	338	340	515	535	313	232	557	185	604	62	480
523	246	134	461	360	290	182	364	567	568	4	44	472	468	135	430	575	596	71	464	579	15	393	216	74	598	406	589	93	530	283	543	321	89	342	382	409	13	453	77	597	200	545	574	122	363	344	54	395	239
356	528	371	420	502	40	490	256	73	8	496	156	123	369	320	527	125	265	123	307	261	228	602	534	74	323	453	190	96	126	543	506	460	567	232	558	512	93	521	362	17	89	522	291	241	391	67	81	329	301
104	145	252	41	130	566	286	141	96	365	239	219	501	8	370	584	261	72	553	67	209	482	149	329	442	472	153	134	254	246	35	66	560	36	373	477	195	432	55	536	519	452	601	449	459	292	384	605	318	418
602	263	525	550	183	422	160	304	33	172	199	181	481	174	421	212	396	230	353	478	535	461	453	115	202	345	70	14	10	347	37	475	176	613	572	463	94	42	438	44	191	26	78	598	155	357	587	567	412	99
569	351	297	374	507	428	262	235	359	77	534	167	522	518	614	136	617	97	293	217	600	58	315	335	586	415	138	283	184	163	531	393	334	120	197	491	579	277	549	108	388	588	265	545	361	31	379	116	50	437
208	570	12	551	548	346	258	18	95	25	207	121	211	382	122	513	101	60	88	113	150	189	611	578	279	233	541	210	563	360	29	573	143	465	117	457	404	103	436	331	61	90	213	607	552	509	270	526	245	287
358	514	173	344	123	468	182	64	332	240	19	524	4	523	467	368	348	295	451	500	299	386	316	433	330	505	282	446	381	341	69	248	327	206	339	177	464	276	165	342	543	291	430	164	129	24	27	469	81	369
434	84	539	290	454	575	367	159	544	156	74	47	610	419	411	440	79	612	139	497	56	242	409	48	0	192	425	1	102	574	420	253	267	423	493	343	364	296	510	274	205	221	244	302	306	152	356	322	92	372
204	445	349	220	142	21	324	100	93	447	616	317	148	68	250	471	558	333	132	91	259	225	278	533	300	562	131	168	59	577	389	502	11	592	417	223	546	28	401	98	17	337	538	599	466	443	135	603	503	375
188	15	312	515	576	429	305	57	362	216	435	609	86	215	597	125	256	506	112	350	399	485	556	9	589	2	424	272	126	516	355	441	5	495	529	231	34	227	273	391	89	301	512	517	65	328	146	310	87	408
376	564	107	16	530	178	154	23	568	511	280	200	470	170	426	249	51	462	46	474	222	260	224	492	38	106	496	85	319	268	271	82	498	476	604	394	40	166	527	583	486	352	520	255	416	555	20	336	383	427
140	397	49	494	30	257	410	484	385	201	325	387	402	406	264	186	243	203	380	455	585	595	483	458	124	110	581	281	119	307	450	366	54	542	398	133	198	226	63	340	105	431	251	414	127	590	241	395	309	7
158	479	6	547	326	615	218	593	161	151	557	193	157	460	554	392	109	171	403	378	234	582	144	400	594	162	266	83	53	528	456	480	52	214	448	75	537	179	32	80	185	565	488	45	311	190	137	284	232	321
313	22	196	390	111	289	405	62	444	308	489	285	596	169	73	377	39	180	71	338	314	473	407	540	532	128	608	363	561	236	413	118	187	439	371	499	269	303	175	571	13	323	508	354	504	229	606	591	288	298
490	76	43	521	228	247	294	559	275	194	580	320	237	3	147	487	114	238	502	161	602	329	408	361	181	114	226	579	107	66	484	462	52	447	364	20	167	261	430	235	395	413	29	95	38	102	528	509	605	386
202	317	264	464	594	563	345	213	608	615	112	286	1	121	227	375	366	142	372	611	79	506	588	170	29	400	572	573	18	437	598	539	124	23	37	340	72	279	77	281	584	108	473	5	516	527	212	524	571	581
334	228	326	386	159	287	533	348	578	496	399	41	219	150	259	244	299	586	276	96	307	401	62	222	569	280	483	374	273	508	589	253	262	76	420	540	209	453	97	362	235	272	545	0	130	477	369	6	528	505
350	3	133	414	242	166	384	83	325	25	503	410	370	24	246	176	217	117	7	407	408	43	525	185	215	396	322	415	358	558	330	344	566	160	351	74	80	293	530	60	304	172	416	456	282	354	422	87	71	405
148	531	50	461	368	593	448	332	193	320	158	263	99	559	4	75	181	364	173	480	426	556	114	59	367	278	616	498	511	138	109	352	17	31	65	599	143	504	411	195	395	207	177	565	163	229	260	179	237	582
550	463	360	11	245	336	285	520	145	476	551	457	56	337	149	343	346	450	2	553	125	499	537	485	258	494	101	596	69	378	98	394	357	446	349	210	441	290	230	518	275	546	425	241	552	136	42	236	288	430
298	252	497	595	58	216	93	577	186	95	162	355	580	479	243	92	392	597	301	134	201	30	442	591	465	85	452	526	45	292	231	312	28	66	35	70	390	53	587	131	161	232	137	38	51	562	459	449	168	73
544	107	44	86	34	404	460	389	120	454	183	603	576	338	189	489	538	445	610	365	194	256	560	377	602	486	570	403	614	513	376	474	102	398	488	171	198	32	444	47	46	380	522	484	323	471	314	339	311	261
549	36	174	221	203	557	88	61	303	277	607	250	341	64	270	155	126	447	601	515	40	233	116	291	406	532	613	333	574	541	309	196	617	265	318	188	254	191	39	57	200	418	180	521	493	363	190	467	123	33
84	342	514	458	543	347	271	535	184	22	240	8	234	353	113	468	391	501	54	296	568	247	327	359	249	12	140	175	321	151	604	438	206	110	500	100	409	606	547	478	147	472	436	144	475	590	106	592	104	208
204	164	509	319	313	300	382	105	432	381	421	274	554	192	305	90	268	385	329	52	294	239	103	427	371	435	63	502	523	495	14	132	129	428	490	585	605	356	205	510	289	507	315	218	68	429	167	600	78	455
324	331	297	267	417	373	519	413	91	257	81	211	154	583	470	361	118	89	27	306	388	220	187	223	251	492	466	379	536	21	487	16	9	555	214	141	481	451	529	302	225	10	397	316	387	579	517	609	534	178
443	462	283	48	548	139	119	55	423	122	82	169	226	612	434	146	431	269	115	20	308	13	128	491	412	295	419	575	199	26	440	564	19	238	157	224	512	182	255	482	111	248	439	310	542	328	197	335	469	156
15	153	567	383	127	135	424	49	152	284	165	402	94	433	561	266	393	67	611	371	411	328	391	158	460	199	268	572	278	20	449	286	423	496	601	454	462	483	94	168	614	127	131	205	471	66	305	368	200	373
282	169	79	484	28	547	310	212	71	567	344	590	164	103	440	274	107	222	596	305	368	248	101	517	597	491	335	143	219	31	306	603	252	422	140	420	189	16	522	339	413	433	141	558	253	156	570	576	445	9
374	70	43	223	284	559	449	121	190	239	431	264	331	174	66	373	133	427	54	148	323	381	338	342	463	291	110	428	587	542	298	480	475	600	126	50	386	350	161	474	382	271	563	554	87	555	498	574	120	204
136	67	108	185	607	3	197	129	593	334	458	24	263	244	510	97	490	85	88	394	340	292	109	80	379	406	548	149	206	321	487	527	146	483	443	192	513	12	508	425	452	41	42	327	376	181	270	196	466	184
230	450	435	512	135	259	250	383	268	147	511	601	63	505	106	507	582	608	434	240	411	30	467	319	238	285	562	355	346	390	4	398	426	349	51	15	325	442	471	318	117	472	294	453	532	154	568	565	20	176
519	485	194	289	81	605	560	372	598	132	337	177	90	60	588	304	22	213	243	375	179	35	549	322	23	336	499	316	180	134	215	494	17	501	496	261	224	614	32	410	479	495	208	581	237	49	347	609	245	354
448	39	578	68	193	286	26	617	303	311	93	615	275	272	25	333	91	150	216	515	551	269	188	535	599	591	370	56	610	171	209	369	461	116	502	361	278	123	226	86	48	488	557	345	246	62	218	127	312	400
277	528	260	351	409	572	550	203	33	137	82	523	457	606	18	114	432	616	165	214	497	96	228	577	36	195	227	538	385	377	534	279	414	251	77	566	612	247	441	100	92	341	44	309	537	365	229	113	300	235
131	436	509	73	258	301	530	571	470	7	38	396	69	205	202	158	454	595	75	232	231	83	546	320	119	19	564	469	266	447	297	439	330	64	11	602	159	55	45	144	167	539	308	343	536	249	257	514	418	21
389	388	267	236	464	362	5	98	492	404	170	332	142	424	155	393	118	254	363	589	217	478	6	307	405	53	183	529	541	201	518	220	477	168	611	500	506	552	482	516	128	408	462	1	152	407	52	586	465	138
380	234	139	573	281	366	265	604	145	198	255	525	299	283	359	10	105	102	437	191	172	521	430	95	46	326	387	503	416	151	175	544	29	276	392	13	37	72	451	166	493	74	481	358	130	199	459	0	575	397
579	401	419	315	78	423	221	273	47	160	115	391	412	489	446	468	280	182	187	296	444	112	371	569	225	178	111	61	543	553	360	34	526	122	399	329	242	84	163	59	262	27	421	415	2	162	460	287	295	531
524	402	313	585	104	293	455	288	438	364	211	157	580	378	533	324	592	594	302	153	429	94	367	210	357	384	613	395	473	352	356	328	233	561	486	583	584	76	348	520	99	125	200	256	540	403	290	57	241	58
40	186	14	65	556	456	173	8	353	89	476	124	317	207	545	314	417	504	146	532	63	504	120	72	181	379	357	143	580	21	355	451	88	274	378	150	541	15	78	476	367	6	612	218	542	610	29	604	205	409
562	295	166	36	9	451	232	207	161	538	559	472	311	340	288	180	103	369	356	322	582	409	112	509	142	531	56	330	12	200	195	357	515	148	445	150	601	575	569	329	52	310	467	416	228	591	158	151	547	312
576	186	581	49	66	278	315	301	534	454	100	75	556	7	141	462	564	26	238	407	259	425	603	268	33	453	208	437	449	297	42	595	109	32	287	51	508	19	27	482	63	204	528	513	593	99	474	170	43	440
4	217	439	339	421	478	145	118	48	314	58	304	337	424	450	520	181	90	189	371	31	578	191	230	496	302	342	196	114	385	203	404	447	362	491	60	514	81	503	8	305	396	511	403	221	16	617	98	263	537
363	378	542	115	88	516	93	165	573	466	76	430	267	429	14	549	159	119	392	481	13	134	272	558	402	116	106	535	566	419	29	107	257	545	405	476	589	605	335	413	187	550	227	354	468	483	411	144	540	35
606	146	604	541	443	583	585	336	344	231	6	2	602	276	300	484	613	133	361	273	367	384	448	80	592	609	608	183	561	298	84	551	78	317	130	341	127	351	463	92	135	124	44	220	89	464	258	499	172	149
334	241	61	83	611	410	507	120	136	213	279	138	155	167	152	436	381	140	309	65	294	555	313	0	169	587	579	274	389	567	168	53	97	117	536	91	487	360	366	209	163	616	571	386	533	229	82	610	202	185
3	291	280	497	512	333	20	492	113	518	393	252	104	529	469	372	129	560	461	236	256	374	197	510	34	247	328	45	435	597	316	615	283	79	162	557	490	438	599	346	401	420	270	331	398	277	394	319	506	137
95	548	588	248	352	364	584	194	266	332	154	293	498	426	570	377	157	308	224	488	358	173	5	226	193	598	390	522	251	325	198	108	254	415	565	94	387	552	282	160	432	470	406	323	359	174	239	485	222	64
412	176	39	15	21	131	395	50	30	233	206	370	493	525	373	428	348	70	502	289	225	318	594	431	111	379	338	345	212	190	184	501	105	444	223	47	71	188	28	101	614	296	57	244	572	243	262	455	164	408
596	281	457	179	264	543	486	242	452	477	237	156	577	182	414	275	553	177	18	473	40	38	86	235	153	521	434	210	399	23	326	299	526	74	214	218	586	422	269	350	10	505	37	199	365	171	574	500	55	211
110	260	563	59	22	607	368	383	382	126	517	475	321	41	132	544	205	128	479	290	427	418	72	380	25	465	568	292	240	246	355	62	234	417	612	397	175	504	178	122	320	519	539	67	306	69	471	388	446	250
201	215	286	54	400	68	265	139	441	125	96	307	600	554	245	349	376	85	580	143	546	353	391	347	121	271	532	11	523	284	460	527	17	375	324	216	249	147	423	253	87	327	480	46	1	123	102	24	219	489
285	495	530	192	458	442	456	433	255	77	261	494	73	459	303	343	590	524	195	547	346	396	615	270	30	9	328	533	390	205	229	168	427	125	183	142	446	331	124	511	158	24	58	519	213	455	232	92	410	222
402	495	491	521	190	394	18	544	5	375	391	46	580	149	20	196	45	222	429	182	43	262	239	298	323	66	353	188	231	300	480	489	330	51	152	218	390	263	75	47	419	35	31	569	288	543	194	171	426	223
234	121	317	265	614	398	556	69	506	10	555	393	310	468	118	564	297	528	108	357	67	134	211	165	387	212	448	269	596	329	462	359	374	342	245	571	315	189	418	404	84	416	17	318	294	98	156	522	203	582
113	385	509	594	320	145	241	577	266	362	563	510	378	305	350	467	341	216	525	406	346	349	517	316	358	187	76	22	397	457	105	209	8	573	453	579	255	530	436	474	53	396	371	284	176	613	545	103	420	179
150	21	479	299	388	307	4	434	548	442	427	204	279	11	600	63	611	566	355	338	193	339	344	604	202	332	547	541	85	314	99	469	64	439	172	122	487	437	454	471	337	461	120	617	32	83	136	71	19	347
94	535	82	237	502	507	52	537	593	170	336	423	490	570	139	251	28	175	410	400	184	425	392	128	250	500	326	271	90	68	456	287	9	36	23	384	481	79	112	215	252	532	382	331	210	368	572	516	473	430
197	356	183	505	97	195	498	363	587	546	78	592	100	213	372	167	460	533	463	536	7	125	578	92	161	129	138	554	606	443	148	253	247	550	191	335	186	14	154	343	501	73	29	308	296	201	610	540	157	261
111	44	59	220	295	275	282	515	81	527	198	2	432	424	364	272	77	70	366	62	173	115	494	116	422	567	433	126	441	591	324	325	512	377	219	492	130	106	585	146	333	144	13	302	552	177	93	602	151	519
376	74	143	581	88	309	289	534	322	542	267	609	414	438	399	482	415	560	568	518	283	1	72	33	41	472	55	601	493	529	217	589	226	61	159	351	243	488	281	26	447	303	334	101	163	301	520	102	221	523
496	114	612	258	192	40	451	586	207	328	486	127	504	599	227	259	199	395	109	458	6	508	91	277	557	65	248	497	475	370	440	484	155	327	413	452	539	160	459	254	551	80	561	60	597	124	549	449	348	524
25	526	140	123	412	304	293	260	321	450	141	276	24	180	431	313	208	576	228	240	435	476	37	57	235	583	485	470	464	246	405	104	117	285	417	446	403	499	178	360	233	133	0	407	367	373	595	513	361	42
603	205	174	465	369	200	244	15	58	206	50	30	142	455	153	575	306	478	538	466	242	268	48	444	379	608	354	87	558	168	162	238	49	477	169	273	312	164	147	411	401	95	408	110	381	230	590	319	224	365
421	280	229	270	607	89	12	345	16	340	39	503	553	132	214	616	185	615	264	166	27	574	96	278	3	249	107	292	137	232	236	380	135	131	274	181	562	409	257	565	158	256	291	559	445	38	605	34	584	119
56	598	511	352	383	428	483	386	588	389	290	286	514	311	54	86	531	225	51	512	438	47	359	188	91	391	19	128	467	527	143	343	354	488	544	108	266	456	547	381	215	191	272	114	509	4	605	85	370	293
156	450	272	403	17	573	568	260	330	40	71	535	534	238	503	181	201	357	104	550	91	481	107	561	28	397	258	249	53	312	488	353	422	394	33	190	268	116	475	63	136	516	479	496	152	77	154	577	73	140
548	531	491	2	487	168	5	483	232	613	128	490	327	9	617	229	369	222	557	88	367	267	464	100	81	579	515	435	392	474	20	600	189	279	200	12	611	34	21	473	183	143	211	378	316	436	18	501	442	337
285	147	384	512	418	409	44	604	76	430	49	376	98	96	482	363	408	36	45	159	233	606	27	300	495	455	266	526	245	342	415	184	166	595	614	530	167	180	372	139	346	347	307	570	333	14	223	338	594	396
304	417	319	4	251	462	122	173	517	113	237	542	439	286	111	10	239	599	32	193	609	145	278	65	265	287	119	93	207	552	416	86	424	66	281	335	153	393	421	343	400	519	471	413	178	583	254	377	426	567
555	293	458	584	151	269	302	533	29	391	580	235	449	322	270	295	329	19	432	452	292	444	15	171	273	197	244	420	438	60	51	118	468	117	174	332	598	375	545	158	87	176	22	192	94	115	582	194	133	558
306	575	523	366	361	69	565	389	202	476	321	427	358	120	410	298	489	352	172	48	339	440	308	576	504	275	537	89	290	97	493	102	187	75	282	141	402	616	547	524	597	388	507	57	240	126	196	544	359	186
41	566	451	135	160	578	277	373	252	395	25	311	191	283	556	484	563	315	434	326	461	571	42	362	54	514	447	325	485	502	374	234	296	253	90	215	61	528	74	7	457	585	262	246	291	305	294	50	593	185
348	431	58	543	460	562	588	398	155	380	37	518	564	199	433	217	274	454	219	589	419	323	527	301	371	230	243	256	216	92	170	414	520	334	494	407	1	85	456	164	521	592	70	123	443	188	364	602	150	349
220	47	212	99	429	467	351	261	209	148	179	510	80	607	182	317	62	511	522	612	539	314	67	500	385	499	355	110	131	445	615	399	437	596	162	169	370	130	387	161	559	125	149	383	405	30	284	492	242	540
574	466	109	138	255	26	132	157	354	3	129	177	303	591	453	590	134	532	31	124	603	318	271	264	59	459	324	224	390	572	52	336	16	250	368	142	506	328	241	205	83	341	206	529	581	55	365	78	549	340
208	360	227	538	84	508	289	101	236	448	477	411	106	11	381	46	198	39	105	404	263	144	428	103	601	331	546	228	425	204	525	470	551	276	114	379	72	225	344	586	309	587	68	56	82	218	423	112	513	146
95	210	23	560	127	213	231	605	175	165	478	536	0	554	480	195	38	345	214	79	310	382	401	288	553	497	406	498	163	505	541	247	108	465	469	569	320	299	356	35	297	43	509	280	472	608	137	248	64	446
121	6	610	8	226	221	24	486	386	13	463	313	259	441	257	412	203	350	459	597	185	393	238	81	463	361	443	486	78	278	482	382	575	357	504	176	599	77	61	148	320	245	282	413	309	134	207	212	62	41
157	603	113	596	227	415	131	100	324	365	421	508	128	251	468	218	283	424	54	174	170	55	481	1	182	403	459	64	404	184	262	505	94	124	483	85	172	275	469	14	449	130	147	380	25	134	83	313	592	201
28	374	306	462	303	555	484	411	495	548	235	74	602	169	460	288	442	339	95	52	139	287	566	368	246	335	223	30	364	525	140	114	289	151	277	243	36	348	65	21	479	48	409	445	606	330	26	329	387	510
122	599	427	488	13	231	585	614	541	587	417	527	493	226	27	376	183	477	286	314	257	263	544	43	137	454	385	607	177	371	349	240	80	88	145	46	260	608	509	166	40	51	540	355	611	561	298	8	79	76
86	273	221	429	44	450	491	521	299	565	352	583	34	455	194	519	118	341	590	89	148	473	295	534	595	361	261	308	6	297	75	325	609	489	181	255	106	336	242	249	204	372	71	191	203	594	568	212	558	426
478	302	18	396	511	20	290	551	115	357	296	536	482	579	200	557	195	392	464	253	127	533	239	112	4	420	178	77	19	553	539	546	16	41	535	190	196	395	199	254	267	345	416	432	375	499	176	369	144	92
425	439	574	123	514	265	135	129	78	22	398	362	532	331	272	517	537	466	531	431	461	350	522	258	126	3	160	496	363	612	50	307	245	610	383	584	318	436	45	7	35	205	167	228	120	150	104	542	347	384
159	617	332	214	470	220	108	356	344	2	161	15	309	69	358	472	559	516	327	111	210	219	441	247	102	292	575	486	463	225	359	125	66	154	394	506	211	12	550	49	73	300	229	402	598	552	149	524	526	294
438	119	99	337	58	33	5	317	386	419	101	547	62	82	586	278	573	529	613	138	556	377	582	578	198	458	440	250	498	378	512	523	285	23	316	206	193	528	84	233	186	153	32	24	268	588	328	187	538	266
293	581	72	280	284	567	381	244	241	507	401	562	571	175	259	435	202	132	310	274	63	513	397	471	164	197	443	173	570	601	580	437	389	281	504	271	501	279	304	215	224	192	379	236	156	143	572	605	312	311
70	388	37	453	342	503	604	354	391	53	549	163	515	393	597	520	319	87	321	59	39	434	185	38	217	351	480	465	323	133	346	234	405	422	237	146	232	10	433	60	155	116	577	213	430	207	56	256	444	418
81	492	179	162	31	353	446	400	248	171	276	252	399	301	107	9	98	97	91	61	410	103	487	576	208	158	340	497	109	406	457	475	343	29	390	180	367	490	428	141	68	322	500	11	530	90	408	57	315	320
96	452	554	474	360	121	560	456	188	485	382	216	447	189	222	518	366	0	589	563	373	502	407	326	423	305	42	67	136	152	414	451	494	545	165	105	600	564	569	543	333	110	370	412	168	338	291	269	117	476
142	334	448	616	270	282	413	47	93	615	238	593	230	467	17	591	264	209	319	153	124	302	192	245	607	336	446	82	604	497	407	488	404	103	163	155	244	142	391	545	116	389	548	334	208	121	86	175	165	445