2,0
81	132	10	87	52	56	58	83	39	147	145	141	66	1	19	108	82	38	21	35	72	118	53	24	67	2	84	140	98	85	127	104	70	110	60	47	61	43	114	105	26	55	41	111	32	126	68	91	63	142
116	14	48	59	20	136	29	3	102	101	139	37	96	119	138	45	79	131	42	109	130	112	90	103	6	76	95	34	124	50	117	4	5	44	129	99	75	7	46	17	128	97	71	80	106	146	148	133	74	28
11	94	23	22	143	93	18	27	36	57	31	65	12	89	120	30	86	92	121	25	137	13	69	77	134	51	49	78	135	33	62	122	107	88	54	100	16	115	40	0	73	8	144	123	113	64	15	125	9	24
124	60	68	148	62	85	125	0	122	43	40	73	24	146	13	53	59	16	67	80	65	111	6	134	112	42	92	50	131	140	18	71	36	11	39	61	1	143	137	78	17	108	98	102	34	44	114	51	88	3
123	86	47	96	35	14	22	4	117	7	32	118	8	10	26	41	95	54	119	116	115	29	72	139	70	91	129	89	132	15	74	55	136	81	56	107	37	66	77	82	12	144	33	127	20	133	94	45	100	46
99	103	21	84	141	101	28	31	30	93	147	76	97	104	120	19	25	23	106	113	130	145	126	52	27	9	90	49	64	109	48	110	38	105	142	75	83	63	121	5	69	79	138	58	2	57	87	135	128	87
99	111	8	106	141	61	108	46	142	100	20	21	28	109	143	49	17	16	105	129	3	64	34	48	145	27	43	138	79	137	74	82	11	91	18	50	118	69	96	25	131	130	94	83	45	139	85	51	14	121
104	113	115	81	114	15	75	77	55	62	63	41	71	19	76	24	84	68	70	93	39	89	101	73	12	32	80	112	42	29	135	52	0	124	57	88	35	95	132	37	119	97	44	30	86	59	78	4	87	36
134	65	31	23	2	103	107	47	92	40	144	117	72	90	22	136	58	54	122	146	148	120	38	133	116	140	26	125	7	1	5	102	66	110	147	128	33	126	127	60	10	123	13	53	67	6	98	56	9	40
56	139	3	22	11	102	119	117	133	40	136	10	96	45	47	77	110	129	97	131	123	89	124	130	128	81	94	113	63	39	64	69	144	142	27	83	43	126	86	92	100	4	106	15	0	29	54	65	55	5
38	85	26	16	2	67	61	109	104	66	17	62	52	98	51	105	127	99	121	71	87	103	72	118	73	48	114	147	76	13	91	21	53	35	68	49	146	8	33	88	58	44	24	82	9	84	107	80	7	125
50	57	31	143	12	138	108	111	134	120	60	23	34	20	6	93	25	37	112	18	145	116	32	74	19	90	148	36	115	14	78	1	95	28	41	42	59	141	122	101	140	135	70	79	46	30	75	137	132	123
101	134	8	63	53	62	88	143	30	121	37	17	76	70	129	41	105	135	69	119	71	56	26	80	15	52	100	123	87	107	120	110	16	124	99	113	22	108	74	7	139	98	116	20	138	96	35	45	77	112
54	92	148	102	44	82	55	58	51	36	60	146	117	85	65	115	59	13	67	48	79	126	42	140	4	111	14	43	95	38	114	47	144	89	66	68	46	64	147	19	24	136	29	125	11	9	137	109	73	104
106	5	50	94	40	1	75	133	18	93	97	131	128	142	27	81	28	145	21	72	86	2	91	90	34	31	32	6	33	57	127	49	23	118	61	84	3	83	0	25	132	39	141	10	130	103	12	122	78	125
128	132	77	92	104	97	98	134	117	135	27	8	136	61	123	25	147	93	114	116	41	35	70	84	107	26	10	91	39	125	78	118	18	138	105	46	68	24	52	143	137	23	113	110	48	64	102	75	80	120
69	58	21	74	83	79	62	1	36	106	108	82	122	50	95	20	127	85	43	14	31	4	76	22	44	131	3	40	139	100	30	111	115	6	11	33	129	101	133	73	47	141	81	32	51	121	63	42	140	7
59	28	130	60	55	103	15	56	29	19	12	142	148	49	57	119	88	145	66	86	87	67	37	124	0	90	112	94	71	9	2	38	16	126	109	99	96	5	13	53	34	17	144	89	45	65	72	146	54	82
115	84	106	145	60	50	80	11	36	53	40	61	133	103	17	69	32	63	43	122	97	16	22	28	71	91	42	54	51	81	41	56	129	132	76	49	94	26	135	48	37	8	116	99	35	87	47	121	57	7
30	68	119	27	107	105	39	2	141	86	15	92	126	128	65	114	144	101	38	72	59	31	9	46	3	73	34	85	1	64	55	45	102	75	93	67	134	5	108	25	19	33	6	118	0	113	24	58	21	66
52	148	4	124	88	14	142	109	18	12	146	96	100	74	112	29	104	20	140	138	139	95	136	147	110	130	77	137	123	70	79	10	120	13	98	89	62	131	23	143	82	111	125	83	44	90	78	117	127	64
29	116	79	0	66	102	37	91	62	32	88	47	69	28	7	125	121	52	33	103	107	92	123	26	43	74	140	77	54	112	98	108	53	143	49	137	87	8	120	73	136	95	10	61	67	117	9	13	30	65
2	21	76	139	138	114	124	56	105	22	4	96	68	19	132	113	36	60	126	134	84	48	80	25	93	85	34	51	129	58	82	115	18	38	97	118	127	144	145	86	109	11	131	17	46	35	106	42	15	89
45	59	141	64	16	90	111	50	5	71	147	63	20	70	57	27	31	81	100	72	94	101	83	142	40	130	3	75	119	14	133	110	78	12	55	135	24	122	23	39	6	99	44	128	104	41	1	146	148	34
130	63	20	29	17	69	38	78	39	5	8	114	116	7	107	83	91	140	101	71	82	121	143	50	79	110	90	52	124	144	37	108	51	132	73	2	27	19	70	60	146	68	94	88	66	53	67	128	105	122
16	89	134	0	138	34	123	84	102	113	109	24	9	44	103	55	127	18	23	117	72	65	59	145	26	47	58	97	120	81	30	135	10	11	80	118	95	15	42	112	22	125	126	106	1	85	28	61	56	142
119	92	21	99	40	86	6	54	4	31	141	111	133	139	3	35	13	100	93	87	77	45	148	104	131	137	33	57	76	136	48	46	75	25	14	129	32	43	36	96	12	41	74	62	98	64	115	147	49	67
6	2	131	50	128	93	32	67	114	113	34	123	96	109	70	61	30	5	20	24	83	110	116	124	92	11	120	43	17	29	26	21	122	139	27	111	99	102	94	112	89	87	138	35	85	107	97	126	0	46
136	42	10	53	72	4	31	82	3	9	74	66	145	118	39	119	125	121	45	62	117	142	58	134	60	15	13	56	22	69	8	79	88	140	7	75	54	144	98	71	91	130	47	65	23	101	78	147	148	25
40	28	95	19	108	133	77	16	143	84	51	106	55	104	127	76	36	1	137	57	44	105	48	37	18	86	64	80	49	90	12	141	73	52	38	103	115	63	41	14	132	129	146	135	100	81	33	59	68	125
21	146	69	57	73	118	145	98	5	108	100	37	1	9	86	101	124	127	61	27	129	15	135	29	52	140	33	139	103	2	39	132	141	46	111	131	41	32	97	48	136	49	116	51	84	88	22	26	0	68
83	113	107	82	147	130	6	66	12	3	93	19	10	133	89	40	95	42	72	120	144	43	148	13	7	35	94	123	36	74	110	38	77	60	34	79	91	58	54	67	56	96	121	11	70	24	28	87	71	81
