2,1
140	97	53	56	84	121	10	24	138	47	85	104	38	21	1	103	19	67	118	114	48	109	52	2	82	70	124	128	41	142	79	106	55	39	35	59	110	68	26	61	63	32	60	129	58	112	144	14	83	20
133	29	3	98	90	136	37	139	116	135	45	76	81	43	66	42	105	127	108	87	99	6	137	91	34	120	50	101	4	5	44	126	95	75	7	46	17	96	71	80	102	143	145	130	74	28	11	94	23	22
119	93	18	27	36	57	31	65	12	89	111	30	86	92	117	25	134	13	69	77	131	51	49	78	132	72	33	62	122	107	88	54	100	16	115	40	0	73	8	141	123	113	64	15	125	9	60	66	82	41
117	60	68	129	62	86	118	0	140	43	40	72	24	144	13	53	59	16	67	73	65	107	6	114	103	42	89	50	99	141	18	71	36	11	39	61	1	137	132	85	17	102	94	112	34	44	108	51	142	3
116	131	47	91	35	14	22	4	111	7	32	100	8	10	26	41	81	54	78	126	122	29	134	70	88	115	80	127	15	74	55	56	101	37	66	77	82	12	138	33	120	20	96	45	95	46	98	21	84	136
28	31	30	93	130	76	97	104	124	143	25	23	145	125	139	119	52	123	9	90	49	64	109	27	113	48	110	38	105	133	75	83	63	121	5	69	79	58	2	57	87	135	128	19	92	106	112	124	53	22
93	111	119	74	8	20	16	21	46	117	43	120	28	132	125	124	106	94	138	142	49	140	116	69	121	11	85	27	18	88	99	3	68	25	96	63	81	48	62	76	61	45	14	113	112	122	108	107	15	136
82	104	134	41	103	19	71	24	34	79	70	50	64	135	80	101	39	84	95	12	32	75	105	42	29	118	52	0	109	57	83	35	89	129	37	91	44	30	86	59	78	4	87	36	131	65	31	23	2	100
47	92	40	141	115	72	90	22	133	58	54	114	143	145	38	130	137	26	7	97	139	77	51	73	1	17	55	5	102	66	110	144	128	33	126	127	60	10	123	13	53	67	6	98	56	9	50	128	142	15
56	97	3	22	11	98	124	113	131	40	134	10	92	45	47	83	106	126	77	129	72	85	120	119	99	128	136	109	63	39	64	69	141	139	27	111	43	81	73	88	96	4	102	15	0	29	54	65	55	127
38	89	26	16	2	67	61	105	100	66	17	62	52	94	51	144	123	86	114	71	91	76	108	48	125	133	13	87	21	53	35	68	49	143	8	33	58	44	24	82	9	84	103	80	7	121	50	57	31	140
12	118	104	107	145	117	60	23	34	20	6	93	25	37	112	18	142	116	32	74	19	90	130	36	115	110	14	5	78	1	95	28	41	42	59	138	122	101	135	70	79	46	30	75	137	132	17	31	81	145
145	41	111	8	55	140	54	95	45	85	17	77	92	126	58	59	69	26	107	138	79	60	100	51	30	113	44	63	22	98	16	76	7	144	65	106	20	136	112	35	102	133	125	74	36	143	110	52	67	89
109	99	13	80	82	114	56	128	124	48	120	62	15	116	42	141	4	101	14	43	87	38	104	47	117	105	66	68	123	64	88	19	24	134	29	115	11	119	135	73	94	96	5	50	40	1	75	108	18	93
97	129	131	139	27	81	28	142	21	72	86	2	91	90	34	31	32	6	121	9	71	33	137	46	57	70	53	37	127	49	23	118	61	84	3	83	0	25	132	39	10	130	103	12	122	78	35	60	140	132
79	10	124	105	102	116	128	92	8	95	144	74	93	118	136	36	18	106	25	58	82	26	83	76	21	133	126	141	69	142	1	39	85	119	64	41	70	61	125	46	122	108	35	43	14	31	4	77	27	114
75	52	22	44	113	3	78	48	40	129	80	30	145	104	68	6	11	33	117	81	91	47	131	32	51	100	63	42	130	7	59	28	111	60	55	140	56	29	19	12	132	137	49	57	98	88	135	66	86	138
67	37	123	0	90	94	139	112	50	9	103	2	127	38	84	15	143	109	62	99	121	115	101	110	97	20	96	5	13	53	34	17	134	89	45	65	72	54	87	71	120	73	107	16	24	23	67	39	44	9
63	30	39	54	65	72	40	51	55	124	115	8	64	127	41	50	61	56	145	28	139	27	32	140	76	75	109	46	132	68	131	35	71	36	85	123	121	119	22	95	105	31	47	17	49	9	96	53	34	69
43	1	67	45	80	129	133	126	100	143	128	142	88	25	130	33	144	0	24	58	21	66	52	104	4	92	87	18	137	110	74	108	20	103	138	125	120	93	77	94	116	70	14	79	10	135	37	13	89	141
3	23	106	112	98	42	83	44	90	26	78	62	82	113	57	16	29	122	101	7	99	73	111	15	114	102	81	38	91	11	19	60	134	86	136	97	2	12	118	59	84	117	5	48	6	107	72	78	42	51
83	80	140	89	67	97	127	134	82	54	37	8	105	61	125	79	26	43	13	92	101	137	28	19	95	145	131	98	102	122	62	49	121	33	48	126	119	34	86	81	90	85	110	38	69	65	76	47	77	68
108	51	22	143	133	123	96	11	103	73	129	46	91	42	114	45	59	64	16	136	113	5	71	141	63	112	70	57	27	31	142	117	40	139	3	75	14	93	72	66	78	35	29	12	58	55	7	24	115	23
39	6	107	144	44	0	104	120	41	130	124	116	20	50	15	94	135	118	106	60	99	100	10	36	18	21	132	2	1	17	128	84	25	52	9	88	74	4	111	87	32	109	138	30	56	53	0	111	104	105
100	2	8	63	56	66	17	20	15	5	7	105	53	30	107	113	124	0	121	38	136	44	26	34	57	96	88	101	27	108	137	16	130	28	119	85	6	4	31	97	54	126	35	109	123	94	60	139	45	40
59	67	33	102	65	145	48	128	58	98	114	118	25	129	122	142	37	120	77	36	104	12	131	62	29	55	87	42	81	106	135	92	111	141	70	22	110	140	90	18	76	89	49	43	95	134	91	73	82	46
138	84	71	39	103	143	19	9	116	47	79	99	115	144	23	61	24	64	11	133	93	52	1	80	83	10	127	3	72	14	50	41	68	75	74	69	132	125	86	13	117	112	32	51	78	21	74	128	68	108
113	24	132	53	34	102	84	32	135	137	117	120	116	76	3	58	123	125	65	35	145	72	52	90	100	96	87	61	25	8	133	57	19	112	49	20	54	129	138	78	37	18	134	83	105	99	12	118	106	128
143	63	73	124	141	104	75	144	70	14	93	91	80	121	66	7	115	79	94	74	45	39	15	71	68	140	108	33	88	29	1	81	142	0	2	107	64	136	50	6	127	4	56	92	59	95	69	38	101	82
30	114	21	110	51	16	9	43	11	62	103	130	126	111	122	77	67	17	109	46	89	44	97	10	85	23	13	60	98	139	86	26	5	28	22	42	27	48	36	119	41	55	131	47	31	40	113	19	66	63
110	60	5	73	144	131	0	9	29	111	72	13	136	24	113	109	123	86	145	7	53	137	59	6	44	118	38	79	130	94	57	26	139	117	67	143	84	83	133	4	138	141	43	128	112	127	50	129	121	10
45	77	46	105	31	23	1	28	119	20	115	78	71	101	75	81	116	18	35	142	34	51	140	19	16	64	49	11	114	80	70	39	17	124	87	56	32	21	3	106	76	2	48	63	36	96	122	68	99	69
