2,1
121	268	61	131	232	26	59	183	184	202	119	171	98	196	279	266	230	126	35	36	43	25	235	87	114	100	56	189	242	24	47	163	142	19	198	215	10	64	213	180	162	187	193	60	195	237	258	129	152	111
105	217	21	261	259	148	260	233	49	219	267	164	236	253	192	147	78	20	38	272	228	80	138	188	284	186	0	92	280	214	6	55	218	172	37	83	27	169	249	63	1	229	201	244	269	69	58	86	246	130
46	276	220	204	157	154	191	277	5	127	75	274	106	102	113	65	2	170	167	251	116	120	181	70	262	68	76	52	132	194	32	7	9	103	91	39	234	252	227	264	282	173	109	72	136	226	175	199	278	161
149	211	115	117	48	107	255	263	190	155	99	95	67	66	231	22	166	124	101	159	197	144	238	30	209	90	41	81	160	207	176	110	153	53	178	17	206	51	14	210	82	84	275	29	3	23	146	128	165	168
45	223	97	57	42	222	79	185	271	12	112	11	254	85	134	143	224	205	245	104	34	182	108	50	225	240	241	4	133	44	247	96	212	270	28	203	135	174	145	250	88	71	118	208	257	283	137	216	74	281
139	248	94	151	150	285	93	18	31	140	89	158	141	243	13	77	273	179	177	200	33	62	122	54	239	16	40	256	73	8	221	156	123	15	125	265	172	246	141	85	95	152	239	92	264	214	69	171	47	22
270	223	140	211	224	105	118	150	144	27	240	70	11	153	13	106	230	52	62	233	214	43	91	236	82	16	25	173	75	266	219	272	139	213	44	238	253	130	232	124	149	190	207	154	107	51	17	218	189	237
61	137	188	89	46	86	50	104	171	113	45	247	195	68	53	228	212	143	6	252	255	74	155	121	251	243	187	29	88	274	241	129	138	34	28	229	148	81	85	168	76	276	206	192	134	31	209	267	177	283
54	77	8	279	261	178	64	271	109	257	114	156	136	92	281	48	146	284	93	49	197	277	181	200	133	163	264	32	208	73	131	55	254	280	239	18	38	58	222	151	256	199	191	204	94	194	57	123	117	95
79	63	248	227	162	176	142	193	101	116	15	242	152	119	19	41	83	258	285	96	174	69	39	202	167	221	259	210	100	244	80	12	84	160	234	42	157	122	135	180	0	235	185	196	35	203	245	246	37	4
103	172	30	59	99	78	132	87	36	249	65	269	125	23	108	2	217	175	40	260	226	72	90	22	161	186	250	231	263	9	120	273	10	26	7	225	141	205	179	275	1	145	183	5	102	66	110	215	164	56
282	216	128	170	33	126	127	60	184	198	67	158	262	268	165	265	20	220	278	159	47	97	112	166	71	201	14	169	98	111	3	147	182	21	115	24	125	110	271	204	245	127	179	67	182	131	11	209	98	247
7	245	166	281	253	207	218	15	158	30	162	135	255	31	272	223	131	189	85	240	74	203	126	70	66	48	26	194	17	95	105	274	264	238	77	27	184	56	217	221	4	283	136	252	201	69	258	261	128	148
96	196	111	248	263	224	119	247	237	87	90	63	244	16	171	214	113	45	123	81	117	106	175	65	1	193	99	101	222	133	92	62	60	97	86	53	146	116	250	41	219	24	182	205	80	249	232	52	102	22
82	256	71	58	89	144	180	20	210	191	35	109	107	197	246	120	29	275	262	273	108	145	6	55	125	115	36	124	143	279	151	91	59	229	269	67	98	235	150	140	79	186	42	257	198	212	94	225	43	195
38	280	233	19	266	64	190	265	112	114	152	215	268	185	11	234	176	73	173	5	50	168	241	75	149	18	93	239	213	230	28	220	21	2	34	159	32	243	33	285	228	153	276	57	181	165	127	49	23	260
118	61	163	84	164	178	282	209	284	183	0	25	132	39	141	206	188	10	130	167	231	12	271	78	179	142	103	44	161	202	155	226	104	187	9	121	72	88	254	277	270	129	110	134	8	267	199	278	204	211
138	169	236	251	227	40	154	76	14	216	177	100	170	54	139	147	68	46	157	13	37	122	172	200	242	192	174	259	51	160	47	156	3	208	83	137	139	121	60	199	223	145	240	39	219	10	79	58	141	111
174	177	49	173	187	182	8	20	130	250	200	41	94	53	96	33	279	36	196	205	92	63	47	129	42	246	110	242	155	214	266	159	164	201	161	112	32	151	137	0	68	114	17	244	119	75	16	202	22	256
85	172	104	223	175	259	35	28	80	58	153	254	181	57	37	40	76	132	43	124	152	7	285	139	26	136	93	72	18	54	69	284	158	183	208	238	30	160	281	27	252	147	39	282	273	134	198	166	126	219
102	105	193	265	121	99	203	277	71	199	209	77	115	217	247	9	46	81	3	113	73	195	216	249	34	133	228	236	263	55	45	241	145	67	21	221	25	224	215	128	74	243	269	66	52	163	4	14	225	146
140	188	100	268	194	258	180	178	179	267	176	189	260	138	197	157	70	142	232	10	230	13	98	222	204	89	62	264	23	278	233	111	170	125	83	44	90	154	78	220	190	127	234	207	280	255	135	270	15	38
91	11	19	227	141	272	184	144	210	235	212	97	2	12	257	276	118	59	168	84	117	5	248	240	6	150	274	162	107	226	120	186	79	82	185	86	1	106	108	48	239	149	245	24	191	61	56	31	253	109
116	171	213	165	50	271	167	229	148	237	218	95	231	64	131	192	251	261	122	211	123	101	60	88	262	156	275	169	206	65	29	283	143	87	51	103	185	141	176	274	66	232	81	210	49	116	132	28	278	69
45	217	122	198	206	70	182	38	254	8	102	37	20	29	248	66	247	130	139	17	250	90	118	226	263	251	119	268	159	52	149	171	231	188	282	63	126	53	163	179	133	256	2	27	239	173	178	204	113	200
192	242	236	153	88	240	141	277	67	95	157	16	107	143	0	156	34	281	60	124	24	233	82	55	57	222	225	109	94	65	249	212	278	47	255	170	134	89	30	138	190	114	186	84	80	104	106	15	42	128
252	146	144	136	120	273	85	211	28	97	161	56	183	285	87	92	219	99	40	208	234	54	260	121	31	162	167	127	142	148	191	227	158	93	230	140	269	164	145	48	270	187	25	195	189	215	169	36	96	12
199	244	243	229	185	115	176	168	100	101	279	181	196	79	207	241	76	111	223	235	110	73	71	39	103	216	147	9	108	197	175	61	218	151	152	64	11	203	262	129	10	3	131	253	224	14	150	210	50	238
264	75	74	213	271	132	125	166	257	237	184	265	154	201	246	32	228	194	78	272	13	117	165	49	267	23	155	35	51	98	77	177	220	274	6	43	105	232	275	261	81	18	245	62	280	137	112	5	205	59
276	174	259	266	123	58	193	86	19	22	4	258	180	172	68	221	284	283	7	33	160	69	21	1	44	41	209	83	26	46	202	116	91	135	72	214	6	2	168	155	127	125	32	66	113	102	34	207	120	83
117	213	29	172	79	116	5	144	163	152	245	220	254	236	279	9	210	234	190	221	273	203	132	207	176	263	181	156	139	276	112	77	33	195	41	235	124	280	26	185	268	46	160	88	175	142	6	262	122	3
83	141	10	130	277	260	40	108	202	174	0	96	271	94	158	43	138	13	7	228	246	241	36	244	60	259	170	197	54	67	274	258	118	143	193	24	224	87	71	278	113	166	20	248	199	115	16	217	223	284
222	211	231	133	104	285	18	205	187	23	148	99	4	266	257	75	126	129	154	227	184	121	198	119	114	59	282	219	157	78	150	109	17	31	216	164	8	140	64	146	167	19	49	11	173	230	39	145	63	153
105	56	32	149	249	2	48	125	68	101	69	272	98	240	106	192	103	239	27	212	89	218	225	136	42	127	251	178	15	281	58	93	95	47	14	74	65	179	209	97	162	264	55	147	151	91	92	242	171	62
25	275	250	134	201	30	22	37	76	61	255	90	85	1	188	80	186	50	12	229	243	204	261	215	28	66	84	128	35	45	70	200	252	53	283	182	72	131	177	161	214	232	180	137	38	51	253	196	208	237
52	168	73	226	159	191	107	44	86	34	270	247	57	120	267	183	265	100	189	81	21	111	165	155	194	256	82	123	269	135	206	169	238	110	233	102	244	60	156	20	249	227	18	121	240	145	213	134	140	155
151	258	100	64	276	190	235	176	22	43	124	233	185	172	220	186	188	15	255	174	144	85	238	216	138	52	20	164	212	115	108	135	65	117	154	72	81	237	99	167	234	243	36	89	217	49	222	116	240	93
40	77	74	37	228	140	200	19	180	147	91	160	123	16	282	132	198	53	136	105	84	131	45	26	218	182	268	171	148	211	263	275	196	76	193	114	177	261	139	146	101	265	133	267	1	60	194	78	119	4
54	122	46	109	221	272	137	128	121	56	197	264	96	274	32	269	47	215	192	141	158	129	30	110	259	266	25	113	204	232	41	9	207	86	205	23	226	61	248	179	42	165	184	242	66	69	159	170	98	63
241	24	168	227	87	262	102	239	224	280	149	163	256	55	155	50	58	225	33	14	13	6	208	145	71	3	95	90	281	230	273	189	127	283	277	5	73	150	11	247	250	21	229	34	173	106	161	27	67	7
157	82	44	270	153	94	206	39	92	254	130	51	201	10	175	57	38	2	152	107	245	12	103	59	285	231	203	169	8	31	199	210	166	17	187	118	97	70	209	28	125	29	75	178	271	156	244	246	0	35
18	213	181	112	183	260	253	80	249	68	142	83	134	214	62	284	278	79	219	162	252	251	191	104	143	111	88	279	126	202	195	257	120	223	48	236	109	266	155	4	53	59	213	263	47	50	192	251	1	23
246	117	277	71	285	12	208	271	241	121	79	164	88	120	15	28	218	207	99	173	110	176	3	239	240	181	253	70	136	20	35	275	40	143	17	228	153	47	273	156	237	222	169	126	215	250	269	68	31	224
195	26	206	49	229	244	8	203	65	251	130	225	89	211	78	134	66	91	39	150	116	80	111	283	60	140	58	179	184	272	232	56	189	268	81	177	162	50	236	135	192	22	180	86	48	32	205	54	146	227
34	263	30	266	42	115	278	101	161	16	261	125	188	212	4	62	93	247	165	108	97	214	33	63	67	9	141	129	196	171	18	114	193	0	248	104	36	242	200	23	77	82	61	249	100	92	85	109	154	235
84	90	238	113	44	231	282	219	131	73	264	127	190	166	94	7	38	197	69	147	158	25	75	83	185	119	19	122	260	123	279	259	41	252	74	64	204	14	159	55	45	144	230	245	216	267	87	256	258	223
21	133	167	132	11	103	106	163	5	98	280	148	174	170	274	76	213	142	233	155	137	226	118	107	254	217	160	243	6	51	202	194	262	149	186	53	183	199	157	209	27	201	187	182	220	59	168	124	96	221
57	281	24	128	257	43	1	152	52	284	270	138	234	139	210	265	145	198	255	178	10	105	102	191	172	112	95	46	151	175	2	29	276	13	37	72	71	162	169	238	215	18	54	241	38	88	117	158	201	256
194	160	231	35	34	250	99	22	263	2	123	184	100	122	159	146	178	136	91	169	150	248	202	198	139	4	134	106	116	90	152	65	79	68	240	129	238	64	285	149	176	280	104	166	102	77	13	95	239	101
70	26	165	223	235	274	219	83	17	154	264	218	273	168	153	284	63	246	170	207	16	30	10	8	143	228	120	81	108	42	130	262	190	46	87	9	62	221	177	259	236	204	175	97	25	15	47	76	140	157
126	205	162	21	191	125	31	14	251	277	37	189	128	107	40	32	38	3	78	256	124	270	201	268	133	148	75	145	109	142	113	266	245	135	232	167	23	229	85	206	20	141	174	36	260	281	265	214	278	52
224	261	164	54	24	213	7	111	80	61	226	279	180	45	18	255	257	244	49	67	196	5	74	55	179	241	192	44	86	69	182	220	89	114	0	58	93	88	60	237	183	1	212	121	222	187	247	208	72	110
181	283	131	216	43	112	51	156	84	50	275	105	19	249	96	230	57	197	119	254	48	185	138	215	158	144	117	253	147	41	12	186	269	6	127	118	233	276	217	211	59	163	203	103	171	193	272	39	29	155
267	115	258	56	161	200	173	242	132	94	98	82	28	195	53	172	71	227	252	11	92	137	27	225	243	209	282	66	271	188	151	210	73	199	234	33	161	54	212	80	199	28	21	128	269	172	143	29	160	162
217	49	103	172	61	95	156	58	257	206	248	104	186	272	60	181	164	77	198	130	134	0	106	229	267	227	44	24	226	83	35	93	142	76	159	193	214	278	230	188	212	2	53	155	184	220	150	100	266	129
180	170	108	282	12	63	247	75	81	31	211	131	56	259	223	209	66	168	204	187	260	169	197	158	279	255	207	194	179	231	166	45	5	250	199	228	236	200	138	115	232	26	32	176	14	133	148	281	210	213
167	254	219	120	48	218	39	271	21	189	3	274	160	234	119	240	137	97	78	114	140	173	154	117	84	239	163	16	33	256	283	191	252	284	82	89	275	105	241	208	71	28	101	47	157	276	135	6	262	285
235	8	224	268	19	242	18	196	38	86	153	261	23	70	43	74	13	94	10	37	109	265	174	55	110	4	243	59	22	246	112	280	183	126	192	65	116	79	41	233	258	136	128	263	52	237	40	270	162	72
124	25	36	152	99	264	149	107	161	73	195	277	221	90	113	222	175	178	122	64	7	27	141	151	67	50	80	165	69	244	238	202	91	132	190	201	182	171	215	92	30	146	54	144	68	225	177	9	139	57
185	125	111	96	51	29	205	42	245	251	85	143	203	34	62	121	20	145	269	11	98	15	17	273	88	216	249	147	253	87	127	46	118	1	123	102	196	112	238	12	126	184	34	36	186	279	125	219	150	20
120	70	133	63	46	160	1	58	50	258	152	135	29	80	158	186	23	279	42	74	155	157	125	108	280	252	251	214	14	257	159	117	221	176	263	147	272	65	2	24	129	62	34	68	4	35	210	30	126	154
229	127	201	175	86	22	7	102	84	181	165	101	198	56	244	136	276	79	55	235	99	60	95	271	103	209	274	28	32	171	143	273	282	9	269	122	207	41	145	94	222	241	16	169	51	250	139	72	234	208
156	212	88	47	37	240	10	223	142	73	52	106	153	281	100	216	262	164	112	113	202	36	137	78	256	85	231	64	261	228	245	283	15	284	243	118	193	275	179	264	25	168	146	191	247	21	166	53	92	115
