0,1
190	603	242	413	372	27	489	43	494	709	237	378	211	196	415	462	354	779	514	233	665	707	261	730	754	68	579	741	384	537	52	426	300	349	85	725	752	143	254	284	544	636	131	295	138	735	566	218	318	188
351	392	492	45	693	140	244	222	656	381	585	769	361	727	197	721	223	688	458	568	323	638	780	345	482	34	716	717	230	520	278	518	592	173	729	195	192	634	163	686	609	774	444	260	64	104	802	803	121	92
399	643	504	743	621	167	294	408	153	650	191	673	293	16	660	581	649	558	194	626	407	706	171	625	124	31	651	469	339	804	766	341	203	610	569	94	177	57	375	370	783	529	403	152	681	396	142	176	500	116
487	511	567	447	674	235	274	292	632	39	309	582	181	193	100	483	80	12	84	298	217	772	157	601	522	442	549	35	683	299	358	491	559	616	172	30	398	450	78	132	87	564	335	280	584	438	578	429	619	334
175	808	402	475	307	704	22	161	277	367	440	250	513	120	262	240	325	7	672	734	179	264	1	580	183	577	102	479	302	441	285	252	271	565	449	305	33	126	593	60	311	663	659	448	711	778	667	508	594	6
322	431	56	614	411	20	220	570	792	47	604	571	666	387	605	425	169	315	676	419	424	536	304	115	24	377	65	629	76	400	276	272	817	417	202	405	69	787	97	452	620	820	96	273	224	428	303	151	443	599
539	611	110	658	21	170	509	72	383	737	105	675	805	791	91	457	228	259	374	724	501	806	641	618	646	445	748	329	199	613	795	495	257	133	282	231	236	109	697	708	750	238	687	296	739	476	773	546	229	107
253	70	524	435	575	547	333	141	699	767	654	418	631	710	118	473	154	796	88	794	712	136	50	548	114	379	510	685	386	241	245	550	98	215	155	166	819	749	83	617	797	451	61	146	600	497	410	249	59	696
3	586	598	525	390	164	644	633	139	119	162	210	622	11	576	266	531	28	129	279	317	10	81	414	722	587	178	306	745	108	726	637	466	793	684	437	555	111	572	14	214	519	327	160	812	26	669	705	184	485
99	746	467	25	538	29	456	389	507	326	486	49	679	439	38	336	499	765	248	768	484	615	785	661	343	596	312	159	37	66	205	718	703	226	353	481	130	289	433	148	635	478	301	757	174	227	702	149	212	463
101	815	287	701	775	75	332	225	488	680	147	786	23	590	113	782	308	777	821	602	818	365	756	731	692	63	517	698	219	714	460	58	2	208	477	562	391	505	275	348	106	541	762	198	17	664	642	281	352	810
781	532	359	187	207	165	560	740	269	639	288	647	251	512	36	394	297	19	310	553	267	112	573	291	728	189	247	5	563	588	145	471	204	720	744	397	316	432	628	533	362	738	759	127	561	742	700	314	423	331
552	404	474	368	612	694	42	388	117	493	270	324	623	0	9	55	784	753	455	595	764	319	385	556	813	434	18	751	789	186	86	758	503	46	168	719	221	436	678	809	723	682	258	137	330	376	454	158	180	521
32	150	263	103	347	551	540	350	516	788	213	465	206	816	542	255	412	328	648	583	346	427	695	811	607	421	470	627	459	373	48	798	506	589	814	82	355	95	446	67	608	534	422	380	201	357	671	128	144	401
209	286	498	268	90	41	763	337	416	234	366	53	690	243	79	51	526	736	338	340	515	535	640	677	713	557	313	554	232	747	591	185	807	62	480	732	624	523	662	597	246	134	655	461	360	290	182	364	771	761
4	645	44	472	468	715	135	430	657	770	799	71	630	464	776	15	393	216	74	668	801	760	606	406	790	93	530	283	543	321	652	89	670	342	653	382	409	755	13	453	77	800	691	689	200	545	574	122	363	344
54	395	239	356	528	371	420	502	40	490	256	73	8	496	733	156	123	369	320	527	125	265	401	58	318	591	26	672	396	191	758	108	225	404	270	790	48	36	759	168	64	182	524	653	70	804	77	394	230	484
169	447	477	326	27	193	54	136	176	285	97	383	182	431	332	56	811	0	38	358	20	16	464	121	272	336	753	766	216	52	390	299	305	665	597	423	696	333	375	66	731	183	28	168	92	489	592	171	439	695
380	47	556	788	275	166	303	278	427	331	152	791	249	40	282	245	250	701	484	370	321	246	88	636	520	141	25	645	466	616	820	750	575	712	580	551	583	385	339	219	179	499	359	529	739	42	102	175	230	409
372	624	422	493	139	565	656	79	498	658	534	76	812	286	573	364	413	799	817	110	623	500	352	151	784	526	346	792	392	435	514	717	699	810	765	262	129	720	612	671	729	638	395	361	728	387	468	732	207	715
197	189	452	161	154	508	225	167	504	289	13	648	241	218	757	155	586	424	98	297	210	401	454	105	264	190	559	581	388	647	137	236	776	224	174	256	441	561	58	341	544	22	481	590	761	237	571	125	803	172
68	685	479	7	33	160	719	751	549	1	738	433	614	342	667	53	482	263	202	509	680	135	306	214	59	501	568	539	692	340	691	389	483	351	503	329	453	582	43	132	434	49	316	192	80	223	57	781	114	96
469	145	646	768	150	115	191	511	610	629	713	195	330	522	593	540	240	268	444	622	317	324	269	805	785	634	443	78	541	313	515	767	474	70	116	764	293	804	201	471	676	72	103	578	458	625	608	77	527	234
127	130	574	494	39	215	651	232	345	707	196	637	700	356	292	531	497	669	487	807	298	48	18	382	153	457	173	34	641	609	411	735	294	350	631	797	690	111	75	357	798	687	228	606	11	360	365	17	302	386
170	15	759	806	555	777	617	144	90	548	737	50	5	252	199	678	63	808	198	673	758	209	462	328	793	124	745	211	404	296	140	131	589	119	270	393	366	200	502	670	253	163	547	12	545	311	391	280	746	23
295	698	530	184	44	128	104	633	41	490	426	146	736	598	683	436	533	106	188	652	605	420	560	716	430	258	257	663	384	763	814	809	419	222	134	475	819	74	775	664	343	288	543	242	478	650	212	467	159	774
194	203	205	510	460	684	281	347	718	705	649	89	642	287	486	410	773	30	569	528	368	208	702	378	113	9	674	492	403	221	602	659	26	619	801	362	440	71	769	349	248	273	8	398	455	65	476	243	133	762
721	532	450	463	558	94	507	162	181	567	309	709	301	554	108	4	505	760	120	682	310	314	425	724	491	752	579	158	204	755	587	734	32	627	177	93	371	315	363	69	291	644	553	109	19	706	318	157	570	21
722	36	506	416	585	187	449	415	247	611	711	290	217	654	432	283	35	284	657	259	319	668	37	552	85	588	546	180	519	789	538	693	603	126	584	672	566	99	67	451	686	703	542	446	524	142	655	405	271	84
604	756	428	101	355	10	327	726	265	521	46	81	3	73	727	374	744	320	55	557	795	743	323	496	261	537	147	417	770	338	780	353	322	564	138	260	472	14	640	402	396	480	100	82	535	595	95	661	117	238
394	379	675	591	266	632	525	354	165	397	601	62	279	708	783	226	381	83	300	666	334	694	639	185	725	227	123	495	465	772	91	523	461	653	60	400	688	710	689	2	233	412	630	596	373	517	747	714	6	662
442	254	418	244	107	376	186	790	594	697	782	513	255	620	304	239	149	771	24	31	816	621	628	677	562	749	679	229	267	445	148	470	437	344	742	274	730	607	473	231	488	64	377	643	704	251	122	723	786	613
572	600	369	406	156	348	308	399	448	681	813	577	29	599	143	307	87	51	615	220	518	61	794	213	778	748	485	407	312	335	536	277	86	367	429	821	635	235	438	576	779	818	787	516	550	459	741	112	408	626
740	414	178	802	563	118	512	815	276	660	796	325	337	206	456	618	421	800	45	733	754	164	59	612	278	494	80	574	476	533	395	307	540	793	684	88	193	795	390	801	79	43	5	555	444	441	227	674	124	519
507	148	597	538	486	443	194	601	403	299	580	786	297	759	320	100	97	426	534	523	251	635	535	626	492	668	370	322	491	772	774	406	482	364	286	4	498	42	361	734	374	344	812	333	481	310	338	549	257	18
91	301	806	293	449	22	359	56	613	313	737	109	502	694	36	346	767	253	658	649	821	261	699	489	113	456	88	245	617	802	180	422	93	799	578	3	614	255	735	114	493	618	643	461	7	713	805	564	69	349
676	146	579	365	563	179	250	168	702	119	471	419	557	467	510	430	158	687	746	64	281	183	252	238	432	779	747	39	235	205	628	270	803	147	429	133	132	451	525	622	244	98	192	309	650	544	375	659	566	543
264	627	548	754	552	680	324	665	420	773	237	243	506	685	224	52	336	693	260	572	444	816	110	771	283	798	514	688	10	287	201	280	691	770	711	46	599	330	213	345	559	175	271	582	20	291	624	37	715	794
166	679	761	633	341	468	593	706	128	141	96	379	657	414	78	703	17	47	160	303	454	555	707	298	401	615	744	819	139	418	778	188	588	276	176	460	485	225	598	53	488	29	178	782	371	111	585	159	558	294
278	576	329	574	743	661	801	90	242	170	138	423	373	814	149	59	785	347	212	516	537	400	750	12	279	222	115	284	640	810	766	784	753	367	157	393	727	653	21	529	321	136	603	94	684	407	156	353	712	417
607	677	274	339	479	71	72	288	399	724	391	783	436	334	692	99	397	522	144	200	256	28	742	290	811	241	698	395	186	605	131	807	641	756	8	565	788	384	328	765	404	590	151	651	793	745	453	528	682	77
24	476	60	216	193	674	592	215	808	458	652	792	312	296	669	645	463	760	581	438	198	809	107	163	129	118	221	55	611	604	177	58	795	66	483	497	154	731	612	89	577	368	413	721	631	40	356	634	86	532
396	571	800	813	408	16	714	470	124	527	730	332	606	738	265	389	117	815	787	63	455	308	108	690	358	751	477	736	41	433	431	428	683	410	105	376	208	187	145	686	209	74	38	92	670	595	269	81	589	335
362	472	596	184	135	226	719	13	755	741	392	351	551	318	478	671	218	217	199	781	490	272	663	137	76	648	411	116	660	49	647	304	127	182	675	424	150	696	123	240	210	728	386	316	415	197	666	673	664	561
34	19	749	305	82	520	1	421	789	720	508	172	398	101	267	445	2	169	722	355	484	717	385	323	723	752	547	718	27	319	354	726	655	504	769	254	239	427	285	259	125	174	586	348	473	70	775	134	234	220
531	268	464	167	437	363	394	357	791	342	173	732	545	75	757	494	6	84	515	85	474	190	340	311	667	416	764	231	656	620	725	513	621	701	122	388	54	30	797	140	317	442	446	203	32	639	57	120	758	562
314	817	196	153	369	14	553	521	509	733	350	768	61	512	672	462	554	496	644	44	700	325	637	610	457	503	185	536	705	289	762	87	390	102	697	695	211	106	716	709	459	710	567	155	50	171	570	130	33	526
518	207	441	583	95	602	263	266	790	300	517	73	662	11	248	530	533	546	227	161	228	67	519	480	594	556	708	776	409	818	295	642	51	550	258	763	619	524	103	315	681	232	466	678	273	609	326	540	381	246
587	434	804	412	500	505	0	35	181	112	439	654	343	80	440	306	405	372	820	352	282	68	142	83	646	214	377	62	48	126	307	591	331	487	219	366	162	378	292	450	191	104	402	143	623	600	748	638	202	435
501	195	380	495	632	223	560	236	31	383	630	360	780	152	704	233	573	275	230	499	541	9	26	739	796	584	204	511	327	45	636	575	740	777	539	262	465	616	608	629	689	277	79	475	425	382	302	568	43	569
448	247	164	165	469	387	121	65	229	5	729	452	447	15	189	625	25	542	206	337	249	23	254	767	333	30	107	640	2	610	58	505	690	38	72	118	404	515	325	9	536	554	101	229	684	580	724	105	81	599
184	363	7	650	624	558	729	354	288	48	369	29	208	469	656	791	421	36	616	295	58	335	357	196	238	528	608	378	612	93	44	431	237	411	12	667	145	278	204	148	377	207	64	689	794	172	43	640	273	474
668	690	666	436	242	416	699	63	402	396	561	597	119	620	100	562	653	641	298	806	422	434	536	553	230	684	42	712	559	133	758	621	776	721	661	440	582	605	56	389	649	488	767	572	513	718	412	231	52	386
371	241	565	424	792	78	726	106	520	66	687	61	531	438	570	263	9	99	287	781	454	344	26	432	685	628	84	663	622	31	124	150	677	49	33	189	109	556	752	116	505	463	407	548	362	815	314	323	560	118
733	700	739	394	342	112	551	518	647	90	740	14	180	450	181	576	366	221	130	135	445	674	475	385	227	50	379	693	607	2	305	151	161	462	142	563	158	710	170	267	790	449	651	32	268	27	51	19	350	448
540	804	310	757	188	786	807	658	545	707	750	415	4	297	276	701	515	774	452	603	186	455	764	282	793	812	537	279	637	613	341	405	364	784	114	511	299	190	522	387	633	803	748	40	60	601	141	81	592	8
166	409	702	779	688	367	340	191	35	15	464	16	98	22	681	736	629	195	88	595	738	419	801	361	655	294	516	444	301	159	39	818	80	13	134	625	761	500	768	654	753	821	716	339	691	203	187	183	346	743
74	722	638	730	318	381	337	146	329	390	631	322	468	728	164	259	6	258	473	785	228	384	426	529	587	817	127	566	92	300	220	89	497	800	734	714	715	149	317	760	664	509	120	810	272	213	678	662	138	302
155	313	304	167	152	549	697	311	333	704	506	140	614	65	501	581	646	577	719	169	683	763	274	160	533	659	336	168	53	97	117	404	626	91	538	717	487	209	360	309	163	328	686	470	759	737	229	82	709	732
185	3	383	356	291	280	110	428	521	703	20	588	762	23	430	330	252	104	756	575	496	129	652	156	236	372	749	636	676	197	604	34	247	435	45	547	751	466	723	457	283	567	79	526	162	648	586	573	665	467
802	461	176	374	777	542	270	778	222	277	351	477	319	491	137	413	429	95	557	632	248	352	392	484	679	194	266	332	154	805	453	293	720	541	38	482	502	157	579	308	443	224	420	585	358	173	5	226	193	696
514	490	611	251	325	198	108	254	476	755	670	94	769	741	544	398	772	174	239	439	669	403	21	525	131	472	395	498	30	233	206	370	199	373	746	348	599	289	692	543	111	338	345	260	105	223	493	47	483	71
28	727	713	296	57	244	243	262	408	706	281	179	264	682	578	789	182	414	275	644	177	18	609	550	86	235	153	673	210	399	535	326	798	214	731	269	10	594	37	55	754	797	59	534	705	368	382	126	321	591
41	811	634	205	128	479	290	564	427	552	787	72	380	25	465	660	292	240	246	355	735	234	619	745	711	725	175	504	178	782	320	809	539	67	306	69	580	471	388	446	250	201	215	286	54	819	68	771	139	569
441	125	96	307	698	554	799	349	376	85	675	143	546	353	391	347	574	121	271	820	657	11	523	610	284	816	527	17	775	324	600	216	249	147	423	253	87	639	327	480	46	630	1	123	102	747	219	489	285	495
530	192	458	442	456	433	724	255	77	261	494	73	459	303	343	590	773	478	671	0	589	571	555	796	694	397	486	788	508	165	144	218	202	217	393	62	499	70	365	507	783	410	635	425	257	417	212	24	642	256
171	695	451	107	211	593	765	103	568	512	83	598	113	596	447	618	375	115	315	643	406	265	359	524	606	766	627	225	331	583	814	617	122	232	510	401	680	418	101	672	708	200	75	584	770	532	316	645	615	245
334	76	437	485	813	492	602	808	517	519	136	780	312	744	132	623	460	481	503	400	795	742	445	259	581	433	9	783	661	657	667	97	186	413	543	725	68	636	187	167	701	722	561	808	660	265	351	134	106	292
65	266	742	812	737	817	342	625	676	6	418	748	796	721	256	773	454	179	314	43	479	30	531	8	466	129	769	56	729	385	730	734	697	85	690	427	783	397	355	285	215	4	493	738	157	579	301	119	720	197
524	208	174	566	214	248	702	437	113	464	354	502	269	307	388	181	557	491	746	515	442	224	212	816	128	240	246	262	602	785	200	435	66	552	325	345	230	767	387	331	613	620	787	169	784	626	151	366	553	251
133	405	338	584	274	46	370	173	481	216	21	685	244	111	341	543	413	643	779	519	192	789	304	1	754	668	320	51	618	374	306	124	523	336	425	778	74	740	420	772	416	488	293	506	291	818	542	383	560	458
182	118	573	648	344	528	499	486	38	18	649	198	684	360	276	510	710	393	803	629	687	577	91	642	771	563	482	758	793	125	444	70	16	507	471	323	259	287	237	206	714	63	257	755	791	500	109	421	380	439
162	10	309	191	84	673	433	688	372	556	615	811	272	605	463	480	389	67	103	497	610	467	17	384	20	117	455	228	49	185	429	799	662	696	760	733	780	123	601	548	108	193	674	3	534	538	258	561	776	232
588	449	426	83	412	586	797	166	716	804	221	27	217	406	377	165	37	554	692	235	782	654	225	671	194	438	305	559	744	407	255	329	105	333	398	468	592	457	432	62	581	101	414	343	681	275	392	452	175	580
121	578	547	682	154	294	616	603	494	440	311	764	288	424	719	806	159	763	470	411	706	786	135	536	513	520	330	810	558	591	596	41	462	726	496	260	239	549	242	131	213	120	712	395	207	622	168	683	820	694
315	665	525	701	788	98	319	177	142	583	254	263	555	663	551	107	717	308	504	670	310	808	204	39	517	163	340	770	627	815	795	492	774	160	723	318	565	630	805	419	693	646	252	278	621	743	657	75	68	403
77	777	722	539	233	677	268	484	675	349	357	655	170	64	447	569	582	267	521	809	404	96	593	631	652	379	436	718	89	298	781	511	153	700	530	775	628	209	813	147	544	434	814	279	376	300	617	102	45	347
624	116	178	289	322	365	69	369	619	155	516	202	5	249	186	532	145	490	461	611	28	132	223	24	735	757	752	736	680	171	346	201	715	364	529	317	371	526	222	819	57	522	13	33	402	600	199	545	292	367
144	535	229	608	152	707	678	537	234	126	612	753	94	756	54	363	110	448	501	35	236	636	645	282	47	149	218	691	750	807	196	570	356	765	328	514	187	189	724	664	12	302	739	541	589	324	299	40	408	597
647	766	127	227	31	247	106	271	699	768	460	562	48	400	87	762	474	130	326	451	211	281	587	567	73	651	368	533	238	606	749	134	656	485	115	483	231	410	280	88	568	297	141	456	798	93	508	156	708	273
473	661	286	401	15	679	176	79	52	386	332	633	264	50	747	78	55	574	540	751	477	741	172	800	423	704	76	22	614	509	334	361	391	476	512	635	644	265	339	316	639	441	95	53	658	382	711	219	394	794
2	337	518	546	150	277	188	790	745	220	375	327	351	604	728	594	572	11	312	245	575	689	634	599	97	226	146	61	705	607	34	99	576	459	190	465	609	428	122	42	672	659	373	362	138	632	143	32	595	136
71	203	19	350	348	82	686	527	250	564	164	417	86	731	283	139	284	431	550	184	321	475	640	453	503	638	381	90	241	270	9	36	23	415	104	335	498	112	727	183	598	210	761	352	313	148	709	695	353	195
26	25	80	422	478	158	590	801	100	725	443	72	489	167	653	445	140	821	180	667	7	637	137	92	358	161	430	641	650	243	446	792	60	296	660	253	759	58	390	450	703	359	0	378	469	698	303	14	666	571
205	585	399	29	396	81	472	495	290	409	505	487	713	802	114	669	261	623	44	59	732	295	649	568	430	592	341	770	586	421	81	764	442	339	613	359	816	156	754	373	327	66	723	136	410	722	362	455	363	588
563	395	448	475	432	390	44	143	464	132	544	560	589	198	392	576	509	588	243	409	526	399	454	157	612	414	807	634	41	272	146	461	246	472	552	541	148	508	137	297	204	575	677	182	156	800	804	716	417	816
368	245	270	765	71	769	237	527	218	524	797	624	140	514	427	135	30	430	547	592	748	320	263	78	404	735	669	316	768	177	128	380	180	779	185	605	298	138	14	607	672	549	620	94	821	820	792	675	710	215
373	697	325	663	359	282	614	641	602	333	518	5	704	489	631	38	355	538	690	319	223	214	27	523	228	85	407	273	290	774	673	656	332	466	591	510	315	778	736	120	725	482	504	98	149	571	309	528	347	362
84	255	685	100	724	406	726	815	200	345	29	134	287	141	331	570	391	750	206	28	317	253	377	233	190	734	707	808	66	557	221	755	24	637	104	531	125	413	121	674	751	788	131	188	342	201	598	705	632	586
352	616	646	179	311	291	300	97	801	307	337	650	731	267	723	108	584	418	343	422	115	70	567	727	42	754	338	777	67	261	136	401	434	396	74	318	638	269	574	229	535	382	328	114	728	165	105	266	349	52
795	31	175	366	77	375	601	771	550	168	740	241	103	729	117	486	142	280	442	195	610	169	93	478	238	81	805	608	783	79	635	279	684	649	397	485	109	437	469	367	668	130	817	176	604	386	426	519	86	208
718	480	46	536	217	787	193	0	90	61	264	477	87	470	251	459	15	385	715	10	515	244	62	465	53	39	756	431	696	569	341	799	144	369	534	336	360	732	277	717	235	714	222	611	533	546	274	810	51	330
660	758	252	582	600	370	259	713	379	174	498	776	507	205	356	720	18	689	537	363	540	285	411	737	75	54	691	501	110	127	55	164	543	275	7	814	609	770	151	452	451	68	488	286	655	202	152	308	326	419
364	276	72	166	568	744	721	780	760	513	327	56	344	759	353	445	230	16	389	80	173	219	463	619	278	491	305	211	163	775	456	802	752	622	322	191	812	784	471	346	561	69	181	158	742	492	119	766	468	699
806	687	653	294	639	378	487	209	683	618	556	746	324	398	594	376	20	12	58	37	212	813	32	301	506	403	357	304	415	423	679	438	794	439	590	76	644	762	421	595	572	361	281	809	551	186	412	139	597	626
440	284	106	579	425	170	1	207	497	698	45	657	145	764	82	761	268	133	340	539	388	155	225	553	213	289	365	83	262	47	580	288	749	617	578	483	667	358	171	335	248	467	460	479	505	240	493	702	496	199
455	665	43	473	154	636	236	670	499	790	101	36	786	231	348	242	224	167	48	302	447	91	295	107	306	118	436	444	299	192	640	733	239	484	625	410	293	662	40	692	782	339	25	226	402	429	63	123	8	350
545	271	112	33	757	629	700	781	416	408	529	520	621	393	89	394	435	178	446	599	35	474	739	566	153	462	260	247	648	678	203	303	476	773	232	747	57	250	741	160	772	95	708	606	210	628	686	22	334	457
500	184	811	521	701	113	516	234	583	525	122	558	664	50	522	627	796	21	643	257	651	711	753	383	249	458	443	680	581	116	671	323	596	682	220	719	577	695	554	296	785	310	381	162	6	2	603	351	194	96
372	147	789	321	172	126	17	64	652	405	559	196	312	19	187	481	354	587	694	793	615	150	613	60	722	387	371	49	374	645	13	564	314	745	59	512	34	65	658	99	161	709	227	730	676	441	654	681	503	424
548	183	565	216	292	265	420	743	428	688	517	254	819	197	703	3	313	511	803	593	573	256	633	189	283	502	9	530	495	4	329	384	630	706	111	738	798	159	562	693	659	129	26	400	542	555	23	767	763	433
791	258	666	585	818	661	494	490	449	712	623	92	647	124	11	88	532	642	102	73	453	450	372	311	340	665	19	511	106	679	86	212	68	718	294	70	562	134	700	764	695	525	290	506	123	174	739	538	479	649
806	488	430	459	211	553	306	162	56	520	417	810	666	570	357	188	688	336	778	79	297	344	454	761	406	170	482	414	293	787	24	794	304	280	399	131	785	418	438	449	514	308	364	231	366	140	585	641	421	172
647	17	587	429	555	474	786	448	444	334	537	46	105	685	598	208	753	659	820	209	86	12	354	614	583	250	167	715	471	203	511	101	821	492	409	549	572	49	548	554	408	630	485	190	481	181	411	562	422	493
487	603	271	709	544	360	813	805	72	597	5	8	385	27	617	680	288	601	791	560	693	351	135	656	21	465	501	370	144	347	801	65	815	604	327	494	575	38	638	675	476	795	292	91	76	350	727	330	758	477
383	285	768	301	341	546	87	251	431	64	396	262	416	61	174	234	278	191	684	212	412	516	669	53	99	295	764	175	374	152	766	220	600	206	608	563	425	265	531	502	125	326	253	521	788	420	111	749	266	115
329	681	726	799	445	534	529	148	435	210	247	803	394	138	43	267	515	185	290	551	556	578	489	73	224	255	88	744	742	283	667	13	379	213	539	706	328	507	137	447	468	397	752	41	676	717	217	307	611	15
775	711	139	677	463	543	781	569	651	178	238	82	259	121	387	662	96	7	346	169	70	403	62	110	437	699	707	365	650	661	626	594	305	44	124	322	93	731	561	525	746	55	201	141	400	564	596	226	526	456
579	631	743	106	540	410	157	592	273	132	683	158	722	128	473	269	268	479	40	276	361	153	391	446	557	442	565	762	164	808	586	513	50	725	20	434	289	404	582	176	103	194	222	200	80	294	664	207	747	36
243	718	343	48	646	440	724	552	730	757	407	58	612	291	690	424	413	263	35	475	679	771	610	114	237	390	183	95	486	123	423	277	649	11	372	230	67	818	458	812	719	811	102	714	700	154	402	508	187	605
472	819	484	550	373	376	218	432	510	353	355	536	755	609	384	817	60	133	500	469	517	339	738	780	118	455	591	22	116	77	588	542	182	258	545	759	338	728	335	249	177	450	204	264	629	541	798	159	161	19
457	248	68	807	427	538	734	628	233	100	426	522	168	790	389	491	241	362	645	580	593	499	146	284	640	392	229	784	696	595	112	697	577	793	512	428	691	462	275	505	318	776	127	625	166	627	568	623	765	282
678	632	748	689	324	814	150	75	704	480	756	300	415	10	42	195	503	312	478	225	90	576	14	69	314	670	740	524	523	643	735	235	393	433	701	745	527	624	760	227	602	270	495	695	705	751	663	232	192	558
296	519	315	136	607	436	644	109	615	710	2	466	84	378	636	199	94	809	686	313	331	129	257	590	642	380	6	528	773	63	246	340	97	18	215	165	356	130	633	673	23	530	302	382	721	470	741	405	772	720
236	228	316	535	672	71	321	774	310	260	254	242	9	702	78	816	342	33	216	239	419	782	639	729	377	122	358	533	179	98	660	767	613	85	261	584	252	739	155	703	299	3	687	240	754	352	319	149	47	654
156	401	441	348	769	620	34	171	547	567	202	616	83	779	52	671	325	398	559	317	369	792	658	332	45	637	205	367	467	57	770	107	518	51	163	496	219	581	789	657	716	375	198	363	621	29	256	244	28	464
777	145	180	120	439	37	599	566	143	737	498	452	108	151	461	25	245	113	26	532	692	59	359	451	395	506	713	142	618	497	320	119	371	652	736	81	117	453	223	368	16	54	606	648	460	281	349	723	665	388
381	712	668	333	303	589	622	797	272	490	147	323	32	802	635	197	126	274	189	733	483	732	698	337	39	92	30	804	443	509	160	214	571	104	221	311	309	134	682	186	574	750	504	66	619	573	298	279	184	89
783	287	708	763	386	345	196	0	1	694	800	674	634	74	286	653	173	655	796	4	193	31	455	50	196	348	537	121	371	140	456	122	748	662	590	136	719	370	241	206	597	177	1	440	806	188	672	351	43	178
600	816	194	131	76	810	394	443	615	19	430	305	815	119	734	784	552	226	225	409	490	397	464	196	340	452	111	183	520	396	467	330	195	479	6	616	473	645	634	674	573	221	8	700	9	28	30	818	350	17
317	71	629	187	783	633	711	570	217	725	460	120	201	624	469	247	245	617	32	209	370	702	472	555	594	445	706	719	638	406	728	792	675	646	280	304	508	206	532	164	727	333	102	277	485	623	49	491	238	432
29	468	548	295	53	200	585	478	359	424	575	127	743	503	572	325	377	504	389	341	381	812	240	690	718	686	458	142	44	666	373	310	691	41	250	110	47	733	395	339	299	622	233	68	149	809	106	542	654	544
550	798	188	117	203	626	531	481	283	152	641	159	652	351	360	741	821	601	0	263	477	455	546	456	715	768	10	716	174	411	348	659	316	12	404	625	429	58	767	22	679	365	82	314	358	649	249	151	726	417
516	392	170	703	495	126	729	176	772	530	371	300	500	366	689	329	59	243	262	610	134	496	27	79	89	794	136	803	453	74	230	227	139	264	661	535	337	800	198	529	735	403	386	738	740	566	323	282	607	256
364	189	642	760	115	499	765	561	63	774	466	519	584	695	446	627	15	167	175	569	483	705	739	296	254	563	681	52	51	576	781	92	302	613	435	660	179	463	144	232	168	297	137	769	349	599	518	474	699	235
780	644	104	50	398	93	787	560	184	275	273	290	266	423	421	457	554	94	291	385	208	85	707	357	321	113	591	335	597	270	355	724	444	618	628	239	482	309	216	630	590	537	303	70	191	285	293	564	687	3
534	78	771	755	116	587	723	568	764	99	165	655	166	205	647	16	412	48	138	748	442	415	793	603	766	806	488	342	95	214	5	517	782	533	124	192	671	21	556	178	344	475	215	746	419	439	762	379	207	132
258	677	791	797	428	657	651	42	140	56	521	298	26	402	507	506	128	775	172	668	749	399	362	694	327	108	526	515	448	605	220	328	776	752	620	754	505	433	324	789	311	410	81	269	471	346	13	480	621	522
271	449	536	87	813	565	802	557	375	353	486	672	162	100	272	160	811	514	121	773	498	761	790	252	315	367	155	145	788	332	580	543	602	413	46	35	758	268	708	77	682	18	701	648	319	497	737	598	11	643
670	158	244	91	710	786	380	213	57	804	67	23	286	673	374	640	562	538	246	157	663	154	182	551	383	653	103	614	637	678	36	237	796	210	73	107	757	141	408	197	259	260	523	501	219	361	368	43	426	431
193	820	65	289	190	14	69	770	334	459	487	441	287	669	658	609	60	513	306	484	745	422	807	819	639	635	436	704	313	292	581	447	604	465	356	612	683	37	224	146	611	98	665	577	420	717	326	698	596	199
112	202	387	400	347	524	55	608	470	571	528	451	363	147	750	301	388	685	545	251	805	742	712	4	354	384	391	454	801	181	274	133	378	511	83	171	278	284	539	156	62	336	684	778	241	462	751	135	656	808
281	88	636	574	434	401	2	288	527	236	343	588	493	345	308	186	785	177	129	105	489	64	582	722	33	261	153	476	204	101	416	38	372	414	276	589	510	161	736	114	606	405	817	20	331	799	39	72	61	122
632	512	257	709	218	731	320	150	248	713	756	7	86	130	494	696	593	253	525	255	680	97	753	720	732	25	163	693	84	265	461	541	697	212	540	294	777	502	169	40	96	393	223	437	509	407	667	721	814	123
619	1	90	318	558	143	592	173	549	267	382	376	438	418	692	583	312	492	24	664	730	242	80	228	578	45	34	553	759	779	390	231	118	763	352	125	338	75	631	234	211	185	595	747	440	369	66	279	31	586
547	650	744	180	662	54	427	307	676	229	425	559	222	795	148	688	579	109	450	567	714	322	324	678	589	382	452	599	745	542	489	182	661	539	498	595	340	607	729	291	335	777	393	790	168	457	118	152	525	524