1,0,0,1
168	835	1285	1535	1420	1092	2203	1820	2030	1243	191	1788	1919	47	963	1729	510	697	1217	2170	806	216	1843	1531	1369	1989	1048	2093	930	609	345	152	452	729	2305	475	25	886	990	2162	1523	1783	1553	1654	2037	27	1269	361	1499	28
174	469	1629	56	1934	1771	981	1846	464	703	952	1226	1216	1659	2290	2106	708	196	1747	342	1608	1056	692	1156	1033	1209	1540	68	1883	2040	97	1643	2254	2228	689	1875	1115	1763	1862	1894	1945	557	1445	1355	774	305	567	1898	1363	299
2068	1906	2145	2216	1689	1876	1185	2155	778	2000	1896	1813	463	1155	986	2332	928	145	621	1040	176	1288	1700	1668	96	1104	329	2309	1148	115	182	648	1102	219	1844	1941	750	264	2250	2142	721	1139	691	230	855	1854	1161	1750	1407	1573
1167	359	2217	331	1964	856	1349	632	643	2270	1065	881	565	1682	2092	343	1879	245	1053	2268	603	110	492	2320	1761	372	966	130	1026	828	2012	799	663	449	555	1537	1839	707	195	330	1295	1999	1177	1425	1948	1695	1343	579	2244	1166
48	669	426	153	228	173	454	2314	922	1658	1421	1090	1699	18	2187	1050	1109	661	992	1035	1231	2236	573	1511	764	1675	317	1198	17	2261	270	973	942	1468	1465	1014	1356	282	2249	1350	90	1768	362	1994	5	199	1163	695	2198	2121
20	1583	1143	1954	1055	1051	1712	349	1175	616	211	553	970	783	1833	1709	1364	1806	1392	724	163	1003	1909	773	1792	1506	719	1191	1789	370	1079	104	1256	1324	1891	298	869	604	815	2054	2188	717	188	1907	1676	1770	754	1947	1802	1152
1357	2292	222	134	332	74	1996	1640	1745	1674	212	500	1855	642	194	203	404	1423	957	2046	281	2340	543	2324	537	384	1377	1626	684	375	2128	2107	507	1031	2159	896	1665	1497	1627	248	860	1736	827	1748	962	953	947	556	1080	94
1673	1025	181	788	2077	1950	582	11	108	4	365	1606	120	1257	43	1076	427	824	2274	524	2307	685	829	637	1466	1581	158	2073	808	861	608	32	2269	177	287	2321	520	371	339	505	363	69	1330	291	1094	1754	1061	2318	1496	39
1133	955	318	818	1442	833	810	1440	364	1399	731	1847	36	1323	202	1110	920	1799	701	1236	811	2258	1111	1579	1411	1	1887	217	1018	275	742	1616	1398	1726	258	382	1837	1972	1114	35	1559	1212	1647	588	1637	2086	1572	945	37	2339
2148	85	1917	1353	2302	1808	887	2070	614	2205	2328	1002	484	1923	847	72	2265	54	1476	2169	1214	67	2347	1610	876	1183	1993	1516	1307	471	1437	1585	142	423	528	1796	2141	904	756	803	2112	1153	1182	625	1784	428	101	850	589	10
2062	845	760	1342	1798	315	1062	841	2210	81	1315	1461	798	1981	1378	696	2113	1564	2050	1347	832	1598	261	147	417	638	2256	1620	1322	1538	1664	1444	1192	539	1858	2346	1857	1195	1394	1396	95	1911	1991	1818	394	379	1868	1821	2286	846
165	1297	1657	279	650	964	381	1379	1472	334	1467	1042	1874	123	495	1558	1417	941	1965	1932	60	2273	1137	1427	949	738	233	1983	373	854	1518	1755	1860	1126	1009	737	2289	779	186	1838	2082	720	255	304	2336	1519	929	24	31	1797
562	948	781	1358	148	470	437	344	1157	2343	1944	874	857	2139	64	1762	897	1985	613	1235	1179	369	1877	1302	348	1060	1432	1485	2126	577	29	871	143	307	87	891	2010	220	1448	2019	1933	213	839	758	842	823	335	1568	277	2154
367	1758	679	1670	235	1565	576	1644	1246	550	2252	1189	1600	1276	2016	2220	1122	907	1845	996	1305	1961	1186	1277	1503	1724	2129	1144	1046	1252	2194	2109	2084	593	1059	596	924	794	1787	218	1428	820	792	1741	1800	1760	2079	1227	1196	893
1967	915	79	502	1284	1091	2026	1740	879	242	1487	2117	2067	725	512	1561	704	106	1727	1744	513	102	564	1739	2204	984	267	440	775	744	1136	1649	2295	2116	274	205	1567	244	1942	2160	1717	533	1609	2172	1544	840	204	2280	813	1937
837	732	1172	1517	2337	1881	326	872	2120	612	1328	1005	1509	1905	895	660	1158	2060	1173	997	1617	563	2239	961	1507	1597	1247	1904	225	2202	278	1733	1174	131	2341	2246	1093	414	831	2075	6	1850	1872	2241	1232	1049	2047	822	73	1242
1863	529	337	544	491	435	1542	755	1841	418	2298	1853	980	2127	1329	982	1690	312	916	787	2277	429	2150	1835	1532	1068	1977	1667	1309	1959	1924	1871	1178	125	256	1777	112	2207	883	1426	880	1319	1746	1429	1804	898	784	126	998	2264
1865	1794	494	481	1772	1382	2088	1931	34	739	273	863	601	301	1471	1000	1781	1574	328	146	1491	599	1521	71	1077	1979	1829	619	16	2074	178	666	1150	2189	1749	280	2193	1041	1510	1162	761	2168	558	124	734	772	1469	1707	1652	618
1160	1589	1731	2171	1203	1832	821	1084	1112	1935	906	2221	678	2201	1337	1441	1215	2267	746	767	1594	801	1333	1241	336	383	1402	909	2181	1145	2224	1085	493	1455	1452	385	1591	1199	899	1878	406	776	1757	243	1149	715	892	1715	1099	1181
458	1088	2164	1151	1450	1408	819	450	366	566	1298	398	133	2163	226	2032	2090	617	431	1549	926	2180	2329	2001	2319	1548	7	670	1501	518	1434	838	2134	730	1274	1082	2279	2334	705	1861	1836	2151	1058	1995	735	392	1290	762	109	662
171	1625	1753	403	769	795	2118	640	378	809	658	598	890	234	657	665	631	1484	1557	1766	2022	1912	1098	2262	2257	2024	531	1365	1592	633	1400	668	816	2100	2338	75	946	179	870	1913	2299	2255	1696	1882	800	2240	45	1971	190	1474
1554	786	611	321	1283	1500	1801	1969	2191	1413	308	2076	693	2027	1533	2259	1253	1385	1063	991	2137	180	338	624	1206	1814	2183	1671	1866	1782	1405	1249	1313	413	118	1890	2144	1631	636	844	2149	303	175	571	882	2237	323	354	1951	1265
2122	2003	591	490	1348	1831	2055	1464	606	752	1067	247	1901	1706	667	237	1515	1628	114	1376	2323	2043	2232	1117	486	936	1686	1308	1970	1759	2114	605	411	2300	2293	1218	214	2311	474	33	2166	1588	1435	1081	421	2025	501	817	223	489
23	1611	2099	932	2282	1331	1488	951	1254	1268	1997	1022	900	718	700	2045	1593	935	615	2349	1719	78	654	2199	1303	1576	1786	121	1885	1263	483	1624	511	2200	51	1551	1852	2130	1982	1856	1669	1601	1752	319	1646	1679	1653	1990	995	325
1586	139	939	271	865	2208	580	2036	1604	2136	866	447	2313	2017	805	1019	1528	467	2195	968	2153	1619	1418	445	387	1338	1873	559	3	1978	1678	2276	994	649	944	572	1728	2231	1128	1830	1314	1124	1805	433	1925	1630	516	1380	532	561
1438	22	164	1680	1956	1973	1489	1816	151	514	461	313	172	2061	1451	229	1725	542	1722	1202	80	438	157	479	1723	1416	763	802	1560	1234	1534	960	1987	722	1201	197	1641	1840	1436	1980	1778	341	324	482	1546	723	1430	397	965	1393
498	699	1825	300	30	276	1930	358	1074	706	52	2133	441	1756	1064	1116	2123	2143	1044	1176	2072	749	1666	2039	41	1039	2197	2306	1131	1164	2266	999	1304	1197	1208	1963	954	439	1075	425	894	1656	1697	224	2297	294	538	1346	76	1599
1054	2173	977	2227	647	672	420	1918	1920	2229	122	496	525	2071	2238	1767	2242	546	1130	1370	1431	2222	2179	688	1108	1903	238	1129	374	1030	1899	1250	972	859	1541	789	419	1220	858	843	2089	442	2301	940	82	521	1743	976	2131	1525
1311	1359	1449	1007	416	1321	1443	169	1016	1273	751	1764	2057	1738	919	290	1795	1888	793	1582	240	2049	1012	2147	1578	2223	1928	590	1807	1602	1927	236	399	1119	284	2209	554	155	1083	2069	477	1791	1555	1940	2097	215	748	2230	979	140
1207	903	1470	2214	987	410	2124	302	253	249	2226	2085	2101	393	1737	958	88	1266	2064	736	910	989	782	1373	1688	250	99	1642	1936	2335	1477	1998	1410	1078	1086	1034	1300	193	2174	1730	504	1822	1774	116	434	1946	443	1069	745	526
1703	1409	1351	206	1439	53	2325	132	1401	2023	682	1563	1332	1219	873	2091	2186	1008	683	149	141	508	905	1015	1974	1636	1622	1171	1943	1708	2111	908	57	285	2015	1221	884	1013	138	646	2105	812	1211	933	92	825	712	135	1790	1187
1710	1475	448	1827	1955	687	1910	1316	2081	2175	1869	1824	978	2317	1326	1200	1138	221	1508	1453	386	1734	2190	1205	65	1809	1301	262	292	246	1718	2312	1705	1704	1029	12	797	137	711	597	675	1769	716	1570	1404	2098	9	1456	1361	1493
408	1100	1259	2051	1272	1057	628	42	2235	1264	2248	2308	1867	1101	8	1010	1684	741	868	192	353	1976	2315	444	1886	1318	476	1141	487	1884	569	499	1245	49	622	1036	1255	1810	2038	1193	2152	548	585	2345	912	430	1335	545	259	807
530	2094	38	170	702	252	911	2278	1939	602	652	2296	971	1663	260	1275	322	867	1118	1571	635	473	629	351	709	931	1087	2157	83	1529	664	1317	1803	457	66	357	254	161	1140	1238	2078	1655	19	2156	485	263	185	1632	167	1605
295	1566	1447	1742	584	549	1345	969	100	2253	2002	592	1292	84	1184	519	456	1066	1693	1146	2310	1716	768	2212	1893	578	547	1595	1775	1776	293	1639	2275	726	1339	1123	1614	2161	1623	804	1779	415	1261	535	1132	770	743	1711	1870	988
766	1320	1793	1462	1352	1916	673	698	1962	2351	1190	1278	1524	2108	1859	1543	993	1165	1975	1815	913	183	517	1638	2294	834	878	983	2034	568	950	472	1938	1569	1662	639	1596	1403	1293	184	309	198	1914	2056	1694	1286	1819	2058	2260	1915
1556	1244	1296	1422	389	2004	814	159	1071	1633	2285	790	1457	166	2011	713	1038	681	2104	610	623	2029	2158	1375	1683	2018	1045	2218	1334	1480	536	791	594	1089	2225	1612	460	2177	2287	1812	272	1902	200	311	1052	714	1188	581	1023	2167
1121	1479	937	1017	2350	1154	836	1661	402	2041	1391	1120	352	1513	2283	2263	1248	1826	1327	1848	943	2005	1687	2316	2095	2146	1486	2132	2288	1134	1751	21	1194	1368	1584	1096	1021	1415	1473	1239	1004	388	2213	1721	105	522	1864	1672	1590	91
1634	740	1414	1892	771	626	2234	1367	1267	853	156	1341	1281	2135	967	466	1811	1562	2344	0	1223	1024	497	1395	86	1251	396	257	2215	849	1306	231	1260	1481	1645	462	1908	422	128	2125	407	1028	1446	1262	607	296	2014	1494	1424	826
2006	1490	2281	2083	2035	1282	478	1001	2247	503	107	765	934	377	70	1105	1957	2059	2021	390	424	1213	1817	333	1677	1459	2272	728	1922	1371	641	862	1986	2243	1142	1360	154	2291	600	2333	1483	2192	136	1512	50	864	1650	753	2103	1618
2184	241	757	1113	98	727	1504	2115	1702	451	1168	583	1107	2007	2327	405	956	634	694	61	1170	1895	400	1685	162	1785	59	1011	306	1027	316	759	2140	2196	676	1354	1070	651	119	1698	210	509	1921	523	2165	266	570	540	129	1460
888	14	620	1849	1701	1550	1603	111	677	1135	468	1988	327	160	2342	1482	26	2245	1577	1720	1635	1992	901	1073	885	1463	848	2096	15	586	2087	465	1233	1336	2271	1229	2028	1889	1505	289	852	1502	1325	1966	686	227	975	1125	2348	1823
1310	587	488	659	1433	1047	1386	113	1968	2322	265	1498	2331	320	1389	1691	2219	560	1897	2008	851	63	889	144	2284	58	2211	2	208	938	251	391	1299	1372	1735	541	959	1222	2065	1851	575	1280	1660	1383	187	207	1958	1312	927	269
2044	1514	288	1621	830	1536	297	1043	310	1291	918	644	189	710	1900	1271	2053	1587	1714	2178	925	1169	1495	1228	515	1384	1340	432	453	1230	127	1575	209	314	656	552	1929	2020	368	1225	902	1412	117	1294	2048	2303	1926	55	655	1127
455	595	875	1580	1458	2066	1210	350	1527	1952	46	674	1834	340	2031	645	436	2326	627	2251	1530	2185	376	1006	1478	2206	1732	1204	1545	2080	150	1287	777	103	347	551	1374	1037	1237	985	1147	877	1279	412	1607	346	680	1765	1953	917
1651	2033	459	1773	2013	1397	1072	1387	506	1613	2110	1106	923	355	446	534	380	1780	1984	201	1381	671	2176	1020	401	286	1522	268	2138	1258	1390	921	690	785	1103	1648	1362	1539	914	1960	747	232	1615	2233	1526	62	480	780	1547	1270
2182	360	1388	1842	1880	2119	2052	44	1492	796	1159	1454	1681	1419	1095	630	2063	1240	1692	395	2330	93	283	1828	89	1366	653	1406	409	13	77	1713	974	1224	574	2102	239	356	1552	40	2304	1097	1032	2042	1949	1520	733	2009	1180	1344
527	1289	42	1163	998	1779	1117	16	2086	2293	2068	1009	1010	1087	812	166	1404	135	470	1748	1775	1967	1400	788	1127	1505	201	1458	1346	1131	1810	1202	1534	2341	1525	2241	1192	1761	1367	300	762	872	1835	647	1833	1022	46	790	227	925
1965	1443	2093	677	1495	1219	1449	2104	1696	414	85	924	1220	2162	1436	1912	239	775	51	363	1256	448	1325	1125	2210	978	1986	422	2222	1714	301	1693	1572	558	1277	1534	1775	2030	999	84	222	1667	1166	2024	1345	1625	2151	590	1311	910
1426	1767	2029	1654	2092	163	159	1682	1460	1445	1335	1876	1729	833	1375	103	1469	1834	263	575	1205	1980	1076	1207	1981	521	1881	2023	2329	145	1157	627	1690	1312	710	1886	1258	491	717	742	1695	901	2281	374	692	1321	1194	330	751	2161
2303	542	294	1542	1208	362	2247	368	194	2066	890	1067	1336	2279	288	2007	1464	1713	2034	955	116	276	1535	1133	66	1791	1022	1248	2036	2147	1138	1590	971	1318	2144	544	567	1794	1865	216	1607	309	392	382	461	889	1864	2040	2112	441
1374	33	2188	1750	1153	863	1042	1560	686	507	1977	1651	824	94	298	1096	1109	899	1989	877	2135	1112	922	968	1771	1395	1466	2278	2199	437	1823	1353	1506	2127	10	170	1115	469	709	523	2271	1811	1817	1041	1447	2262	2136	40	1439	791
1978	46	654	431	1203	841	106	1566	1437	727	1960	1494	1501	938	974	2160	703	1526	1200	1955	1107	842	1444	998	556	1706	1108	614	2102	942	2117	1976	144	1280	2292	1140	1283	670	1950	813	1354	2046	735	1627	502	1523	1751	115	149	1465
2287	310	1187	611	903	1338	896	1956	972	1343	1703	720	156	1142	317	805	2071	1179	1227	1747	2088	1515	1879	967	487	2065	657	423	563	1914	962	28	2139	1364	1845	1144	76	1946	1020	1812	851	1032	123	762	583	265	2074	192	701	127
1122	1046	1521	316	1255	674	165	1173	1224	956	2124	596	1087	1197	1596	188	413	1851	1843	357	1641	2251	1051	2205	2072	1708	1665	1036	2060	63	909	1567	506	893	1086	1554	394	1893	1763	1726	318	799	341	2218	2018	64	347	894	97	122
2315	2316	1422	2193	2288	2265	447	2200	2323	1057	2312	32	868	1600	2159	1028	1909	203	1562	2010	1237	1013	1588	2125	1552	655	1292	1254	1898	1550	814	2103	139	2340	1128	785	2173	1741	1681	2008	1056	697	90	1454	2225	1609	1082	585	9	1934
1698	1005	1136	1330	2049	416	2276	722	1517	755	1390	456	626	1329	1629	931	183	353	195	936	1075	2033	2211	78	902	100	783	926	1316	2239	1134	1545	496	180	509	7	125	1779	1143	2155	358	961	1777	129	1537	605	965	1069	2198	1801
463	1185	993	766	1054	1645	1290	58	390	1211	191	1529	1589	1209	378	1497	876	2231	834	1841	154	792	1511	1073	399	2140	871	2182	665	529	1105	1619	746	1736	1553	410	1126	1996	2215	979	1014	385	44	1895	501	2273	1382	452	429	1257
1457	707	1433	953	664	81	1622	198	1473	946	1938	1298	994	2337	1593	2219	2213	2203	930	636	874	984	1951	1358	325	969	2306	1297	1184	1762	13	1932	2051	1591	601	745	1896	143	1993	1195	289	322	1029	1039	992	2054	2166	1727	607	1031
2000	980	1019	424	1300	1091	1730	1998	1411	1084	2314	1365	632	1967	217	2284	2242	1557	243	1478	2027	1088	1440	673	334	2121	610	678	1431	1871	873	1988	1961	1984	1892	1428	908	867	1927	934	760	1781	1429	1982	1308	1033	277	577	2332	467
1758	485	473	327	140	691	1856	537	1246	2110	949	1518	1536	1131	1874	757	1887	1276	1175	970	927	1605	1485	24	1261	1618	837	208	1040	2282	240	2174	2028	1327	1756	446	470	1598	104	872	285	2324	554	1689	917	133	1565	373	1192	933
42	765	465	1633	1119	2194	570	875	2333	2237	455	1459	1356	2120	2201	838	478	898	1705	1499	1120	1322	444	827	1770	2240	1221	1359	977	168	1578	238	803	957	1141	1847	2350	312	1869	164	147	1089	401	1789	1315	1921	1831	381	1391	1492
2264	224	2115	2234	2013	1504	2263	769	1299	12	1546	1148	1412	1524	1963	1746	1664	975	2141	1954	1287	185	1398	1926	848	781	2063	96	278	2244	2109	667	249	1214	2005	1587	2286	2116	1610	1430	380	135	1413	2241	181	1875	1691	861	1487	2346
1513	1614	1251	1679	1849	2016	615	714	34	1824	1103	56	1793	598	912	352	1012	1189	885	1462	2275	952	989	286	514	1393	1915	1943	831	1059	1408	27	959	1646	642	336	57	750	1278	1190	1171	1620	1906	2257	2146	2111	2256	690	92	693
960	1577	1053	49	1885	1579	1044	855	1805	1370	119	1852	150	504	2184	480	1776	1324	1582	1795	796	1880	295	1820	1757	1838	1662	1047	520	1953	944	1569	1149	221	14	308	1785	1286	1844	1213	1739	2037	237	711	1813	1080	647	2032	1123	741
1715	1102	1188	1337	1216	1480	1724	2335	1628	713	778	257	793	1616	2107	560	2191	1669	1897	1026	1744	752	2305	613	80	50	1015	279	2091	1366	1919	1271	166	1268	1403	1722	1383	268	2293	2113	1920	74	1540	371	1306	541	2223	582	1594	696
91	1520	1453	2158	1077	595	254	246	207	370	1482	342	511	1467	2179	1556	483	1878	612	1716	790	2266	1694	384	2180	2053	213	1894	1252	1974	1568	2131	1830	660	1992	204	547	508	1842	355	1670	928	1759	37	929	1723	830	2080	2233	652
202	2075	1907	1402	409	1649	921	477	939	93	1265	161	2011	712	1802	1385	2334	377	2142	2248	1643	171	442	466	1891	1707	449	856	196	415	117	2178	526	2232	2096	1941	346	698	1326	1863	1531	2039	267	1702	272	1260	1074	1435	356	763
568	1388	1583	743	716	638	1332	324	1564	1783	854	2095	383	996	111	1913	397	527	566	1159	1154	43	2038	1461	1317	1165	1966	1683	1191	366	2331	1016	459	1266	307	5	1199	2216	2318	1350	1968	2246	1902	1512	1474	1058	1099	2258	2094	241
829	1821	1944	1803	1180	705	516	2300	3	1363	1302	1530	2064	651	1282	61	1401	1889	1304	138	290	2138	966	1303	1295	1118	2268	574	2255	1043	1201	1937	2001	2132	869	1289	2207	2045	1923	2344	884	1952	1432	662	777	1000	776	99	1731	2202
273	1210	1130	810	1890	880	16	1116	211	1351	1561	2150	976	847	22	2114	935	1764	1837	1916	1728	407	1745	1850	15	182	1132	2347	1145	1279	2079	1685	897	533	1176	59	335	412	2164	2122	75	169	314	802	1151	1516	816	1765	1848	428
176	815	1962	1491	1922	1656	2154	630	1661	1787	29	629	1446	118	2238	1985	1904	1368	913	565	297	1846	1755	2082	531	675	1377	438	2297	2089	1858	31	1296	789	146	60	2031	231	1372	832	4	1908	1924	1352	708	995	1238	2277	148	2299
1009	404	1604	1420	1110	287	36	1544	1519	2100	283	621	2022	1709	1639	2070	828	1650	643	1389	540	2078	2169	1342	6	2285	1737	1150	492	1602	1193	1659	1147	48	2026	2055	367	2342	538	2290	1533	1925	1228	2056	1488	731	906	1899	113	1635
2076	1637	1749	201	52	618	1291	740	2165	2004	1008	1697	1673	1930	1760	981	1239	882	2003	271	296	323	2119	1632	1072	1948	25	1808	1233	2083	1687	728	1555	1870	1772	486	2149	1766	2130	1174	1164	2061	250	1181	726	1068	704	1347	2177	89
1245	2044	2153	1011	616	2252	190	1186	518	1486	1106	2181	333	247	490	684	1456	1331	1814	2097	1204	2259	788	2330	1090	1584	172	1868	1172	454	2209	571	561	887	1085	1840	1242	1323	623	20	1677	1471	573	436	843	339	345	130	11	1202
1078	733	779	2187	2214	2310	557	2123	1117	729	187	1573	644	2325	1417	2308	197	1285	1861	689	1111	1655	253	1371	2087	361	475	1538	26	2176	184	2050	822	1378	1405	1983	2245	1262	1035	679	2221	2294	2309	311	313	1660	587	1230	1769	1346
189	2204	1624	631	849	918	1634	739	1816	593	1740	545	340	131	2336	174	1055	2304	402	124	1509	17	2274	817	801	1483	943	503	706	109	236	2133	1797	2298	800	1548	1247	364	591	152	1792	1595	1114	1592	1017	1400	112	1381	685	653
973	1666	553	602	753	1294	1597	1936	151	153	836	771	386	1415	1212	2269	344	671	2019	609	635	1949	1964	2	1006	1991	2090	1027	1855	2226	1182	2212	682	1778	1101	637	539	2319	200	19	2183	1725	749	1857	1910	41	430	186	1599	242
2243	1994	772	695	229	639	2351	1472	784	1387	738	205	954	1928	1686	1018	2067	1859	592	1581	1585	850	1183	1305	2175	70	1611	114	1958	825	2167	1549	1045	835	983	1064	572	2043	141	1361	2143	8	1800	982	1652	1717	2343	2345	35	958
1476	649	1463	2099	528	98	534	351	1477	1240	1836	634	883	417	88	512	2249	349	2224	1334	2302	588	387	2128	1468	2057	1601	270	1782	375	1063	1275	1104	525	1798	2311	134	1416	82	432	1319	1386	1807	1623	797	2015	376	1093	464	1636
1668	228	907	1867	914	1788	488	1678	786	1098	2280	108	656	1062	1742	2012	1170	812	2085	1658	1918	1815	676	259	1030	258	1942	1455	1539	2197	389	2081	256	369	905	420	2321	1774	498	2328	462	1860	1734	2021	458	852	846	1001	2069	1410
1505	923	694	604	391	1999	300	1244	1113	226	1810	1674	505	2002	1684	418	497	1341	83	328	724	120	435	1396	1160	474	725	892	597	445	650	1409	302	155	1452	1328	1493	1475	1095	360	820	823	1971	2320	1644	1481	1676	1451	23	65
1888	68	2009	2206	1024	1450	681	659	687	274	160	1621	1360	900	680	53	1121	1653	919	1711	603	513	916	666	669	499	209	2295	1333	1699	840	599	1272	798	1002	1094	2171	594	2041	1721	515	1380	291	280	110	2307	1427	1780	532	549
2126	2208	128	252	1640	758	235	2157	641	608	2047	668	748	372	768	495	860	193	1733	1990	1570	47	2172	1003	559	536	1806	2105	1307	1935	2296	395	162	1163	2261	2338	1010	2289	450	95	844	1866	886	1761	1479	857	782	468	457	331
1862	1301	319	1828	1161	925	941	2190	774	2058	248	1376	904	1574	1218	266	2348	1178	453	293	1079	338	38	482	584	157	911	443	736	932	269	870	173	2156	1250	1217	1243	617	1514	2148	251	1349	1222	620	1790	988	1900	606	1310	1822
1434	794	672	1129	552	398	1710	359	1198	1263	439	730	734	947	576	199	688	403	2185	1551	21	472	1155	1496	1419	562	1522	30	233	206	1394	1223	2084	2272	2229	1397	1236	348	1606	1972	1313	737	1854	1025	260	2189	2170	1362	1369	940
1748	702	1720	1284	105	223	493	1071	1507	71	700	1052	2108	303	1320	1081	244	1267	262	579	2195	408	102	281	1929	179	264	1603	2077	754	210	1773	1692	1547	1206	1438	275	2052	177	18	747	1995	550	2228	1259	1177	1997	1234	1423	1559
326	811	2068	2260	214	218	761	2220	862	1034	1975	1061	1735	1901	2048	633	1970	55	1235	1023	622	1796	400	1083	1558	433	1392	895	1406	126	640	987	321	628	1615	1065	1156	2035	648	1229	1152	479	1314	2192	427	2186	866	1442	72	1404
2301	1049	723	1489	2062	292	920	2291	1752	1270	1379	62	661	1743	234	619	767	2118	1097	1987	2098	1819	1882	1905	1421	175	1528	178	1146	320	1543	1563	1933	663	67	306	1872	1957	69	2341	471	1738	1883	388	1470	1274	1225	950	683	215
1884	658	54	2168	1092	2017	945	569	1903	2086	245	1373	460	1167	715	546	121	284	1484	864	2129	1829	1348	1825	2250	1809	600	1273	87	1663	1070	2253	937	1818	2313	489	1309	530	2014	718	2106	255	77	1799	1786	73	1367	2134	915	1502
0	787	1613	555	2322	1340	1718	1510	2145	1532	807	1168	1839	1241	393	365	232	1281	1441	212	1048	845	1719	2236	1617	1127	1137	2025	1642	1399	1139	315	1873	406	524	997	2042	826	1630	1249	1355	2163	510	1973	1704	101	1732	858	1608	821
770	645	1269	1100	1832	1768	1541	1833	519	136	780	888	744	132	1647	963	481	1527	1424	795	891	1253	45	581	2349	39	773	1626	1917	543	1947	440	1226	879	1675	1575	1576	1037	806	1135	1631	2073	564	1508	1124	1700	337	1490	1414	425
1232	732	1826	1853	1004	451	881	1231	535	1162	522	699	1339	1979	517	261	1784	476	764	759	2283	948	2020	2059	396	1007	1288	985	86	2101	1500	2196	578	2326	421	964	107	142	818	167	354	839	2327	227	1344	1458	2006	1050	1638	1754
853	1648	299	1	419	1827	1407	2152	379	551	586	2270	1701	808	2235	804	343	332	721	2317	1959	405	1021	220	1448	1571	305	990	2254	1753	756	1931	2227	1293	2137	329	137	2230	219	859	1612	1264	809	494	230	1384	79	589	624	719
1196	991	2339	1969	1503	1804	646	1835	426	865	1158	986	1038	951	1066	1680	878	1586	548	819	434	1712	1939	1671	1425	225	1580	1945	1357	500	2217	282	304	1877	1657	1169	1688	1525	1911	1940	625	580	350	1215	411	484	158	1418	2267	1672
1060	1498	1694	781	651	128	1431	1168	805	1566	176	1281	1049	916	1372	1092	884	733	1689	788	2114	1949	1961	77	255	1655	561	2138	2193	2327	1623	1297	1702	498	26	303	1361	730	2042	1527	856	892	2304	751	482	1100	166	1140	1133	762
1395	1280	131	977	1277	2275	1665	1681	1264	1209	634	716	2195	2094	1309	2260	2336	1867	951	1600	2328	1668	2276	1958	825	2074	1790	1712	1374	937	2304	1861	1043	1826	783	2318	1695	1128	1745	2217	434	1464	175	1004	2263	141	1555	401	710	1675
290	568	1634	481	327	348	957	1635	976	857	1725	536	1648	110	1835	406	2158	679	986	2293	774	2049	82	2282	1636	2347	250	2120	1860	384	1218	43	853	1921	521	1501	1901	1145	1947	759	1360	662	426	121	1212	2085	711	1936	2150	1593
1511	140	1698	2153	1390	610	362	2283	1913	1234	289	2226	484	1195	1933	354	1458	2071	522	1960	656	653	2101	2171	778	442	1408	535	1008	952	1514	2325	1446	2112	166	1117	1982	950	499	2144	1161	918	285	1789	257	2246	2138	1710	636	474
765	518	22	561	1683	440	750	2184	1875	409	1411	543	1392	135	196	1393	513	1662	801	417	607	178	1193	1639	445	1783	544	1644	1377	2024	2162	1155	943	471	479	2311	2186	2255	1575	1460	1104	1650	1125	358	1847	1000	203	1902	584	2233
304	383	230	1579	220	1472	605	1890	1191	1064	2016	62	897	2271	94	848	1657	695	306	2281	1763	72	511	1691	531	1569	734	1301	387	2127	2261	421	749	833	1832	1252	430	1666	665	1948	1352	260	1181	2117	2207	2083	510	1891	2206	2048
616	38	1834	1394	583	2141	346	530	661	1699	458	875	1031	643	360	1652	1102	212	1207	1316	1530	631	1987	96	1518	1857	209	330	1499	1323	1159	1189	1508	637	1856	2042	1711	1307	1927	1100	2167	964	218	1044	1510	1156	871	2038	2122	1230
1113	995	231	1999	562	1468	1837	1656	549	1215	534	83	235	762	444	2044	1670	1103	2211	232	373	1231	54	1213	2220	488	1261	724	222	1288	1654	2009	370	776	1440	602	1988	208	954	1785	869	930	47	1728	2005	815	255	1438	1351	909
2302	1121	1598	878	678	482	726	374	309	1242	1194	1385	1853	1099	2015	90	1814	1366	262	2176	1505	199	627	1974	551	103	525	555	99	1152	157	1124	1037	1541	1463	2337	477	1770	681	708	287	2076	542	971	1283	999	1810	650	75	333
1786	1801	677	1314	886	128	1067	1033	1205	742	2104	1545	896	816	1780	450	2278	2222	292	671	798	1081	1619	1057	1347	948	2192	325	1903	35	1687	1166	1354	2072	1534	389	967	582	668	1951	714	334	293	1574	1592	2335	1548	111	2091	1106
2242	1762	840	1776	1914	997	223	1391	2240	402	307	1516	788	2177	1452	2018	69	940	597	473	2087	200	2346	2059	890	1714	1671	2124	1345	1597	55	1553	1895	1456	2092	376	1874	1418	1176	1549	808	1459	1285	109	318	2231	1496	1880	1447	1873
1796	106	1594	1561	134	955	1624	1969	2075	588	975	641	215	773	736	2309	784	2291	1997	702	884	870	407	241	745	491	1020	2159	2280	1717	1836	344	452	2057	1227	1260	988	585	170	1971	723	633	922	1694	1110	558	107	1966	1743	2342
190	623	707	1788	942	2348	1564	1591	860	1527	1889	206	1370	576	1757	2131	2012	305	339	226	2004	210	1299	1957	1135	2350	2032	1718	1848	1306	1368	100	1087	2274	2187	1317	68	1946	64	810	1137	2300	148	794	341	2142	923	600	1907	1005
874	2344	846	1615	127	2061	1034	2245	2183	938	2116	2169	79	1214	350	1249	1330	978	1524	150	1934	24	2050	2224	1768	2115	2320	572	2026	1445	2168	1919	601	336	2020	455	1932	143	102	1431	486	1838	2198	181	973	835	489	1030	865	1454
1845	1151	1993	720	2196	944	989	485	2058	87	46	729	1402	1872	1398	786	1577	2331	1610	351	965	660	2258	1434	1142	1697	1010	1289	1754	685	1660	2069	278	928	1048	748	1422	2078	1070	862	1462	1116	1684	1991	1544	625	1557	400	1871	1852
507	1356	1531	2219	1618	1415	413	1924	463	1188	1321	557	493	324	27	721	2277	532	1792	1504	91	1130	56	592	753	229	243	538	1704	731	603	2160	1478	959	1690	1827	192	86	822	1604	1617	2287	1562	2000	139	61	1479	457	2351	2093
1136	1021	13	1760	357	1605	193	1965	410	1331	328	2114	2008	2002	2252	2095	1916	1051	628	1045	176	1739	2250	1977	364	854	1973	1616	295	1709	1076	1054	1529	1480	1961	1027	1580	838	1809	500	1941	1198	1767	411	2103	1335	983	732	2259	451
2232	412	644	807	1119	0	843	297	746	2145	924	53	2039	2047	1944	545	1275	537	2228	1582	900	179	670	1649	515	1503	1817	1241	2021	244	1869	1077	115	596	23	1200	2181	459	1894	1828	1453	441	2027	1129	1286	1682	1088	1755	1918	1813
448	1515	892	1300	388	446	1627	2147	2136	1550	76	632	1896	914	40	651	2174	2121	1607	968	1441	1013	1420	420	1442	1906	494	1319	528	247	2225	577	1525	2146	1162	168	392	1967	1955	408	133	701	615	1126	1421	992	1018	529	1685	1601
254	589	1432	1578	1042	1073	7	2197	953	1820	851	1379	1492	1539	1730	626	738	1742	1461	2051	399	1782	947	1647	308	224	161	1040	1271	1833	2014	2234	174	1003	758	743	1558	2209	2108	777	598	1989	1389	1667	1963	2028	314	291	682	832
648	1362	1358	790	487	294	217	856	2123	137	1878	1497	1998	2178	152	253	1147	1708	654	877	1540	575	754	125	1816	906	1734	722	1378	552	273	469	868	2204	1065	449	277	2269	1148	1537	2292	1426	1235	272	1950	672	1196	49	514	608
709	2113	418	1803	639	465	2203	941	1726	17	1602	1436	2080	1204	162	1325	2326	315	1376	310	2010	1290	2193	238	11	1749	730	1679	476	1173	979	1622	761	1232	1806	2157	12	905	263	1336	527	1702	2063	1586	1388	767	2070	578	580	1744
2286	356	1023	704	1029	1862	414	267	517	21	404	2314	301	1096	2190	1753	1859	565	1075	936	1864	1164	1355	2251	2034	1825	925	1111	990	2170	546	280	645	2201	1328	283	163	687	1513	1263	2090	1693	2137	1979	1589	183	447	1059	1097	1039
1302	1899	2205	422	288	1435	73	799	1905	1258	424	151	1546	1543	2303	1238	1489	194	961	1493	766	396	756	540	2	70	395	1855	1858	1485	2140	1793	1428	1233	908	2306	1375	1450	195	1433	1908	1035	2081	116	1383	1866	1943	1538	839	1019
361	663	1498	1292	1068	1995	1986	2172	1199	1050	1686	1729	2053	1359	124	2033	996	617	1637	251	1674	667	1267	1055	642	1236	164	2179	2223	1715	1080	700	1701	2133	2324	363	265	683	2339	1115	1179	269	686	1612	84	259	1095	1761	1049	1451
926	591	207	675	1172	1403	366	1881	2096	646	1573	1632	1870	1384	911	880	1587	191	1629	443	365	1293	432	1017	1014	1621	2036	2257	1910	1254	41	1279	789	468	1332	317	187	2118	768	1893	1779	1596	385	901	1160	539	929	322	2308	1996
1892	2289	1186	1976	1182	1928	1089	907	32	1588	1659	1628	154	1274	2307	1011	2313	1487	619	553	1818	740	910	1240	920	1086	1898	994	813	970	861	811	1265	1202	1584	1751	1092	715	1085	867	337	1808	2017	1449	2152	579	1606	1409	1471	611
504	775	1787	664	638	1954	1599	1250	526	403	1800	1430	893	1638	1625	2249	1326	394	883	1630	919	916	2210	1897	138	984	1795	1663	185	2262	1405	1535	329	1609	1112	1177	300	699	725	227	454	932	1764	1224	271	205	242	15	836	1163
2334	1053	1992	1520	1506	1262	594	1868	1400	1945	595	1120	887	509	1831	1417	915	169	1329	1094	2041	1469	1641	1748	2227	987	1784	2341	1180	2130	58	2155	689	44	1483	960	93	1488	1346	1060	1079	1225	1724	1839	1165	1678	2132	1519	2248	1500
1631	1141	2243	1781	1983	618	780	177	876	821	669	814	2345	1297	2064	563	158	791	2125	1308	781	343	2239	268	829	1777	423	904	153	2244	621	338	326	204	2338	676	1758	1414	1	1473	962	1719	1074	391	2135	2164	416	1437	419	1313
1713	688	1127	706	934	1246	712	1318	2285	1651	1444	1815	564	425	1791	1272	548	1603	755	1367	1072	1343	1723	666	1664	1396	1344	2099	279	182	1925	1490	958	803	2054	118	772	1823	1509	1854	980	1930	1804	1949	1138	2349	1570	95	1399	123
1922	1568	429	1633	372	67	1322	1626	1069	1705	1883	1178	472	1273	2055	1211	1741	1843	456	1565	4	1576	296	1397	1620	1206	353	355	826	2188	1707	939	1084	1157	1727	1386	2056	2189	1363	1937	2105	630	593	1140	77	770	1802	258	1655	1342
2294	728	847	249	1201	1228	264	98	2221	184	159	673	19	760	1536	427	1962	2060	691	1257	1038	492	1192	852	1413	1985	246	894	146	1416	1253	1245	1523	1494	624	1879	2045	1090	1611	462	787	2200	830	1566	501	1517	2216	1190	2288	219
1771	1221	282	467	1015	1348	1821	2175	2134	480	1324	415	818	516	10	1066	1219	503	312	1502	1929	949	717	225	1114	1700	14	1093	1338	1840	769	1939	524	523	1798	1105	2052	393	1457	145	2073	1551	2143	1401	1171	1251	1923	270	795	903
739	495	2097	1614	1061	108	1830	1256	1216	1750	735	2046	1320	519	1339	136	1063	436	2129	649	1133	1759	2254	1026	466	586	1108	378	1276	1223	570	2062	1118	1669	1972	2315	1863	1720	752	1337	331	1153	1281	659	820	2298	1722	2151	1404	751
6	1673	812	1552	1980	614	2082	1270	1364	97	18	1239	165	609	1380	1154	1680	85	764	1653	1900	1844	1047	1554	302	382	1915	470	2148	1429	1052	719	945	1851	1222	236	228	2253	1773	1559	1571	71	321	2273	2191	1284	782	1278	809	956
1746	855	2006	1735	1266	9	1886	2323	873	2037	342	33	216	2317	2256	863	239	2215	982	571	1794	1521	377	898	122	1382	2086	2267	1122	202	713	274	613	1109	261	1829	827	1608	252	1938	690	1731	1006	155	1887	299	3	1865	240	1327
352	319	2030	2322	2264	1953	1071	2031	156	1425	2023	1811	1465	2340	991	1372	652	620	969	902	1058	171	850	547	1812	567	2208	1640	1107	2102	1990	2305	1002	974	1842	1349	844	398	1583	1341	369	785	2299	658	332	804	45	1661	1229	367
1491	1917	921	998	57	1507	2067	1131	1542	2229	51	1187	496	2182	737	581	2265	1210	771	657	1269	375	198	1387	842	1645	1841	29	256	1268	1765	28	464	2022	1799	1169	180	120	1931	963	1775	1912	439	37	1623	2270	837	1167	453	1522
1752	1476	2109	2065	2194	831	25	741	879	245	113	26	935	1556	692	59	931	946	359	1475	1877	1419	2214	1737	142	1642	497	2111	1143	888	371	895	2077	1935	81	117	1477	2149	368	16	1078	1001	606	1672	1484	281	1904	2237	866	1747
1689	1412	381	1736	1692	2084	303	1613	1646	2013	2139	490	147	323	1056	2019	899	635	2100	126	1298	189	733	483	1756	1940	1978	1968	917	698	1361	39	2333	1882	92	2310	1022	1410	913	1467	2166	160	214	1595	104	1911	221	311	1333	806
1158	1706	891	2301	574	1774	2297	1528	66	1643	2316	1876	298	1303	819	1208	89	1807	2110	1732	2296	1012	386	864	2199	2332	1220	1849	1024	1025	694	1824	2202	1658	74	286	1677	173	1846	655	1984	796	2212	1217	31	1797	1197	802	1315	508
335	8	1259	793	757	1733	475	1009	993	1062	2329	1365	747	2218	132	1175	1028	1016	912	590	1170	1295	1144	2213	1046	569	541	1676	144	2268	718	1970	63	284	1357	188	533	276	197	599	1688	1526	1134	2043	823	1406	1572	1920	101	1481
2088	1282	2128	48	1423	1184	1703	2290	233	1132	1311	320	2279	201	779	1567	36	248	438	927	431	1082	2180	2040	80	640	460	805	849	1884	1455	859	1371	1248	587	1174	34	885	800	1296	505	2236	502	1716	1353	834	313	2154	1975	1247
985	340	1448	556	1474	1769	1533	520	1291	1888	1032	1255	1381	1563	20	129	2156	2089	2161	744	65	1083	119	1427	435	1310	1470	1581	234	512	858	2230	1243	872	1909	1822	50	2272	1721	824	1956	1334	845	1805	461	622	2284	1168	105	345
2035	1424	2238	2079	1885	1149	130	841	1226	680	559	1237	2066	1305	506	1443	1146	2163	1512	1585	2126	1294	88	604	213	211	2003	380	2107	684	397	797	2235	693	275	1819	1185	1373	674	1369	266	1981	705	2327	696	1350	405	390	566	1926
1123	1560	2266	1340	498	1738	2119	881	882	1036	1959	1740	2330	2295	2068	1766	1532	1203	1244	172	1590	114	2321	2241	2319	1183	647	554	697	1304	1098	349	379	727	2011	437	347	42	433	1439	1778	316	2173	2247	2185	828	763	966	612	2007
2029	186	1150	60	1139	52	2106	550	1312	428	30	1407	1495	112	1486	2165	573	1696	1482	1041	1850	2098	149	78	703	817	1287	2001	1994	629	1466	1091	1007	792	889	1952	1101	933	1964	5	2025	2343	560	1942	1772	981	478	2312	167	237
972	1547	1288	903	606	291	2117	705	889	2312	845	1319	1772	2317	1332	858	373	1379	590	190	1922	1025	2211	1148	1305	1010	1981	1963	2014	803	796	1908	653	1347	806	1392	117	385	80	2309	1879	2059	189	936	805	1658	917	2012	1466	1468
1338	543	269	51	1268	345	1490	2112	400	1641	1125	580	318	446	1732	2034	1872	1339	966	46	1596	1420	256	1509	1148	2172	1964	153	1169	2125	1961	99	1708	648	2165	2160	2309	825	2061	886	2180	2046	253	2126	909	738	1271	211	218	605
1500	2115	2193	1457	934	657	1667	1461	630	2321	1381	544	1171	842	1949	2234	59	1053	794	30	1687	1823	1496	2300	2258	279	853	2085	14	2316	1857	1377	2297	568	1780	2324	2088	2254	1905	32	1008	1394	1610	1059	843	185	1493	130	1713	2289
1468	1416	1848	1859	78	432	871	2336	509	1652	2237	1726	2283	2261	1029	2340	134	1568	75	1013	596	1812	768	39	766	1604	1573	1232	1627	1836	540	2132	1011	1086	2159	1473	307	2058	1838	1000	390	1683	2157	680	458	815	1704	1817	493	1705
1045	1127	1332	592	200	284	1912	718	1796	2235	1951	1813	986	2310	1130	2118	489	1517	1205	1622	11	1534	1344	827	976	2142	1948	2196	1649	1814	1414	1094	1825	1423	995	1340	1545	1736	667	2024	1318	2173	1693	897	618	921	2288	583	1983	145
1992	48	1014	930	1914	1570	1778	1479	1083	161	428	951	1925	1702	1993	1749	1781	549	2107	1536	1023	1061	1433	42	748	173	1528	2304	1310	1822	650	2017	452	1558	270	1824	526	1162	226	2079	1779	1368	73	484	1511	1555	1476	364	2056	2000
456	2285	1111	778	2138	1920	1149	1936	1017	448	2240	80	968	817	4	260	66	157	2192	2113	917	1892	519	1063	1722	132	864	1160	1218	1731	2327	878	316	737	1962	1709	435	1489	1516	1410	2236	1930	1578	1772	213	1873	1016	1556	67	852
1204	593	685	689	202	636	110	888	1026	916	2303	33	1597	857	1424	1240	1291	1605	690	1808	288	21	149	2203	389	2008	1472	1102	940	68	411	360	681	1334	219	376	837	331	1147	1987	1383	451	1279	1592	910	894	2225	267	315	1443
215	2307	2037	1203	1675	1305	1302	575	1322	126	125	2053	2270	646	1019	2019	1710	999	545	151	1921	1860	877	1170	1524	962	615	160	383	206	2186	1522	283	305	1263	582	1915	643	1743	1007	875	987	1659	2092	1552	808	798	578	508	1181
996	1146	413	1762	1716	1224	2250	1168	2005	1844	2133	1153	2117	511	2128	949	1190	1618	1680	1087	1335	1371	1996	941	1161	1718	812	367	1306	453	1973	1585	1551	715	248	802	1653	1611	1963	619	885	1510	900	1239	255	1366	1672	150	1488	122
1561	2244	177	2282	518	2156	1843	2341	1581	2176	1650	53	1766	1324	1481	1929	103	696	532	692	2108	770	40	719	1689	722	1508	1882	1520	679	1938	1359	1415	1621	131	1495	1126	586	2263	1942	1286	1159	521	1183	340	504	1663	2031	777	1455
1035	1066	1251	647	799	286	736	2081	1646	1069	1738	280	1124	833	2277	1316	819	1746	2344	1214	1560	31	1911	1835	162	1502	2200	2044	2266	783	1408	268	1562	2006	1614	1986	1985	1177	763	841	416	589	1342	1775	320	303	1883	2221	757	391
1113	1401	118	1553	952	1451	1908	2257	980	2014	486	1582	423	835	531	1412	353	945	358	957	76	2211	240	1261	433	2030	2003	576	1834	1677	831	847	1994	1056	109	1975	728	706	2168	824	2167	1167	806	1609	158	2026	2109	208	1863	180
182	417	2082	1761	1981	1566	785	1212	514	1821	1157	1574	1483	1209	499	601	105	1393	965	107	839	2238	1590	1329	1526	426	1321	925	1221	756	1853	61	734	1180	2183	1970	1155	402	341	287	1264	165	755	882	2323	774	290	613	2269	2104
2075	1343	552	2259	2187	24	123	1620	695	754	2218	872	23	822	343	1033	851	1078	183	1370	262	701	1065	705	113	1055	1270	1478	535	2230	1612	223	1769	354	874	749	1453	1501	1638	1001	1287	553	1747	2325	2222	1121	1881	1719	434	2210
912	1437	641	1327	1047	1654	2195	1583	1073	229	1425	581	571	840	1593	1887	2002	834	924	602	2290	981	1538	1117	2214	1044	54	152	684	1540	1382	973	1152	664	1615	1797	2293	1498	1770	1576	795	591	975	2260	2010	1200	564	635	1095	1341
101	805	2256	1977	36	759	363	1661	1909	1176	1895	644	865	377	26	1484	1376	786	554	703	505	735	1499	1890	191	394	2271	1182	1619	1525	2351	468	762	1514	744	261	1539	2262	533	1427	1093	2028	47	1723	2051	2229	144	1042	1317	50
628	1202	1867	1703	2317	108	2040	1355	422	1682	356	984	2033	1131	1390	1923	1564	2062	599	577	1751	717	495	17	2331	1976	2084	2233	1107	803	1211	1507	1854	1602	654	2209	502	881	2249	1647	328	1227	1448	116	2116	1156	227	781	1624	1632
2103	317	849	1303	1365	1313	1804	1143	1223	547	1763	1845	2299	1758	424	1730	1625	2188	2123	167	430	2161	199	1833	797	181	1187	327	1946	866	13	82	1144	2251	1206	1419	937	478	25	1154	1941	1603	2255	1314	780	334	567	2298	2318	1174
823	1257	2207	1971	1711	1294	175	217	1259	863	230	1301	378	1918	573	1002	671	899	1530	1048	2074	1807	2093	906	203	1109	351	487	239	1077	276	2185	1645	1400	1945	1104	1050	2120	512	1787	8	536	243	300	1460	548	1447	369	2139	1020
1899	1290	832	1810	1579	488	1273	972	1879	43	793	2144	259	2343	1757	791	558	2070	1010	2083	918	2166	338	1634	2080	870	2311	225	1700	1904	2055	557	1631	1434	1108	2025	948	2114	28	1864	481	555	2194	1352	1438	1888	473	1628	666	1145
1805	70	974	1982	407	2253	1926	272	1809	2	2146	275	427	713	1255	880	1068	379	991	171	2015	2232	750	361	1648	56	111	626	405	237	1739	2067	60	1633	2276	1375	1435	1076	1960	309	1354	1591	1856	745	1403	401	2098	1385	1452	855
0	52	1504	2337	625	81	861	1361	516	1051	1285	645	665	1800	2009	1277	700	271	2135	1874	1664	960	244	1225	746	1801	1900	2169	346	1054	1467	1135	387	1671	760	370	1755	1866	1600	708	642	959	241	1913	1471	324	2066	93	445	649
1893	1928	247	1644	2073	867	2087	1409	469	887	429	890	498	1666	470	1004	2045	1105	1656	179	1513	1947	1991	2202	336	669	1506	1082	409	2050	1009	1038	163	1233	845	1575	1577	585	301	1480	1260	983	439	386	2153	858	299	2047	2164	787
2313	1587	2267	1569	311	1142	176	1901	138	1818	677	1252	1372	2011	1880	1389	1060	1092	2162	7	1550	374	1262	660	2179	463	1336	1793	919	2124	1839	1965	810	98	1238	967	2143	44	771	1988	396	2291	295	712	2296	656	958	1760	1258	471
1353	1283	1299	2140	2335	205	1184	2111	963	1903	2177	368	985	231	992	1917	2280	297	2189	90	551	166	326	337	97	946	2342	2175	482	562	1855	1444	1173	982	1777	1885	1275	506	1750	1186	74	365	1764	1116	600	1407	1253	729	2208	761
1192	442	1802	1151	1474	1387	727	990	2322	371	381	513	1492	373	492	1326	186	388	466	139	1215	212	1373	201	281	584	258	1721	1367	889	1101	1430	2095	895	1543	609	1601	291	1783	372	293	1979	1330	2013	820	751	242	1380	2060	187
608	598	1246	1446	529	1806	1639	1392	1939	2197	1849	207	16	159	198	2312	88	1320	1978	850	691	20	1475	1070	1399	490	460	611	898	235	2063	477	1742	1967	1728	2096	997	1018	720	1692	238	1916	1074	421	155	659	1196	1112	830	926
1720	62	1463	927	570	1792	1547	1193	1950	304	1164	1789	1695	702	1995	1811	556	1081	678	1276	1098	1790	1249	1699	1465	2150	1028	971	1345	1598	1754	12	1608	497	2021	1250	1674	1128	2319	1265	838	1740	1099	1422	1351	1896	915	1717	2158	726
773	1134	2032	939	357	704	546	1998	764	523	325	1748	49	869	2099	121	2071	2181	1691	1272	500	674	730	1637	2326	2199	192	323	2204	1958	462	1729	1696	1886	135	1505	1613	670	141	1531	2007	1208	2163	1315	1688	1990	610	1734	1745	410
2049	1676	503	483	813	1542	594	210	274	961	137	5	954	1919	1075	2301	2106	2119	190	1185	1228	71	209	1935	1441	1140	1398	1085	333	998	2246	724	384	807	1665	2171	399	1057	418	658	395	604	1607	344	964	1678	63	1237	1997	539
2141	2333	1080	651	1875	414	1795	1179	1616	603	2004	1966	2302	2038	725	1617	29	1304	355	2100	632	1386	1402	753	38	905	58	348	1701	779	792	2148	1565	2054	1426	688	1034	935	2089	2284	154	1910	1679	672	1388	522	2064	1440	1861	472
420	892	860	91	2339	1791	1188	595	1685	1296	883	22	100	57	614	178	224	197	979	1243	929	193	2347	1158	862	1968	1829	2001	408	2315	1072	675	1572	2097	977	769	251	1771	1337	232	447	170	9	1396	2338	1640	2217	382	2152	1521
1006	528	1165	1535	525	69	565	1741	1064	524	2174	1115	956	246	2220	517	115	1486	534	1150	34	2012	245	1091	6	697	1820	1786	2105	2102	95	1974	801	739	124	1588	1231	1281	1785	1773	1307	1046	782	1194	2329	1226	188	2090	1235	140
120	393	10	953	148	1089	1532	1391	1031	1248	147	1626	397	1039	2121	2042	829	454	809	846	1877	978	2154	1137	127	1411	1559	709	631	893	491	222	1464	2227	1052	2205	2328	1733	818	639	922	1139	663	2245	216	359	1003	119	86	234
891	676	2212	1737	1308	1421	673	1199	1847	1557	1868	653	741	2320	1774	1012	2078	1395	2306	2134	947	1756	1487	1292	2016	884	1374	1133	772	2129	1563	828	836	2265	1175	2077	1222	252	1106	1635	1346	102	1906	342	335	537	1840	515	2279	156
136	385	1288	2137	1129	501	776	1230	2029	476	682	128	479	693	313	350	1662	1022	683	1944	339	1669	496	1466	950	920	969	278	559	265	1803	2243	520	624	312	2224	449	1503	266	1293	1548	1940	1172	298	1032	2295	1088	640	1959	732
189	106	587	1841	282	37	1494	380	1670	2228	796	133	1541	366	811	1599	349	143	1765	1234	83	911	2201	1815	250	1491	459	1300	169	1668	431	1952	2145	1397	2198	1642	2101	1413	196	1090	716	1363	597	1657	440	2213	1643	1417	1698	560
2274	2349	249	1934	1219	475	2346	2110	146	347	1110	233	1024	1969	538	931	1036	620	1902	1907	1058	2252	767	1015	2130	112	45	114	622	740	1826	1450	1378	1477	1350	392	733	2170	914	1715	257	634	2350	2182	164	1217	1712	901	988	1759
627	1454	1876	1404	1349	1752	1458	623	1449	814	1837	1636	789	214	455	2068	2151	117	2069	1163	1870	2178	1957	541	285	1999	2239	955	1658	566	1242	2334	2330	2275	784	527	2052	944	1254	457	1138	1922	1198	1694	172	1753	876	1357	907	1744
1311	306	943	873	1518	415	550	2136	27	723	1274	1788	1049	1954	1660	1191	1071	2190	195	821	1846	1462	319	1241	2226	2281	765	436	1898	2131	465	2057	85	220	2041	2018	204	698	621	1606	607	1546	1735	1103	1027	2247	1278	1213	686	1549
1280	1189	79	1245	731	2022	1256	1727	2348	1681	1229	362	1776	2278	1207	1869	590	375	1554	633	1216	84	896	321	1043	1347	308	329	1325	1629	1432	1442	928	15	1485	1201	94	1850	1956	606	1690	1456	1429	1931	1584	1067	1714	1580	263	747
1037	1927	41	714	1097	19	474	721	932	330	1282	629	2184	2036	1984	310	1595	425	1529	450	913	507	1439	2305	1955	264	2091	1333	480	443	2155	302	322	844	403	2094	1309	1118	2027	788	923	1830	1537	1894	616	1794	1323	1236	2206	3
1428	687	2286	1851	1586	2273	1842	662	1328	1445	168	1295	1567	579	1784	1084	1360	92	72	854	352	908	18	1768	563	617	2219	1623	1571	638	1356	485	1527	879	1589	404	1497	1819	273	2268	612	2059	826	1289	65	464	569	438	775	2076
1871	561	55	1832	2072	1651	542	2023	572	314	1298	902	743	1989	104	1684	637	1980	1706	289	294	2264	694	1021	1244	1040	652	904	1686	1891	87	2241	1	707	1119	752	1369	1210	1724	292	2292	1459	710	1884	800	1358	1431	2191	2223	1178
2345	1767	1697	1132	96	1166	1470	936	1096	1025	1122	1469	1123	868	790	1594	970	2231	574	1924	1362	1079	1533	1655	1630	1136	2215	2035	993	989	1519	1937	444	2308	461	332	1384	588	437	848	1364	398	1707	2314	467	254	1831	1041	412	933
1852	699	1100	35	2147	1972	1828	2272	1197	1247	2086	296	859	2048	1312	903	1195	668	1379	1827	1515	1436	1114	994	142	1269	711	1512	2149	1858	2127	1482	1523	406	816	441	1889	2216	2287	1725	661	1933	1897	1319	1348	1030	1220	1878	1943	1405
1406	1932	194	2039	1782	1120	1418	510	1297	184	938	2242	89	2065	277	1544	1284	1266	1062	530	2332	221	758	2248	174	419	655	856	1798	1865	1799	1816	494	2122	1673	77	742	1005	64	1953	2020	1331	2294	1267	2043	942	129	1141	804	1862
236	228	572	183	1465	3	2140	1049	989	1259	1700	2071	2049	585	639	1114	997	731	1390	213	1725	325	79	1681	2302	455	256	898	969	600	1216	659	1768	32	605	1186	1504	745	717	1966	1577	1101	102	569	1684	1810	1778	2234	1650	1195
1733	2104	281	2185	1428	1513	1058	1566	1057	1426	941	364	574	39	2063	1741	1519	1686	1706	1703	1486	515	1924	34	210	415	431	353	1885	1081	147	1869	1006	762	619	1692	1705	1670	793	1881	497	2271	1328	2259	181	1172	1342	1836	1101	2129
377	557	1098	826	838	465	1823	630	151	2334	1042	990	1812	1348	858	443	677	235	196	2103	456	1432	1588	1839	1122	108	2240	1403	695	1997	363	587	854	273	1636	1236	839	1170	1079	1729	146	1026	1271	188	873	1993	560	779	2108	1785
1260	263	511	1694	411	1874	1287	184	1543	928	2047	1152	1645	324	729	277	1369	479	546	1447	598	1910	785	120	52	418	1310	1443	2266	644	462	1321	520	2050	1004	1357	1351	251	2278	1091	1795	646	1683	1689	535	2293	463	174	1252	1040
2174	1658	836	412	507	2303	993	977	680	2231	1749	909	1387	1104	2186	936	1025	143	1538	776	1691	1476	1241	1463	1534	287	1465	847	617	1824	1750	288	914	1215	303	2246	702	1243	2068	354	1669	1474	2049	556	921	7	1393	1050	2167	543
1986	2224	2166	917	275	956	85	616	2028	2196	1974	115	1258	2085	51	735	659	1630	1991	2238	1751	2295	469	1046	1499	2148	934	898	325	2138	2040	1745	24	440	971	1838	1766	2283	1137	1656	865	487	808	500	2071	1492	107	1862	1799	1980
638	1911	1734	101	214	1757	1435	912	579	391	2233	1207	2125	1444	358	117	1082	0	632	99	502	1949	2132	1908	1936	1902	1922	1234	499	1483	28	772	1640	71	2270	1507	1606	408	1315	312	1395	2044	1199	1108	1501	744	45	976	676	1296
128	1430	2261	1500	92	2053	248	1811	1626	2282	1237	945	1754	50	2135	2003	1542	2098	1880	925	1557	209	601	2262	2348	938	893	1270	1820	1912	1333	1374	221	59	438	416	1742	1596	1972	1567	946	815	2073	1389	1938	2015	834	648	1987	852
2265	1235	2021	1378	339	1226	1231	139	1892	2212	1592	491	1174	406	1549	1728	1778	721	788	825	2025	1396	1950	1942	672	1294	77	705	1998	1918	905	252	867	441	885	1822	1439	1604	1952	1471	949	901	2226	1914	2276	1574	2284	2118	1022	682
2075	1920	1641	1786	1035	1410	629	400	2030	55	509	114	1921	761	1167	1620	455	1074	1039	2159	1318	832	1935	1616	1801	1362	176	837	396	1618	2305	2151	1000	2152	1168	2043	1826	1407	1159	1125	2307	213	1417	1217	2076	593	2007	207	1546	1784
1531	1488	643	2225	1066	1619	1268	2011	605	684	293	407	458	1478	722	345	1123	187	1774	2006	530	190	675	336	1275	1238	679	2114	144	402	986	720	1671	746	375	433	1490	610	1884	1564	562	1160	811	141	701	451	2077	960	145	1423
985	1090	1375	1821	1809	869	1371	388	950	621	1828	1628	191	1146	2109	496	1452	2060	2101	2181	1325	572	102	979	1868	1753	2242	269	757	505	1145	550	43	787	2069	1201	1675	1851	1870	122	1437	350	1958	957	2100	2273	459	1612	1280	1661
751	2299	243	199	2222	970	1491	1343	1361	1134	1340	948	2300	626	1985	1044	559	2241	1171	841	1059	1314	359	851	1400	1208	987	1665	548	2214	2169	69	1808	1768	1244	1992	903	1516	1505	1094	12	635	422	466	1650	220	2328	38	884	282
22	1008	2219	1450	2061	1943	1510	1498	140	1925	755	1673	1438	1752	1771	730	1890	795	1883	651	1489	935	1735	173	768	1230	2195	804	1385	2248	1344	1798	1897	1014	592	533	1919	1422	1202	382	897	570	317	803	777	401	329	1858	159	2296
1512	1602	2339	904	596	2290	2107	1434	94	2156	1253	1995	817	297	835	894	2268	428	1571	770	471	1988	1900	238	710	1508	2257	409	452	1591	663	1698	1873	1802	1418	2136	1968	1947	1813	230	1377	1363	200	1164	155	205	1457	953	2051	2287
310	1544	78	1794	1770	2210	1183	2335	1176	607	35	195	536	1767	284	527	1425	2059	105	1487	268	715	590	1939	1848	774	2017	2281	1436	862	944	1672	875	1945	1281	1015	699	1632	1227	417	1595	1551	1696	1473	1143	319	1969	522	1933	734
528	1550	819	1530	163	1440	2045	1415	367	414	2035	1028	614	628	1928	639	2340	41	1931	1368	1707	576	2316	698	859	2097	442	2264	49	1460	1709	1078	1615	1404	65	394	260	2252	2204	11	2173	1758	1653	573	2013	2133	245	1739	1957	724
1193	995	984	883	1503	1408	597	578	913	460	1248	1364	519	685	1051	1976	910	892	1800	623	2142	302	1923	1635	1100	498	874	1127	1010	696	753	1013	166	1326	2277	647	508	2033	1872	100	1095	880	1156	1719	855	954	485	304	403	1431
369	1932	723	1702	1955	393	1247	1697	1047	634	1165	552	1594	130	1833	1356	1337	2213	299	2209	824	827	133	1484	2018	2095	866	1103	2333	1633	2251	608	961	340	175	2117	1803	1267	1514	1964	1068	16	330	2081	296	351	801	2082	654	931
381	419	879	1392	1807	1320	1106	1304	1229	2004	186	959	1690	791	691	1048	1288	1269	362	1631	74	1072	1311	2	434	1722	1196	1723	66	1055	1840	1299	988	1185	2289	224	211	316	478	2189	504	490	1111	2019	1116	395	760	349	1867	671
728	1937	1562	1335	1577	1445	239	1449	97	1834	170	1002	1569	1797	1855	2320	1575	551	259	1552	420	109	652	390	1180	1871	697	1600	2200	1642	1065	2110	595	1131	1121	1659	1852	347	1023	1593	1061	2162	80	1254	1644	2329	1743	1316	524	709
1088	915	1676	1906	1284	658	1158	1879	2024	940	906	264	763	2232	352	932	512	2306	1223	714	1899	1853	584	713	848	775	1956	2146	740	1607	2038	1761	2149	2123	690	586	1087	1982	538	311	1323	501	2150	2302	2297	542	1001	435	1031	68
1864	967	8	1112	1354	276	732	1076	719	2175	1990	223	1668	237	1277	1350	40	2275	1278	413	257	1302	1154	633	694	759	306	670	911	1568	1609	818	1545	1716	1769	1352	232	270	2317	1332	627	2027	820	1779	1814	1209	2052	1493	1009	800
521	1576	2120	2182	1601	1847	2111	258	1380	1114	1069	1138	2342	2247	171	346	76	1353	1096	1179	2008	30	189	983	253	1648	2058	89	2131	871	216	1825	2216	357	1621	489	1760	575	1191	1638	681	1637	229	2145	2322	454	640	555	2140	1402
1886	17	1073	2336	322	2193	2083	1832	2330	2161	1605	799	1579	748	23	1189	1005	1084	2139	2323	1118	321	1319	2102	711	1563	194	2112	1358	218	747	86	1721	1818	558	436	294	1960	2070	2137	1521	138	1854	2134	380	372	982	1336	1097	2347
473	1746	1462	2041	600	594	2128	930	208	2086	1537	513	2056	26	1525	1411	1007	771	843	1841	1266	267	1467	649	951	1859	334	782	91	136	2221	131	1485	1085	1433	1688	2286	581	244	1727	717	338	1388	1151	806	2160	1762	518	1515	1959
1120	1060	1175	1712	899	707	1295	246	975	1882	1324	1649	2274	1453	784	2243	1149	57	2074	2244	1740	1780	895	1331	939	529	25	1341	1144	1181	966	432	1773	1540	754	254	2062	1376	2032	1190	1895	585	1136	2217	612	1382	283	591	2064	366
1308	2279	1793	20	1903	82	1147	1547	2321	1421	383	853	2116	561	1655	2263	622	1657	1898	153	373	1831	712	741	1765	1704	1155	1764	1381	467	2308	1776	602	1796	2163	624	90	1293	1429	1036	1893	2294	2066	2190	1624	2199	389	326	2239	1451
1441	2207	1744	1815	1027	1456	1850	58	503	678	1973	1967	289	242	1157	1312	2292	1409	307	2309	1817	1586	933	813	1262	1526	112	1043	1110	121	1413	1286	1263	1239	331	1951	1887	1062	588	1133	860	193	1282	150	1093	1384	2313	1970	56	2154
1747	978	476	2258	1946	540	161	2326	481	2091	657	488	733	178	1581	900	119	84	426	494	1917	2236	106	1033	1504	2229	1064	368	404	5	477	202	890	2158	291	457	156	1965	1866	2188	1944	2164	453	567	1916	2084	154	1011	1643	2147
554	236	1772	2089	2092	1198	1652	2331	493	731	688	2254	1759	1693	47	802	2065	1272	445	81	335	1582	664	738	2350	1349	997	1161	1788	1905	165	1355	29	93	994	1536	1994	1200	2318	781	1878	231	1535	333	2122	1297	1398	1789	1469	1509
937	2115	1017	1466	1837	226	2269	580	1978	1442	2144	1327	10	370	61	716	1715	2014	261	2345	611	812	1109	2337	127	706	249	142	1420	1129	565	1810	73	1163	397	2187	636	1264	2203	2201	301	889	525	1197	2310	88	1032	1339	2127	1984
1578	669	1904	534	618	1726	568	2046	1699	650	1909	700	149	2171	1468	794	952	1842	942	1889	384	2143	1092	1257	1228	1511	660	888	1192	1259	1052	2002	1718	861	1049	566	1188	2042	1806	973	1080	583	2072	797	1913	2001	947	1290	1405	1560
169	919	964	1416	1713	233	2016	661	547	2054	1475	725	615	1481	2220	1132	1680	1216	1981	1003	1379	1140	2288	2034	177	182	1102	13	1186	332	484	2090	103	308	179	1182	116	1805	1627	1835	796	1724	314	549	531	965	1999	1748	1934	356
2141	1412	996	810	1792	974	683	323	1849	1790	2272	2088	1265	1019	821	1782	1844	1565	1365	2119	2344	637	376	789	1477	918	1366	876	1971	1730	814	1397	2105	279	989	902	1963	1856	1313	240	2029	118	470	666	1941	1390	2223	285	1599	668
1597	2093	569	1148	896	280	1494	1178	830	1012	315	1647	641	881	79	1685	864	1558	2327	1495	1819	482	2036	1720	1479	523	425	2094	192	532	703	870	563	1708	571	613	1135	2179	923	480	2230	1962	1386	872	2235	2012	1732	309	365	2351
922	1539	831	1187	1245	609	1448	927	891	769	2080	2250	1225	816	1370	318	2202	228	998	829	148	828	405	655	1141	2211	255	972	300	553	822	2126	667	15	2215	63	1030	21	877	1587	1211	1067	87	1470	1373	1045	2332	1306	1099	320
1166	286	564	1625	9	693	2178	991	833	18	1347	1285	737	689	36	1126	385	1016	823	1791	1678	1700	2234	486	1130	878	1701	355	1667	160	1517	1674	2312	2325	809	1651	539	2237	2000	1220	70	83	1210	2228	1876	180	739	2130	805	132
1232	225	749	2198	222	447	863	1367	1523	1153	1214	448	1553	241	1561	1777	247	1639	2005	1572	33	606	577	1684	2349	673	265	449	1506	134	2291	2346	653	6	298	371	2055	1419	14	1212	1622	201	1975	1711	1021	2177	1372	1603	386	786
1424	907	1954	1107	2298	399	2208	2260	1860	1309	1162	1608	845	1391	603	1629	439	958	526	46	1555	2020	1804	1124	53	2197	1206	1664	342	204	162	745	1184	516	1279	1966	437	2057	1783	916	2157	1573	203	807	1524	1291	1056	1075	1527	1610
2341	126	656	125	2314	423	718	1613	2022	272	31	517	537	1250	227	750	1861	1459	963	474	1224	1763	1322	2010	374	1034	1989	67	1717	992	1	2183	692	1406	124	1590	1427	1113	1020	2009	111	158	1787	2280	1695	2304	198	2180	104	765
2168	2343	1816	1458	778	2184	2301	2319	1360	2037	1464	2106	764	1195	1105	726	1249	743	840	2324	969	1233	2285	2253	642	1634	2096	464	1455	1731	343	123	842	1213	1115	1205	1843	1756	1261	1255	27	868	2192	1961	1300	920	2267	2245	1077	1472
1522	1139	215	1580	708	1891	2255	545	1845	135	929	212	2121	98	1877	137	398	773	1677	943	2124	1242	1829	1953	113	250	1222	1461	541	1556	2311	1725	468	736	1497	962	1781	620	1948	2218	60	450	1053	2338	645	981	234	1846	1548	704
1119	1940	599	1203	1289	1292	980	1251	2194	1559	1617	1598	582	1755	1018	1298	1532	2048	1273	96	1977	1070	1054	955	1775	1219	75	337	472	506	2191	62	157	164	2067	430	1089	1029	1307	1142	168	1875	1128	1589	1857	780	95	1907	278	1896
1496	2227	328	674	1083	1454	361	2176	1894	1383	1071	4	2205	1654	1554	1194	2170	1256	510	1204	1240	64	1996	152	926	1221	1063	1681	2039	1502	1038	271	495	783	1583	631	1888	999	792	514	766	1738	348	54	1301	1169	1663	665	1736	421
1334	2206	1585	444	1529	1330	1480	1246	1927	3	1865	1570	1979	756	882	2172	492	1346	1482	1329	1345	687	604	446	167	1276	1710	1983	758	392	1303	72	2099	344	183	1679	378	483	1305	1662	185	341	429	379	1623	262	2079	290	1929	1317
1646	37	1274	790	1150	32	767	2165	2153	742	727	1528	1926	589	2078	1173	1611	475	846	2315	295	2087	1359	2023	44	1177	2256	461	197	1915	908	1117	1533	1394	1863	968	1401	424	1682	206	2026	256	1414	1541	219	857	48	172	844	849
1737	1446	1660	1518	292	1666	625	266	410	274	1024	1714	798	1399	850	19	110	924	686	217	1930	1687	327	1584	1283	313	1338	1520	427	1614	2113	42	1830	1827	662	1901	2155	1086	1041	2031	360	752	886	305	544	129	887	2249	1218	856
1037	387	1946	382	998	1554	1486	2079	1005	751	1483	1842	988	1498	1725	336	1384	1062	1213	361	848	164	642	1919	1870	335	2316	1392	773	270	46	2025	1726	1738	1394	1707	1922	929	346	2099	2057	2261	597	2251	256	1955	2167	1358	1402	40
191	1057	728	1695	2043	2063	966	85	986	2190	1743	429	518	354	2333	498	983	2252	482	18	1012	2259	1220	2079	386	1539	1722	632	1930	674	2103	1160	1264	1484	2159	891	1510	724	543	1742	1845	2177	1211	395	316	1800	1713	589	759	2307
1460	2316	2047	1816	1389	174	934	631	131	252	1039	44	2088	439	451	2145	1413	117	241	1207	1661	2310	1600	835	193	1771	1072	1202	1314	104	61	1766	1448	1028	1040	1941	2351	769	1857	1399	370	1492	1793	915	873	1704	1560	779	1248	1992
1990	1077	1013	664	1079	663	1168	906	1080	2102	1436	2269	525	202	257	1453	2140	2249	420	170	639	1580	1616	1404	2218	1423	1549	1643	455	1216	2270	1885	1089	1525	58	2346	2319	1107	2166	74	164	1541	2117	1293	557	320	1994	1852	882	299
1351	1715	2185	1357	1038	286	2099	15	388	472	1384	1559	345	2202	509	2089	1602	1084	276	1434	1737	1932	1155	2009	460	1711	1975	447	1268	147	527	1483	1919	1740	517	166	24	1183	940	2273	418	1261	516	151	51	1454	357	283	1922	2200
364	1603	308	48	975	552	859	2281	1672	2220	1102	2010	251	1802	1774	2258	1197	2176	1136	783	957	721	2107	1682	879	935	2284	305	655	1113	1271	1478	1508	20	1966	776	702	1856	1833	1733	2064	1763	2181	1237	1458	1519	2143	870	787	19
1106	467	1397	87	1377	1208	1367	1100	636	898	141	936	1417	2206	1411	57	1954	1897	1366	1507	1331	1775	95	1673	235	2272	1193	1723	684	1149	396	272	1607	1378	125	226	1297	258	2325	767	1129	572	661	1018	1023	493	785	1062	404	2235
1781	1391	1464	192	256	2146	2115	113	1664	1076	69	66	1439	741	2194	2277	638	2149	1725	1895	2151	771	1471	1604	123	569	2343	194	21	955	751	84	1724	1326	54	2029	793	872	673	2019	574	950	580	2221	842	1333	1295	1837	712	2075
1001	907	678	2086	254	1982	1231	1671	102	1879	620	1738	1825	249	659	1394	1908	459	0	1042	1443	132	1933	615	1488	1108	1850	1011	399	1171	1970	715	1991	2077	1148	463	979	2179	761	1137	223	2161	2291	112	1639	513	1654	367	98	2096
137	2094	1750	2309	329	977	2003	1424	1449	2008	1821	1520	2292	1379	1630	1612	1212	150	675	668	1757	271	982	2087	540	708	2327	217	2288	307	1834	224	1385	1638	1820	822	1881	2209	750	1120	642	719	1557	1518	547	1021	1699	1878	145	1110
853	1157	1987	1010	1844	701	484	999	1067	860	1025	556	228	1909	680	1219	1348	2300	1016	172	1656	714	1792	2012	1372	2093	953	287	1430	1242	1921	619	1097	1562	1789	729	2067	1550	1889	797	154	944	309	291	2073	469	1650	1551	1615	9
1685	1061	1134	1194	1583	2304	2035	2032	2171	1096	2039	1824	988	1662	855	1477	2175	812	1862	764	671	1114	814	1776	1706	349	330	762	1614	1752	1512	501	1960	464	2017	2336	929	796	23	1225	1327	1375	553	841	267	546	1527	1457	707	883
2045	578	1310	1287	1973	1873	1923	1938	1034	1813	56	46	2182	303	2060	262	1865	336	196	1192	1426	1637	1977	1117	486	487	2338	1642	1978	2	643	1125	162	211	1052	1914	683	2130	268	2037	1579	2334	1608	60	677	11	1227	1848	1632	1806
1250	1554	522	1892	911	1047	591	207	2014	438	1167	2350	1048	1543	2328	178	1105	2108	1017	866	1383	963	667	1516	1964	1369	946	884	1475	1501	134	1058	1537	650	1257	1304	2246	1334	1997	1864	2163	1141	2083	1657	382	279	1900	64	1668	1064
295	2266	733	188	970	1408	245	2306	1075	1701	446	1182	679	699	844	281	2074	1690	1324	2126	2337	1574	265	1546	1363	1188	1094	1915	2033	703	390	1489	425	524	2005	2141	1419	489	923	77	2106	175	989	366	1831	782	2293	1648	2247	831
173	405	1390	2251	92	2340	1115	419	500	2122	478	325	1842	521	75	2000	971	878	1552	535	2242	1773	139	562	444	2127	1173	1497	277	1030	432	1359	1907	1619	586	2212	1356	2228	431	2148	665	2239	584	136	2110	342	232	628	490	791
720	2118	1228	55	1652	1418	1678	534	1481	1169	1503	184	1053	858	1480	2095	12	1640	2197	1405	2290	610	1046	199	106	962	253	2022	168	1689	1505	2225	2015	1133	1036	790	1791	913	1051	351	322	1869	1989	5	177	400	63	1101	1916	407
2167	1493	2058	627	1538	158	1335	1826	450	651	559	499	70	1406	1532	1119	1790	306	808	739	394	1235	189	1714	925	1665	1719	1803	10	1851	2205	1450	1882	747	629	348	718	433	1490	968	1352	227	119	2105	829	1361	344	197	454	956
1530	1240	1098	2215	698	2301	2254	2132	2104	422	1007	710	967	1759	816	1526	2059	2196	1355	1631	1687	617	2232	1095	507	1535	1269	1627	917	1817	1597	1952	1556	792	430	149	2050	2049	1796	777	845	656	1959	1395	1874	689	606	347	497	1899
549	2318	1500	1341	807	413	646	72	1347	360	519	1081	383	1380	461	1163	902	1184	1303	1999	2349	1004	1181	1151	570	362	800	1967	1233	1035	356	563	2139	1462	1342	1838	187	875	2253	100	974	1635	2211	1396	810	2053	1420	1777	1548	942
2289	1506	1215	567	1444	1447	594	1175	304	1739	856	924	2198	2097	1416	1316	2028	1180	1829	155	387	1765	2065	1445	327	847	1059	1846	1103	1433	2192	40	152	1784	1917	1887	744	146	850	919	515	612	1086	1588	1586	749	852	2297	1142	215
833	658	1470	1703	837	86	2204	116	88	1043	2267	385	1753	775	1769	1346	2311	1222	1883	222	1808	1130	2271	2234	1749	416	381	1239	1951	3	893	916	1002	1894	127	1634	876	1945	1651	813	372	1891	133	264	2323	410	676	37	2042	1811
2261	896	2213	705	1289	1401	742	1896	2230	994	7	1691	823	231	662	2123	415	1229	1223	181	869	1429	1246	1613	538	1091	1517	727	1621	1946	1731	285	414	237	1056	392	1486	2299	1871	118	2170	1033	2066	1573	398	1949	991	588	657	1123
1330	311	1943	453	811	1118	1815	369	928	368	1513	2268	1452	1805	138	1801	1976	1702	704	711	135	2111	630	1854	1676	300	834	2168	403	452	2119	1328	700	851	1942	2091	190	1226	1370	1205	1542	840	577	1027	2001	1032	2085	1364	1461	686
732	978	1624	2186	1116	2071	1421	602	1065	685	1832	2224	243	2188	1754	2142	1176	206	240	1577	2158	2183	1210	843	1201	225	2156	2025	1082	539	778	176	1969	1329	2036	1409	1533	730	1841	743	1073	157	961	899	280	981	596	115	434	581
1620	992	2152	1788	1186	1563	1884	1275	1476	244	1534	1936	1217	1679	820	156	218	1827	375	1971	274	76	1595	321	756	480	2090	1154	2154	510	80	826	611	1321	641	1522	532	1963	849	568	1318	1778	361	1218	2314	1440	90	2331	229	576
393	1020	380	111	2020	1393	1592	931	503	888	1972	2080	89	203	1127	2260	2283	1794	1780	1131	1568	1663	649	597	1343	618	1974	690	2138	1747	864	1055	2193	1666	1074	1721	640	1009	1138	746	1886	1839	2133	242	1432	798	1279	542	2298	1203
2262	938	1473	1980	1868	752	681	2345	1565	1716	313	2157	1860	871	1880	1587	1474	2046	290	1958	421	1988	920	2044	1601	26	2227	2092	1465	25	1234	2007	67	33	140	81	2245	2295	143	1425	1145	374	1523	1734	338	2322	1376	163	1779	260
2329	1388	337	2256	2136	68	1283	65	1368	401	1986	109	2016	1441	653	2330	52	654	830	760	706	1935	2265	334	2216	1746	2189	512	1468	1159	391	185	1307	804	144	435	1934	1669	179	990	545	1745	554	1152	326	660	1274	613	1709	198
508	1178	770	1270	644	31	449	182	2018	595	205	2208	894	442	2250	1402	1320	2113	1415	1561	1904	2324	1431	1494	1576	1684	359	315	892	1625	1744	1499	2222	428	1278	625	1906	1241	160	1144	45	1572	2210	1528	458	247	1069	402	2238	862
2052	107	901	827	1514	2263	2303	1622	1244	1459	83	854	201	35	1158	2285	1495	171	1761	880	1589	1093	753	477	1365	1524	2131	945	2313	476	1611	2236	1693	691	969	1993	788	270	1266	1196	1015	293	22	1705	506	358	1435	1005	2217	1948
1466	801	343	1467	1204	1373	1132	2264	1547	234	2223	2305	890	1509	809	571	1446	2041	2100	1736	1392	1282	1893	153	1290	2109	1628	1609	551	2116	1296	1381	269	672	1104	1088	2344	292	626	1422	220	1918	1807	1823	1292	772	740	1653	745	1965
566	502	773	1812	1008	91	1531	1306	1258	1741	1925	895	2341	1245	1286	2144	874	815	475	377	355	73	353	363	1315	2199	735	1083	533	881	2134	2274	1209	1170	1770	1903	1660	537	492	1251	1593	795	423	1629	2155	1339	1294	1273	1767	921
1060	587	932	544	1284	526	1594	1438	1728	411	585	1726	2321	734	389	1920	1764	409	28	2173	473	996	341	998	505	1124	122	904	1254	456	1313	723	1947	238	828	1221	2280	943	427	1350	1732	2023	910	27	885	1981	310	754	120	1700
794	1412	1912	1487	622	148	50	47	861	1502	1026	1437	1045	799	1139	1688	645	1618	1567	1305	1024	210	1694	105	14	1262	1849	922	2326	1164	1751	593	1555	110	97	441	757	997	564	328	1855	246	780	548	1847	169	959	2135	1785	2294
2279	1540	39	1090	666	1263	2114	1276	1570	652	1902	817	1735	918	1414	314	1995	212	1198	376	335	261	693	598	748	457	1961	623	1006	930	575	688	877	755	2128	99	1386	972	436	2174	1809	1014	1760	839	1786	528	1403	1195	2048	1984
960	1410	1259	1135	2219	2180	621	1298	2031	897	867	1496	2203	2178	1636	13	1667	1427	1605	696	121	1840	802	725	637	495	483	448	560	717	2084	1998	2011	616	180	609	350	491	2207	695	1122	1049	758	1591	2275	275	284	1232	1712	2030
1686	1126	1309	1876	319	1598	1870	985	926	1260	142	558	2076	786	1000	1674	239	987	161	599	1677	32	1843	1153	2315	443	1199	520	1121	573	908	437	1140	1758	1575	200	2153	2112	736	1867	1950	2278	2021	1256	2282	1940	1755	1968	2237	1814
294	1360	1787	2214	1647	886	995	2051	1172	1156	1190	2191	2296	784	819	1029	8	302	692	2101	523	633	765	824	1070	2332	466	1985	697	1866	927	1299	1905	1927	412	682	768	183	352	536	496	371	250	1267	378	2226	1312	2078	2201	1068
1280	167	373	2287	1336	1472	1799	1407	255	1162	1179	2240	2069	2125	297	129	1285	1617	346	2137	1858	2342	124	1569	2244	1692	470	1768	1	806	1037	1797	2002	38	511	2248	1830	214	1644	1819	2169	1939	976	1707	914	909	96	2162	474	1727
1371	331	1317	889	485	2098	1398	2276	964	266	426	1911	30	1050	1957	726	1962	465	1511	1931	259	1288	1243	1926	494	1455	2054	79	836	17	530	716	186	1566	1783	1456	103	583	1322	1708	2339	1041	1345	635	1382	1374	2006	1698	333	1213
1928	1150	406	561	1924	1680	233	1354	2348	2072	1828	2150	1451	1491	312	2068	550	1187	1066	1582	4	1853	984	2061	980	1720	1681	1277	1810	1544	82	738	1659	2121	1323	825	2233	608	541	2056	1063	731	821	1979	16	951	1200	2312	2027	1956
1358	803	2172	1078	1112	236	1835	846	1646	1795	1558	62	1319	1626	965	713	2147	1092	2241	2038	230	789	2335	1901	1174	1387	440	2255	1836	624	805	669	2257	78	1485	1338	462	1166	601	1230	1675	481	1944	101	1128	766	1748	1590	1913	1302
949	1670	417	838	1165	2081	781	1019	1238	1031	1655	365	1022	694	273	296	1311	1983	1189	1249	941	445	323	582	1236	818	1191	213	1147	973	41	128	1649	1003	1349	1890	49	2317	947	1362	1564	384	555	1291	647	479	1529	165	887	42
2026	2062	722	1553	2231	1875	159	590	204	948	1818	603	1645	952	1085	1482	2057	1697	863	1877	1730	2187	905	531	1308	1996	248	1578	1718	2004	954	2286	774	1953	1071	1888	2124	2243	1772	600	868	1521	263	1584	219	130	1599	2070	1300	2229
301	2302	397	221	1146	317	1099	2024	912	1253	1344	2129	1265	379	2055	1536	208	937	2082	43	1861	687	6	1658	939	2160	1955	34	900	514	2040	59	1898	468	1515	94	282	565	288	1804	488	1337	126	1109	1428	737	604	1044	1545	504
339	1054	408	1606	614	1717	579	1442	1224	670	2195	1469	1301	36	1281	1756	2320	993	1822	216	763	2120	1177	1623	2308	1571	1610	1400	865	298	1252	1255	592	1641	318	1683	1863	1762	2165	471	340	1353	648	1696	209	1325	605	2034	53	1161
933	529	607	1710	1910	634	1214	2184	1185	1247	1585	1937	1872	1782	1859	114	2164	2347	1206	832	93	195	958	1272	1798	1729	848	424	29	324	1596	2013	289	1633	1143	1340	108	903	1463	278	1332	71	332	1929	1111	1087	709	1504	1581	1479
857	1498	1354	149	263	1231	458	1737	1292	980	1614	136	1696	476	1168	1226	989	1348	47	369	677	1595	191	357	1373	2104	407	1475	1120	2103	859	226	660	1024	753	1281	1884	2151	489	1046	1388	725	2125	1494	2228	548	1591	1781	2345	1362
1489	626	1767	79	1862	213	1428	922	1531	869	610	1534	725	1601	2140	698	1329	1288	118	334	1306	1678	24	630	2110	1999	939	631	1839	1977	1484	769	1584	569	1059	272	1914	578	211	2331	812	1410	1885	88	530	800	505	2297	1326	929
206	1177	407	1911	588	1234	714	1141	1632	938	1810	1805	1470	728	108	972	225	1088	1442	1132	1445	955	1297	767	1212	1965	1875	0	660	1578	1402	240	1037	447	2002	1634	1174	36	1795	1453	348	2076	152	2345	1920	263	882	237	1825	1313
590	2028	1526	1866	1176	1907	988	2295	1861	143	2148	758	485	694	1548	782	1611	306	1018	1713	1168	1827	2177	1276	1547	839	1629	488	1029	2226	1675	296	327	613	177	1223	704	1128	395	1575	1349	831	1399	490	1552	2315	2211	1350	1119	1289
1189	1131	994	275	99	1178	2057	117	1090	1724	1133	669	744	2334	72	405	894	787	2047	1166	1335	883	2103	1889	2259	1121	564	982	1579	2289	1853	241	1845	228	1181	773	977	71	338	502	1199	2205	900	814	1993	1792	204	418	341	2350
788	1394	768	548	307	1970	1793	911	722	2213	2266	1185	2081	2118	2194	373	737	668	16	945	1772	2151	2044	2328	1649	190	504	438	412	1447	1236	1569	937	531	12	1091	1871	2324	1083	2054	757	1948	586	1906	1219	2149	382	1500	2204	19
738	89	374	1022	666	1125	384	293	1994	2292	1073	1258	232	101	313	509	600	723	433	1233	1753	2190	1721	267	832	302	1156	1213	1357	1245	1712	1086	1224	710	1112	1967	200	2281	315	1226	1981	1146	1720	1605	1599	1450	1301	358	1149	1616
1855	1415	1043	1731	2050	1369	2139	541	1016	7	992	1804	115	256	425	1116	980	85	2277	1695	1935	682	10	1863	872	523	570	218	529	1188	260	993	2058	1462	1251	778	1650	1230	665	2347	1071	109	1816	1475	555	32	322	1317	835	859
1429	713	1653	846	1064	2305	654	1732	596	517	1860	468	1246	1499	1686	862	1151	2053	629	1074	191	14	1485	435	2070	638	2232	110	1057	1777	402	301	749	193	1478	1448	209	298	2157	1670	1039	1929	1637	387	1411	1592	107	667	987	1454
605	1498	1867	131	1546	1880	303	1053	222	909	254	601	2193	576	1738	1759	1786	1439	741	1921	2090	637	510	961	42	1844	1865	1573	295	1072	5	333	863	2113	1013	2073	1493	674	2230	166	640	2014	1659	587	974	2212	1268	1765	1001	2164
1666	1682	2260	2145	1909	1910	521	471	396	1687	2	568	1031	2159	2273	1926	1830	1835	1754	1761	423	1322	2143	628	1193	1068	1541	1311	1354	2313	1837	860	1307	1672	376	1255	1549	489	538	726	465	475	1237	1916	282	432	342	1321	1591	2124
40	877	178	169	1486	932	2152	589	1521	1182	996	1510	1097	1341	39	2307	1413	1794	1603	1161	786	1381	1982	1782	1019	998	356	324	176	2209	1727	1089	545	1918	1873	2300	393	202	1476	1971	811	276	2326	74	93	615	607	2255	464	1838
1557	487	56	445	1244	1789	1030	1580	604	687	1113	2235	1742	1372	2062	633	2008	331	186	2150	1669	4	1129	500	1240	442	323	1225	1699	1418	1596	2223	622	617	1698	611	170	1264	2280	235	165	2048	1709	914	95	288	2116	1764	1797	824
1872	249	60	2240	931	153	1539	1570	52	606	1414	895	756	1821	1923	506	1714	11	1165	1725	2306	1553	77	2100	1163	392	421	1931	2000	1477	632	495	1589	2161	1671	57	954	1382	55	2246	252	1231	1651	908	1010	1615	1776	960	1296	1980
246	1898	2293	1325	1747	1228	1817	1663	1739	891	81	278	127	1495	1959	461	1939	1852	747	602	1600	1150	563	1286	336	636	347	2123	1762	516	1888	893	1218	1516	1242	706	1628	2075	878	2247	1103	890	1577	1214	1850	774	735	915	1928	2095
2261	678	1806	2079	270	1175	1884	2191	116	624	1571	2258	956	2132	700	1894	2030	1014	1953	253	1832	789	1952	2325	476	1106	870	168	1587	843	503	1572	1788	283	1748	920	1509	125	581	902	1373	1787	290	28	1946	1036	984	997	119	281
971	1094	1257	2318	1117	1107	705	1051	1205	680	1105	2252	1109	969	1715	533	1352	1972	1608	1511	1520	2137	305	128	247	989	2033	1964	2005	1677	2342	550	833	554	26	1685	446	1625	1000	1642	18	2321	1383	2227	2013	585	160	1388	383	1084
1419	2348	1558	223	717	2038	455	1196	639	1954	826	53	1726	1298	679	823	1718	1755	978	2244	1497	809	1254	1559	65	352	185	1028	353	33	1618	2141	2087	1243	794	2072	532	1533	1042	1868	1613	898	1899	2067	1433	2049	1355	1460	203	1779
522	1836	98	38	803	2185	1892	100	623	1241	2166	215	208	91	995	645	1235	511	1985	1978	1814	310	1259	262	2263	1610	1099	2131	271	1542	933	1648	1856	1104	159	1723	905	1796	360	1058	2060	189	2125	2112	2061	1733	1943	2242	2268	410
1900	1626	397	1092	1318	562	264	655	135	546	142	51	2267	753	299	1593	478	350	311	1780	2214	2250	962	583	808	648	2186	656	1708	1024	816	644	540	2069	1517	1412	285	759	149	1378	2336	2174	635	652	181	2239	1345	1363	2154	926
1033	963	2036	27	480	443	248	1407	770	2133	137	1062	2229	1749	103	807	1384	279	1180	375	2181	1543	858	1745	527	1961	1893	483	102	1624	173	2056	1701	1956	2303	1617	1172	2180	709	70	2291	973	111	300	854	1736	243	2218	733	918
1991	2136	731	1393	448	2026	1537	691	2351	1047	936	44	430	2173	466	595	2344	519	924	553	112	695	34	2163	2278	791	649	1069	400	690	1110	1364	1937	2051	1903	268	572	297	454	1082	684	210	265	1045	2254	2184	829	1065	752	1983
2238	1756	494	1564	670	1583	2091	796	724	1060	865	1479	1879	868	916	784	1271	1515	1962	2296	1261	1248	1179	1263	716	2270	1366	1435	2329	1925	86	1385	1997	1523	763	1924	266	852	1815	1371	1232	2142	482	985	332	810	1465	2093	582	1310
1430	1941	2153	470	1093	1201	1215	2333	1757	151	828	1211	856	1314	899	1304	692	82	2080	1220	2059	549	520	1085	886	1440	1750	1456	1487	837	1563	547	1896	2021	378	1974	1323	1987	406	1434	1703	1333	46	1488	1535	2138	2094	1544	964	2046
2032	1728	711	92	1222	1204	150	1285	408	1746	2279	2188	1206	1467	874	818	1344	1551	1437	2265	512	1532	2308	1938	1202	2199	1396	2068	337	657	1582	314	542	1070	1647	1007	355	30	162	439	261	1561	130	59	1229	2108	940	1536	1421	559
134	1284	1890	1668	1646	1849	498	712	2198	1316	1184	2275	238	1027	1944	2234	792	1690	1773	346	217	571	2172	2082	1819	2228	1290	1191	1358	359	1555	574	1870	904	935	1023	659	851	1118	551	2171	1809	556	1098	1015	650	2201	183	41	2196
184	1627	234	1305	1142	2004	1770	539	897	1294	416	515	944	1432	1633	259	653	748	171	389	477	524	221	66	1444	69	1902	1769	1933	2290	1114	688	269	927	2084	1631	1100	2337	1811	2299	1360	2035	1934	2202	1250	781	1198	991	58	1801
593	1979	1238	1886	2130	328	179	2025	1901	609	1661	1908	1692	385	2085	1061	884	2322	1859	2071	1822	1392	1673	381	459	1567	903	1303	161	1829	1339	2245	2176	750	1140	573	534	284	1505	1826	1491	1049	139	642	1729	1452	745	975	2335	1458
847	499	457	1138	1566	1905	942	366	1170	1622	686	2346	1722	453	1799	1604	212	676	479	2327	1681	1272	1380	830	1522	967	1451	2135	136	1338	1457	1108	460	1973	2287	689	2271	775	431	175	73	274	1308	999	702	1895	685	1111	2301	1612
426	1641	953	195	188	1704	2219	419	2236	2276	598	1145	361	344	357	17	2162	2316	2042	1134	947	591	881	444	1791	1136	1044	641	1768	1680	365	2339	701	1395	1847	1173	1256	1614	1422	943	1506	1711	2003	1919	2146	440	1538	1004	888	957
250	2117	1127	681	1130	1079	2088	857	1878	1968	1783	2115	1514	1008	1696	861	1330	2096	2241	813	663	906	1688	1040	1332	2224	673	1472	242	1960	1707	192	1545	1009	207	2041	917	462	751	1390	1280	844	579	1431	1966	414	1496	2160	2168	2037
1730	289	1857	201	21	1735	1252	1359	1006	1630	380	1975	1840	646	2269	1655	2111	1854	339	614	941	930	946	1473	2298	1340	1784	1331	49	518	401	1274	1913	1881	369	2179	2006	1052	474	354	1823	1032	343	620	1425	1278	1638	1144	2257	1365
901	1386	368	1766	1958	1674	1992	1208	1466	1046	2092	2064	1785	817	2144	2023	1683	1101	618	525	1157	1124	1818	67	50	2210	693	845	429	308	2243	760	766	394	463	1438	257	1936	1315	875	1949	317	2175	1658	616	1474	508	1665	513	1802
776	565	1160	528	1554	1197	1076	2338	1598	1833	1955	255	403	1287	2104	227	386	1508	138	907	2101	1343	968	921	2237	1041	1702	1635	1620	2216	484	294	1751	647	1527	1038	535	2043	743	1874	923	312	501	543	575	696	367	560	388	1831
129	2195	840	880	493	1917	1891	280	335	1389	721	1397	1269	144	1588	35	1377	2302	8	552	187	1556	231	467	1342	742	1283	1710	2089	292	2323	1270	2294	2158	2127	2121	1758	3	2017	456	2189	120	452	441	124	949	1700	78	1813	155
934	62	239	1203	2251	1915	9	1717	873	1763	1137	1869	1164	2200	64	409	822	699	1171	1778	197	771	2317	2147	1481	126	1808	492	621	1662	2045	1468	2128	965	1740	1957	1148	244	2016	2249	1581	1501	1679	1969	2282	1210	141	2314	1247	1774
2105	1075	1594	1483	1525	707	205	2126	683	1282	450	2309	795	422	1595	1423	1846	219	1864	472	1719	1379	90	148	424	1652	1824	96	739	2330	1155	925	104	45	983	1334	959	2319	1370	2029	2109	889	214	390	740	287	806	1528	1277	1790
182	2340	1436	1513	398	913	1841	1406	1803	1376	1291	842	2256	1877	1409	838	123	958	979	2086	871	229	2178	801	2119	1266	1482	1348	132	291	158	1942	1367	2167	1427	1897	754	879	2099	1102	1657	1562	885	146	2034	514	1139	2120	133	864
417	1319	330	850	87	790	2207	1463	258	2074	1502	2019	887	329	47	2156	1320	1507	2055	1664	1644	761	2220	1055	815	1005	1405	1147	1963	304	1734	1209	6	411	427	404	1403	950	1950	1654	2203	1398	437	156	986	1300	473	2078	1122	1066
1260	1400	2284	1067	1328	106	1619	364	2343	2312	174	1590	2197	1186	1990	661	2215	584	1828	370	1574	867	2052	1401	2264	1080	83	363	1324	486	1227	15	1927	537	1056	819	449	779	896	1984	1771	1492	580	627	2169	1216	1932	1362	1986	734
428	677	1143	599	1998	1848	802	1887	2304	436	2231	1446	2065	224	2024	1034	1159	372	1337	1775	1012	1597	2221	1353	1800	1021	1153	928	196	1123	697	469	1190	2332	1441	798	25	1267	780	1512	1449	536	1851	154	434	316	1693	2225	1602	481
1530	1249	1420	746	31	919	1048	1368	827	2183	1643	122	1904	772	764	377	1834	2311	1391	1347	1842	216	2106	286	1025	2233	1404	765	172	755	820	2206	544	1346	951	720	664	458	2285	362	164	2102	2022	730	1607	566	277	1194	2039	1374
2248	145	612	1312	762	729	2165	1609	1912	1494	625	1882	1416	114	577	399	273	1077	855	2010	220	325	1876	1017	658	1676	497	2288	1351	966	1697	567	603	2011	526	351	797	391	1660	821	1623	1295	2208	1490	558	715	976	1464	507	1002
1183	736	1940	2134	719	1035	37	2272	708	349	1187	1361	2349	732	1565	785	876	1883	619	2097	2107	1265	2155	825	1135	54	1988	841	451	1843	1656	892	2182	2083	1162	1087	415	1752	1	180	1443	1281	970	2098	799	1387	1169	1152	1126	379
2192	163	2283	1011	61	1504	2170	1760	1217	2018	198	2077	804	1480	2027	561	2341	63	1586	1302	805	1930	1327	1293	1195	245	420	121	793	1455	68	1054	1945	1299	1989	1694	113	2262	1461	1606	1716	592	910	1706	783	1081	76	1221	1309	1207
1524	836	230	13	48	1375	1645	2274	1120	990	1096	2122	675	29	1560	1996	340	1947	2012	2286	1781	1426	167	2129	1689	1020	1691	2320	233	1976	849	1063	1667	671	1078	1741	1026	2114	1519	2066	23	1858	2253	1951	981	1192	194	1167	2015	608
1744	2040	948	1158	1705	2063	1292	1471	80	1995	866	672	2222	371	1273	1275	140	557	912	853	1640	651	703	1003	309	2031	326	2020	1050	1262	318	2007	777	1154	20	834	199	1336	236	413	1115	1621	952	1459	662	1279	226	1253	345	1469
157	1585	491	75	718	1812	84	1095	1540	1239	594	1798	496	1568	2217	1550	2310	22	634	1576	251	1922	2187	97	94	1529	147	1636	105	319	1743	1684	43	848	1424	1639	1820	2001	320	1737	727	1417	597	321	1408	2009	1200	643	1356	1503
1807	1518	959	102	1567	492	769	1723	1647	2240	1749	1124	1418	2277	785	1651	487	1052	2187	253	2281	1653	1691	893	1035	1055	210	2275	195	1550	1572	716	2043	260	2115	1813	27	1061	1111	281	731	276	343	1285	1978	2311	1064	1286	2131	2308
177	1031	812	1177	1030	249	2018	1977	1014	143	576	1164	1342	943	219	1026	2336	1432	885	56	1290	1845	1519	1799	1149	1803	599	1027	841	1226	1437	13	1410	432	2073	2022	2269	1696	1147	905	1823	2024	1457	505	1296	685	1961	1130	2302	1163
1755	1773	1181	1873	830	1896	180	583	818	612	968	1007	594	186	429	1367	1728	880	2130	2288	1627	294	160	1328	2210	851	2023	334	1777	2287	1397	2307	1407	149	2256	2148	959	2186	1578	2200	1322	625	2132	600	764	1117	999	2062	283	2341
243	2231	1860	616	894	76	1340	513	310	351	587	1078	732	455	586	763	109	1046	1470	498	941	2089	2136	589	2347	1607	1874	83	1017	2049	1160	381	2297	357	1305	762	170	520	458	852	62	1894	2053	1965	578	2249	223	1917	2332	1828
1023	1774	41	1206	424	654	1069	382	793	1153	1103	775	1621	1387	400	1341	2319	1242	356	1872	681	72	1282	2201	1714	59	323	482	278	1039	629	1989	1170	2324	782	252	2278	1534	1391	198	1585	987	2097	1438	416	1478	2050	233	728	1935
1259	1741	2308	291	1998	2239	1888	1476	975	571	1750	683	1690	1178	770	1237	274	462	163	933	1954	915	971	911	16	1530	626	27	92	1939	907	1776	1846	1320	931	2012	2325	1544	317	1050	61	2155	2212	452	2303	608	2251	2095	1893	1201
1892	2298	528	1512	1434	24	1055	435	301	142	1435	25	1368	1980	2216	1504	1176	1883	1101	250	166	1444	220	2285	118	1297	2086	440	1044	438	1446	1273	648	182	1684	1628	1123	1657	872	368	712	181	144	860	951	1219	1978	333	102	201
1380	560	2165	1011	2007	1572	1104	1402	989	781	1217	1047	1546	1356	1501	1361	1770	1650	112	1932	737	784	1252	573	1227	1870	929	1563	2106	1338	792	813	1916	2032	1584	789	1495	107	1600	1422	853	2046	1394	1525	271	1085	1551	1960	235	305
1431	1122	200	1004	2205	137	659	1533	1191	552	1768	1510	77	1949	414	1970	427	621	288	2273	2	35	1831	742	1481	694	1372	373	1312	2033	1747	1618	2124	1630	264	68	1829	2218	1740	969	1172	749	0	1727	1114	2128	525	2066	262	2283
234	1527	1311	71	63	2080	242	1102	1794	391	932	1403	306	173	523	2061	820	581	335	570	558	1921	961	309	486	1959	1292	1645	232	2031	1699	1229	1859	906	162	1059	1083	2204	340	512	159	124	326	1359	1193	1664	139	617	1363	981
1763	307	2281	936	1523	1002	140	1819	1370	2255	2276	646	1204	1126	2335	313	2140	1532	1231	949	2057	1467	1405	1250	926	886	1295	566	1415	443	2241	673	921	2234	1500	1746	218	1749	869	1087	345	962	1592	1736	859	2047	1890	1180	1573	1010
2187	2041	601	972	446	133	1679	1425	1926	668	172	676	1825	755	1426	258	2320	296	653	545	126	267	393	955	2063	1393	2025	2311	2339	2143	1392	1997	454	604	204	769	1726	619	1051	516	1063	1084	95	800	1543	1756	1441	1138	475	687
1323	60	1847	456	190	282	1677	207	372	363	1009	2314	2071	1613	952	2159	995	342	2014	1629	1569	954	239	1878	966	722	585	574	1652	1074	1836	365	1299	845	747	644	55	602	430	1830	279	338	1314	419	699	1146	2152	1891	815	750
448	411	1362	641	2154	1842	591	1675	1212	2257	1024	1150	2026	1924	1861	154	1694	624	1568	1791	870	1184	1304	1761	1200	270	779	300	135	1468	1994	652	2122	1535	696	1564	524	1386	2300	1549	2028	918	2013	2229	611	1575	148	1319	2079	691
409	1001	202	1013	153	753	977	788	1325	1623	1489	106	1291	509	900	1428	1722	1404	2177	2310	1264	2193	1833	2330	405	1207	17	854	366	2252	1032	672	994	46	412	1385	21	1864	1161	1151	1318	1923	1037	2346	1100	1460	2207	967	1220	1824
1710	697	991	1048	187	1054	471	1352	1092	801	2170	183	1497	395	2139	2051	1786	1265	780	1029	703	1671	892	1536	2230	714	1474	336	489	748	254	1907	693	241	2019	447	1301	982	1901	355	1187	1996	1111	354	634	2342	910	2279	1236	390
87	2129	130	494	888	802	535	1285	217	1785	1096	1174	1717	1929	1124	2268	1199	2188	352	1815	1869	1537	883	266	912	431	285	1561	651	1866	1194	1390	437	950	635	1540	1376	1758	1962	1948	882	216	81	337	2107	1406	1784	2009	332	1759
829	1713	642	710	360	1379	316	1672	2037	1112	6	2087	2274	1850	657	1263	2125	1586	2183	1547	2093	1493	715	579	738	1974	893	263	2040	1668	723	1702	606	1343	2145	934	290	499	1984	698	2318	1089	1599	846	592	1469	978	2157	765	849
2197	517	837	2114	289	492	376	145	322	2271	1284	1451	1982	1197	350	1826	1222	161	1985	1905	2010	2245	189	1246	1306	832	795	132	1877	1983	743	308	1303	314	1233	1154	1490	2291	1058	2052	2272	328	518	1674	1625	1144	43	1168	1203	192
909	1053	101	1453	1445	1056	1396	1086	1012	196	1072	1738	2091	739	2090	898	1167	953	707	1880	1806	346	1603	47	2048	298	2081	1743	1401	865	881	1950	1854	2223	1275	1839	1744	925	664	11	45	724	1658	2306	964	744	327	2118	919	485
811	2176	1554	1235	399	2317	347	1742	582	470	1211	1289	2348	1559	1139	1209	1185	844	700	2167	746	2146	2074	203	2185	490	720	105	1644	1166	1487	760	1456	705	2292	1358	864	1411	2286	1943	1552	2100	404	1357	1119	917	1844	1792	1418	1097
1635	247	238	1205	1398	741	224	2004	2235	1810	1464	1670	2301	1855	1268	766	1251	269	320	2225	1253	330	122	1210	785	840	1354	1239	1550	433	75	2137	120	957	1186	420	460	331	814	1514	729	1889	1919	1000	152	804	920	1821	2233	457
2338	1900	640	1003	718	1509	588	890	1681	1662	1941	2126	1433	768	1270	496	1692	1256	1895	2221	940	1082	2206	472	1920	816	439	1243	1631	425	1835	349	1925	1843	147	1697	1838	1179	565	2005	556	2001	1927	19	2243	674	1409	628	1121	686
79	1332	362	546	29	500	1596	4	175	474	2117	887	970	666	1762	1135	542	473	34	1654	1116	1041	1765	778	835	1118	1816	228	2169	2082	2202	923	1455	315	121	1735	1062	2240	2189	1966	620	40	1642	559	1766	1651	268	1223	514	280
51	2226	1346	740	2350	2227	1137	2238	2171	1081	1088	98	1805	459	2343	1324	1169	1113	169	913	1108	945	903	2315	2156	569	1698	895	1281	2120	2309	100	1266	2323	1812	1796	2094	2119	1719	1241	1156	711	615	2313	1557	825	1695	598	2142	2349
658	324	9	37	244	847	1484	1822	531	49	379	675	193	575	1045	1496	1553	1260	1818	1479	1993	401	168	1953	1279	1521	97	2084	1162	891	2184	2075	1245	1419	2266	410	312	1841	554	86	1374	540	503	1802	532	2242	1608	2102	367	2304
1945	1715	374	423	2101	938	1107	1277	2166	1867	1459	1378	1775	1377	2267	993	771	292	730	464	1008	146	1800	603	406	1388	1491	1981	344	1820	497	212	1247	2163	74	2199	1382	927	14	1238	1517	873	2296	1414	1737	7	38	1420	1732	321
1339	1079	2161	1035	2277	2147	1704	302	2153	1127	111	797	386	2042	2020	965	1440	36	64	834	1326	1321	104	2290	539	1538	916	1506	184	1366	2002	1300	823	761	453	2015	1566	836	1748	996	481	688	1716	185	2054	537	2178	69	803	28
199	1809	1745	988	1334	1712	23	861	8	976	754	783	261	1216	2208	529	441	1316	1711	2016	1099	463	1922	2203	1412	1208	2030	2253	339	22	1898	1933	1647	90	1389	205	1255	623	1492	1395	1214	630	613	2316	1689	736	1780	897	618	42
930	403	1417	385	3	70	1502	1018	702	1408	1283	1680	637	1868	1225	1871	1073	809	1349	751	1718	325	293	2017	32	1587	1938	986	491	510	2181	607	246	1876	1531	2305	1134	91	1515	1373	191	1804	655	633	1928	709	2115	128	1526	1912
1269	1369	117	2254	2259	131	1347	1624	1413	901	1617	2284	469	110	415	850	1075	1298	1313	596	2116	992	417	1267	1499	680	2108	480	164	1364	1594	636	1240	1383	125	1274	550	1964	1731	1293	2217	1931	1287	822	2151	1914	1790	1182	114	1183
937	791	568	113	1423	706	1648	2329	504	867	451	445	65	1709	1066	1234	1094	1080	194	116	984	1196	1817	1132	719	839	1384	318	31	660	1254	2214	1778	67	875	1065	1597	1308	1615	1665	721	303	1620	1643	682	979	2039	1230	2021	348
776	519	1159	96	734	1730	1136	477	1963	227	18	677	2220	1562	1545	1955	799	1258	240	134	375	155	1951	157	2258	2105	1884	1336	1458	295	1248	2294	555	136	468	377	708	2211	1667	1539	2069	2011	1832	1486	690	1622	661	2222	1221	1942
1588	1614	551	158	1678	922	605	380	1851	534	1760	2008	1783	1503	2174	26	1158	595	2261	1125	713	858	1782	2109	1688	1837	735	2168	211	236	1195	1601	1834	1076	522	1472	2219	1140	1649	230	215	1701	1986	733	1767	1634	1787	1988	80	2133
1700	1902	2213	1676	786	2182	1399	577	383	2056	1215	2036	896	2067	1637	1522	1858	1666	1416	2246	2351	1077	2190	1345	848	1333	1865	2038	980	275	1331	1286	311	1344	108	1875	1232	756	1449	1463	857	1021	2194	914	1856	745	1944	530	1128	465
1288	2127	1595	2244	631	259	2191	281	156	188	774	2326	1224	947	2103	1173	2345	1006	53	2076	1976	1488	1641	1555	88	2265	329	758	2192	1967	1022	731	84	1381	1131	387	257	1793	1604	1673	1602	1244	253	521	222	358	10	871	726	1142
1465	862	15	260	639	2070	178	361	2164	561	1015	1972	2044	1262	1157	1781	541	884	767	396	54	1725	1513	1720	2078	1849	868	1751	1070	209	1091	2138	394	1612	507	1145	1348	287	1591	670	245	1801	2058	827	231	1581	1752	1589	985	2144
277	2312	1565	389	1335	2333	286	1507	1436	1570	1639	2112	638	1682	2270	796	2262	2196	876	1687	2344	1068	1430	484	1987	1764	526	1155	701	1518	1034	1973	1686	567	2077	2263	364	1528	229	426	752	66	1511	1640	501	1590	167	479	89	2003
543	757	1795	1936	2250	805	1473	1448	1198	2237	1309	369	878	833	1669	436	1906	208	1772	662	1188	1593	255	2328	1969	467	790	973	1560	1605	304	1609	650	1887	647	1257	963	843	1482	2232	538	828	1038	1881	1598	2149	1052	450	1918	863
2006	384	1171	667	1353	2322	810	434	48	1294	1991	1619	2321	1853	879	2175	649	1175	115	807	2083	2215	2160	413	2228	1355	1583	678	645	787	928	1852	1466	50	1646	1580	129	1228	562	299	1280	1351	195	1152	806	1611	1427	353	1897	944
502	798	1060	2280	82	2195	171	2264	1213	1632	689	948	1995	206	1520	1042	2131	1090	2162	1471	877	1067	826	422	1485	808	1708	1461	511	1106	1454	842	1375	2123	1913	251	1516	1930	1025	1633	856	1028	1863	1548	866	924	627	1685	665	1310
2209	2260	1272	1141	39	1656	1477	272	1992	2180	824	2293	1808	1524	174	408	902	2247	276	2099	1683	1558	1908	1721	1165	548	1788	248	197	564	553	725	221	226	899	1707	1020	141	1498	1040	1115	2055	237	663	2104	1703	1779	593	1663	1636
717	1971	2141	1218	669	483	1556	998	1049	1693	33	1475	1903	946	990	1574	1360	461	2060	2135	1110	527	1005	1400	974	2113	1271	213	476	1577	1064	2098	773	958	2150	1885	533	544	44	727	1442	256	1789	983	557	1450	371	1979	1480	817
1105	341	2111	284	99	495	478	1915	2173	1857	960	1542	1567	2096	1827	1999	1757	1190	1753	997	794	1452	428	210	956	904	1582	2172	1909	1424	103	1429	2134	1371	1723	1093	398	1133	466	449	508	30	78	58	150	487	1813	1462	94	692
656	2085	2110	1576	119	908	1057	1610	407	444	2224	643	1739	1276	2043	73	536	421	1724	214	610	597	1691	1098	488	506	2299	1882	1508	1638	1886	1330	370	1937	1958	2337	1904	939	319	584	57	572	2027	343	1729	1148	2034	1734	2035	1840
684	590	176	838	418	1192	1571	1899	2327	402	297	549	1143	1968	1706	1705	1315	942	1505	12	2248	2158	1249	1443	1095	1940	1447	1071	679	123	1754	1659	1278	85	614	1307	2092	2072	1911	1329	93	151	821	632	1120	1202	547	2029	1990	1807
580	359	2198	1606	2295	515	704	1957	1814	622	1109	2088	392	138	1541	1862	397	1626	378	716	1975	265	20	1798	388	2334	493	1350	1947	1261	1189	1769	777	2045	609	2000	1910	5	225	1439	1934	2289	1365	1660	1061	855	1771	1016	273	2331
2064	2068	1952	2275	2179	1956	1337	442	1616	695	1797	1033	1661	2236	1655	935	1653	1733	1529	1848	1327	1036	2121	1	819	1494	889	1483	1946	671	1579	1019	772	1879	1811	831	563	165	127	52	2059	1302	179	1129	2340	1317	1421	759	2282	2065
874	1043	250	497	2123	1806	334	650	196	1662	1508	1119	962	2332	939	547	1133	924	971	1964	1168	943	530	1189	349	2023	1285	101	2174	787	1387	551	233	1420	1998	626	1177	226	2083	666	570	506	458	747	1109	1507	249	2139	2310	1418