0,0
1553	1126	579	758	1163	230	1665	2556	2543	311	567	2353	2275	2057	2276	1754	1158	1783	2092	248	818	2575	16	1162	1831	913	110	196	855	1426	222	234	1568	720	1309	1712	1835	1110	1915	755	176	1464	1385	510	182	2405	2315	792	174	2193
27	794	1360	2420	2582	256	2173	614	893	2391	1418	1194	1132	90	1254	326	762	1033	423	886	1685	2235	20	1048	332	1704	1060	1836	1542	1028	799	1841	372	1636	1755	1298	145	359	801	2161	219	1226	581	365	719	1617	1874	2232	955	2111
1870	1005	856	1136	988	1778	1295	2573	1025	382	1398	1217	216	2003	1035	330	1928	2335	2251	275	2261	1112	915	798	1838	426	609	2614	464	28	2104	1534	563	1065	1667	1705	2311	1605	1559	1969	263	970	331	241	264	778	2004	1214	2486	2476
1102	1650	1779	1741	1059	1104	689	804	18	2014	181	1939	1199	56	1837	766	1256	2423	1824	298	2072	1377	484	760	2272	1348	1904	245	582	1357	2025	2188	2381	2211	957	539	104	1192	1091	604	1449	152	842	2513	1532	1787	1821	1231	2397	969
1619	692	2039	1232	1118	814	603	2336	47	2373	2416	1166	2131	1576	2406	2317	1429	2118	1058	924	1053	837	2388	1248	1523	1143	2150	588	2019	1191	492	1776	1195	1215	707	1003	2059	1693	1736	97	295	1784	2260	1583	2221	1470	2390	846	168	737
134	54	471	897	625	1760	1253	2307	608	2535	1899	831	352	173	1297	1331	2574	1820	2399	48	1305	1337	879	25	2284	1330	427	1768	1630	593	2571	1172	1807	642	329	1152	876	183	317	115	810	2231	1903	1457	1109	928	1307	79	2187	2393
361	1290	43	2117	703	1946	210	404	1353	1281	339	1320	1369	2395	1489	1448	2076	961	2490	2285	2010	721	2496	553	1673	565	880	1622	1913	616	1156	2142	1174	469	2611	1581	2504	1930	945	589	2541	2362	1445	1474	839	1830	2493	2445	2223	2286
705	1343	1452	1937	819	1967	1697	739	1315	1717	1859	545	845	980	1804	807	2270	278	1269	1364	1018	1861	2402	709	2570	815	1137	1954	1731	1752	68	1786	1274	1696	1257	2144	2407	1333	1948	717	1	1242	1725	2145	2600	981	1894	2387	638	202
1142	1507	1932	1198	1079	1959	2078	1114	964	1423	1970	2105	1950	130	11	691	2099	1771	2444	1885	299	2190	2537	305	1808	1653	1444	1324	1853	370	96	1396	351	1160	1814	701	191	2047	39	2539	1407	788	1600	1910	648	195	1243	258	212	454
2549	2340	1775	282	1998	1918	543	2147	592	899	1638	1093	1268	1265	1794	731	1277	2243	1722	1485	2320	375	364	1761	822	1061	1468	2326	2169	2024	1450	795	2219	1872	640	2234	1933	1790	2333	2241	507	2135	1839	1643	1303	2534	2242	2507	942	2459
72	1122	1809	306	1425	2596	629	528	1432	2529	841	211	452	1442	366	2595	860	2084	742	1812	1582	2088	342	2278	2146	1876	2288	1620	1983	1428	1436	345	530	650	663	2179	481	153	17	1654	270	2605	1151	2166	685	984	1749	1328	2559	891
500	228	1284	2328	684	2436	1825	2283	1690	2168	2525	2151	2313	832	1292	2250	5	252	199	1206	2368	1422	1182	1055	1628	2576	296	1976	203	2200	475	2201	1756	1420	163	1978	725	1748	1799	1640	2062	695	184	2089	1098	1417	1659	2263	146	2136
775	862	2581	2586	188	2094	1758	1936	1177	384	2312	281	1707	2615	1416	950	74	1525	450	823	982	343	2229	708	2101	1046	194	840	887	929	853	612	287	2054	2002	1805	1631	1099	2455	1276	2354	2157	1848	1382	2012	1084	895	756	728	1977
362	1323	1175	1161	998	493	349	520	2096	2026	243	133	1637	857	544	463	729	94	1882	2627	1178	883	724	108	4	505	986	120	992	2318	555	1877	1051	803	2560	1413	2604	1669	556	573	158	973	1088	1708	1951	1504	952	32	1728	177
2592	371	315	363	69	291	835	2466	2567	19	916	2001	318	1144	637	1695	1873	1080	813	36	1510	2162	2522	1699	1236	2417	1283	449	1049	2172	806	1437	1769	217	2253	1924	847	2156	1041	898	35	1845	850	1149	2038	1817	863	37	1216	85
764	2365	1709	2083	519	1540	1686	966	781	2425	1975	828	566	2045	67	2257	890	1496	1591	1400	1394	524	142	820	2508	1209	84	2452	1815	869	428	101	2527	10	2302	881	2357	2087	2468	81	1399	73	1629	2090	934	2374	2046	2360	1661	557
772	2516	2474	2308	1772	1702	2205	261	1278	537	147	750	417	1451	1347	2451	2018	698	661	2462	1657	2577	1921	260	2287	1342	1497	948	2170	1082	2564	1893	871	744	1743	1746	2458	95	854	2247	2130	394	379	922	669	838	1379	2411	632	1703
1408	165	1739	601	1150	279	2460	2413	1014	1249	381	2449	1955	1115	1227	666	334	1962	2050	1642	2347	2236	1763	2377	2341	123	2533	495	783	2392	1945	1002	1111	1556	1941	2461	2477	60	696	2371	892	920	1155	2249	2064	1548	233	2506	1244	827
2385	1905	373	517	1854	2424	1123	2282	1740	1411	1139	1085	107	738	761	2501	186	2518	1599	697	1920	1515	874	255	2126	304	2609	2165	1000	24	829	824	31	1440	621	1999	2134	562	2056	679	1241	1076	1531	148	1670	470	437	1356	930	2107
344	1881	962	274	947	1789	607	1186	231	1850	1652	64	1753	643	1068	1764	773	2293	1625	1557	1017	613	1549	2277	369	406	774	1050	348	2323	2121	2552	1886	1024	953	681	1878	577	29	599	143	307	2316	87	1486	990	1797	808	220	518
2265	1733	1026	213	861	1009	1813	485	1090	312	335	1554	277	1153	367	2503	1189	2061	907	235	2109	576	779	1430	1145	1563	550	1993	1042	414	1212	618	2579	1235	2181	1518	456	1762	2622	754	1986	2356	1213	596	336	218	1788	1467	2055	415
1943	2426	2322	1588	1781	1302	1891	502	1564	2248	2100	242	2364	2301	983	811	904	512	704	106	513	102	564	734	491	2175	267	440	1601	1427	1710	2563	396	205	1956	244	2453	1094	1092	533	1852	2442	204	1737	2027	732	2610	21	2418	833
1167	2583	1546	660	2299	1349	872	2015	867	398	1883	1565	225	1934	2097	1472	131	2498	1896	2510	949	1370	1832	6	1869	161	2163	2246	1196	1148	1961	1558	1646	529	337	435	963	1668	767	418	1795	2375	2060	2071	1179	787	2542	429	2128	1770
1438	598	1263	2212	2256	1288	1927	896	125	112	2465	1338	1476	743	1579	2137	1062	1679	784	126	1133	2528	494	1487	1750	1296	34	273	301	1987	2125	2153	328	2266	1865	71	1352	1827	619	1040	178	1801	1923	1350	280	941	2524	1624	1031	1887
1990	1533	558	124	2546	38	1982	1499	1602	1511	594	821	1991	1392	2217	906	2441	678	1674	1806	2292	458	746	1757	2502	383	1664	1914	909	1965	1441	2058	997	1819	385	1506	2554	776	715	2207	996	1376	1247	1365	2491	1001	1940	2273	1157	226
617	431	2290	926	2435	2601	2589	7	670	730	1358	1594	2606	1181	460	1902	2237	864	735	392	109	662	171	2588	403	769	378	809	658	2545	657	665	631	1363	2279	1608	2148	2526	2568	2268	531	1462	1985	633	1541	668	1077	816	1641	1238
1938	75	1469	946	179	870	2487	1056	1595	1747	2077	1500	800	1443	45	1521	190	1434	2225	1711	786	611	321	1610	2029	1616	2488	2239	1766	1727	1858	1767	308	2319	693	1011	1916	1378	2040	2617	1572	2006	1063	991	1777	180	2584	338	624	2403
2143	2438	473	1566	2220	1395	1656	1567	1644	1260	413	118	1004	2394	2473	636	844	2401	303	175	571	882	2499	323	354	2195	1589	2369	1393	591	2532	1322	490	1688	791	1935	1890	606	752	1067	1252	247	2199	1684	667	2180	1218	1494	237	1538
2174	2331	114	1719	2566	1431	2281	2494	1117	486	936	2070	1285	2095	1246	424	2252	1734	1173	605	1501	1313	411	2437	1308	2495	2122	214	1822	474	1314	1183	2159	33	1980	1981	1185	1796	1081	1963	421	2127	501	817	223	489	23	1866	2623	932
2548	2620	1862	951	1573	1592	753	1022	900	1706	718	700	266	2555	935	615	1683	1146	78	1203	654	2456	2198	2140	1724	1632	1989	121	2186	1586	483	2022	511	1971	2544	2457	51	1484	1846	937	2483	1251	2244	836	2625	2240	1994	1996	2035	319
1671	1611	1911	170	1856	995	325	1561	1979	139	939	271	865	1909	580	1070	1597	2384	866	447	2112	634	805	1019	1585	467	2160	968	1678	2017	2517	445	387	1675	1488	1329	2178	559	3	497	2469	83	1355	1901	994	649	1471	1800	944	572
2123	2098	1128	2521	536	1645	1124	1517	2255	433	1569	1371	2030	516	1509	1723	532	561	1803	22	164	1884	2463	2228	333	1405	1863	1038	151	514	461	1745	1319	2557	313	172	2245	2115	1844	229	2091	542	768	1202	1578	80	438	157	479	2154
2523	763	1466	1551	802	1947	1234	1917	960	2558	722	1201	197	2619	2158	2209	1560	1798	641	2124	2553	341	324	482	1931	723	1791	397	965	1742	498	1455	699	2264	300	30	276	2215	358	1074	706	52	1715	441	2108	1064	1491	1116	1435	2370
1726	1879	2519	1044	1176	2314	749	322	2079	41	1039	2590	2291	1131	1164	2531	999	1304	1519	1197	1208	2561	954	1574	439	1075	2447	425	894	2051	2032	2177	224	2565	294	1649	538	1346	76	1867	1054	2427	1380	977	2489	647	672	420	2210	1223
2189	122	496	525	136	2500	1165	2152	2505	546	1130	1609	2359	1792	2484	2434	688	1108	2191	238	1129	374	1030	2342	1250	972	859	1421	1925	789	1461	419	1220	858	843	1544	1402	2334	1626	1627	442	2569	940	82	521	1833	2324	976	2439	1593
2011	1528	2113	1311	1359	1816	1007	416	1321	1810	169	1016	1273	751	2133	2116	2296	2074	919	290	1535	1286	1843	793	1972	240	1682	2480	1829	1012	2398	1503	2355	2514	2485	2400	2396	590	159	1995	1689	257	236	399	1119	284	2227	1465	554	1700
1516	1676	155	1083	2580	477	198	1658	1529	1942	2222	2344	215	748	2492	979	140	1207	903	1973	1606	759	987	410	2450	302	253	2422	249	2540	2330	2348	393	2005	2414	958	88	1266	2616	736	910	989	782	1373	1537	1140	250	99	2043	2203
2349	1477	1759	2350	1410	1811	1078	2310	1086	1034	1300	193	2428	293	504	2433	2218	116	434	2224	443	1069	2382	745	526	2081	1409	1351	206	1439	53	2421	2597	132	1401	2183	1860	682	2467	1332	2471	1219	873	2337	2214	1647	1008	683	149	141
508	905	1892	1015	1604	2386	1840	2037	2608	1171	1262	2085	2358	908	1680	57	285	2300	1221	884	1013	138	646	2352	1590	812	1211	933	1598	92	825	712	135	2132	1187	757	1738	1475	448	2149	1282	1555	687	156	1316	2325	2429	2164	2068	1666
2594	978	2587	1326	1200	1138	221	1508	2139	1453	386	1339	2446	1205	65	2093	1301	262	292	246	2408	2075	549	1906	2309	2082	2366	1029	12	797	137	711	597	675	2120	716	1570	1404	2345	9	1456	1361	1493	408	1100	1259	2289	1272	1057	628
42	2497	2346	1264	2327	2578	1729	1045	2238	1718	1101	1907	8	1010	66	741	868	192	353	2430	2585	444	1021	2023	1730	1318	476	1141	487	2482	569	499	1245	49	622	1888	1036	1255	2049	119	1193	2404	548	585	2621	1847	912	430	1335	259
702	911	2305	602	652	1855	971	1663	1275	1782	1571	635	931	1871	1087	2409	664	1317	457	357	254	2321	1944	1655	2021	2067	1875	185	2034	167	1447	2607	584	1345	2016	100	1184	1744	1066	1716	2192	578	547	2363	878	1639	1964	726	1614	1623
568	1857	1261	535	770	943	2295	2141	673	1974	1912	1190	1774	1524	2194	1818	2171	1543	993	1997	713	1793	2562	834	2274	472	1662	639	1596	1802	1403	1293	309	1694	2297	2208	1868	389	1071	1633	2551	790	166	2259	2351	610	623	2271	1375	2478
2000	1334	1480	1089	2464	1612	2431	1919	272	1414	200	1052	714	1188	1023	1898	1121	1479	2626	1154	402	2415	1391	1120	1513	1826	1327	1687	2303	2511	2380	1134	1751	2069	1368	1584	1096	1415	1473	1239	388	2472	1721	105	522	1864	1672	91	1634	740
771	626	1367	1267	2204	1341	2383	967	466	1562	826	0	86	2475	849	1306	1481	462	1908	422	128	2106	407	1446	2599	1424	1490	2547	478	2041	503	2155	765	377	70	1105	1957	2298	1895	390	1677	1459	1922	2202	154	600	1483	2448	2184	1512
50	2036	1618	2440	1113	98	727	451	1168	583	1107	2007	405	956	694	61	1170	400	162	1785	59	1027	316	2389	676	1354	651	2167	1698	2258	509	523	2612	570	540	129	2129	1460	888	14	2226	620	1849	1701	1550	1603	111	677	1135	468
2262	1988	327	160	2618	1482	26	2509	1577	1720	1635	2230	2073	1992	901	1073	885	1463	2086	848	2343	15	586	2332	2103	465	1233	1336	2536	2114	1229	2028	1889	1505	289	2196	852	1502	1325	1966	686	227	2197	975	1125	2624	1823	1310	587	488
659	1433	1047	1386	113	1968	2593	265	1498	2603	320	1389	1691	2479	560	1897	2008	851	63	889	144	2267	2613	58	2530	2	208	938	251	391	1299	1372	1735	541	959	1222	2065	2481	1851	575	2329	1280	1660	1383	187	207	2213	1958	1312	927
2294	269	2044	1514	288	1621	830	1536	297	1043	310	1291	2339	918	644	2280	189	710	1900	1271	2053	1587	1714	2432	925	1169	1495	1228	515	1384	1340	432	453	2410	1230	127	1575	209	314	2379	656	552	1929	2020	368	1225	902	1412	117	1294
2372	2048	2572	1926	55	655	1127	455	595	875	2367	1580	1458	2066	1210	350	1527	1952	46	2216	674	1834	340	2031	2269	645	436	2598	627	2515	1530	2306	2185	2378	376	1006	1478	2206	1732	1204	1545	2080	150	1287	777	103	347	551	1374	1037
1237	2254	985	1147	877	1279	412	2376	1607	346	680	1765	1953	917	1651	2033	459	1773	2013	1397	1072	1387	506	1613	2110	1106	923	355	446	534	2470	380	1780	1984	201	1381	671	2176	1020	401	286	1522	268	2138	2512	1258	1390	921	690	785
1103	1648	1362	1539	914	1960	747	2361	232	2412	1615	2233	1526	62	480	780	1547	1270	2182	360	2338	1388	1842	1880	2119	2052	44	2520	1492	796	1159	1454	1681	1419	1095	630	2063	1240	1692	395	2454	2602	93	283	1828	2591	89	1366	653	1406
409	13	77	1713	974	1224	574	2102	2443	239	356	1552	2419	2550	40	2538	2304	1097	1032	2042	1949	1520	733	2009	1180	1344	527	1289	2423	420	918	1003	166	1757	1625	2525	733	1911	1514	2138	876	1778	2209	2007	1012	987	2211	2469	414	2149
2623	1197	1547	1357	2148	793	556	1913	2559	2289	2430	369	357	1536	193	2445	625	2151	32	1850	1348	1350	2154	1970	1784	1413	1625	437	632	2072	1773	1934	2583	461	1430	530	807	176	65	2011	1311	1758	775	1045	2473	901	1486	855	1892	194
1153	1061	624	2168	2215	2134	1917	501	1842	1649	416	1604	1995	2372	1937	552	91	442	2232	696	2128	362	348	116	833	1087	2461	2384	814	577	1953	2505	2295	1817	1144	2297	2194	1782	712	128	1258	482	989	1201	66	1860	1633	2396	232	1478
1829	681	1857	1718	81	1460	1377	522	1365	1259	1082	215	2000	9	51	824	1223	2408	493	371	544	1149	2214	1798	330	563	77	840	2563	2207	2150	433	2260	1318	2546	1250	1489	1969	1834	2518	703	2287	1044	1370	481	75	2606	766	1280	2501
63	2021	974	2292	2569	265	1875	912	1553	808	2236	2435	2331	1364	1988	274	1789	2085	2548	2263	21	1279	2231	2337	870	2617	1569	2132	2470	930	1760	2184	529	1656	171	1743	673	2055	620	1465	1074	2336	139	2099	191	2253	1436	1194	612	2316
2088	1899	1620	677	1564	1423	1230	1796	663	1012	658	2540	1901	2041	742	1127	2061	196	863	1661	1963	1199	1244	709	258	378	1353	844	978	426	2434	2252	2412	2379	1822	916	1878	1192	2124	1391	1264	1658	1865	2440	1562	1575	1398	1013	1302	526
542	1435	600	1042	699	1424	1031	1090	1729	2550	2170	1453	1485	480	368	425	1369	2549	1523	2426	713	578	1241	1742	1624	1109	212	665	2177	322	1411	2527	1107	1254	1696	1166	521	1513	1520	939	67	2458	2014	1804	645	1422	868	1590	2104	2420
1342	783	125	2572	1831	934	342	1278	1501	1907	1154	1811	1461	1986	157	1221	129	780	1358	2123	1020	1928	1131	523	1891	567	2347	2520	2389	1753	1092	224	52	16	1185	1563	1371	1835	1705	1246	2542	1213	206	2140	1908	2164	78	407	2125	208
227	2352	84	1935	399	717	947	106	2338	1712	11	46	596	427	1641	2205	2465	1537	85	835	1406	44	189	2228	1121	103	2141	838	1487	933	1775	2467	1567	2117	2421	2198	655	471	1514	1308	1614	341	1373	605	2303	875	902	1235	659	1071
1684	2106	1380	218	1673	112	2360	1412	621	1603	95	546	1725	1522	2105	2432	1582	1977	231	1528	1591	756	960	1041	1721	1619	0	1554	878	2321	1473	892	791	1635	765	760	1516	1007	2227	847	1189	288	1331	2402	967	413	1180	1205	575	2121
873	1438	2427	1747	310	2325	320	2280	969	952	2268	1552	1025	318	2004	1665	1846	2462	1118	2332	1954	1176	1912	1367	1505	2221	1903	137	1529	1048	2254	467	121	606	1631	8	610	724	452	691	2017	1838	1524	1459	1442	2190	755	96	1905	1952
799	678	262	463	701	744	809	259	1979	570	1129	380	1645	1408	652	1511	1211	2616	2036	133	432	182	2288	1772	839	602	2054	73	1974	2626	1832	1823	2624	1682	222	1806	2216	1799	405	1417	1295	1596	115	2390	1976	216	1701	2191	2181	586
2460	209	1936	576	2361	1639	33	385	848	1374	1637	2311	2554	774	332	1861	429	1727	94	1169	2262	722	558	2507	2446	1855	784	2266	1801	390	2613	1070	785	1837	2482	419	700	1245	23	100	1168	1200	1998	1088	1271	1269	198	1310	2602	1287
1608	456	1962	995	1526	2506	2183	2578	2582	1573	1251	87	1810	1219	1812	984	727	135	2391	748	1702	555	382	28	1858	2142	2202	132	909	2401	979	1247	926	131	333	2240	1871	2537	1914	826	1947	502	358	2087	1215	304	2098	670	707	2029
422	1938	1285	2086	803	2499	1662	1301	1955	837	145	179	1492	2226	457	1999	1542	738	956	325	2355	2349	896	1477	496	997	305	1659	251	1332	2579	1638	491	430	2102	2008	1238	970	972	192	53	547	776	2152	1443	418	2230	1533	12	1345
311	636	993	2313	363	439	2167	154	2047	185	1463	1826	393	1011	1660	1158	1719	893	1532	2418	2009	1243	1803	1202	1824	1173	1206	245	2376	173	1122	1717	441	1108	18	845	1499	294	1402	781	1870	469	1140	904	749	1227	99	1299	1338	2233
126	601	2159	347	1060	421	1446	1884	2358	22	1191	582	2448	1666	644	2278	1991	1363	2560	2394	269	2447	1444	1255	1324	500	1069	1450	144	2356	1146	2477	403	674	1075	10	1099	344	447	1628	298	583	763	1611	204	1409	751	1654	1613	2380
2345	1231	424	946	1344	1813	1354	2395	2300	313	17	1964	276	1272	1383	1897	2615	697	874	792	2610	2045	123	1323	2107	1559	1642	2334	1290	2592	2584	977	1137	2185	1845	14	2351	1037	1216	1836	352	223	1763	2153	1151	1600	2261	370	519	165
1746	1978	2166	2027	1885	2291	60	1851	2093	662	1315	554	706	1519	1359	1375	1148	925	2622	301	1527	767	2324	2504	1135	796	1019	1984	314	2478	1923	2464	2526	202	2097	962	365	1218	394	888	1057	1896	2063	101	1210	2419	2496	611	275	975
1985	1456	309	175	1902	1503	633	238	2386	152	2586	806	1706	1162	1447	2173	2039	895	374	1475	811	2491	1133	2366	1779	2330	2301	735	1390	159	1579	679	1022	331	540	1531	2145	2270	876	507	1957	1067	647	440	1643	1125	2058	1853	1943	2517
220	648	922	1178	1471	746	2367	1982	1414	199	2568	239	1184	1576	2598	2524	2558	213	2544	1632	149	1480	971	2265	1749	1467	392	1802	2600	1647	908	827	2293	957	1581	884	2498	872	1282	2528	2143	2033	319	177	654	2377	1086	1506	2281	880
263	2286	2091	2156	992	1648	581	454	820	664	1305	822	1672	2049	716	1440	2393	1382	1276	414	1664	163	2525	1336	2452	757	1792	1972	1225	1741	1738	1260	59	450	2603	1856	415	68	2317	1263	1080	492	1355	1679	268	869	1233	170	64	1844
1432	1890	1464	1674	1312	89	2248	1566	903	1253	506	2562	626	279	2484	300	2119	1667	451	1313	1368	1428	1698	1530	69	714	517	186	657	973	1052	2353	292	2424	201	1091	317	2455	57	894	2327	1187	1132	2576	2454	1951	1617	1594	2186	234
264	326	1078	448	2502	35	1657	2274	2474	47	1708	1320	495	2078	1932	2225	2479	2362	1585	1326	187	778	938	2165	2621	1686	302	183	541	1525	1723	1929	1941	2250	40	1545	1886	932	127	2604	1055	1876	1130	1921	136	1014	1877	764	180	1734
1716	2040	1587	2523	630	688	2398	906	1457	1418	1945	1361	843	533	1319	2476	831	1500	676	2239	2103	646	1790	2304	877	410	2533	1426	2136	1165	899	572	1997	1872	156	1289	2315	473	2279	401	1560	79	1103	1076	2553	1381	1021	2587	1915	1561
1990	1079	1795	889	210	1922	2413	423	76	1046	614	509	2118	391	2243	2381	1900	949	339	316	2015	2114	1601	1781	2038	2217	219	769	1026	337	1950	871	1174	1495	737	1616	998	188	864	841	1317	2407	375	327	2532	2481	726	2570	634	2082
97	2298	980	1300	1170	1852	2449	2112	910	2053	830	607	1681	1123	2564	1005	1214	2019	609	122	1066	2371	373	2411	732	729	1167	1056	1580	1160	2368	71	203	1043	798	350	82	1556	527	2614	564	1188	86	1309	1163	2450	431	1208	640	2169
2511	1939	381	90	2373	1572	1265	2223	1033	36	1047	104	1996	1207	994	1960	1496	2018	353	195	1434	25	1807	2212	1609	590	1124	1607	1096	167	2365	2213	1677	140	1378	2010	7	2392	1000	1724	1651	1116	1895	805	2552	243	446	1707	1084	2335
1868	2147	759	58	1754	944	1024	698	1809	1765	955	1229	585	1053	2459	2471	1105	1469	2387	1755	487	802	2028	261	2272	2092	2052	2510	2312	964	941	1694	2162	2534	761	710	1700	2025	1437	272	2591	1283	627	1063	2305	942	1538	2050	598	2187
2229	470	80	2238	1349	987	786	2247	988	2209	1730	976	146	1975	13	961	1710	30	1175	720	927	2530	1949	74	143	1449	1981	1768	289	1346	1578	2206	267	2068	1820	537	1421	2410	1141	1956	1629	1598	2397	1771	1925	72	464	55	1687	217
1715	959	573	2453	2044	398	178	2075	2299	2276	991	1675	334	675	1776	1508	1266	2344	928	472	2144	1518	1918	38	1138	1177	2521	1793	866	1732	1843	2612	1427	1869	2090	1805	2264	1726	2138	1419	109	321	999	1023	1994	277	2557	1491	882	2405
485	1497	2089	1164	1599	2574	1993	1304	1557	592	34	124	1612	1515	1372	891	1049	1586	924	2109	2076	1284	2149	1539	24	1521	692	943	489	1750	1232	1919	240	2545	2605	643	1470	2620	1494	1488	917	1128	2599	285	2456	690	1384	233	1157	512
2399	1397	1678	455	42	2057	686	465	1393	1268	1039	2547	1054	142	1479	2129	153	794	2283	520	249	2363	2469	478	147	466	242	2111	2400	2224	745	890	444	2133	257	953	354	2294	1627	168	162	1262	1073	1893	2188	1297	312	164	1171	2066
1425	1119	2258	853	408	1134	1405	885	2309	1669	1898	1248	2094	813	1445	2595	762	229	2516	2529	2032	804	1036	2308	2429	740	2174	1040	2328	2425	702	2340	1577	898	1156	214	1704	1209	1703	2388	2370	1051	2080	1120	278	1027	667	1968	2284	1316
2020	1161	1256	2571	1680	2489	996	2343	1404	1159	1155	1770	181	562	1752	857	2012	2051	2180	158	937	2513	985	291	1583	815	842	2551	2495	2074	615	1058	584	119	56	2609	1622	2585	1535	1376	851	1407	2539	1818	2375	2463	2302	1883	834	286
514	1335	54	1110	2062	1249	1008	1356	867	27	93	1777	642	336	1081	750	48	1028	532	1286	2508	1517	271	1236	2488	1848	2573	2416	1714	92	693	2438	1294	49	1399	1015	1940	1788	801	770	1143	672	150	504	2081	1504	1863	631	2256	1791
1337	295	1433	1032	359	505	1403	1544	2046	1179	931	1555	2566	221	2002	1038	308	1484	821	306	1298	513	31	237	711	1330	2163	1671	484	800	741	2115	968	2618	1277	858	476	2175	2246	861	1693	1589	525	1737	1281	1321	1762	560	2242	915
1352	1668	1646	2596	752	2581	613	2475	50	1948	1303	255	2404	579	1347	166	2218	1655	483	936	1050	1292	494	1203	1512	2433	2492	1454	1395	2251	1565	539	2567	1821	1720	1115	1920	1626	1543	574	595	254	246	207	1394	682	1366	511	1695	543
965	1558	1507	1257	1636	1431	790	343	1482	384	1825	1237	260	2204	1961	1420	315	1293	660	2589	2110	1571	508	1819	2441	355	2244	608	37	929	963	1690	1854	1314	2030	1676	1226	2318	389	2208	409	2326	921	477	2285	161	62	1736	1343	1652
1224	377	510	2519	293	1195	1466	2509	2329	1683	449	856	1220	2497	117	1906	2359	1602	1510	1252	346	2406	2120	2431	580	2037	1291	296	1296	1112	1640	1059	356	1787	568	1029	2060	743	1740	638	561	324	2457	1142	854	1097	383	111	303	397
1551	566	2122	1126	43	2369	2374	2259	2034	622	1234	155	1089	2383	1839	366	282	1415	2007	1322	1847	1016	1379	1973	459	2196	1455	307	2556	2342	2575	2219	5	719	1198	1034	1392	548	443	2193	1102	920	1670	1841	603	2414	1136	1894	1388	2385
2271	2023	2565	379	1010	241	829	1273	338	1065	1204	1588	1794	460	1828	736	1077	1959	2161	1630	705	516	2158	3	225	1864	273	1735	2428	715	651	1744	2500	2403	61	1595	1222	2319	1172	1879	400	616	138	1924	1267	1362	1610	1341	2126	290
2415	966	1068	721	1987	1339	1190	1689	1217	2249	1549	1261	531	2255	281	1329	411	2171	2346	777	2590	911	810	1483	1692	2064	1904	1933	211	733	2222	1498	2070	935	2611	617	244	2269	2422	1351	2601	15	2192	2333	1389	2538	897	2139	1713	335
1306	412	266	1540	169	2022	1145	1910	2514	816	2197	1833	1106	428	1767	2016	1592	2588	1462	102	1196	29	859	1623	2077	2485	1926	629	118	818	105	1873	913	2378	2220	565	297	1814	1774	2436	438	589	718	1548	2079	789	2108	253	832	1474
1816	4	754	1709	2282	708	1333	1274	2195	990	2245	148	1009	404	2490	2005	287	2084	2442	1400	2048	283	951	2155	345	828	639	2211	1327	1761	2135	795	2003	6	329	1840	594	1150	1193	2536	1971	1147	2096	2357	367	538	2494	1228	945	731
940	1650	113	420	549	1546	1965	2035	2100	618	849	2031	2608	981	1239	1728	1593	2409	19	1942	1385	323	2001	1618	1072	1481	817	2073	1989	453	1325	479	728	1597	98	1448	2069	2619	486	1139	1944	250	1181	1786	1748	2267	704	130	2137	1100
299	190	1186	518	1429	1759	247	490	684	571	524	551	1584	788	1980	172	1859	1769	2541	887	1085	1242	623	20	2382	1441	1756	436	2178	1699	2059	1401	779	557	107	1117	1800	2235	2522	2273	197	1534	730	689	1111	1574	361	475	2189	26
773	184	1888	787	2320	628	151	1035	948	230	865	1458	1751	2296	587	2026	1152	1930	2237	1004	918	2515	739	1731	1946	593	2593	545	340	2179	1095	174	695	402	2172	1927	2065	2364	1307	1439	503	1509	2157	236	406	1874	468	1778	1889	1992
2443	1815	1882	364	591	2200	886	2483	1114	1550	2480	1766	1017	2160	685	653	497	553	753	1093	2323	2199	2201	836	771	386	1212	1931	2182	671	2354	635	1240	683	2	1006	1605	1697	1288	1182	1101	1887	637	1568	1880	819	200	2067	1691	879
1983	1881	41	2234	2290	2275	1722	772	2277	1757	1472	2042	1387	205	954	1493	1018	284	2472	986	1634	850	1183	1830	1785	39	70	2493	114	862	825	2444	1745	983	1064	388	141	1083	2056	1615	734	982	2531	2083	958	1476	649	1502	528	1958
2146	1911	534	351	1916	883	417	88	349	396	1663	1334	747	588	387	1468	569	2486	270	2627	1780	2423	1275	1967	1966	1104	134	1416	2130	1386	2512	2503	797	619	376	2131	228	1739	907	2451	914	488	1098	108	656	1062	2013	2594	661	812
2535	2310	2314	2307	1030	2306	2024	550	2006	1490	2437	1764	1	256	2417	905	2468	1360	559	498	462	2487	1002	2341	458	852	2577	846	1001	1410	923	694	604	2439	2348	1113	226	248	723	2555	1685	2466	83	328	120	435	1396	1808	474	725
597	445	650	2350	2203	1452	1849	1328	1688	360	823	782	434	1644	1451	2071	2113	1606	1862	2116	1270	881	687	2322	160	1909	1621	2043	900	680	2101	1653	1827	919	1711	2561	666	669	499	2257	599	1094	1797	515	2339	280	110	2625	2580	2597
535	2176	1866	252	758	235	1541	641	950	668	372	768	2543	860	2241	1733	1570	1783	2095	45	1003	2607	536	1340	1867	2127	395	2210	924	1876	803	736	1054	1838	1170	2416	2552	1976	2045	1891	2486	2169	1250	950	907	2618	1918	1530	1517	903
1758	2296	669	48	1593	1370	1557	17	375	2616	40	1324	2215	140	2014	1113	2271	217	2450	1825	1497	2353	370	2136	1056	934	1447	1431	2596	790	1734	1794	812	2191	2384	2214	2066	1226	928	1297	678	1783	232	1166	1545	2179	1560	305	1959	2475
2001	1640	1944	1445	1929	2577	2254	2427	993	423	2176	705	507	1147	1542	783	1899	453	2367	804	2127	113	1319	2350	1327	1900	883	1202	1465	1256	76	2126	1428	2142	1063	2532	531	1763	1907	1214	1892	2526	1806	1434	2173	2096	2206	19	2338	675
1602	2487	521	909	1274	1353	1648	536	1136	2182	923	2381	2395	1865	2079	2357	1053	733	1615	119	777	1430	970	1212	519	473	2529	2378	1010	526	187	2117	1077	548	780	1512	2255	477	30	172	2102	1132	427	2168	1198	1251	702	2289	1653	45
711	2340	2302	154	2614	2002	688	2305	844	1969	1078	2528	1388	1379	634	1144	1957	2220	1131	653	2184	2547	1354	739	1126	159	2391	142	1046	1737	1976	1453	862	1479	1143	1199	1927	1889	1636	1444	820	2246	710	1522	2312	580	1462	1670	875	1149
1594	1218	256	815	1124	1664	1930	617	1659	1913	1601	2158	1785	762	382	2541	1690	1937	499	1790	1878	371	2389	415	1635	530	2337	2044	1766	354	346	304	2331	1981	2147	1641	2016	956	2130	446	2397	1254	2247	2388	1633	2417	979	1485	2535	145
726	134	231	1313	2135	351	110	50	2062	550	1493	1526	482	1699	2392	1463	528	757	450	2323	2113	2157	2315	195	776	1854	1496	963	887	2419	1650	1350	2262	2238	2287	115	903	1972	2500	1239	1684	1581	1038	2412	2003	1441	1575	285	242	2029
1824	1724	1683	2212	916	2509	1948	1696	175	2051	856	374	2257	1926	2413	99	1151	1458	1369	442	2373	677	964	2046	44	416	2020	1710	974	392	1193	1665	2094	1130	322	1642	2234	1755	1540	1495	1287	1309	1628	2446	848	742	786	1141	605	1916
2370	2241	1049	240	1245	1673	1042	1477	2581	350	1811	399	2360	1530	398	1868	218	773	1880	501	56	1657	691	1295	1120	764	2619	340	601	1197	337	203	1052	2422	1224	1516	1135	2155	222	1608	334	2110	158	2372	682	1532	353	1726	479	905
1033	1114	188	2042	2550	43	2217	1018	2311	1572	1897	639	1111	516	622	120	28	1541	409	1499	2352	664	1492	1071	1634	2402	269	291	1978	807	1592	1359	1870	2627	1383	26	1456	1375	2070	2497	153	893	681	1629	2521	373	2401	87	1952	1181
922	2377	1286	1116	898	1394	306	1448	452	2549	1288	960	2077	1784	2192	1883	877	975	631	117	364	1264	439	262	1043	1244	918	2428	2584	1528	794	591	2461	1376	137	686	311	1402	744	2306	133	1160	360	1692	1005	1461	0	1317	135	303
2416	324	2570	1536	2319	1426	2328	748	1566	2298	1761	2449	1950	1569	603	784	2620	714	1965	2477	1988	1603	1812	2034	2006	2098	508	147	2463	1271	226	1001	518	1835	1773	949	2408	2295	1137	835	104	1195	2075	2626	166	952	614	809	1666	917
167	1589	1517	2052	751	654	1099	2061	658	27	249	597	1605	1307	1714	2026	102	1450	410	2120	2387	2133	206	77	2043	1168	1361	421	800	598	969	1373	2160	174	1281	1946	961	908	1859	2082	1156	1112	2165	2415	967	235	348	1807	1102	379
797	2089	1505	2297	1846	2575	1759	2228	1174	2316	1707	2239	2159	1392	638	506	704	753	2060	1262	660	1869	2375	128	825	1767	201	2035	1032	1521	1623	2091	2189	1294	1596	1942	2379	627	2221	2537	1427	1468	432	2195	1544	2567	661	594	327	1386
1029	1490	1727	771	782	33	1289	1919	72	81	1765	1932	1902	1443	191	2452	2603	458	945	1075	1721	244	94	2600	2119	712	1163	1414	2421	1829	988	695	588	209	554	2058	1711	1389	2336	803	2579	35	1219	1943	1756	723	1852	834	29	15
444	1591	884	332	146	542	1498	1845	1682	1343	71	237	454	878	342	2225	1949	569	2476	1194	1148	339	1757	2264	616	731	2369	992	2495	400	297	1782	2396	1509	412	38	665	2175	1681	1938	1971	2612	982	1839	2512	1587	1320	2260	1750	1200
179	1906	16	1583	544	460	1918	2540	2064	349	2210	469	1968	1796	986	1481	464	341	668	626	1570	520	933	1621	2376	618	1279	425	1227	2393	1328	1093	832	1585	1422	230	62	302	2000	965	2106	1419	583	873	633	2277	646	320	1858	468
402	994	2400	1008	121	2118	1031	2281	1345	1748	1538	2200	532	596	1772	1047	2116	192	560	1140	724	976	385	830	2294	864	2404	2407	1403	1030	491	2343	32	700	1841	943	193	1201	1399	1211	2143	1962	1304	822	866	1705	2156	238	220	571
227	2543	1677	2590	1909	1543	2405	1091	1306	972	708	1986	2038	2032	1079	1939	1676	331	2263	2114	1580	1169	1523	2322	1272	1374	1415	63	573	1519	2580	1804	495	1213	2478	1284	196	534	819	1189	2513	930	1792	966	1941	2347	1667	284	2193	1349
1340	690	127	229	1240	1401	2146	463	397	474	576	647	2563	2308	2037	1233	2466	205	58	2398	880	685	1857	504	2442	2489	1886	1000	2161	1413	47	1276	2399	406	2382	1991	467	1800	1454	1103	486	1155	1501	562	613	2015	1816	1983	2470	826
2025	645	2007	1746	1917	2522	1586	1107	1012	727	1190	369	2598	2485	1439	1220	381	968	2169	1476	1397	1232	1689	108	2418	2204	111	843	2039	2109	610	1221	1150	2571	2028	514	2354	328	2518	264	2150	488	602	561	1632	1895	2561	1924	3	743
581	962	1314	1598	1658	1955	833	1009	290	1834	1529	1832	2256	2103	41	1138	213	1931	478	310	1290	126	1301	2624	1882	667	2510	2326	2067	2457	476	330	319	2005	2141	716	749	2085	2036	481	22	932	632	448	2076	440	1054	2426	1491	245
643	2490	2551	1998	551	250	792	824	1914	1101	1036	1045	428	2608	621	940	765	895	10	2505	1452	2222	2187	1627	2464	2355	52	1925	1236	734	2324	2341	221	1004	2078	2152	1065	2344	309	1484	2492	1609	2534	2197	2132	1736	2180	899	543	194
131	2601	513	522	2223	566	706	2291	1182	788	1722	2504	623	2138	1842	1028	1797	2053	1828	429	181	2224	1780	2285	2251	2090	152	881	1887	854	2486	2501	299	2332	1338	2230	2083	707	989	1273	366	1134	1923	1704	857	1520	781	68	1872	874
1997	82	214	2024	92	950	132	31	985	2237	2149	2171	811	1989	403	991	277	178	2097	1524	384	1024	1404	1671	138	2018	2574	2121	430	183	417	105	1964	268	1267	380	2194	1125	210	2174	1106	1624	1713	1231	1579	1187	1410	1753	2383	2361
1958	336	747	2623	333	1326	1412	59	485	1558	2054	1527	795	995	847	89	424	136	1801	2523	1037	1904	361	497	555	198	2181	2459	1920	2093	1867	1184	2056	1732	1568	2585	1139	679	160	1488	1791	1951	1894	1269	913	1745	471	2128	1974	1708
2515	386	558	445	1701	2151	2252	2480	2491	1433	1384	2546	1561	2468	1076	51	1567	1934	959	1905	419	853	894	604	1459	1128	295	1503	582	329	2300	100	144	168	1013	2265	1469	1161	184	2555	449	1908	942	246	870	1717	1259	1265	1074	93
2527	1742	841	1299	785	1323	802	266	1985	1990	1482	2568	1118	2471	2583	720	2460	938	1847	2496	1645	98	1600	900	549	584	882	760	1179	2514	1263	1890	1556	821	216	274	978	1435	141	1094	2278	1993	1502	2386	1954	590	2403	897	2436	951
1061	1409	935	377	358	2479	456	1821	818	1576	611	165	1395	1777	717	538	2129	1162	2148	1514	770	312	1420	1466	2253	2229	607	1238	517	1164	630	636	1901	1980	405	910	1550	344	215	689	2330	891	719	1945	2248	1457	2613	2310	1967	1873
2364	568	1910	298	1050	981	2012	2502	892	2100	557	2250	2615	2356	2348	911	362	1994	1351	620	2333	1630	383	840	1058	2137	1992	850	433	2447	1335	2335	2267	2536	858	2467	271	599	2293	2420	500	1953	431	2124	2440	612	2144	510	971	1956
1145	1252	523	1798	2087	827	367	155	2107	2272	2524	1411	2268	46	1539	1014	2625	2226	18	1310	1672	1599	1864	670	1268	1115	1915	1081	1678	67	535	286	1749	2465	1652	287	563	2139	1270	1896	157	1679	2482	1786	1178	1638	2245	1879	1407	683
1574	1127	1622	2178	1649	595	1021	2565	36	1261	1838	796	997	2099	609	828	2111	1818	2406	1097	2081	1793	1165	408	197	259	260	608	2183	1525	2517	1243	889	1385	2009	368	1067	2368	426	1455	1217	2371	1089	289	2219	1947	190	2017	799	2439
2019	1760	958	805	1358	1483	1844	860	2390	441	1311	1687	998	2453	1743	2530	2055	1884	1330	1508	1778	1006	1446	2013	1180	1999	436	1728	2084	2582	292	2049	1584	838	1471	2469	1489	1380	1620	1702	37	224	2359	2329	2208	1210	577	420	1277	326
1085	801	2458	946	921	937	842	2196	2345	2558	387	1424	1371	1548	55	1494	470	1595	1552	1475	2621	1171	2599	2041	2321	929	2358	545	2095	1885	223	1739	4	1378	1408	2280	1478	1305	896	736	1205	1298	2190	2027	378	511	83	171	278	1308
539	156	1086	1935	2023	787	1973	2423	1779	1486	1025	999	1159	1922	2507	2594	2597	88	2589	574	434	401	1026	2531	2374	2484	343	1612	493	345	308	186	750	2269	177	1153	798	1129	489	1088	1606	1789	1057	1960	926	1177	1500	1228	101	1440
1062	1396	414	1984	2198	1534	1185	1577	886	730	114	2072	1429	1863	20	2609	2556	763	39	1096	2564	122	944	2411	2284	876	257	1740	1242	1565	1344	150	2363	248	953	1154	823	2030	7	1110	130	494	2591	593	253	525	255	680	1121	1342
1744	851	2433	2503	25	1961	693	1108	2622	863	2123	541	697	212	540	294	1817	861	2131	1893	2559	169	1940	96	393	1247	437	1533	2063	955	1691	721	1860	927	931	123	619	1	90	2048	1582	143	1616	173	1573	1822	2474	1406	1400	438
1442	692	980	1607	2216	492	1048	1688	1754	902	1266	1104	2430	2473	1069	2325	890	553	759	1803	390	1849	814	1255	1142	1787	2153	2170	1362	75	1655	234	211	2115	1619	1771	2617	2611	2259	279	2607	1610	2425	650	948	1768	180	662	54	2040
1451	2576	307	676	1253	1449	1877	939	1246	2276	1172	1712	1911	1133	1474	2033	1738	872	1346	1871	208	1372	1735	2134	2177	957	1977	559	1535	1741	1146	2573	2435	767	1537	2410	316	1280	552	556	533	624	2493	755	2086	1333	2520	1173	84	1473
2542	2236	1836	2586	1995	1626	919	779	199	774	666	579	1223	2448	1204	2588	103	2610	1703	1123	1084	1693	2	671	116	1302	1685	80	1656	1769	701	1002	1480	1007	1823	2162	2429	869	207	1799	1064	637	1611	2434	1357	2606	1855	673	6	2314
483	1152	2274	2244	1027	1810	1555	2437	176	2270	261	163	1016	836	1698	954	912	600	1316	1070	524	2508	1979	1291	2525	2362	2587	325	2414	1059	2057	1719	355	1068	276	389	564	484	1680	2455	1325	1563	846	293	1715	480	376	1405	1644	1647
1377	585	674	1515	1752	413	1553	649	1073	2218	1651	778	2209	1331	1095	852	189	2552	24	69	2240	586	2481	2451	200	2031	2154	1157	1082	1709	592	1229	2105	2488	2438	1249	2047	713	888	1391	1003	2022	1188	1853	2538	1815	1982	109	318	791
775	2445	1668	106	1158	60	1662	64	1731	741	443	2282	2334	407	2483	241	1970	628	317	21	85	2346	606	1368	1631	1041	1209	394	170	855	1278	107	1996	907	313	1258	1237	252	641	1191	475	1686	2327	1654	1230	1275	1186	78	1617	816
640	589	1720	947	1322	1329	2313	657	806	1250	849	1234	859	9	357	2261	1697	219	1903	2004	1729	1418	1092	461	2112	1332	1015	2380	148	2283	1365	502	270	1098	1066	465	729	1788	2205	1432	1716	233	1060	79	1296	656	2279	2266	1105	629
871	335	745	352	2545	655	1044	1661	572	365	2068	1625	1360	2213	2365	455	2307	725	338	2444	125	1513	2288	1222	272	91	672	315	2188	323	2456	2303	2232	817	1087	2021	1590	321	2519	2186	1751	1438	162	1364	1921	2424	112	1282	2101	1614
503	1833	86	2394	1011	2125	2604	625	1122	2544	983	1637	1531	1618	1467	1643	1336	1437	735	915	1348	1051	2227	1578	740	1963	372	505	2104	1366	243	1562	2145	2258	2592	2533	1216	924	1260	837	42	139	914	61	865	182	810	457	258	1215
1196	13	2349	977	2432	1117	1352	1022	97	66	2011	185	1020	1248	275	1809	1208	1564	2499	1827	1507	984	1356	570	490	1339	2618	225	2249	1718	391	808	411	1072	512	732	451	1436	644	1987	1826	1321	746	2539	2071	53	537	941	2548	845
1203	2008	1694	515	1547	718	2292	1175	2163	23	1421	459	2273	1866	904	867	2166	1119	1881	359	1472	388	1470	698	2275	34	1874	1100	1861	2366	2088	651	435	1669	1034	1571	1805	2122	2073	1518	769	247	2605	1390	1337	2593	1192	1416	635	1795
1725	615	395	1367	1285	529	129	254	1613	1170	1183	1417	1814	1875	652	1936	2431	738	728	8	1423	2339	2318	161	1551	1764	1843	149	758	973	1257	1460	1347	2059	314	1315	1706	1856	648	1040	487	2342	1241	2140	2185	2304	95	2506	1176	2301
509	703	575	754	906	722	546	273	868	2299	1848	1928	1341	2320	699	1207	49	709	1225	418	2454	901	1083	2065	282	547	715	2309	1334	2385	228	2286	11	1017	496	1966	1167	1292	761	789	1770	1312	2494	1808	1510	1774	12	1831	1675	263
300	1300	1775	527	1663	1674	1933	472	1912	2290	1109	1549	578	1604	2562	2511	1381	694	1700	347	356	1023	2602	2462	267	2069	1425	1487	1646	404	772	301	2351	1781	236	684	1588	565	2498	936	2010	2569	1597	737	124	2202	2207	74	567	925
1891	2199	990	1762	1975	65	2572	1695	280	829	2233	1398	283	1820	2211	687	202	920	752	659	885	1850	462	2231	447	1039	1387	587	296	2578	422	288	73	1355	831	2080	2472	151	1206	1837	2566	2108	768	57	2242	813	766	396	756	2050
70	2443	14	1730	118	2553	2203	2201	2516	987	1851	1554	1318	1862	2243	204	879	1035	1546	1888	1363	2164	1504	2092	239	498	2557	839	1019	2409	1776	1506	663	1382	1511	2554	1876	2074	2167	1660	1813	696	1303	793	281	2172	1090	996	2441	251
1802	466	1293	1639	1840	1235	2595	1055	642	2235	2045	1393	164	2560	1283	1559	1080	1464	1819	1898	1723	363	265	5	1747	1733	2317	1830	2435	150	2176	1314	2093	130	840	1128	1830	1656	1486	32	1944	1987	618	1044	2198	2315	2283	2454	1042	1368
1150	500	2625	1128	125	1567	86	932	409	757	1208	2298	970	1503	374	200	2370	32	2458	1927	1737	189	782	2394	1528	1593	1442	1807	940	2252	18	523	1736	2347	128	1823	1885	2571	278	1815	43	2367	1902	434	529	557	715	249	376	635
2442	273	2585	556	1980	2039	2044	2169	2311	2185	2449	2355	183	1386	1229	159	231	1406	1665	607	254	333	559	2461	1146	1557	361	2165	35	1684	2401	1767	802	2479	313	2072	1720	2422	1637	1000	470	564	83	1485	1824	665	1482	1098	1360	2313
633	427	1769	2201	1489	1141	2301	1241	974	577	79	56	490	206	2198	237	1765	2212	1564	2366	695	806	646	235	1046	1852	2154	1472	1849	2042	256	1989	942	919	1400	1285	983	1754	2008	1936	1743	655	393	65	1713	1346	3	2591	582	1334
973	1149	344	2262	2200	1354	2066	1887	709	1153	1655	2425	1045	2336	870	1469	2123	842	1779	1465	497	2535	1578	129	1323	205	41	2567	2525	275	2548	659	717	773	451	1756	1006	2291	743	34	2246	322	1467	227	1271	2222	569	2270	8	1835
989	1950	1086	1920	2491	479	1059	1643	2374	1104	172	1988	216	1757	1727	2527	662	67	2064	877	117	2533	2004	1335	1166	1706	59	2409	2264	2183	1089	692	752	1120	992	661	414	551	325	726	332	405	1836	446	872	1051	2062	744	1618	209
1332	2480	331	185	2203	2236	212	1942	2309	365	554	663	2095	1187	1318	1235	80	712	1914	1407	197	2016	2601	491	1547	1366	2551	847	985	1190	181	136	1095	2415	1191	1443	1231	959	2234	342	1685	580	269	2217	840	528	2594	575	2012	2303
2218	1459	1542	2150	2611	1693	1500	2209	1990	458	589	2152	2178	701	1135	848	1209	2427	46	1439	1423	2116	1416	1277	796	2338	1949	1699	137	1417	2446	225	145	1342	666	852	280	66	2	1910	1831	456	2070	1254	1895	116	1687	1092	2349	1114
1694	1850	815	2483	1056	1600	1616	1460	653	572	878	1582	1761	553	1245	1945	1425	1404	1127	923	2391	2255	1517	1522	2033	762	1614	1310	1596	87	1477	139	1295	1368	1388	335	2244	319	1965	102	1168	356	2143	610	902	2492	1565	2346	1424	1903
2464	1726	1124	39	2393	2426	106	639	2423	2275	746	2068	2420	2141	1268	2432	2166	1123	2297	77	1252	1770	1864	2129	152	1906	1488	1452	2329	2318	2563	1533	31	1894	2054	1274	1132	1344	372	339	2194	343	2454	1066	2553	462	2138	1345	2108	918
1296	1926	1510	1357	1708	1821	201	954	2071	1869	2478	2392	961	1851	2253	1461	1519	856	1152	2358	735	2308	1512	2497	2437	1458	23	2430	2494	542	1511	5	395	2372	219	184	1061	250	2499	2006	1890	2416	1573	2333	2170	2504	1294	1842	1575	696
1225	2271	2280	1306	1275	1270	1026	869	599	351	1788	2238	2031	2431	1886	2469	1514	2413	2269	2130	402	883	1121	2158	498	558	1434	2596	2541	810	1568	1752	2530	1260	698	818	2247	532	766	165	2151	780	1675	1532	2345	2444	2111	906	2055	600
2147	612	2120	1870	915	155	1771	1071	1907	399	1653	1336	2205	2339	2566	301	1721	937	2607	1419	1916	97	745	795	2495	1672	441	1594	2608	1546	2069	561	448	320	2459	2051	2404	2192	1050	708	1474	1966	1039	1232	366	2543	2292	1390	2379	258
2007	1299	1874	703	131	2457	1140	2307	215	736	2580	1239	1962	734	509	1170	2284	2498	2167	2136	1834	1091	1180	306	861	2335	2481	1518	2225	2476	1078	1925	1449	2418	1711	2045	1025	363	386	1426	1884	81	868	2570	1566	723	1220	2496	1946	1768
2267	1609	1385	720	774	345	2263	147	725	1315	2473	777	824	144	236	2626	1782	2134	1958	260	641	2470	590	495	142	317	2467	461	854	1937	1340	2568	1661	93	153	1798	2196	927	1773	1610	801	135	450	318	544	2015	485	2290	1631	2040
2441	2574	2174	2334	2532	2213	826	2489	1786	1719	571	439	53	2220	705	2142	2474	1083	1361	168	1904	787	438	645	1040	305	1302	1832	1537	277	52	905	2295	54	714	1993	1999	2577	170	903	149	742	1622	1497	2327	1844	1613	2223	391	2620
1994	1860	1067	1649	2067	274	2273	650	1897	1339	188	2615	2322	786	1024	1901	1186	295	879	1548	606	2310	75	73	593	323	668	2507	2181	1922	2619	967	537	1029	63	423	502	271	2206	1049	1392	1290	515	2023	1068	1755	1934	2544	2602	2618
979	223	1955	1262	173	936	1943	1341	282	778	2179	311	84	1912	1682	25	1880	2578	908	567	2528	1205	1632	2328	292	1899	673	1635	730	2453	1630	2028	1796	1112	767	2063	2316	1226	858	2599	2216	657	851	640	1007	797	375	499	2065	2097
1355	649	1978	2235	1963	1280	9	2132	2153	484	2560	2417	2049	120	1577	546	2385	1048	444	2122	2529	1539	514	398	2522	1570	110	1919	2228	1177	1707	71	1866	754	2614	1553	595	111	1554	357	1457	2182	88	1845	1529	652	1563	719	1871	504
1879	465	2592	2514	1654	2050	2020	2168	1058	400	2078	1464	315	1082	748	1478	713	2087	1109	91	1155	596	1018	1384	154	433	2400	1970	2557	468	1393	2351	1838	1352	2330	1710	2439	239	1867	1663	1267	898	390	585	2617	1211	1495	1484	2506	1777
1301	1427	195	2321	469	2052	2288	931	419	685	1399	825	1552	394	442	618	644	893	1134	1538	560	867	1412	1328	764	2363	1172	892	1396	949	629	912	2443	1584	625	296	913	1956	1261	1471	443	2482	2556	1774	115	761	679	1090	95	2133
1669	2381	163	588	1062	385	2337	359	417	1692	1939	799	1628	2160	1016	510	424	790	669	220	337	822	615	1673	1410	957	1383	1036	2484	676	2546	1359	2524	1611	143	1997	133	986	1718	288	2414	1947	608	1221	1728	2187	2164	2380	78	2180
1163	627	478	632	1918	697	1248	524	1571	952	885	1236	1223	1437	2059	1550	453	2561	2502	1060	2509	890	2622	1872	2126	1569	1562	1156	1117	134	1158	264	2302	1959	1504	1370	1854	2428	1253	1165	2286	2314	1717	199	370	1436	463	272	1848	1088
1118	114	1544	447	1905	1382	2257	2030	1896	1047	1151	107	2584	397	1634	2312	1603	2230	1329	1915	1181	1785	616	1862	255	377	429	759	109	716	310	1933	2623	2503	2229	243	100	1365	2018	287	1015	2254	432	2583	1820	1159	2283	2058	998	2024
2521	2026	2215	710	1602	2610	2350	14	675	1143	1700	2460	2344	1686	2378	1347	724	1597	1167	916	1527	2609	68	1953	2552	2348	829	1422	15	1668	1371	316	2396	2369	2388	765	843	1174	1964	794	1972	1881	1516	1021	613	911	1218	1626	1206	2190
900	238	508	538	917	966	1764	832	2621	1263	1034	283	186	984	2001	176	2598	1202	2376	130	1523	1265	1243	813	648	229	2241	621	1001	177	16	920	2047	1536	953	1588	2074	190	1224	1213	156	1541	12	257	642	1595	1094	1676	1064	1298
1973	2191	51	1647	549	1861	1300	2456	1019	2447	946	702	664	2293	1496	2508	1506	1157	2399	1234	853	1367	217	29	1985	1748	604	1809	775	1827	1014	1633	1944	2304	975	167	1169	353	819	2076	2360	2248	1200	281	1680	1812	594	1638	909	221
526	2177	1189	1808	760	592	1228	2048	941	995	1011	873	1030	1041	494	628	382	1173	727	2624	2452	1122	598	37	899	1900	1175	994	2383	1490	1873	1453	1375	591	2232	474	1130	228	330	1702	681	1515	1750	1284	1222	379	123	1493	36	1501
328	1790	531	901	2091	1010	2110	2189	545	1509	1670	1031	180	196	691	1746	855	690	2542	384	2112	362	360	769	21	158	2240	2115	1420	1110	105	896	980	1072	811	1250	1543	2274	578	2145	2305	1201	548	1	2085	1445	1450	2086	207	161
285	1760	341	768	1027	750	1249	2487	2118	1356	2365	2082	938	1017	2077	841	2424	416	555	1650	49	1599	411	69	486	1269	2156	141	1288	383	1733	1276	2340	803	2587	1475	2510	2317	1882	1038	1203	1075	1411	1491	2526	2545	1022	501	1421	1214
489	1992	1941	121	749	1129	1709	2306	1070	50	214	89	1197	943	2402	1666	1331	910	1069	1810	619	894	364	2581	1830	1358	1364	516	2326	19	1316	2579	1883	1142	792	1242	947	1987	1763	1115	1185	2505	2231	2188	1278	2377	1623	169	476	880
481	2513	1875	1065	2410	808	204	1968	506	1116	1013	2488	1984	2386	2261	1969	1983	1701	1483	369	1476	1723	2104	996	62	2604	772	728	1841	1363	347	2251	367	1492	74	440	1369	507	211	827	1534	1545	1625	253	1429	805	1846	566	103	1076
2278	2362	2135	230	263	1303	1589	2411	1825	1535	2565	1137	812	2000	1317	1601	321	1353	302	327	864	1664	2139	602	1273	2586	1099	2250	2537	1787	2019	2260	836	626	721	1215	1913	1735	1819	958	1995	982	763	1781	2037	1730	1521	297	740	48
704	1348	224	755	1237	1797	1052	2281	654	771	2003	401	1073	242	1560	1598	2075	1876	2406	1741	346	10	991	738	683	2559	758	26	182	611	2057	1802	779	519	1587	1283	1028	247	1691	276	2472	233	1479	415	2245	741	2523	1193	1136	1161
2046	2356	1671	1951	2237	718	993	2536	1704	1343	1982	1402	2208	1911	781	859	1320	1908	2099	2371	517	452	874	674	1319	1986	1660	1747	2221	298	1929	2359	192	1292	2603	1035	2101	38	482	1579	389	1085	2555	1697	1194	788	268	1077	430	1264
1430	308	1753	2128	234	1377	887	1440	1305	844	7	1444	1003	488	835	2162	245	671	1196	13	1330	1408	1801	1324	2408	921	1432	800	1415	1868	895	1792	267	963	354	1712	925	126	1799	2096	1487	2266	1279	1043	408	1108	1629	1413	279	2117
814	846	1705	2159	1289	2107	1585	2387	1405	1042	1683	2161	1102	1409	977	1888	132	907	1397	1608	1199	403	2517	1814	326	1604	617	2512	539	2606	371	1976	464	2465	605	454	533	576	1740	119	563	2258	2558	2575	1451	2582	2233	1775	520	1378
226	1272	435	1188	817	1877	350	1794	2501	624	2088	935	737	1054	1783	40	2249	1327	349	2296	2573	2475	1037	241	396	1179	2315	140	1928	1744	2538	2119	1447	1674	2060	1333	2354	2121	2094	1734	2272	420	1212	1139	1759	312	1555	82	2515	138
406	1462	90	707	1111	2294	964	124	1641	1398	2256	2186	496	1513	945	828	981	677	1677	1093	1456	1325	85	1246	1446	309	1793	314	956	2093	733	1561	1309	2368	467	706	2053	2597	1032	1789	1957	2373	756	1758	651	694	2564	1192	2009	2056
2471	1858	1100	568	1486	1257	753	1125	2002	2092	789	2184	601	614	368	473	1659	493	2451	421	2486	2434	232	1055	2226	122	1113	889	1164	1855	1473	2268	472	684	2227	1658	1975	2364	1084	776	1960	1817	2324	60	44	2080	1433	1349	1255	47
603	1147	1435	1703	1468	1207	863	2193	1372	30	1524	1749	838	1715	732	1829	265	1219	2395	739	304	104	57	547	1716	1559	988	2022	1662	2520	2011	505	1525	1176	540	1833	1373	1891	1507	1843	2468	1505	289	583	1679	513	2027	1097	2155	210
1337	631	270	2572	875	535	112	2239	574	27	1311	670	2113	1171	2600	2463	1667	2073	2010	518	881	1828	1574	1148	960	711	422	6	1240	1350	284	934	1079	2144	358	1847	1154	834	1940	203	882	1414	2477	76	151	1556	1698	191	146	240
876	2083	99	2043	2412	108	1063	1020	2098	804	261	2382	1729	2616	299	2114	1198	2429	1624	2259	660	171	2299	1057	860	1776	2106	1494	833	2569	1002	2576	1376	101	28	1645	1381	307	164	202	2490	1053	620	1119	1313	266	2518	449	891	570
2017	1297	647	336	407	1762	2343	1096	1499	194	1931	1859	1935	2282	2421	522	2353	1646	990	1162	1640	922	1636	1266	512	791	1227	290	2125	381	324	2448	246	2265	1247	22	955	1644	1865	1160	198	2612	2589	2202	552	622	939	820	2419	1281
291	1804	1695	839	565	2089	1592	1648	2405	1530	587	58	300	1282	428	2100	1811	1652	148	971	1714	2323	2005	1822	1526	1923	1080	252	785	962	1454	562	2361	1351	1107	830	2204	729	1293	1615	1314	174	2455	2325	1991	1321	1480	1856	1961	127
2342	294	1394	1210	355	511	466	1967	1657	2540	1938	412	1971	1591	680	2175	42	1800	1362	2146	157	965	1732	2214	1455	850	187	1818	888	2332	2276	2163	392	1379	1087	1977	1580	2176	222	2285	1806	1403	11	387	2341	978	72	1540	1387	1466
160	293	1470	455	4	1689	2041	2390	1605	334	0	637	1508	1216	1418	950	2562	2140	2219	2331	1286	2397	2550	747	1839	503	378	1183	530	2519	1448	686	388	2554	536	1742	251	793	70	303	2195	413	1998	1863	1380	1813	816	1105	1572	866
113	1581	951	2103	929	525	2036	2438	2090	338	2450	1322	1244	1837	55	2357	2466	218	770	584	809	1739	997	1178	1795	1954	1803	667	2588	431	352	1607	1898	2102	1656	2389	1441	1857	1308	118	2021	1981	2124	2462	2279	1023	1583	914	1681	1133
2014	2595	597	722	837	976	1374	425	2403	471	2172	1033	678	2032	926	2149	1690	1696	348	2493	682	329	94	2627	1520	845	672	380	1531	445	886	1551	1230	1751	2433	1304	1780	179	1917	2445	924	897	928	857	972	1428	2277	2157	1772	1005
1725	2061	2038	1612	1948	1853	1952	2105	2109	61	2207	2435	175	534	541	2590	1620	1044	831	2131	933	262	213	1549	2081	2079	579	699	1101	2210	1606	1738	1463	2440	1338	623	2029	2605	2549	33	1909	1307	2547	20	24	2511	586	404	573	483
581	457	2485	1138	1312	2197	2211	784	1979	1722	1233	783	487	731	638	944	1106	244	248	823	521	1766	418	968	1291	2137	426	2436	2035	178	1678	1126	1009	658	987	2593	1688	1251	1621	2287	2173	2516	1826	1195	45	849	2534	2199	1889	656
2375	2539	2025	550	259	2407	1184	1008	751	1502	948	373	1921	1878	2320	693	2300	1217	1731	1627	1974	700	492	609	1619	1258	1256	2319	1498	475	92	2613	193	1259	1932	871	2531	862	1438	1395	2243	2289	527	1481	437	1391	208	999	969	1389
807	1784	687	1431	1131	636	17	884	1791	410	1930	150	2500	930	634	1558	688	689	436	1004	1401	2084	1617	630	1144	2013	1590	1238	480	865	1639	2224	2148	1642	286	1576	477	1651	1103	96	1924	2352	1145	459	643	1778	1287	2171	2398	543
98	340	1012	1586	821	2034	1892	1893	1074	904	1326	1724	64	1816	2384	460	2242	2127	1840	1996	1745	798	166	1182	1204	1805	1081	162	1994	14	213	907	1962	1508	2311	1411	2318	1826	885	324	840	1671	52	2063	184	34	1114	1087	990	1377
1398	106	1454	1683	325	2183	469	1168	2004	1406	51	1747	2125	751	618	2625	1755	1872	2365	452	665	2539	2209	1086	554	2164	2115	707	1065	1749	2551	2010	27	1589	2295	1250	1273	1585	844	309	726	952	2529	1362	2134	302	1545	826	2179	827
891	1976	274	1560	2281	1569	2165	2566	994	2263	1210	1874	1539	1987	840	433	1427	711	1847	2118	1573	1825	1526	590	811	1012	1725	111	339	1523	207	2378	1124	1879	303	2590	1524	1632	958	1784	1190	1049	758	89	1150	2470	929	853	421	1343
1249	473	601	2021	816	1483	183	1248	1855	2357	256	2310	1342	189	947	1001	1718	1384	2399	203	2516	1422	2064	706	833	54	1779	1869	2171	2254	1212	625	648	40	1308	359	2385	315	492	677	1633	1656	1085	1973	429	1390	781	631	2267	2033
2408	2398	768	1047	898	883	1044	1194	789	1288	135	1436	264	2242	2555	1846	1313	148	1894	597	1241	1696	434	1199	1309	1037	159	1306	2301	1286	1285	1985	484	1777	330	2121	1121	1717	1189	2443	2247	2329	2460	602	227	699	1176	1991	1397	1233
1016	61	828	780	1185	2225	413	1654	254	1923	841	2510	1310	2556	835	19	1225	2407	1042	2288	1529	353	2447	2206	212	2205	1021	1543	562	400	1891	582	1617	1827	47	1066	511	1123	377	1051	1024	88	1152	863	584	1475	1275	1391	366	1673
873	2315	2025	307	1155	2602	1230	2189	2569	1348	2367	1712	2383	1922	1854	1832	2083	804	355	1840	229	2600	1719	2261	81	1271	716	1186	1471	1901	2257	1823	2508	1137	2317	6	725	2368	1870	2322	1813	719	1187	1404	2592	1876	1263	1061	448	94
2120	2350	824	2514	322	2276	1100	192	1131	2325	624	551	1265	558	2011	2587	2058	679	1116	200	443	158	1881	361	868	607	1766	1077	2093	1504	2268	1665	1208	2221	157	2298	1039	2198	1806	1517	818	346	1660	35	1298	1157	2376	2453	953	2000
1533	297	298	1046	1547	1706	1149	502	2026	318	913	2417	791	1993	2249	83	2490	1954	498	887	464	340	1575	1502	2036	474	695	2482	877	538	1496	834	1908	2061	2607	2008	1848	574	2269	494	470	1959	1144	9	2332	1402	351	1158	848	909
1126	2219	2578	862	1284	335	1795	1139	195	2434	1092	1446	1637	995	577	2511	336	482	872	1701	2380	97	119	721	1763	1594	861	466	1685	1267	460	1181	1311	332	2117	2077	2147	1302	408	258	2321	2028	655	2080	1631	2148	1031	680	2266	1236
1967	2046	524	333	1254	731	2184	1418	2240	1260	2348	1578	145	1239	2605	1577	797	1635	1558	1408	2435	605	1688	1794	1621	1006	532	2159	1438	1771	219	46	29	2400	348	2369	1113	1088	1522	924	1457	773	360	512	974	821	1754	1119	1420	851
1127	920	987	2094	349	2381	1600	160	2594	1841	2224	856	1842	526	1354	850	636	2082	669	382	2427	2345	879	1238	1580	2550	208	345	547	1349	703	870	24	72	293	60	1661	292	291	1650	645	2216	270	1268	1367	2502	535	1067	257	954
1432	20	1043	666	371	2244	980	2001	2208	1836	1835	395	1087	1485	2363	2038	2175	2504	1332	2601	911	746	1508	905	843	1253	504	845	101	133	869	1017	1079	2487	1587	2095	1146	2423	2018	1576	1468	10	383	2364	1615	1602	164	959	2002	632
1392	837	501	2604	617	852	955	1871	201	1145	288	2473	2615	1604	548	2114	1480	1929	1858	1738	1774	416	1702	2005	2389	1379	1728	362	882	981	417	1295	1346	950	1441	1490	1482	449	2072	262	1689	1892	813	2259	1730	334	2335	2493	1499	2471
437	1229	1377	2542	2200	412	1511	1003	1537	108	1278	1022	1098	537	923	2521	585	733	1464	2458	1811	453	598	957	1074	1709	589	4	1007	1567	1174	2303	1607	327	642	71	983	2344	2570	1337	1232	422	1622	2451	165	802	171	2405	142	91
177	1815	515	321	2049	2087	740	783	2241	2130	570	2103	2290	765	2306	1300	1911	284	70	275	1634	748	842	1073	1453	1458	992	940	2304	1546	178	2089	1899	1327	1014	1916	1849	121	2173	2157	737	182	1486	396	566	486	1191	962	316	990
82	1279	2463	1653	941	2136	2561	1434	888	276	1055	1412	595	942	1863	2620	2314	2627	1745	1380	539	2279	42	2098	799	1647	899	1716	1110	553	807	1134	1830	586	1005	1352	226	224	1497	616	2547	544	1064	643	489	407	1507	278	169	2404
1793	347	2574	1371	2273	1221	1837	425	424	240	217	1955	1867	2099	2078	131	998	2073	1918	2218	439	1027	1209	1494	1720	513	946	2597	1556	415	2316	2193	1478	892	917	1133	2524	64	2284	1353	1350	2596	522	508	2541	2140	907	2106	1244	1946
499	1535	1095	2154	1928	1953	2461	375	662	114	1023	517	1907	2326	2127	93	823	1889	2559	1909	2086	1405	324	1235	2525	440	2492	795	2476	1257	2227	814	69	2379	304	1052	2483	1752	1151	1655	1900	2481	2612	2324	1554	1626	271	2535	1072	1542
661	2252	2296	639	2567	418	2577	2340	243	344	1423	1786	1648	2361	1172	2488	491	1080	1198	1424	2362	2294	1970	790	16	1782	166	1029	1557	771	2233	1528	2060	1289	1796	2308	137	1657	2537	2382	14	1750	1590	1226	2455	668	2016	2564	1711	1566
1287	1950	684	1962	936	1761	496	76	2178	727	2048	1296	1401	124	545	1493	99	1878	1905	712	742	2162	1259	138	136	1713	1416	702	894	495	1548	1790	1917	1382	1762	1966	423	1317	2170	1574	2109	1062	1753	1828	1927	903	1321	2291	2603	1799
2334	787	1514	2282	729	2215	49	1831	2617	754	2232	1138	2545	839	778	1844	1926	693	1722	279	1996	1611	931	885	236	1206	514	1744	1866	2515	1672	1159	2468	918	1978	1715	767	676	2029	1054	2272	594	272	239	1425	2069	1489	819	1845	299
890	1431	2410	683	1274	1501	1108	2415	1817	1256	2371	2223	2059	115	1992	1338	1141	1977	1050	368	541	2188	1772	414	1582	405	237	1323	2584	820	2063	247	2185	949	477	1693	1063	1708	1202	1559	1498	1627	337	1451	1822	1183	1681	752	2437	1757
2222	1767	2611	2202	1058	812	1826	2411	2297	246	948	2169	510	762	1956	2	67	296	2342	68	2449	1	1584	1437	1096	1389	921	66	1433	289	2255	85	2212	41	232	1914	1252	43	989	1704	1606	471	110	1764	311	1251	1465	2373	107	991
1669	263	100	342	2341	1890	1931	800	1057	2172	1333	2256	2444	988	1925	1942	1435	610	1269	2353	1488	694	17	465	1856	2299	1200	193	1945	2591	2220	2203	2217	281	190	312	815	2457	1334	1407	235	724	2246	1211	664	2500	1969	1518	2074	1033
1853	761	1114	320	1989	2501	692	2531	378	568	1861	521	300	1903	1303	1703	2485	50	770	319	1283	365	2040	146	34	1292	248	1294	369	218	2402	2024	120	613	945	2009	2522	268	2495	793	1444	2088	1032	128	1109	59	1262	2056	563	2438
567	766	1008	1246	1034	1636	2107	671	2006	261	1041	896	2595	2557	1902	1519	2469	2231	1679	745	392	481	2509	2519	2499	1776	2421	550	546	1365	2287	277	2075	893	2520	2589	123	2370	1048	1613	153	196	350	1075	2214	1857	801	1864	690	926
709	533	1120	2486	1765	310	2135	2084	1192	2466	1624	968	1551	615	2568	2149	1399	244	1169	1852	1281	571	2126	388	286	2104	74	2037	803	393	1160	1084	2391	1737	2138	191	238	1351	280	5	2538	1957	506	1463	132	675	825	194	2307	741
1509	394	225	1769	1964	588	0	1025	2333	2186	2624	2560	79	728	2146	1599	1154	1101	1035	2243	1544	2167	2419	80	1801	1231	241	287	901	62	426	1941	12	216	1642	1193	1177	612	2071	1358	155	832	663	500	1609	575	889	764	1374	2429
1009	528	688	646	915	970	2128	151	1687	681	77	1581	2110	1893	1694	2608	1940	1255	176	881	2544	1417	86	139	2543	552	475	938	1394	2480	1112	462	214	2467	743	1301	2330	2401	1363	2236	2111	943	467	657	53	1888	634	2426	1740	1965
269	1503	1166	390	456	2536	792	1920	1479	2558	838	1207	906	1550	1596	2448	997	1430	822	1339	436	1360	769	1532	2445	1161	8	1214	1366	356	1947	1974	1469	2390	90	2250	1868	581	2394	228	1426	2311	1400	493	2549	372	1724	1182	1484	172
855	2517	1705	654	638	1228	162	134	1247	556	1758	26	33	170	2319	794	1361	650	2122	1456	2412	1459	1213	2235	1304	750	1175	1731	2331	640	1961	1906	1376	1472	757	951	1439	2337	937	2258	1664	2187	154	432	2579	1013	1375	231	2599	516
1898	2102	2546	1534	1743	1666	2068	1541	779	1628	3	2190	1588	221	1610	576	1455	1593	2096	265	92	374	1414	696	102	329	1442	1807	156	1103	167	1299	1071	1958	1850	817	2507	2503	1629	774	294	1553	543	181	391	1053	978	326	198	1322
1662	1821	973	1421	2160	2097	1972	559	534	1820	884	73	249	2497	1612	1979	1258	565	427	2137	381	1775	185	2339	1467	2452	1781	700	1652	357	2032	2459	1729	1915	213	967	1651	28	2195	52	1316	1674	65	2320	505	1802	2598	1756	1004	308
1272	1592	507	1625	895	1571	179	1616	173	2285	2474	251	2393	343	1751	2014	2465	1859	1819	871	1355	730	1963	1428	2251	1995	1162	2264	2454	1429	2145	591	2581	1875	1330	2582	2042	1148	1691	1104	1147	18	2238	580	2496	660	2392	713	1952	1099
620	1887	1645	1778	1800	389	2034	2477	2609	560	1359	2623	1357	220	1097	928	1748	2090	1293	1527	622	1111	222	2265	2271	2139	2132	1270	206	140	1505	328	1792	1028	697	846	960	2017	1563	1741	1520	736	295	255	420	857	1884	1675	483	1697
969	1002	2229	163	2234	2278	441	2338	1843	635	722	755	1726	2414	1516	1948	36	1818	1122	1345	531	653	2387	670	461	209	1019	738	1873	1449	2375	1500	186	644	1015	380	1167	685	2583	468	2079	2081	2355	2035	1913	1203	2091	401	723	658
1140	2614	290	1201	447	2328	2432	2396	1686	2277	2113	592	1572	112	2166	1083	2553	587	1595	788	682	2489	2076	599	1676	1564	734	341	1780	1312	253	1809	75	1896	1630	2446	2606	2210	596	1395	2055	866	2512	1960	313	1981	2158	2498	860	854
1476	1089	775	749	2616	1173	1445	2275	143	629	103	2051	118	2283	1727	1340	651	2431	2527	1598	252	1538	708	1865	1824	2433	1115	2352	805	933	1603	2053	667	2230	2395	463	1833	1695	756	2384	1215	965	747	1882	129	2237	2133	1184	150	922
1056	7	1692	1370	759	976	1640	529	1579	939	1721	1990	1641	1746	1136	44	149	1409	259	1951	1060	614	2347	652	1411	488	1734	210	2199	865	411	152	2020	2041	1919	1179	1356	982	753	1984	1983	2586	1710	1234	2456	379	579	1282	141	1018
1851	260	1156	2534	1583	1680	188	1373	2359	763	2494	1525	1082	2153	457	1171	1277	197	1933	30	2349	385	604	1291	2260	458	984	1307	1760	1105	1443	370	509	1218	125	1690	161	2397	2409	1506	387	363	1470	2565	876	1388	2174	717	1707	2289
1117	2143	450	2323	2211	187	1320	2142	904	1791	2532	2262	2047	934	1364	1932	1305	472	2015	1462	935	1930	701	2572	578	130	2201	912	2621	21	1531	116	223	373	1341	1937	977	1732	583	641	1619	104	2065	2406	1473	1838	1487	1297	1810	1540
1938	1164	180	2571	2066	875	1736	971	2360	386	2479	1670	2144	428	1682	1130	2191	1403	704	886	122	1393	1921	847	2030	11	964	1643	1936	2043	451	1276	2576	1195	2054	1759	1180	1895	686	557	2150	1245	2618	168	966	1165	1125	647	2204	2062
1555	184	2528	2161	2305	1510	1188	858	2548	1605	2356	2478	1591	230	1949	25	1372	1163	419	1036	2526	714	13	1492	1135	2116	1678	710	1699	1623	45	376	455	2070	809	1227	2372	399	2039	2327	1783	1030	549	2343	2280	1142	808	1521	1877	1474
2196	1671	925	784	530	1677	2031	776	691	961	1975	572	1860	806	1040	397	147	2151	555	1261	519	245	266	1939	267	476	1733	2336	1314	364	2312	1452	2124	410	1912	573	1549	1597	2462	234	628	979	796	2464	2044	1266	2302	2377	1205	285
2523	1644	902	273	739	1461	1020	2416	1091	1797	619	916	205	608	735	1242	564	2052	1369	859	444	705	126	2013	2374	233	2554	672	2101	1700	2513	985	914	874	2491	1798	2575	674	2207	1368	127	1804	55	1216	2418	689	1477	1381	1387	678
2019	1440	1787	2192	2168	785	999	1419	2245	1324	1466	1723	2313	38	2119	1562	1319	2573	975	1897	1805	1240	314	1816	1667	1999	490	786	2580	1413	2562	2318	1565	1069	354	2248	603	910	1094	317	109	2045	2050	1336	323	1515	1010	2533	1714	2358
518	2023	2274	897	963	798	623	1742	95	2177	1132	2593	656	1568	2057	480	659	175	927	2012	2155	2300	1924	15	1383	1808	2425	2003	956	39	2131	2441	1834	1196	1325	1986	972	944	215	2588	1614	1335	1980	2226	744	1552	1885	1638	1649	1026
1785	1997	1070	908	503	1143	523	1768	900	2420	919	525	626	527	2022	431	1910	2228	1460	1237	283	113	836	305	1153	478	2129	2610	2430	2292	2506	105	2108	1068	1788	831	630	1107	880	1570	84	367	1684	487	1586	2027	1639	2182	1944	1512
542	459	22	442	1447	2197	331	2403	98	1658	1886	810	445	2626	2424	606	1812	1814	1106	777	117	2270	306	2422	830	1315	698	403	37	2112	2213	673	1093	1076	1220	2067	57	1128	687	1739	993	1118	2484	932	609	1659	1178	772	202	87
718	1601	1243	1326	829	1988	1223	1217	63	1789	2180	2286	2346	409	930	199	1318	2440	600	2163	637	1059	1448	1204	1620	2428	1934	2309	732	1481	1264	540	430	1219	250	1530	1883	2439	479	715	782	1331	2613	849	1803	1090	1347	2386	1038	536
2100	2181	2563	1618	497	1224	1129	2530	569	1378	2293	1646	2253	31	1839	2366	1935	2239	2450	760	435	1415	2176	1290	621	1410	282	627	2505	1495	649	2152	352	1773	211	1862	402	1998	58	23	633	1663	1829	1011	2123	56	406	2540	358	48
2092	867	485	520	720	2472	1081	593	1329	384	2585	2622	242	204	1904	1170	1536	1396	438	2619	2085	2552	1513	1561	301	1328	1045	32	2156	1994	1735	1385	2007	404	1197	2105	1668	2518	996	78	1222	2475	1078	2194	446	864	1880	2442	2413	611
1770	1608	1450	1968	96	1971	1982	174	1344	1000	878	1386	398	1280	1943	144	454	2436	2141	561	2351	2388	338	1698	1491	986	1102	2354	2431	1024	1665	493	1215	1799	1668	1476	608	850	1840	1590	1873	275	2073	1985	1149	859	1558	147	832	186
125	2359	2251	1592	1470	2577	2104	1403	630	764	950	1794	2018	726	1392	724	1503	1482	1685	967	60	457	1428	2509	2450	1071	1612	505	2621	1778	2586	587	2242	1342	1734	2270	1391	678	1077	2597	27	908	925	279	1234	1426	2559	1803	2461	1857
2506	1289	2283	2402	939	1698	1453	1952	339	2393	2047	1840	973	2127	1047	2136	38	1777	689	1271	1838	2392	465	986	2457	1435	1887	118	941	1278	299	44	607	2000	211	1283	426	1092	2373	974	1711	2561	2498	476	2064	725	1831	1053	1901	1474
2362	2607	1988	954	1691	397	666	306	1750	2189	1131	1086	1725	274	1398	600	702	707	530	1716	2368	1940	95	1710	2221	107	177	887	2542	1512	1108	354	1677	1744	596	563	598	1225	240	1761	2044	2571	2324	2013	2515	2288	485	1023	1268	1111
1633	1128	1824	1256	1367	73	1348	1249	903	2480	1620	127	859	2546	2374	1542	421	210	2520	2162	1364	1024	886	1847	686	2476	1018	1075	88	1679	956	1966	2095	548	1964	1260	315	2168	1659	1174	188	871	2599	400	629	1881	502	2552	2084	661
862	960	1556	282	1859	142	175	2568	1701	2495	1995	1867	2017	515	19	1444	160	2467	1956	839	1368	103	1059	1127	1280	1972	1441	1242	389	2191	2287	569	1945	1796	234	2138	2295	1735	1669	1158	93	407	208	996	1529	1583	2356	334	1078	200
1820	1736	539	1487	69	2484	1233	2584	2514	2280	2286	256	1521	611	1931	1427	238	646	2578	1379	2604	1841	1388	247	1502	814	2302	826	1244	1992	1968	2575	2192	1553	1360	1005	2264	108	2097	1286	659	906	1639	535	1989	463	1802	1960	65	523
2563	1223	1187	1056	1950	1170	289	2119	1500	1196	1405	181	1907	1970	2466	433	2228	254	895	2606	1466	222	1646	2511	516	2557	749	1101	1877	1667	1729	1069	762	136	16	975	2566	405	2318	1083	1165	758	554	1591	767	1822	1623	2007	2307	944
1825	1076	1163	1294	2079	17	432	1932	1904	934	1048	1978	739	2313	2129	14	1627	1900	401	863	312	955	442	1671	461	2113	916	2265	639	1161	816	2237	641	2083	1913	1657	929	1263	1437	1561	1993	869	144	2443	1238	1178	8	40	894	761
591	231	992	1031	910	1963	1188	559	1334	1232	1186	798	1279	2223	1731	2252	527	2469	988	484	492	3	1381	2051	120	846	613	549	926	2605	560	1586	1386	179	1953	149	9	1516	2416	731	2615	2513	1976	1033	184	825	1468	2200	187	2158
1411	1356	1830	1064	1922	824	487	721	998	709	794	1799	1891	453	1693	2180	2483	124	754	460	1981	2327	1842	1104	1229	1597	1704	186	936	624	1107	512	1191	1839	2420	58	430	459	1297	874	2236	1621	1162	510	1660	1843	1155	1495	1216	1304
1916	1614	1771	2375	1457	904	1540	706	90	148	698	1596	424	1930	1431	1852	2413	1666	310	1866	1766	1788	1541	287	504	253	182	1890	2008	784	1281	352	1210	2387	1319	385	1987	1007	752	242	2038	2340	2256	2231	2165	343	807	1754	586	78
2608	2072	2209	115	1190	1235	2371	1714	2185	2385	439	2472	478	676	642	47	1412	483	1770	381	2574	1066	593	1096	6	2388	1402	1406	828	626	2311	374	1899	1670	2048	2085	756	2271	2289	773	1012	2573	778	1920	1231	595	1153	1087	1058	2074
1709	1159	2155	1103	1944	1790	1787	2428	1404	1984	1889	821	300	1394	2077	991	537	1445	1248	649	2325	1262	2445	192	2184	1936	428	1269	1264	729	436	2569	1081	796	1935	1287	801	1296	372	1177	1460	2005	1349	1206	2398	99	1451	1821	1079	2219
2167	1145	2473	1996	2036	1730	2170	1879	2014	1254	2196	225	396	893	2210	344	1372	775	2275	2205	1315	2261	216	1625	1160	2549	2171	1326	172	1888	2122	2054	2112	458	2512	1311	2497	1088	277	170	1854	1129	2439	823	2623	517	288	1991	1747	1199
425	1140	2086	263	2257	741	1829	625	201	1537	392	114	690	577	399	1780	273	2609	2146	53	545	220	449	325	2151	872	1748	1055	1157	2590	2037	2066	2021	2452	1906	307	1373	1910	2105	567	1036	1132	2417	1301	2056	2423	2309	920	1247	2132
558	715	440	2238	507	159	1739	477	2181	909	847	2489	719	1943	386	1396	1572	2352	1738	349	2624	820	479	2139	541	2610	2431	2308	1335	1438	1220	2100	241	1808	2062	1637	969	56	1309	1323	161	1690	151	2381	1168	451	2395	1608	1070	632
2254	2178	2225	35	138	618	441	856	341	415	2616	1085	1400	2562	1251	2065	257	976	1378	2390	337	1816	699	145	1554	1361	1464	1765	1631	163	1823	677	2130	928	423	480	957	1752	736	1741	193	2169	198	2262	2534	1167	1939	1002	347	1873
1052	2153	1094	190	1440	393	1827	1715	2363	938	1792	2570	1447	303	526	2588	1498	1610	171	1293	2536	1949	1517	2106	335	793	2355	2456	357	68	1320	873	275	2532	1983	1317	977	1019	1207	209	691	947	437	2243	1986	1484	2234	1258	1200	1755
1663	1609	2589	285	183	748	1276	836	91	473	1239	223	907	1450	227	189	1876	351	621	2507	1355	804	1214	2023	2285	1025	2553	1510	2300	2070	29	1004	536	765	340	923	1270	293	2551	2278	1565	2135	402	1026	360	290	350	167	520	81
665	294	191	1695	987	1573	233	1732	808	2103	2366	1860	39	696	2618	2019	2078	2526	1253	1369	717	2	576	1929	1422	2069	23	1035	989	1784	168	2326	1175	2144	2533	720	1008	1011	2408	134	1917	2060	2502	268	1472	2115	1164	583	109	1856
1697	2558	2421	565	2406	1593	1584	229	371	1886	2093	1387	1465	1577	1407	2027	557	1180	912	2102	2603	680	844	2430	1275	2273	703	1003	2424	2482	326	318	1330	2580	2026	1898	2198	199	2389	2128	1958	413	952	2491	1774	345	2336	1469	2521	897
75	718	2464	1050	84	1456	594	622	1795	1265	1607	2583	1424	2117	22	604	1536	251	2529	139	1740	1173	1370	1545	1895	1615	1415	1045	772	43	2465	1346	837	1530	2382	1638	1439	1344	1559	2194	1789	1090	811	1566	1836	2204	185	1925	1481	1195
993	1126	2376	2334	694	304	2142	911	2508	757	1393	501	218	1980	2329	697	2157	971	2540	226	1676	2092	2267	470	1425	637	82	1350	2068	2527	395	1461	1120	2163	1947	1756	2541	2258	1241	2291	32	647	738	2463	2564	1809	419	1337	384	588
2227	1775	1652	364	1324	283	1106	981	1525	902	286	1240	868	1833	1117	1226	98	930	786	1017	342	550	654	94	780	1446	2494	313	1635	387	248	864	450	314	900	1362	1213	1578	513	1102	1797	2284	1212	1295	519	1805	818	2182	1606	1202
1290	224	585	370	491	841	2427	2404	1654	388	1208	552	2414	1776	72	985	779	2596	1135	1124	2339	2447	655	2415	5	2459	2296	2150	1046	1658	26	106	2622	623	1433	2440	2320	143	803	2627	964	834	1570	100	750	650	1459	1366	827	1292
31	180	1791	1804	2179	579	331	980	1261	1230	110	682	580	2468	2433	1779	833	746	1246	119	141	1918	2213	489	2263	1219	500	1862	1651	1871	369	382	555	1365	2582	1632	383	979	1528	2207	1156	122	589	2602	1599	942	2478	195	1182	1965
1582	843	1383	398	633	2222	2519	1688	2193	2090	2141	2399	1746	1010	1227	367	1549	113	1616	1172	1613	1201	427	1001	2294	1817	380	2455	2379	1417	995	1543	562	2202	878	1726	1567	2211	1538	2245	1801	2453	509	742	1562	2206	422	2248	797	1091
656	2477	1133	2337	1429	96	601	2626	1493	1113	1630	64	1534	1718	2312	1224	2292	2449	498	2116	683	664	788	327	276	712	417	528	2249	21	1575	525	1443	1375	2488	1924	1115	2391	978	832	572	2332	789	1539	1331	346	1684	2350	532	1149
2081	1552	1322	1923	1068	1148	1933	1151	67	635	2474	914	2425	221	2125	2046	89	671	239	50	420	2009	495	154	262	651	1032	704	2335	2504	1205	1759	1865	1557	1555	1832	1837	2490	59	1806	2255	2173	2380	1581	2304	2293	2303	2434	2003	1874
2029	469	1751	896	1371	45	1604	472	521	2448	573	1266	681	792	2099	376	232	1800	1228	157	508	1409	447	2593	1222	1569	295	1723	329	640	265	1737	645	2147	692	1828	1580	2031	2001	1785	1144	348	215	404	291	1786	178	207	2543	2208
2587	1501	994	474	2160	745	2269	2087	1948	1717	1769	2612	2143	123	2501	1449	448	1524	1479	2164	795	2030	2437	2365	806	281	165	117	1306	2010	320	673	2034	454	1354	358	1749	1421	1594	1082	355	390	2323	1696	1579	1851	1218	2591	1979	1928
2032	547	2617	1192	2517	2247	1338	2082	1347	733	2298	1308	1490	152	438	2148	219	377	1550	1109	972	1527	409	2525	2500	1687	1171	140	77	2121	1504	1022	1414	1463	174	953	2131	2075	245	411	990	255	1353	28	877	1252	462	2177	101	845
753	882	1611	1273	2317	791	817	1209	2364	76	660	1954	810	30	1605	1436	2098	1650	63	714	1065	2290	1497	1622	1434	1971	1313	1198	1166	1624	1703	924	2174	2049	2600	2397	2372	2053	2156	1274	1454	121	1921	638	1720	1643	1642	2218	2419	2220
2244	688	261	493	1712	503	2063	1682	982	2028	1298	51	2250	57	1560	338	2370	1985	2396	2386	1602	546	616	768	2195	608	1351	2140	606	1598	1184	2190	581	260	1872	2418	2454	235	2611	2149	2159	1951	857	524	885	1919	486	866	1683	1063
1634	1343	781	2422	1480	2268	319	112	711	687	302	410	267	1647	330	2233	2306	1377	962	879	602	2505	668	87	1328	898	1946	1585	1152	1974	1423	888	2033	1896	2544	949	1728	1885	1699	838	2560	429	1764	636	270	1061	391	854	2369	1656
2058	1977	855	1515	403	1882	2535	1496	1522	747	875	1911	2107	1380	531	722	769	2475	2538	675	1681	1027	983	763	1119	1505	292	1883	1762	1811	2199	2567	1197	297	2539	1057	1488	1134	214	2025	1203	1473	278	217	542	496	867	133	155	2224
2042	744	1702	614	1329	252	1272	1491	835	1532	2524	2080	693	628	2407	205	363	2460	1303	1844	1861	1713	984	1486	1959	571	2503	1618	584	244	1442	1645	1763	743	1813	1049	1819	1114	734	1661	1038	842	695	1492	822	128	196	86	2492	1401
1724	147	131	444	946	499	1826	1781	1143	2537	849	2299	488	1686	2411	1692	1395	212	1834	672	876	529	2470	2516	1211	1255	2523	1617	1363	1327	2594	1546	783	213	1194	13	1285	684	918	83	412	1520	2357	899	2145	332	1105	2203	2479	1894
1112	1782	176	1938	802	373	2555	443	737	2186	2175	366	1689	922	497	1316	1912	1462	2305	667	1733	2253	1060	1600	2328	1399	658	1722	1518	66	1957	2471	1533	2349	605	959	1245	414	249	850	2316	1494	735	11	2272	1863	1352	1576	1122	2592
679	33	2101	685	883	1629	1994	1678	2496	1257	931	1458	418	2067	1142	1041	71	1519	574	2114	308	933	1793	620	2585	2011	1013	961	951	2547	1846	2124	2187	670	2485	999	582	570	1653	830	135	1418	1095	2348	2215	1999	700	1815	1357	2246
1282	819	1341	2353	1937	1193	1016	2347	2088	2016	2172	2522	1626	1649	578	1452	1147	2598	1185	1665	766	2322	2126	74	937	2041	20	774	905	1448	378	631	2410	861	243	2197	1880	652	1189	1419	1648	1478	701	269	1563	2050	1768	716	1374	1183
1892	70	305	111	322	1967	2012	1858	1410	1849	15	2613	1818	634	657	1146	2310	452	2442	1975	280	1384	146	901	1382	2111	1009	203	1072	1150	169	1039	1136	368	1772	759	2435	1835	1603	1277	1601	609	732	1743	1176	36	1845	1590	662	2002
471	2154	853	1321	852	1531	2595	266	130	713	2493	37	1640	884	643	80	54	708	1973	1243	1628	2118	1000	258	1551	1941	2581	34	919	1333	1385	62	2059	2400	166	298	1390	597	85	1810	1864	1955	2166	1674	2110	892	1051	1181	785	2458
475	2015	771	445	1340	162	1868	1998	1073	1093	2108	1318	137	648	309	158	1021	25	79	2183	434	968	464	55	1903	246	1727	116	10	481	590	522	1875	1798	965	1477	1483	324	1089	815	1499	1416	1644	2212	1969	237	506	1595	603	1029
518	197	2109	92	2429	1137	1927	1432	2510	514	24	1514	1118	2137	1267	880	2176	1455	2405	1376	958	482	1897	1908	1853	2133	467	2342	1169	228	1706	2094	1535	2239	2432	1204	1997	2061	2057	1745	932	2076	2444	2360	2297	1044	1812	2188	2232	2426
1982	1783	840	317	2531	561	2451	2579	1336	230	809	323	1312	1221	1043	1719	0	2096	204	2383	2274	2120	1020	940	1074	1291	1855	156	1475	48	1760	1884	917	12	1773	379	615	1302	2394	42	1284	259	1574	1467	1961	2487	1870	740	2071	790
61	2338	2341	1237	2040	2530	870	800	250	1288	1914	913	770	2441	1054	2331	1413	538	1110	1084	860	831	1040	2091	755	468	194	1753	466	2345	264	301	891	1485	2614	851	2601	1154	1305	406	1662	1489	1307	2235	2576	105	751	494	1905	1358
2367	2545	943	1098	945	431	1807	1673	1299	2619	890	2039	2625	612	730	1139	1042	102	1571	2266	2217	1476	865	2358	1902	333	966	52	2035	2045	2620	356	727	782	46	812	1141	1100	1589	617	799	1067	1314	1757	1655	1619	2344	353	1359	164
1700	2276	284	456	1325	2134	2152	1123	948	1548	627	2499	1506	104	2436	723	2528	1848	1130	2354	2412	921	2438	599	2055	296	2361	129	669	776	1672	49	592	1014	2550	2073	1915	2409	1507	2321	2216	1125	1721	2377	1568	2548	1138	206	1558	7
41	132	566	1397	1544	316	2022	1097	553	556	150	1080	1062	202	2226	848	1526	915	1509	564	1587	2214	1668	2089	1116	728	1962	1909	1990	2446	2401	1707	663	1564	416	787	2518	311	760	2315	365	2161	2282	540	1300	1708	236	997	881	336
1389	2565	328	1471	1339	2006	408	1028	1215	446	2346	1742	1511	455	2281	970	2403	2351	1310	271	1893	2343	18	2279	1121	568	375	1250	361	2554	2462	1664	2277	1675	1006	1179	1420	435	2230	927	889	2556	2572	544	490	1508	551	1680	1236	813
1099	1037	575	534	2241	511	2052	2260	1869	1345	97	1259	1	674	321	126	173	1705	1030	1878	805	359	644	1034	1513	1547	2123	935	1850	1814	777	1636	1217	1332	963	2330	1942	1408	2043	2201	1926	1934	1641	1694	2240	610	533	2301	2024	2481
2314	2020	1588	2333	2229	1430	543	1015	2319	2384	619	710	362	1758	653	2378	1767	394	2486	4	1523	272	2004	858	829	153	705	2259	504	1701	219	1849	1882	1198	1301	443	2105	789	385	655	3	1789	1979	2379	169	2181	770	1732	438	236
1030	1197	1997	659	2174	1654	1012	2063	1122	2287	699	2095	2576	823	2573	1281	1299	860	2086	2361	1179	235	1170	153	366	887	1080	1826	2083	844	2421	2489	1351	730	333	1017	797	1235	95	2051	761	142	1134	2226	1347	27	2493	1460	1747	1698
1113	907	1591	2542	1622	322	1266	1957	500	1608	1862	182	2377	909	1340	992	1497	1193	109	1954	2433	961	2367	2158	1891	1244	301	2037	25	300	1312	969	1234	77	2014	612	2242	1972	566	1702	390	2196	528	1024	1921	1481	1172	711	1468	107
2501	991	755	2578	2017	1430	1267	314	2087	59	242	1441	2387	1107	2060	102	2379	126	1837	2442	1246	1377	496	1876	489	2452	1274	1668	1928	591	183	2200	1103	1725	742	1843	981	2116	1943	2404	207	1561	416	513	2398	271	1518	202	372	920
2330	400	2570	2383	2610	187	2024	971	675	1935	750	853	432	2606	2599	629	1634	1848	906	1250	1763	1724	204	1651	1128	0	499	691	1045	288	2544	1062	424	139	1374	1357	181	448	1552	1215	2486	1536	898	2169	825	81	1858	1906	873	1419
512	1379	334	1611	1264	674	1823	198	1200	2272	1913	565	2064	1706	2537	1150	2545	812	1604	1582	2368	2178	1880	900	309	63	657	714	634	2195	1617	447	1917	2564	2197	409	2085	1631	2129	869	1814	1990	2007	1736	462	376	1184	1820	2331	840
1199	186	148	1114	2511	258	431	1566	2509	642	1760	2553	1627	1486	145	2033	2256	294	1731	2365	1247	793	2061	1796	1073	2520	1734	2341	1440	2454	654	1433	1123	239	2103	1607	2253	962	945	1896	1425	602	2589	872	2305	1309	420	2126	1375	1994
440	1381	1239	524	2105	154	1224	494	1135	923	890	2386	2397	601	68	816	1923	617	1797	552	583	2559	779	455	1126	770	1124	804	1177	1099	1606	1937	2540	1881	1870	2227	1023	2499	2011	2314	619	1700	2466	347	724	2023	722	897	818	921
351	2248	885	1462	2075	2259	1967	1733	106	1194	525	1847	1282	966	815	965	696	2455	913	2503	2267	492	1640	328	13	2053	1788	2412	901	1248	886	1708	570	516	1944	2392	573	2021	1557	1678	2417	1298	331	2249	2046	320	60	217	933	1236
316	152	658	137	1422	2098	2228	1260	1508	1701	1157	262	626	1714	1696	1995	556	2596	2582	1131	1885	1603	586	803	2430	1952	2234	278	1386	2041	2369	720	285	1783	1899	964	1565	1427	382	1454	2211	1485	2032	1331	1216	1521	439	2592	2380	2
2080	1160	1291	2495	847	1256	2001	2112	160	2396	1693	1211	282	1223	587	795	2479	2626	585	888	19	1509	1750	120	2620	685	2597	1775	1984	1079	1461	1300	1096	79	2130	2290	505	456	395	2028	362	2425	2296	518	1472	2090	1596	941	4	1758
1345	1985	1728	474	792	624	882	1554	582	845	404	458	1831	1142	558	581	170	473	34	1743	1711	2476	338	1580	2324	2580	228	895	837	1515	1652	218	1703	315	2326	1121	2307	1512	1563	832	2255	509	2301	1833	296	373	2069	357	2193	268
238	2191	514	332	280	1176	1055	737	535	1442	1740	1748	929	1768	1444	2575	712	2270	2547	1784	459	105	2508	1562	1195	169	686	546	1342	2549	715	1326	835	673	100	1975	1004	1815	2374	1132	912	2054	2229	1535	132	1670	1605	1942	1474	324
1821	9	1344	244	1839	2366	1830	2207	2437	379	193	2492	21	2561	1599	754	1416	1769	168	1501	2390	427	953	559	2168	697	2293	2513	189	1363	2436	410	1780	1805	1191	554	86	2434	503	266	1010	2038	1614	760	149	1241	374	1890	788	1689
729	2502	1482	2348	2297	1822	766	1834	2347	464	1411	146	1167	1778	718	780	1406	406	2025	2403	1393	344	497	2335	2590	252	2125	1922	264	2609	2097	949	813	7	38	2611	1569	321	1770	749	2517	2149	55	367	342	741	2159	744	1699	1436
880	1100	302	859	1434	1455	386	1573	1321	1469	1084	2574	2188	2077	1524	104	1069	539	2510	976	932	764	1798	644	1116	1304	2092	2245	1130	481	2408	1389	2617	940	185	1333	1687	1692	69	28	2376	2183	1971	199	1066	2621	2351	310	200	2074
23	2264	261	1925	1846	529	441	2413	1704	1341	2378	2243	1694	1243	184	1311	1044	2203	22	2371	1252	1139	537	1679	2584	90	1203	205	2035	2222	919	435	927	190	2506	1564	851	438	2572	2100	2117	736	970	2512	571	1619	403	385	1919	3
1633	2334	2333	1851	1514	1863	307	637	943	201	2465	49	1650	2110	1555	1956	2206	1914	2078	1111	325	576	293	1303	1031	2401	2120	778	1182	1767	782	2073	510	306	738	1306	1318	607	2594	1214	968	1268	710	2205	2257	1517	1108	2625	191	1593
1649	655	2613	1491	1382	709	2483	2263	2566	1027	959	1752	1615	2154	1776	1974	117	1939	967	1902	532	1647	1437	2081	1387	1909	1168	1324	2527	1470	1336	1538	1586	850	2406	1895	2308	640	596	1137	2164	417	1609	2288	988	680	1742	2472	164	1807
2567	1438	2364	2152	1934	938	250	852	2091	1014	2588	1841	1955	2048	1431	2316	751	2284	1924	2532	1864	955	2407	1041	1432	2346	159	1688	568	113	399	1477	1548	1684	504	1810	2604	451	2587	531	2394	1217	1777	1398	1792	1138	668	1691	2076	56
2519	116	1487	172	1174	1661	1966	719	984	1660	318	1930	31	660	2623	732	1369	1589	1819	46	67	894	875	2385	2101	1294	1051	1360	2156	2056	1729	2497	1048	682	1082	625	1643	989	926	2450	2445	1270	1988	1013	519	2546	96	734	112	477
1273	1646	748	18	677	2150	1933	2419	1222	1125	124	799	2500	1334	672	1277	1710	240	134	1423	979	375	155	2003	1417	1986	2039	1219	2475	2182	2458	468	1790	708	1527	1549	1795	2230	1720	1050	551	158	2151	2315	605	380	2355	1854	1140	1206
1490	2320	595	2409	2571	2533	1156	735	1112	1414	2443	1185	522	1352	1970	1746	1353	1873	2108	2192	1286	80	2461	2289	2498	577	2250	2414	896	1835	2522	1715	1077	1506	848	1207	980	275	311	108	2006	756	1428	2354	1117	914	2201	2317	2485	465
631	259	1507	281	2342	1658	774	1682	947	1401	1328	53	2467	1205	329	2139	1308	1275	1022	2399	1407	2244	1361	2146	253	521	1811	358	10	871	726	862	15	260	1500	1355	2478	1528	1322	561	1015	2057	1323	1180	541	884	767	2218	54	1367
2223	1576	1070	2388	1091	1601	1894	1959	1145	1719	1739	1801	1339	2477	231	1520	1452	277	389	2585	638	1280	1877	1598	1531	1410	2313	484	1251	526	1155	701	1737	1813	2286	1771	1600	1802	229	426	752	66	2352	167	479	89	1296	2357	757	2124
1578	805	1818	1358	1888	2427	833	436	1233	208	2524	1188	255	467	790	973	2279	1405	1221	647	963	1764	538	828	2312	2133	1052	450	1242	2362	384	1171	667	810	434	1415	1288	1781	879	1492	649	2319	1978	807	1373	2526	413	1884	678	645
1546	928	50	129	1228	1927	2560	195	2391	806	2232	944	502	2579	1388	1620	82	1510	2328	1840	689	1787	1290	206	2262	2375	877	2340	2145	2310	2030	511	1630	2424	1435	251	1025	856	1028	1588	924	627	665	2148	1595	1272	2294	39	272	824
1459	408	1717	1310	276	1397	2384	1391	248	197	564	553	1857	221	226	899	1020	141	1040	1396	1667	2531	1738	1402	593	2370	1590	646	1006	1659	1961	1449	2363	669	776	2210	469	2246	2224	2538	173	75	33	814	946	1754	1153	579	698	2236
461	952	2278	2220	2157	1110	1829	220	1853	1730	2015	257	974	1392	1632	1271	2418	476	700	2462	2431	323	1610	958	1458	1187	1445	411	1368	2565	2554	727	1539	92	247	809	256	983	1947	557	598	2468	371	905	1287	156	1115	817	2113	2123
498	2166	1871	1516	478	2521	1488	2607	960	125	2049	1151	1666	771	211	2020	987	2161	2488	1855	1765	997	517	2415	1007	611	769	2135	2292	210	1932	688	1621	1424	2568	1429	2018	1371	1478	1093	1466	398	2260	466	1712	2381	449	2474	2138	30
78	58	1584	233	2107	1964	1809	2410	2282	2393	1359	1503	739	2337	2529	2453	2487	706	2562	1950	2254	407	444	2276	1450	1467	2136	1931	636	2459	1676	368	536	421	214	610	1872	2214	2269	1800	488	633	2036	1642	2438	352	693	1330	370	1479
639	1695	1735	789	319	584	57	2557	343	854	2449	1464	1766	590	1075	176	495	430	838	2598	985	1192	1683	1979	297	1753	1685	549	361	1143	1039	1315	881	2208	942	2181	2616	2428	110	1791	1412	1443	1671	1861	2176	460	2446	2555	1071	690
1856	597	123	1278	1866	588	614	1307	1680	44	830	24	1329	93	2121	151	2040	632	911	1120	1349	2605	2026	999	547	811	868	694	580	359	1456	2071	1879	1136	150	295	415	527	1782	1635	515	704	2027	523	2460	2118	723	40	2012	996
138	1541	397	378	716	1626	2277	1644	1495	243	1903	2186	493	1350	1496	1063	1451	1968	490	1261	1189	1749	1029	777	1677	609	707	2309	225	2496	2350	241	1394	2420	1951	2070	1542	616	878	1016	273	383	1686	16	20	1794	1867	131	2219	1088
442	1616	2261	2184	2440	360	405	1366	188	717	1655	935	1940	1338	867	555	1529	1335	2004	1362	1327	1949	369	1036	1893	1533	73	784	2185	1	819	1494	889	1483	2457	1579	1019	772	2170	2068	2122	1284	934	831	563	2372	1732	2332	2329	1905
653	1904	179	2525	292	1002	1317	1421	1900	2067	234	1761	874	1354	1623	1043	2175	902	1173	2543	1257	798	1249	2238	2359	2612	827	1878	1707	2275	621	470	2189	335	2619	939	2221	1034	663	1908	2382	1196	74	1383	2062	2444	215	2000	1181	904
1669	656	2523	1575	990	731	17	1530	2194	567	326	2215	1220	2600	843	1190	1868	1255	2109	1803	2551	2119	1253	350	533	1916	2615	65	1656	1408	910	1673	866	180	1545	1283	1376	2010	1356	2593	377	1722	42	2045	1519	1056	1859	2172	1154	263
733	2395	364	401	428	1681	1105	2147	2165	94	1238	222	35	1279	2435	475	2480	998	2180	1102	1087	1938	1289	130	2225	801	1991	136	2321	1587	1502	891	209	1597	346	1613	775	2273	1399	1295	1213	550	446	1953	2102	274	1836	1297	2490	2473
2432	1230	2303	1005	1544	1094	679	725	2190	2128	1269	1420	391	2155	1453	128	2300	227	2266	1314	765	99	1227	2602	2198	1892	604	2239	839	1773	2065	1663	177	122	1550	76	950	2274	1672	948	423	1543	2299	1793	2358	1845	2402	2089	2291	740
759	1629	1594	773	2233	11	681	223	670	425	345	1558	1046	1147	2283	330	783	1166	2268	2411	2624	841	1372	1920	822	192	1409	1511	574	1018	829	1475	2550	1364	2591	2231	353	2306	2212	2581	1653	1201	1292	545	2482	628	2484	2491	2141	2539
1057	1061	1547	2204	2142	1119	600	1963	2167	2318	1741	1849	1144	2558	111	433	1089	1208	1513	635	2338	836	144	2217	1146	166	1713	2022	115	402	1901	692	1789	2132	951	1945	1231	1037	986	2258	666	664	337	2504	196	2106	1404	2131	1980	1992
1886	1293	1946	1263	327	1109	1860	1577	1403	1003	1889	2114	392	1426	354	2093	2304	356	746	1850	2066	45	445	834	118	915	2569	575	1779	1480	808	1505	1390	2043	1305	1164	506	1999	1697	2008	821	1875	1637	1074	1059	471	2541	2240	269	876
2536	1149	540	1285	1987	29	1727	1570	348	2439	2216	2349	135	1504	1534	930	48	606	2111	800	855	1718	2528	491	381	1996	70	1183	916	1316	1097	864	2514	1465	101	2280	2034	1413	1721	1726	2055	1624	453	1400	171	482	2345	1484	1026	2603
2456	1828	2009	443	1395	2163	1674	487	1158	2084	1385	1838	1065	1948	954	786	1882	1332	2005	1657	32	613	2595	341	2209	1078	2247	2373	2441	2044	163	728	1645	1457	14	1804	2416	245	2143	758	870	1806	2339	1141	2463	826	1163	340	1716	1618
1560	1086	1526	1976	1081	2199	721	41	133	2237	1076	157	2451	2423	1852	286	284	1929	1008	1762	791	2096	1348	1209	994	2298	2127	618	486	1553	1198	763	1665	1476	695	1912	388	1662	1887	127	1225	1499	1159	592	1825	1969	140	641	530	1745
317	745	1998	2325	414	1532	1982	1320	1981	1772	483	1118	578	224	1551	1756	2601	1523	396	1337	2202	1262	623	2552	589	1556	61	1258	1092	2016	661	1705	1936	1302	43	84	2179	2322	1473	2389	339	88	1812	71	387	1301	1817	1567	454	802
1641	648	794	6	893	2400	676	91	355	1384	1133	2059	1918	2627	8	304	684	1898	1042	2464	98	254	768	2344	64	303	1636	265	1537	2265	1993	203	1751	2448	1799	5	1759	1648	1625	2115	883	1915	2311	2295	1448	97	2426	2608	1973	1009
85	1639	865	560	1962	762	1001	1265	289	2285	422	857	1038	1068	2323	922	1463	1572	507	2563	26	1628	1709	2281	1581	2047	121	1824	2494	52	651	1612	2140	702	1178	212	705	37	230	1842	1067	785	2104	2160	1313	1085	114	2586	2173	161
1106	743	501	1447	1021	1571	1585	2099	394	687	1638	1212	863	2622	2535	1522	1210	703	936	977	232	1254	165	534	892	1090	1471	1011	463	620	457	1774	47	1958	1165	2153	298	1104	1832	796	993	1152	1786	174	1977	2137	147	1583	2013	1755
978	1941	2516	291	249	1319	51	1161	1370	1380	1675	542	615	437	2079	2252	643	336	213	846	1365	270	2471	143	842	2422	1883	2360	12	2082	363	1245	393	931	2052	452	1602	1525	312	849	1033	937	219	236	1101	2058	787	662	820	1148
1000	650	1204	62	594	2271	520	671	1827	1276	2429	2171	1064	1926	1098	1568	1493	2241	548	1202	1218	1844	480	1058	508	2356	1540	1897	178	1053	1690	1237	1032	1169	2481	1874	861	119	83	419	472	1060	2534	1346	2094	2336	1439	1054	2530	485
1785	2187	1418	2614	995	2353	2577	2144	1343	283	603	1162	2177	1186	622	1989	652	365	569	194	313	2583	1574	2251	2447	1129	1723	1226	1175	562	1498	237	917	858	1592	216	308	2050	1049	1095	608	429	412	1816	957	279	1744	175	1378	2518
956	2556	1960	747	1559	2505	290	572	2029	1325	299	1229	908	2072	683	544	1865	1035	103	1259	267	713	1072	975	36	1083	72	630	2343	2088	2213	1240	2515	2162	2019	1808	2405	972	903	753	1907	2507	1869	1047	246	287	2042	162	418	1983
2327	305	1489	543	1664	2469	2548	2235	2302	2134	87	1911	1446	1232	1757	1910	2031	918	1127	781	925	2618	2470	982	599	349	2002	1965	1732	668	1578	1003	1258	1519	225	542	105	848	8	2087	250	521	2041	1037	1050	1360	223	1292	1563	261
681	1486	1972	600	2425	104	1666	639	883	1712	922	450	1549	2063	2287	2134	246	1089	1978	2316	594	2567	889	1715	495	2484	2015	581	918	2305	1825	44	61	1402	2438	1133	2514	608	2617	901	334	1718	2236	1141	492	4	1570	1683	1737	688
1940	2286	2154	874	1324	116	2228	1659	268	1807	1317	1508	671	1834	466	1373	2446	477	2259	2614	2258	956	514	1759	2265	1879	2146	58	644	1267	2085	1997	163	1199	1697	1239	1375	2267	805	1607	815	1935	118	83	1714	797	1183	1733	1889	1458
2190	1958	460	1535	2284	1657	1439	1526	1005	1081	270	1306	2457	2206	1674	1613	906	1237	666	2602	1148	1067	737	2167	770	781	2517	721	1475	2301	2516	1586	2255	140	725	2130	172	1412	531	1688	49	1810	2062	2297	824	908	1574	132	123	2472
851	1654	2309	1304	2327	1803	457	1601	2058	1874	1018	1918	413	1704	1763	2560	1692	661	1740	1294	2526	776	144	2300	341	2455	741	563	2409	93	1298	1696	1838	434	1540	925	703	793	1131	965	1462	2014	1163	496	1531	1154	1856	894	812	1934
2002	2056	787	583	1361	1616	603	879	2607	1185	983	73	790	525	2218	2593	982	126	143	392	36	1435	1020	2521	498	2281	1608	119	2195	1379	1766	48	1245	1982	1351	121	1139	284	1032	1991	2400	861	2402	138	972	2551	1706	459	1568	2100
2011	57	2452	1786	1419	630	2612	1164	1168	1501	934	510	2383	877	1578	809	744	679	562	2506	1772	2035	1186	1196	1736	1780	2625	2076	964	636	23	2552	285	1952	1562	240	1342	1925	1604	308	819	2176	87	2582	250	326	1795	1970	1392	1206
993	1793	1144	1447	1222	1236	2283	1977	2576	1732	760	1026	282	2061	1376	546	2155	2137	2324	205	234	2262	2272	2118	516	2325	76	1323	2537	46	669	129	1308	2540	2054	105	109	1756	2419	301	1165	1864	1628	136	1090	986	2022	1072	2518	1748
215	743	1945	329	1070	698	1319	2375	545	1545	2177	1933	1638	1917	620	2422	428	269	1179	1391	757	1994	293	137	702	1675	2326	1690	1305	2184	2133	1503	2030	2621	1678	1968	2371	131	953	422	148	1794	179	2312	2282	683	2189	2546	1517	294
1990	890	826	2360	454	1928	483	2215	1289	2392	654	677	756	1093	632	987	1368	887	678	2304	769	40	1644	1669	339	762	910	78	1583	1460	2104	1651	227	801	0	579	1645	2618	2115	518	780	1533	1221	141	2596	907	2319	2449	2418	829
1150	375	310	1560	2605	410	2276	2539	1488	2031	2240	1037	1116	2174	607	2433	2191	354	1700	1469	1242	1969	2381	2143	1076	716	2322	1785	584	2198	1742	192	225	962	206	1053	309	1009	2386	957	2354	177	850	1	2223	2139	79	1585	2049	1445
482	2627	1539	1854	199	643	32	1441	1599	2561	1429	2465	1075	2293	2078	2543	236	197	1830	42	2170	325	609	417	56	1985	1498	2572	692	1778	112	1385	991	1356	1122	2005	784	1383	1672	2341	911	356	1892	1187	2437	468	557	1823	821	2122
618	1295	7	634	1326	1581	300	755	564	2586	96	1835	443	1134	1482	1875	1247	1947	1757	26	1573	2168	1658	1480	1459	905	1386	601	200	935	2128	1169	2141	89	602	924	2016	1013	659	628	463	626	60	1502	2389	873	764	1213	1784	932
1851	367	1801	2411	2026	931	1200	408	1547	2071	52	631	1881	100	283	1762	1160	576	549	672	1833	472	1477	1923	733	1400	2456	590	2233	263	598	512	778	697	621	825	1357	465	1463	173	1226	767	1743	1842	1519	508	411	1591	676	469
1413	1927	2225	1401	1594	876	771	854	2362	2417	328	322	855	2562	2158	427	1876	2471	1316	1119	1397	1120	1249	37	1010	1680	360	2416	2426	1686	1265	570	2288	1217	1633	1266	1627	2377	1827	2520	1314	749	2568	164	2117	485	2318	507	1047	397
1824	1966	2178	2547	305	416	2523	1722	1911	2573	1796	1347	478	1489	377	1924	1288	649	1100	489	111	1268	652	1388	2403	1811	892	2616	745	2094	1564	400	2535	1313	856	1453	2079	838	1699	1914	1322	319	2352	990	2335	258	1384	1377	13	1176
1497	484	145	1694	665	1609	1261	1664	1367	2604	1523	127	1358	92	1774	617	2159	794	950	2333	1663	2566	414	1450	2009	1068	479	1841	1538	1086	1995	2512	1624	1559	2569	547	1944	2224	369	53	623	1569	1382	2530	1218	915	1626	2542	346	646
1309	2241	783	289	612	807	1191	1449	65	2187	1571	912	1693	2046	1107	804	2570	2548	852	156	1074	1576	2396	114	533	82	2148	2571	244	2580	732	2235	1956	1955	1886	1600	1948	446	2574	1943	1782	1548	391	1580	1589	317	1315	59	2391	253
1448	2519	2448	1389	2443	2342	1039	1639	461	611	2129	1900	1882	1330	561	1451	1192	742	481	1514	307	1606	1194	1424	2453	1755	711	470	701	1689	1596	1873	1561	1252	210	1092	2163	1255	20	2010	288	2003	1845	2038	3	1057	2487	1999	2490	500
723	97	38	1104	1054	1215	1303	1953	2136	174	2435	614	16	1001	2361	1283	1850	316	1865	1363	1877	1015	1033	995	713	830	162	2414	565	974	388	383	324	853	550	398	347	1422	2611	1091	1595	1541	1423	304	1464	385	276	2336	847	361
195	1863	217	2013	103	1021	802	67	2126	2308	1143	2545	257	2610	2024	2291	1077	1280	1421	1878	273	451	1279	430	2376	2149	2550	1625	449	1405	857	1182	222	332	2252	2623	259	2330	1174	2160	2280	1931	1231	1557	1965	2077	2192	336	520	1808
1269	467	1378	2025	373	984	1240	2150	2257	2398	888	813	1818	827	1806	817	1960	589	2429	2445	2096	71	556	842	2027	782	505	1701	1857	25	1837	1603	2093	2536	2358	1014	1461	1473	1553	1008	1250	1843	1962	2510	1957	2222	1979	22	1468	1505
1735	870	1598	2367	1885	2103	1204	1731	896	72	1056	1220	1296	658	1662	860	738	2466	2052	2039	758	1234	147	1036	251	2153	85	456	1671	214	2462	2374	2239	833	183	532	2121	1409	2131	1355	1096	1277	750	1621	2231	75	1414	2454	189	1739
585	1007	2544	63	2444	1417	1703	2488	2175	1984	1789	1867	1861	772	1228	521	2534	405	380	2209	994	657	543	2363	338	146	1248	527	1815	1660	1173	415	1920	1719	221	2102	606	432	235	320	232	1556	149	691	1371	1963	1846	1125	999	1472
1365	730	1684	378	839	2260	895	592	992	274	231	2356	2328	979	272	171	1167	1411	204	766	1730	519	1114	2583	2172	2045	447	1044	90	2525	1426	2099	2307	2243	1254	2087	1622	959	2382	1478	1276	1787	1490	2098	372	1799	551	1474	1350	2348
1777	789	914	493	966	1981	1040	290	122	186	1986	2347	751	2538	2364	2340	264	1003	2599	1257	1521	2075	1661	2220	261	593	1393	102	423	1588	1190	1779	2107	260	2124	2513	1017	715	62	1702	169	1049	1219	2034	1577	1195	705	2067	1184	1135
1181	2020	799	515	1243	1724	886	2208	523	1137	2332	1720	1996	684	55	1975	69	1765	297	1587	1641	1433	353	1311	1374	548	1274	1708	2055	1634	1524	2205	534	2533	2595	2296	1066	2410	2007	708	150	2185	27	1883	1973	1307	1115	996	710	494
302	2337	2388	1629	1862	1041	439	437	2575	1444	2074	1685	2006	1771	1775	1998	1325	717	2	1551	1821	1352	2584	342	2029	51	960	154	599	2278	944	667	800	998	1829	2592	754	2264	1023	1097	327	54	2428	275	2598	1910	822	1425	108	91
29	759	537	1593	1816	2515	662	1727	834	1207	2483	1695	940	2249	848	774	832	954	2365	153	1709	1983	943	2083	1764	425	989	1123	1140	2502	1201	1894	1157	331	220	1172	2344	2289	559	1048	2503	2182	1726	1849	1025	1705	1045	1919	1813	2064
933	1349	1499	212	976	1904	1839	909	803	1752	610	295	811	24	2379	664	2171	828	1233	1126	1085	1804	10	690	1416	424	1916	418	33	806	130	1321	252	2415	1108	1064	486	2179	249	753	1552	64	1241	6	768	2145	673	41	2579	1630
695	1812	1528	1555	1847	1271	420	502	2450	1078	2482	412	651	1099	2116	2476	1300	1487	18	1016	899	1362	2494	2199	2207	366	1337	2473	1907	2594	86	387	2105	1492	245	1869	656	184	926	1936	330	506	2564	2270	340	2132	645	522	920	167
1617	739	1290	627	952	865	2202	1434	1921	2043	161	1060	265	2248	1855	45	1227	1455	1457	409	490	765	841	1333	2458	967	1926	1073	187	1992	2044	2563	124	2212	727	884	1507	2467	1758	735	970	1836	255	196	2385	535	1860	94	775	1272
2048	2050	916	2306	1109	1971	2423	1011	538	2577	1166	448	2113	616	1707	2021	2350	211	279	615	2298	238	1117	1110	1614	2114	981	540	1495	1790	402	1404	729	2156	1178	878	1369	1299	928	1264	348	511	670	453	1331	846	1062	1083	648	1112
2581	663	2279	1431	371	1716	1286	1817	1653	2394	229	142	1124	1848	2338	1946	201	1113	1354	180	1088	43	191	1895	399	314	2427	2384	2161	1912	1152	175	1814	1229	1905	77	2468	203	2303	1281	513	2622	213	2524	1826	1370	2226	779	1496	2271
1871	2434	1665	2028	1632	927	2370	396	1149	1542	2040	2387	859	763	1676	1082	1058	574	1903	1079	1563	1656	1246	1637	795	638	2373	303	2111	190	278	442	1646	1636	2219	1208	2477	1908	98	1667	1205	84	2203	2554	1158	1063	604	694	2505	1951
900	1339	867	1673	2032	50	2507	2597	2481	2310	2436	2440	2366	1098	752	1729	1175	613	2331	1898	1485	1481	488	2221	808	1456	1084	1159	1278	2522	1155	1751	379	1410	2294	2033	2290	2405	2368	712	1348	323	1106	640	693	1334	370	1565	110	475
880	2204	1212	1170	70	722	1530	1437	2407	286	2459	988	2237	2541	2295	544	2556	491	2060	35	1681	1989	893	2229	2504	1522	1027	1094	1711	553	837	1635	942	160	728	306	1080	2277	1470	2587	588	2019	1649	1038	2091	582	2492	157	343	1582
517	577	298	2390	2441	2491	1031	699	403	1002	376	499	1516	355	8	929	504	1567	362	2082	788	2069	1618	117	2120	647	785	436	937	1858	1880	1029	1340	748	2217	1866	503	1930	1913	115	2339	30	2162	1180	761	480	1103	1831	2080	351
2451	1273	1819	2346	939	1650	941	239	1341	1147	1197	1760	1682	1723	1465	1328	1230	106	386	1046	2317	635	951	1343	849	1753	14	2590	816	1418	660	2245	2059	624	2097	1372	2397	281	1171	1320	1004	866	1399	139	2037	216	555	2023	2246	680
2351	2269	1211	2125	1291	1006	2463	1493	241	1590	945	1754	2420	2173	1297	68	1773	897	1436	1387	843	840	578	80	311	349	431	2345	1132	31	1428	1687	1287	2230	393	2086	1491	580	1209	1381	818	1346	128	17	820	1853	872	2140	1776	1746
1127	2321	1967	2608	267	2073	2421	1440	1366	1312	2555	930	1769	1043	359	1642	226	2065	1615	462	1805	1890	1223	1518	1670	2401	11	357	596	1602	125	1259	977	178	2378	335	1987	637	1051	1798	1611	885	471	1329	2470	1335	2299	1030	2353	1193
685	539	2101	1783	382	2603	881	1941	798	2355	835	696	363	558	1216	1427	1713	1543	1302	961	1415	2041	2017	1118	2088	1976	1640	113	572	497	1394	406	1859	1767	291	2193	368	2489	2408	823	1061	1544	2532	2529	747	1285	541	1146	2380	2147
318	902	958	2460	1809	948	1161	2042	919	2194	704	2110	2181	1275	2242	595	650	1052	2464	2138	1244	724	904	2475	2588	2106	2070	401	248	1899	736	2585	435	973	1059	1235	333	1153	1156	587	746	208	1643	2092	1506	1566	1162	266	2496	1258
653	1749	151	1407	923	176	292	394	542	2051	1024	2395	381	19	15	2315	1891	706	188	237	529	1446	2169	2606	2123	2302	1318	1443	569	1828	2447	1537	2018	321	552	1510	39	1515	1988	560	2152	2197	358	1034	2549	814	262	1832	133	1256
404	135	2311	1203	707	277	1550	963	2180	1000	2201	586	1260	675	1691	1725	165	726	2609	395	2047	1050	1111	978	1065	1479	2157	1529	792	2359	709	464	566	2234	2478	1534	155	1128	1232	1301	1177	2000	1840	1546	858	2008	1442	1130	1019	686
2251	421	1939	1884	2274	1509	1964	985	352	2553	947	452	1961	1396	2268	429	365	2275	313	440	700	1655	674	233	642	1698	1270	9	1949	1937	247	344	1284	862	1745	1954	390	1797	2090	1145	350	1338	1398	2461	1532	625	845	622	1121	836
1980	202	181	968	2601	946	2527	2320	2313	1844	2263	831	1494	74	2431	619	95	1800	1721	844	374	2247	2531	1872	2314	458	1380	1768	1214	898	2119	641	2557	1597	2142	2349	2404	487	159	1781	158	1263	1584	12	2399	917	573	2493	980	868
1579	1770	1572	1822	2066	2266	938	1438	1432	668	1734	1950	575	1332	2528	2357	433	2135	444	605	271	1802	1744	1558	312	1467	1922	1959	1906	1620	193	1359	1504	882	152	1993	734	2511	101	1677	2250	1353	426	2413	969	254	975	1893	740	364
2432	198	185	218	2469	571	474	1915	2244	655	66	2196	1310	2486	1293	28	714	1974	5	1430	1476	773	438	2273	2479	2012	1253	2108	1761	1500	682	2509	1364	120	345	242	88	1612	2499	720	441	2393	2001	2285	536	1575	1902	567	629	1820
1336	875	473	2081	1554	1102	921	1105	1360	568	476	2200	47	591	791	2253	2095	1238	445	1929	182	1520	1870	1619	337	2412	1095	1852	2424	1408	1728	1071	1868	1791	1738	530	2254	194	1406	1282	2238	2261	2109	2127	2624	2329	455	2474	1129	1403
1513	2615	1888	777	501	1747	1887	864	1395	1210	280	1710	2480	287	526	228	509	1471	1511	1028	384	389	528	1717	2057	1224	687	1483	2600	2084	2430	1022	1042	1679	2323	1466	2334	2369	1942	1610	99	2164	2068	2216	2613	1741	315	731	2256	209
689	1938	633	1055	863	1525	2497	786	1592	34	1896	554	2213	955	2165	891	1390	2112	1198	2578	2591	1788	2626	2151	2498	296	1536	1262	2343	1225	2183	936	810	1897	1344	1909	223	2232	166	1035	1647	2558	903	81	2565	407	1631	2372	2439	2053
2485	1527	2089	1069	1101	1251	597	1151	243	256	2501	524	2166	1345	949	1901	2211	2292	2589	168	2144	2186	1292	913	1012	1792	219	2210	1189	299	1512	2406	1136	2508	2500	871	2188	1452	230	170	796	719	2004	869	1648	1188	1142	2442	1420	1652
2495	1327	207	2227	1138	2559	997	134	1605	1623	2036	1750	971	1932	2072	1087	1202	224	2619	1484	1454	2620	419	718	1668	2214	107	21	1560	2089	593	6	1783	2357	1390	1328	1341	1096	146	2092	1585	831	153	851	1383	2051	1000	951	1776	1963