2,0,0,1
1467	831	1534	1937	1425	632	115	153	1048	1730	1796	998	1564	299	1416	28	423	827	562	1622	345	452	371	1585	47	363	1798	928	808	1778	1944	1058	922	2139	2253	1947	1507	130	1831	794	930	2154	1776	815	2287	1094	2140	1983	829	1167
370	1195	1750	1265	1725	1290	97	1805	1297	1302	1951	2209	841	1449	2005	1808	1378	1349	861	1283	1565	1080	510	2277	1523	484	553	1307	1711	982	305	195	145	282	898	245	1379	1173	1875	96	616	1560	2050	1353	1114	970	811	637	199	1218
524	1688	1061	828	174	1163	1592	2185	2096	1303	1051	68	27	842	500	2269	56	948	1183	1671	1591	1594	1465	720	1263	945	1093	2167	621	152	2088	1377	1179	1308	1837	1298	2113	1356	1792	1533	264	48	1579	219	475	915	191	1583	2111	18
1276	168	1109	342	952	1845	1770	1741	270	1428	997	173	176	1288	695	984	1771	362	1668	845	1818	90	216	298	1902	5	1597	689	2072	20	1920	1033	454	1917	1216	1532	1382	364	840	1429	1563	1503	1754	110	839	1111	589	784	886	1393
2046	331	1861	2263	1570	604	449	1331	1706	1789	230	104	1844	228	1678	1644	787	1499	881	349	756	188	2223	588	579	1359	2120	2018	1957	17	1777	1082	427	1295	1782	163	222	134	1996	1175	520	2197	74	211	2021	1856	2251	1887	1975	317
365	684	428	1430	212	1572	855	194	203	329	1907	760	2199	1487	2084	892	577	1181	359	464	2079	2058	1025	966	281	2254	1329	1003	1537	248	2071	1540	744	1821	871	860	543	2180	1285	94	2089	742	181	949	11	108	4	614	2034	43
1908	1682	332	2256	717	883	573	1398	1531	158	1399	1065	2189	505	177	287	2270	2006	69	291	1855	603	1738	2241	1174	1511	1718	318	1155	876	750	729	361	2142	721	36	1679	202	2016	1343	1053	1284	1506	1157	1	1348	217	2238	1102	2070
1542	471	258	1576	778	35	731	1079	1150	1829	1935	818	372	37	2288	375	85	2297	781	774	1009	803	854	556	1989	806	1964	1214	72	54	1408	67	613	980	1241	1243	1369	1901	142	2149	1046	507	1705	1813	1872	565	650	2207	1600	1667
1802	10	2217	1766	1715	315	953	2161	1959	1059	719	2101	1355	764	1599	2178	847	2064	1729	1357	1427	1122	1376	1833	1510	261	2216	1998	147	463	417	1719	1865	384	330	2204	1546	1333	539	1762	2228	955	1466	1588	567	1535	1544	1774	661	492
1793	708	1031	2012	404	1247	798	810	95	1927	1899	1062	669	1330	394	379	832	2004	1624	2153	1256	1471	120	1816	707	165	1234	2273	692	1162	1956	339	1328	625	899	426	381	1067	755	909	1145	2150	334	1680	1485	1117	1716	962	2289	996
1824	101	1442	1788	123	2218	495	820	638	964	1790	2122	701	1198	60	2099	895	2214	856	1139	233	1891	373	1663	537	1215	2040	1068	1385	929	1871	703	186	582	792	648	255	304	2285	1448	1322	24	31	608	857	679	1161	2037	470	437
344	557	907	1810	773	1235	64	963	813	2144	369	850	1737	348	1005	1364	1697	1760	29	143	307	87	1574	220	1380	1940	822	213	1763	685	2023	1551	335	1177	277	2239	367	775	2265	235	1172	576	609	1995	550	2201	1152	1915	872	691
696	823	643	1242	1445	1232	1434	941	1085	1629	1883	1955	2060	593	990	596	1254	663	218	1893	738	1761	1659	1484	1745	2015	1791	1877	2198	1076	2105	79	502	1426	1035	1933	1658	1786	242	1418	2068	1990	2168	512	1489	106	1365	2007	513	102
564	725	2229	1568	267	440	2294	1676	1967	1657	1704	1838	274	205	2123	244	961	2077	1002	533	704	1018	1472	1050	204	1136	732	1848	754	1112	916	2286	1795	326	788	833	612	2205	1675	1439	1881	697	660	1099	1979	1014	563	893	957	1437
1468	1185	225	1049	278	1911	131	1041	2195	1431	414	1835	6	1178	1611	863	973	1153	824	1000	1521	2190	529	337	544	491	435	1149	418	1767	2121	1962	2078	1876	920	1654	312	1143	2226	429	1209	1961	1347	1886	783	1277	1870	1836	1932	1040
125	256	891	112	2158	799	1358	2258	1115	1664	1268	1807	1723	126	906	2213	1781	1617	494	481	1689	942	1553	1843	34	739	273	779	601	301	897	1930	1946	1501	328	146	1606	599	1450	1541	1769	1305	1432	619	16	835	1965	666	1091	1452
896	280	1231	1464	1440	1665	761	1653	558	124	734	772	1438	1647	1991	618	1755	1516	1972	1110	1892	1749	821	1852	1055	1847	2136	678	1098	2171	1405	1253	746	767	1337	801	2222	1690	336	383	1593	2039	1801	1500	1700	493	2206	385	2027	1858
406	776	1674	243	992	715	1636	1496	869	458	1400	1559	1092	2106	924	819	450	366	566	874	398	133	2114	226	1939	2038	617	431	1126	2131	2278	1909	2268	1476	7	670	1470	518	1970	838	1060	730	1148	1026	1196	2283	705	1063	1753	1444
986	1903	735	392	1227	762	109	1934	171	1709	1394	403	981	795	1703	640	378	809	658	598	890	234	657	665	631	1313	1252	2137	1042	2211	1158	1931	531	2210	1519	633	1918	668	2132	1435	528	1637	880	816	1104	1586	1246	1077	555	1734
1746	2152	75	758	1923	946	179	870	1825	32	1269	904	1619	1868	837	1411	846	800	1088	45	1759	1151	190	1084	1436	1443	786	611	321	887	1338	769	1199	1182	196	1878	1628	1324	1217	2244	1346	308	1090	1137	693	2011	1461	1538	2247	879
73	1133	1191	1319	39	991	1632	1160	2188	180	71	662	2029	624	1144	1731	2134	1846	2062	1954	1186	1699	1999	1517	1257	1477	1249	413	118	2030	2095	1717	636	844	2100	303	175	571	882	2186	323	354	1421	1203	2073	1056	591	490	1582	1748
2174	1396	606	752	247	1814	2092	667	237	1166	1554	114	2051	1649	1950	2181	486	936	1610	1879	1226	1323	605	411	2133	2249	1156	1982	2057	474	33	2284	1515	1819	1081	421	1916	501	817	223	489	23	1423	1309	932	2231	1413	2262	951	1192
1206	1905	1022	900	718	700	2160	1497	935	615	1417	78	654	1441	2208	2225	121	1799	2295	483	1973	511	2151	51	1407	1768	2081	1890	1772	1274	2159	1669	319	2248	2155	1578	1757	995	325	1779	139	939	271	865	580	1943	1212	2087	866	447
2085	1924	805	1019	1525	467	1758	968	1589	2177	1350	445	387	1342	1787	559	3	2163	1602	1451	994	649	944	572	1646	2069	1128	1747	1980	1124	1722	2036	1189	1555	516	2059	532	561	1370	22	164	1604	1867	1882	1420	1733	151	514	461	313
172	1896	2094	229	1643	542	1641	1202	80	438	157	479	1642	1726	763	802	1488	1670	960	1928	722	1201	197	1656	1756	1797	1888	1695	341	324	482	1474	723	2235	397	965	1783	498	699	1742	300	30	276	358	1074	706	52	2041	441	1673
1064	1116	2074	1508	1044	1176	2003	749	2272	1620	41	1997	2017	1969	1131	1164	2215	999	1197	1208	1993	954	439	1075	425	894	1581	1557	224	2246	294	538	76	1859	1054	2124	977	2221	647	672	420	1830	1832	1803	122	496	525	2115	2187	1684
2191	546	1130	1304	1363	2172	2130	688	1108	1806	238	1129	374	1030	1812	2165	972	859	1469	789	419	1220	858	843	2035	442	2250	940	82	521	2202	976	2082	2260	1311	2219	1007	416	1321	1740	169	1016	1273	751	2261	1976	1549	919	290	1712
793	1509	240	1392	1012	2098	2067	2173	1840	590	1724	1528	1839	236	399	1119	284	1863	554	155	1083	1640	477	1708	1898	2090	2145	215	748	2179	979	140	1207	903	1402	1938	987	410	2075	302	253	249	1904	2026	2255	393	1655	958	88	1266
1987	736	910	989	782	1373	1752	250	99	1567	1820	2117	1906	1410	1078	1086	1034	1300	193	2125	1727	504	1739	1455	116	434	1857	443	1069	745	526	1625	1409	1351	206	53	2274	132	1401	1609	682	1491	1332	1219	873	1841	1008	683	2045	141
508	905	1015	1601	1561	1548	1171	1854	1630	908	57	285	1922	1221	884	1013	138	646	2056	812	1211	933	92	825	712	135	1707	1187	1631	1475	448	1744	1866	687	1822	1316	2019	2126	1764	2193	978	2266	1326	1200	1138	221	1453	386	1652	2141
1205	65	1558	1301	262	292	246	1616	2104	1627	1626	1029	12	797	137	711	597	675	1686	716	1404	2049	9	1456	1361	1493	408	1100	1259	1963	1272	1057	628	42	2184	1264	1864	2257	1743	1101	8	1010	1608	741	868	192	353	1885	2264	444
1800	1318	1986	1141	487	569	499	1245	49	622	1036	1255	2024	1945	1193	2103	548	585	2000	912	430	1335	545	259	807	530	2291	2010	170	702	252	911	1988	1850	602	652	1994	971	260	1275	322	867	1118	1571	635	473	629	351	709	931
1087	2108	83	1529	664	1317	2002	457	2025	357	254	161	1140	1238	2203	19	2107	485	263	185	167	1605	295	1566	1447	2093	584	549	1345	969	100	1910	592	1292	84	1184	519	456	1066	1146	2259	768	1794	578	547	1595	2267	1693	293	1639
2224	726	1339	1123	1614	2112	1623	804	1696	415	1261	535	1132	770	743	2014	988	766	1320	1710	1462	1352	1728	673	698	1873	2299	1190	1278	1524	1809	1775	1543	993	1165	1884	2175	913	183	517	1638	2243	834	878	983	1941	568	950	472	1971
1569	1662	639	1596	1403	1293	184	309	198	1826	1974	1694	1286	1736	1977	2061	1827	1556	1244	1296	1422	389	1912	814	159	1071	1633	2234	790	1457	166	1919	713	1981	681	2055	610	623	1936	2109	1375	1683	1925	1045	2169	1334	1480	536	791	594
1089	2157	1612	460	2128	2236	272	1815	200	311	1052	714	1188	581	1023	2118	1121	1479	937	1017	2298	1154	836	1661	402	1948	1391	1120	352	1513	2232	2212	1248	1327	943	1913	1687	1985	2043	1869	1486	2083	2237	1134	1751	21	1194	1368	1584	1096
1021	1415	1473	1239	1004	388	2164	1721	105	2097	1672	1590	91	1634	740	1414	771	626	2183	1367	1267	853	156	1341	1281	2001	967	466	1811	1562	1860	0	1223	1024	497	1395	86	1251	396	257	2166	849	1306	231	1260	1481	1645	462	422	128
2076	407	1028	1446	1262	607	296	2292	1494	1424	826	1914	1490	2230	2022	1942	1282	478	1001	2196	503	107	765	934	377	70	1105	1978	390	424	1213	1817	333	1677	1459	2127	728	1371	641	862	1894	2192	1142	1360	154	2240	600	2282	1483	2143
136	1512	50	864	1650	753	2054	1618	2135	241	757	1113	98	727	1504	2156	1702	451	1168	583	1107	2276	405	956	634	694	61	1170	1895	400	1685	162	1785	59	1011	306	1027	316	759	2091	2147	676	1354	1070	651	119	1698	210	509	1921
523	2116	266	570	540	129	279	1853	522	81	926	1460	888	14	469	178	2146	947	1314	620	2281	1849	1701	1550	1603	1598	111	677	1135	468	1315	1038	214	2227	327	160	476	2290	1482	26	2194	1577	1720	1874	2245	1635	182	1039	25	275
2293	2086	1992	901	737	1862	1666	1073	885	1463	38	848	2047	15	1784	586	2032	2148	382	465	343	1233	1336	2220	1573	66	1229	1518	338	2028	1804	1250	1889	1505	642	289	433	148	852	1502	1325	1966	686	227	724	149	1236	975	1125	2296
1823	1310	587	488	659	1433	1047	1386	113	1968	2271	265	1498	2280	320	1389	1691	2170	560	1897	2008	851	63	889	144	2242	58	2162	2	208	938	251	391	1299	1372	1735	541	959	1222	2065	1851	575	1280	1660	1383	187	207	1958	1312	927
269	2044	1514	288	1621	830	1536	297	1043	310	1291	918	644	189	710	1900	1271	2053	1587	1714	2129	925	1169	1495	1228	515	1384	1340	432	453	1230	127	1575	209	314	656	552	1929	2020	368	1225	902	1412	117	1294	2048	2252	1926	55	655
1127	455	595	875	1580	1458	2066	1210	350	1527	1952	46	674	1834	340	2031	645	436	2275	627	2200	1530	376	1006	1478	1732	1204	1545	2080	150	1287	777	103	347	551	1374	1037	1237	985	1147	877	1279	412	1607	346	680	1765	1953	917	1651
2033	459	1773	2013	1397	1072	1387	506	1613	2110	1106	923	355	446	534	380	1780	1984	201	1381	671	2176	1020	401	286	1522	268	2138	1258	1390	921	690	785	1103	1648	1362	1539	914	1960	747	232	1615	2233	1526	62	480	780	1547	1270	2182
360	1388	1842	1880	2119	2052	44	1492	796	1159	1454	1681	1419	1095	630	2063	1240	1692	395	2279	93	283	1828	89	1366	653	1406	409	13	77	1713	974	1224	574	2102	239	356	1552	40	1097	1032	2042	1949	1520	733	2009	1180	1344	527	1289
1109	1912	1214	2054	535	1309	2062	2277	907	2117	1167	1699	1873	46	826	344	969	1682	117	1183	2236	1087	1011	331	901	97	2020	695	1331	1758	2023	1712	2134	605	1259	133	1707	1720	1146	42	930	1161	349	2113	610	1007	737	788	389	126
873	1883	1216	294	884	1237	46	444	1203	1726	1954	585	714	1228	1682	1087	829	51	2236	66	741	1276	1197	473	1365	966	848	1606	1822	358	188	2205	2014	1395	2185	1875	424	1368	632	1860	145	1345	2138	778	509	465	1505	149	1176	1080
1145	841	670	910	1772	1447	170	183	165	1509	467	775	605	967	2253	2222	1627	1709	703	1015	909	1997	1820	872	1299	2167	596	1725	1125	1296	422	414	1133	1413	1733	1761	601	2190	1957	363	842	2091	1213	1729	1353	487	1297	1388	1561	1765
1221	1789	1643	64	63	903	1287	755	563	901	239	399	84	693	1599	611	316	1358	760	1408	2033	707	1239	2188	1292	1350	1148	2087	2232	2026	1103	455	1654	917	2228	416	1056	1123	2233	156	854	1928	1180	28	697	2137	673	1480	1842	667
1460	90	1436	506	1744	9	1363	1567	827	1475	874	995	1005	1208	1687	2021	203	1564	97	1544	1013	2198	1948	2073	765	330	100	1921	992	2079	382	972	322	2206	195	7	1755	139	1914	567	1886	1515	1446	318	965	793	1115	2103	501	452
413	1130	1746	783	1605	1986	2221	191	103	1246	542	122	1713	2290	2187	1032	1143	1147	390	2207	1142	1538	1550	288	362	2094	1481	1791	2288	1587	1981	429	154	896	446	2168	1322	1047	129	814	894	1610	863	265	1614	2082	1096	1569	353	938
961	1629	81	1764	1091	1315	463	1449	1031	2211	2182	1868	1683	928	115	1033	116	1867	1009	1372	1685	2109	960	577	2025	1808	1720	1108	106	1566	2213	144	13	544	1960	1896	1051	1166	1326	1665	1987	143	2102	1929	924	1118	470	713	325	1184
769	1335	867	1661	2163	1026	868	1552	1473	1922	33	502	1488	1674	1524	496	1892	217	701	1992	1059	1257	805	908	1658	691	2060	1624	163	478	1282	781	1186	1758	657	1294	1894	1375	1814	40	1304	1669	614	127	2051	1266	2084	1581	1204	1660
1179	976	1686	277	930	1958	1174	437	394	746	1951	880	1847	1444	374	1908	1963	1884	1943	975	537	2134	686	2088	1905	710	140	1803	2165	696	936	2169	893	276	24	1991	1985	208	1439	491	240	824	1053	1830	785	1497	104	970	1845	529
1727	1429	1415	133	1012	1039	2275	1517	1950	42	1252	1740	898	1469	692	2220	1317	58	1861	1057	1593	2077	1499	1230	996	1440	1545	1251	1386	885	461	1265	939	1694	2001	655	1869	378	2055	933	762	1880	989	1247	1723	1769	717	168	2234	2251
570	441	1970	1818	1531	94	955	1806	285	521	164	1202	1393	401	1513	791	341	1632	1938	381	2053	2259	558	1366	1224	690	2292	889	2261	1248	1971	1471	1902	1437	1141	575	796	1325	12	1128	1040	1706	357	2089	1019	1171	1850	238	2052	289
2229	636	851	1793	1188	1915	2217	263	626	931	2113	1637	1028	556	1138	1756	278	2039	1653	1795	2202	2121	1866	1205	380	135	1190	598	181	1676	610	2179	1074	1364	1422	1730	1607	34	1029	56	678	352	1579	1280	627	1233	1555	677	1745	514
1172	1290	1972	1656	1562	1185	27	1655	336	57	2081	1852	1870	1370	1618	1800	1073	92	2173	2241	2265	1332	1590	119	150	504	871	1825	1926	2273	674	1173	295	1107	1300	1260	1684	1268	520	1851	664	2049	1164	221	14	308	1955	642	1535	1452
2263	834	1238	1891	1306	1432	979	2124	952	722	257	953	560	1546	1412	1472	813	80	50	2216	279	1823	1149	2018	1075	1431	1254	2208	1159	268	1828	1044	2199	74	831	371	1941	541	1102	582	91	709	1759	1953	2191	595	254	246	207	370
342	511	1998	1312	483	1594	612	2150	2104	1391	838	213	2118	1054	921	1323	1430	1585	660	1106	1000	547	508	751	1485	37	1454	1453	1568	652	1855	1084	1944	1324	409	2267	477	2277	161	1716	2170	1165	1046	377	1920	2296	1390	171	2195	466
1721	449	196	415	117	526	2072	1122	1329	346	698	929	897	267	1619	272	727	803	1210	356	1416	757	980	716	638	1120	324	1982	2071	833	383	111	1625	397	527	566	926	43	1735	799	2239	1673	1691	1426	1435	2069	366	899	1787	1134
298	355	861	1042	431	1757	2224	5	998	1192	10	368	2152	1201	2067	78	2140	1451	1707	1211	1664	1112	2097	241	249	2013	944	855	1699	869	1670	1526	2112	1200	1565	705	957	994	3	1728	856	711	2068	1946	651	720	1191	1082	61	1109
198	968	1604	1359	1043	243	1542	1662	317	290	1401	469	2035	613	44	875	2106	1570	1548	1069	1858	876	1909	166	959	1646	1077	665	1493	2204	1897	1279	1336	1829	237	138	1291	1767	384	1036	735	1964	1702	574	1781	2114	2177	1518	1207	662
777	971	1433	99	934	180	273	1014	890	1588	810	459	1105	2111	1487	16	1882	2279	2238	1933	847	2180	22	1859	2030	2149	1841	1628	407	159	1798	1022	1209	15	182	2029	2166	912	1554	1864	2096	2258	533	962	59	1151	335	1736	2061	2164
412	1020	516	75	2250	2015	1956	314	802	1774	2193	2155	1278	816	204	1491	2126	1501	428	1974	815	743	1286	568	1258	2075	1633	1400	1553	1116	2286	185	935	1511	1976	29	946	902	1405	629	1219	118	1462	2078	1262	1616	1058	2201	1816	1801
1942	2293	565	2218	1476	790	1482	1805	531	675	1591	750	2144	922	438	2131	1821	1110	1904	31	1749	776	607	789	146	60	1318	231	1261	1154	832	1126	1912	792	4	1242	1635	1574	1136	2080	1302	708	309	1089	2095	1907	745	148	2133	404
1354	1295	1652	647	1067	1410	287	2037	36	1303	1347	1076	1918	927	283	621	1773	1443	1140	1131	1371	828	1271	2227	643	2044	540	2254	1966	1930	6	2120	1467	492	1352	1403	48	1751	1305	367	2175	538	1611	1968	1636	1750	1255	731	906	1840
113	1382	1790	2085	1477	201	52	618	1088	740	1962	1710	1008	1597	1175	1916	1486	981	882	2064	1775	296	2266	1872	1715	1072	1199	2023	1530	1539	1245	728	1311	2107	1589	486	1932	1492	1153	250	726	1068	704	1132	1533	89	1857	2043	616	2092
190	518	1466	2000	333	247	490	684	1227	1119	1834	2098	2235	2065	1090	1337	172	1474	454	571	561	887	1085	1560	623	20	1420	573	436	843	339	345	130	11	1078	733	779	2012	2244	557	1881	1117	729	187	1831	644	2256	1194	2194	197
1577	2255	1111	1181	253	1813	361	475	1298	26	1994	184	1600	822	2171	1689	1695	1779	679	2063	2128	1879	311	313	1990	587	1494	189	1776	1374	631	849	918	1381	1978	1537	593	1468	545	340	131	1428	174	1055	2156	402	124	17	1220	817
801	943	2009	706	109	236	1900	1520	2132	2209	2269	364	591	152	1999	1346	1114	1343	1017	112	685	653	973	1748	553	602	753	2298	1645	151	153	836	771	386	1212	2054	344	1837	1693	609	635	1698	2157	2	1936	1697	1450	1027	1572	1182
682	1101	637	539	2153	1927	2281	2002	2248	749	1573	1889	2280	430	186	242	2083	2027	772	695	229	639	784	738	205	954	1639	1018	1782	1584	592	1334	1338	850	1183	1989	70	1361	2274	1898	825	1308	1045	835	983	2189	2278	1738	141	1679
8	1523	2272	1601	1398	2176	2178	35	958	649	528	98	534	351	1240	1557	634	883	417	88	512	1387	349	2032	1649	588	387	1389	2116	1351	270	1506	2297	1063	1275	2245	525	1521	2145	134	82	432	2283	1378	1762	797	1878	1763	1093	464
1411	228	907	1583	914	1512	488	1724	786	1098	2117	108	656	1062	1739	1717	1170	812	1809	1402	1906	1887	676	259	1030	258	1910	389	1802	1876	369	905	420	1445	2183	498	2162	462	1650	1464	1540	1815	852	846	1001	2058	923	694	2034	1771
300	1977	1113	226	1849	2192	505	1708	1993	497	1341	1888	328	724	120	2230	2186	1160	474	725	892	597	445	650	1409	302	155	1328	1095	360	2022	2214	1812	2154	23	65	68	1714	2048	1024	681	659	687	274	160	1360	900	680	53	1121
919	603	513	916	666	669	1862	209	2129	1333	840	599	1272	798	1002	1863	1973	594	515	1380	291	280	110	1777	1427	1504	532	549	1890	2050	128	252	758	235	641	608	1742	668	748	372	768	495	860	193	1696	47	1984	1003	559	536
1529	1843	1307	1644	2130	395	162	1752	1668	1623	1010	2123	450	95	844	1582	886	2287	857	782	468	457	331	1760	1301	319	1549	2242	2247	2260	774	1690	248	1376	904	1218	266	2105	1178	453	293	1079	338	38	482	584	157	911	443	736
932	269	870	173	1949	1250	1217	2040	617	1514	251	1349	1222	620	988	606	1310	1434	794	1925	1129	552	398	359	1988	1263	439	730	734	947	576	199	688	2017	2005	1785	21	472	1155	1496	1419	562	2294	30	233	206	1394	1223	1811	2110
1856	1397	1236	348	1678	1313	2046	1025	260	2016	1967	2246	1369	940	702	1284	105	2295	493	1071	1507	2226	700	1052	1848	2184	1320	1081	244	1267	262	579	408	2139	281	1640	179	264	1603	1792	754	210	1780	1206	1438	275	1747	177	18	747
2101	550	2070	1259	1177	1703	1234	1423	1559	326	811	1783	2099	214	1854	761	2062	862	1034	1778	1061	1743	633	1677	55	1235	1023	622	400	1083	1558	433	1392	895	1406	126	640	987	321	628	1615	1065	1156	1734	648	1229	1152	479	1314	2024
427	2086	866	1442	72	1404	2008	1049	723	1489	1766	1983	920	2125	1270	1379	62	661	234	619	767	1871	1097	2141	1846	175	1528	2219	1996	320	1543	1563	663	67	306	2271	2174	471	2003	1470	1274	1225	950	683	2011	286	658	54	1965	1092
945	1901	1163	569	1465	125	96	307	1810	1741	1578	245	1373	376	763	85	1961	1167	715	546	1377	391	347	1598	121	2200	2045	1934	1681	1035	1547	1634	284	1484	864	1551	1041	1895	1348	2090	600	216	1273	147	423	1277	87	1663	327	480
1070	630	2093	123	102	937	1899	2147	2122	489	1309	1807	1519	530	192	458	913	442	456	752	1457	718	2243	255	77	1799	2057	1786	2127	73	1483	1327	1367	590	1903	915	1502	671	0	2268	1613	1595	555	1935	1718	978	1421	1510	1924	1532
1189	807	984	1168	218	202	1839	1241	830	393	2042	1086	499	1094	365	507	1919	410	1659	2036	1281	1441	2270	1048	1666	845	256	1195	1719	2143	2047	2076	2031	1617	1893	1127	1592	1975	83	1622	1137	1620	447	1642	1794	1399	1139	315	2212	1873
406	1289	1383	524	997	2276	1630	2115	766	999	1651	1249	1355	583	1819	2100	1641	1146	1838	232	510	2285	1704	418	101	672	1732	200	1099	858	1885	1608	821	770	1556	1340	1006	645	615	1269	334	1100	1461	485	2210	1865	1768	1516	1995	1541
1016	1833	2056	519	136	780	312	888	744	132	1647	460	963	481	1527	1424	795	891	1874	2136	742	2074	1144	1253	176	1536	2148	1244	739	1596	737	1193	1342	292	45	2237	2004	2181	1198	39	1705	1283	2223	1923	773	1626	1917	1455	543	1947
440	1226	879	388	1675	1575	1576	712	2135	503	448	215	1037	806	554	169	1135	403	1631	1796	1256	392	820	25	564	1508	1124	1700	925	337	1490	211	2038	1414	604	1770	425	2146	2252	1232	1243	732	1826	1011	2257	2264	1980	451	881	1231
535	1162	522	2282	1339	1979	517	261	1784	476	764	759	2119	948	2249	2059	396	1007	1288	985	86	1500	578	2160	421	964	107	142	818	167	354	839	2161	227	1344	1458	2006	1050	1638	1754	853	1648	2289	1	419	1827	1407	379	551	586
2108	1701	808	804	343	332	721	2151	1959	405	1021	220	1448	1571	305	990	1753	756	1931	1293	329	137	2299	859	1612	1264	809	2215	230	1384	79	589	624	719	1196	991	2172	1969	1503	1804	2196	2197	426	865	1158	986	1038	951	1066	1680
878	1586	548	819	434	1712	1939	1671	1425	225	1580	1945	1357	500	282	304	1877	1657	1169	1688	2203	1911	1940	2225	580	350	1215	411	484	158	1418	1672	1060	1498	303	222	1396	1157	32	1064	942	1722	1417	1214	2142	1817	646	1835	1534	1356
271	1150	1711	1525	76	1602	385	1321	654	800	1832	1824	1667	974	823	494	2041	1797	297	178	877	194	1937	837	993	625	71	1913	523	1285	435	41	1621	2010	2291	788	1731	581	1316	1463	212	1330	1161	1844	1952	1104	1362	2028	1456	2020
2007	1459	2262	310	2019	689	2159	1853	956	373	941	301	2066	969	1004	49	323	1187	787	1836	2240	69	982	1478	114	1737	826	93	572	1609	2231	19	699	1319	1522	2158	949	1479	977	299	1495	1331	224	1692	2284	223	1385	375	1788	219
255	2165	727	1061	669	2033	1778	605	639	780	1610	1995	689	1454	1224	1284	1043	626	1255	2283	1550	434	723	1895	1782	2050	2207	391	131	1379	2192	1944	1813	810	115	397	41	480	1150	2100	728	1115	1101	477	243	466	1617	1854	104	2180
714	1004	1935	1559	1562	639	1293	851	1152	1679	459	1136	2082	1710	2040	1665	2028	110	947	1682	549	704	362	810	1600	289	551	90	1172	1497	411	2037	537	1485	203	2194	862	140	1933	2123	1976	75	1181	208	1290	854	1954	1097	1364	2207
47	952	106	1033	43	134	853	1739	938	794	1289	2110	736	1660	1300	212	754	1951	1727	2146	157	607	1564	72	2168	2179	1631	970	1232	1031	1446	843	175	865	1726	1499	1608	2239	421	1249	218	1348	1112	979	1127	1518	409	1575	905	2265
1544	170	2234	306	610	55	1382	2189	722	2061	1073	413	701	2073	1869	968	1882	1451	1611	964	1428	1280	1561	953	734	485	2242	2050	1397	583	880	1113	1654	69	1799	488	1919	1005	1202	305	1325	2158	2274	1191	1907	922	2057	2200	99	1674
1881	2099	22	1614	128	1330	884	2284	576	346	1962	445	38	1827	479	907	848	748	1034	616	2195	668	1923	1708	602	1120	2263	1553	100	209	1148	2068	1212	83	387	64	589	400	407	928	765	707	455	327	2000	923	1966	1603	232	127
309	784	1758	557	1335	1676	930	2177	494	1385	94	1209	1858	1612	2193	1969	2067	1475	1714	2285	231	2199	79	1362	150	2208	351	250	857	2230	293	833	756	121	109	1787	1536	702	2130	210	2047	334	389	685	1957	1633	1928	1825	402	2041
426	625	1843	1699	230	724	1805	181	561	450	1606	743	1852	798	2294	1125	344	1570	1343	1788	777	1043	1626	87	46	2203	2053	1429	54	499	1193	1640	558	1886	215	1273	584	1503	406	908	1077	1812	1763	1322	1684	1336	278	936	336	1746
1245	1605	1576	886	2029	1430	2042	1088	1516	925	304	860	2198	1639	2279	2247	513	1958	1418	2125	605	632	1345	360	1408	2033	27	484	1104	592	1176	1292	2229	788	1686	229	243	749	1021	341	1557	373	759	1810	1165	1115	192	86	383	1668
568	1895	1948	1214	1404	481	943	1163	1507	2019	997	976	1054	1725	350	2078	1339	1194	1111	1931	458	1011	878	1574	1306	1742	2224	1027	1731	2052	650	2264	1584	255	176	721	942	1762	364	2161	1593	295	1299	532	1166	2058	1363	682	500	1824
1075	452	430	2071	1887	1103	2104	1647	951	651	1752	542	1934	1213	2232	1314	955	434	0	1688	297	1488	665	654	531	53	600	290	1456	1271	2180	1990	1145	2064	1265	1225	333	179	929	518	1872	1783	1180	206	244	1477	1655	2173	807	23
1351	2090	1234	330	1737	1506	1409	1164	441	2174	2128	1709	1936	1541	2043	1792	1628	448	608	1711	388	446	1525	1023	1701	1595	76	1347	2254	1790	1641	1730	1764	507	1398	528	1515	2017	678	1129	1283	1426	816	967	585	1049	2107	773	598	825
892	1673	2131	392	1142	1884	408	133	1501	103	1875	412	758	1591	588	2003	254	2210	1352	2217	656	7	2026	2261	1785	710	2299	1565	399	1079	1250	308	224	161	2079	1859	174	897	1889	1761	1279	2186	2114	1494	1035	314	1782	1037	1753	627
1233	1116	838	1433	1141	2298	1771	152	2004	1422	2126	1955	2185	742	552	273	1876	767	648	1594	277	1915	1087	1720	1558	1669	2098	514	1670	1454	1376	1076	1975	17	2151	2163	978	315	2164	310	1384	1317	1321	1251	1642	597	238	476	661	633
999	253	1675	1522	643	1861	2119	1729	12	1510	263	1018	2184	911	527	1286	1205	477	1598	1029	1050	2154	1020	578	626	102	580	1664	937	1735	914	2103	1703	1420	1177	414	944	1809	2148	1621	463	1803	404	653	2075	1685	677	1489	1926	1235
565	839	1530	1537	1261	906	2196	1548	1392	1620	2149	896	1998	546	280	645	1578	832	285	283	163	2159	1288	745	2290	1492	183	447	2228	1326	1030	1870	941	1161	762	422	288	2260	73	1285	900	1940	1624	799	1971	1124	1967	1627	835	596
396	540	1691	790	70	959	1899	1358	1188	1959	1698	1130	1705	1980	1017	1380	778	217	530	1657	294	1119	1635	670	195	1094	457	2060	522	948	973	116	1013	1328	2139	1601	1500	1932	361	1504	1741	418	663	358	487	1064	1065	1095	1873	753
1939	1750	2257	1458	1856	1643	1206	634	1804	1137	603	267	1450	124	2269	617	1246	251	2291	1272	1689	615	1509	1793	1431	1555	642	869	726	474	1800	164	2275	996	1842	384	2283	1818	56	700	2	440	667	1085	196	1019	2243	363	265	683
2023	1896	91	1978	1366	269	686	84	1811	1230	1155	575	449	2141	2137	1179	1453	1274	511	591	207	2267	148	510	1068	2076	1055	1014	1435	168	924	1211	374	646	1413	194	1242	2156	1057	1156	1529	636	918	856	191	1301	354	746	2077	287
1514	365	2150	1215	410	1706	679	1520	301	783	1457	890	1747	789	2237	1538	901	761	2065	187	1678	768	1147	1445	957	1917	1878	491	328	385	1264	723	539	322	1551	2276	1173	1444	1661	162	1080	766	1713	1044	318	1759	1757	1110	2101	1524
32	1623	2062	1207	1653	1580	2258	1973	1982	926	1449	1722	1888	988	1947	1400	553	740	910	1402	555	920	62	1010	1583	1719	731	813	975	861	716	811	241	178	1204	1331	68	1416	1469	715	1260	2188	1902	61	2121	1415	1636	1677	977	1355
1106	1000	562	1543	2109	1102	200	611	504	395	775	2032	1221	664	638	874	420	257	307	1566	226	2116	403	339	1630	2027	893	986	1736	1236	2223	1003	1943	2248	394	2124	883	1240	619	919	601	582	2178	1438	720	1956	808	815	1829	1734
579	138	984	1368	1263	451	185	2175	1854	1070	1897	1059	329	2016	1602	1645	337	1089	2288	699	2108	1944	725	1867	2256	932	1342	271	205	242	15	836	2002	1517	2143	594	1425	1227	1483	595	887	2115	1396	1081	915	169	1552	1182	1329	1847
987	1359	1988	1972	1346	689	44	1128	960	93	1434	1060	1904	1523	2018	1767	1241	1297	1356	1436	618	780	1617	876	2069	669	814	1607	1802	563	158	791	1571	781	343	268	829	2094	904	153	1715	621	338	326	204	2246	676	1337	2213	1121
962	1393	2012	391	1743	416	419	1490	688	706	1806	712	1946	1254	564	425	1316	548	1218	755	1072	666	1126	2272	182	1912	2171	958	803	2051	118	2140	1391	1151	1414	980	1472	1589	1138	2039	1196	95	123	1901	1195	429	1644	372	2287	1830
2133	1491	1437	472	1318	1323	2135	456	1198	4	1201	296	1231	353	355	826	1308	939	1084	1157	1313	1569	1797	630	593	1140	77	770	1748	1618	1257	1390	728	847	249	2036	98	2282	159	673	19	2096	427	1493	1577	691	1038	2120	1192	852
1511	1694	894	146	624	1370	1090	1276	462	2241	2022	830	501	1835	1190	1949	219	282	2266	1015	1389	2106	2024	2202	818	516	2262	1066	1219	503	312	1471	949	717	225	1114	1840	14	1093	1403	769	1479	1855	523	2122	1105	393	145	1277	1171
270	795	903	739	495	1432	1061	1745	1256	1216	1383	735	1659	1865	1749	1063	436	649	1133	1338	1776	1026	466	586	1108	378	1223	570	1579	1118	1502	1744	1421	1307	2249	331	1153	1281	2091	820	2021	2190	1718	2231	6	2181	1929	1609	1270	97
1831	1239	165	2252	1154	85	764	2293	1604	1047	302	382	2292	470	1480	1052	719	945	1755	1587	236	228	1823	1894	1860	1508	1284	782	1278	809	956	855	1527	1266	9	1950	1839	2160	1550	1913	33	216	1681	2015	1700	982	571	1367	377	898
122	1616	1826	1122	1712	713	274	613	1109	261	2059	827	2233	1478	1828	1006	155	1440	299	3	1650	240	1327	352	319	2271	1993	1916	1071	156	1540	1542	991	1372	652	620	969	902	1058	171	850	547	567	1822	2129	1646	1970	1002	2144	1349
844	398	1733	369	785	658	332	2085	45	1728	1885	2049	921	998	57	1588	1131	1849	51	1187	496	1779	737	581	1210	771	2063	1269	375	1596	2236	842	29	256	1268	28	464	1539	1169	2245	2170	1473	963	1459	439	37	837	1167	453	2132
1838	1801	831	25	741	879	245	1751	26	935	692	1629	931	1795	359	1419	1833	142	497	1663	1671	1723	2280	1815	1476	81	1984	1716	368	16	1807	1770	606	2289	1908	1996	1412	381	1613	303	1890	1704	490	1784	1754	1667	899	635	1622	126
1298	189	733	2155	2066	917	698	1361	39	2013	92	1979	2153	1410	913	2117	160	214	104	221	311	1333	806	1573	891	1965	574	1963	1528	66	1985	298	2080	819	1208	89	1662	1961	2081	386	1921	1808	1768	1925	1024	1619	2072	1813	74	286
173	655	796	1586	1217	1816	1197	802	2138	260	950	262	681	508	335	8	1259	793	757	475	1009	2172	1379	1158	993	521	2205	2006	1365	747	1837	132	1513	1672	909	1893	1028	1222	1016	2216	1991	590	1519	1170	2118	1092	198	538	1144	1832
1046	569	2162	965	1844	144	2134	1760	718	63	486	1879	284	2240	188	2255	1920	177	2273	1025	276	992	2169	599	151	2259	1526	1134	1464	1848	1717	823	1732	1756	1625	1900	1572	1997	711	101	1481	2142	1945	1465	1282	1841	1690	48	468	1484
1423	1184	2211	940	131	660	233	1394	1132	2100	2157	1099	1311	320	994	1941	135	1056	870	644	201	1143	779	1417	370	1765	36	248	2152	190	1968	1820	431	1554	1082	1773	80	640	460	805	849	1455	572	859	246	1371	1248	1977	1174	545
239	34	885	800	1296	2045	2097	888	1866	502	1353	834	202	313	2166	1877	1247	2238	340	1448	868	866	556	1707	1474	2225	473	1702	2212	520	139	1291	1924	1341	143	357	1777	1360	1175	1255	1906	1615	1563	1974	129	108	2220	2244	1375	136
2055	113	220	744	2165	1411	471	65	1083	119	2034	1656	1498	1427	435	1567	1310	1470	2297	1581	1001	2087	512	858	2145	1851	1892	2089	738	1243	1405	1315	291	544	147	729	517	872	954	1791	641	1927	1798	1845	1721	946	323	824	1334	1545
845	461	1769	2007	1168	105	934	1078	345	1786	1814	1930	2046	2187	1267	895	31	1149	130	841	927	1344	1226	2192	971	2221	1911	166	1853	559	1237	2092	2296	506	1443	1146	115	1512	1585	2005	1294	88	604	213	1632	211	2197	2038	59	1937
2218	397	1983	690	2113	524	1862	693	577	275	321	1610	1819	709	1496	519	2112	2191	1373	1789	1008	674	1369	266	1883	705	469	696	1350	1487	1305	405	1909	566	1693	367	822	695	1123	1560	1905	1340	498	1738	71	1680	881	882	1036	1817
1740	2009	1960	2227	1766	1532	1381	1200	1868	390	708	1203	1986	342	1244	172	1590	1354	534	2167	533	864	961	114	1406	1220	1320	1992	2201	614	259	193	1989	1183	1447	2253	554	684	493	697	2086	1304	1098	349	2251	727	437	2093	42	433
1439	1778	1319	417	316	125	916	199	1048	137	2214	763	2182	966	612	186	2084	60	2035	1139	52	1178	58	2176	1903	1312	428	587	1863	30	1407	1495	112	1486	117	573	1696	376	1482	1041	1850	912	2281	149	78	317	1794	703	2044	817
2088	1287	2014	2001	990	1994	629	622	2136	1466	1091	1007	2074	792	889	863	1952	1101	1874	1531	933	1964	1549	5	2295	2025	1864	2010	2030	560	2206	1772	687	324	981	2204	264	167	380	237	972	2222	2219	671	732	505	1424	1535	197	1463
1374	1568	786	1067	1	1441	1150	1039	1053	1395	11	1692	750	2095	444	1995	1505	1834	1401	821	154	983	694	489	1074	1922	366	443	13	1258	1303	1012	1918	281	2056	804	424	234	877	1032	2183	659	18	347	423	657	760	1275	2127	1302
1556	1953	797	356	1857	438	1697	247	525	1442	1388	985	1185	2102	1521	509	526	1846	1295	272	492	867	1695	1666	1649	223	1042	49	1638	1107	1045	1086	1658	1069	1914	1780	1460	1652	1781	1821	772	1891	40	1159	974	184	2020	1910	21	2008
2250	1683	2105	1022	1599	483	995	442	1228	875	873	529	541	774	1051	1796	1724	1040	989	2048	120	1135	1687	1836	1582	1117	550	222	401	1253	801	812	1462	1775	672	1199	776	1871	1100	846	2235	227	1399	1452	628	1938	2147	1467	1186	24
1597	235	415	730	478	1062	1942	1386	96	752	1238	465	1229	2054	2268	1461	1377	1898	1262	348	543	680	1547	1468	1162	2277	536	20	35	1651	1634	751	1224	252	1987	1309	2270	1648	2111	2226	1357	787	141	1637	41	180	1981	107	623	2209
432	379	609	647	325	2278	454	1999	2070	1160	1096	637	10	111	631	292	467	675	828	840	1387	1546	279	258	515	2031	1592	1533	482	82	371	50	1774	535	2286	1189	1378	67	300	2083	1534	1324	2215	1332	1252	480	1880	2011	662	871
1137	2202	2061	304	2119	934	742	385	44	1932	1628	2287	1483	1691	887	122	1528	624	1047	1974	237	526	771	996	1592	219	2025	113	99	453	1174	622	1527	673	664	979	2211	1594	1635	1748	1211	188	1563	1108	1867	1887	73	701	1324	1644
1165	783	416	1977	150	182	413	1605	1353	1872	157	921	1627	966	552	642	32	2098	145	2107	934	1974	1283	2264	1160	1299	1281	1315	1770	2211	73	615	218	827	391	1109	636	2092	1988	2146	2007	576	647	888	1111	1102	1514	1917	736	881
1078	2000	1811	1588	2283	1467	644	390	1924	991	1586	1092	2053	744	927	2016	1287	1202	1434	315	1685	536	1002	657	1790	2279	553	545	219	1105	596	555	1733	1318	1813	1117	2263	1740	33	787	665	1757	1048	890	1450	131	267	746	1337	695
1147	712	2238	262	759	130	630	1155	1922	833	571	1892	2189	1152	1158	1372	2255	53	1656	1741	1880	290	2161	1856	1603	851	1998	1679	107	685	867	1066	202	1657	452	31	2240	256	165	400	504	1984	1914	1382	1263	728	345	886	2118	2258
2216	1626	340	1867	558	605	2074	580	817	113	1131	2266	840	754	23	1444	1937	1184	1143	1531	972	544	255	895	1018	2280	451	363	215	2200	1381	1933	1943	1395	567	508	1961	2190	1772	1108	80	1550	1258	158	1624	1426	575	1726	547	39
768	1796	1415	1904	1503	206	2028	1891	2031	912	1035	1834	519	1955	1233	906	1634	803	283	1050	211	1577	1042	435	54	1648	2234	548	909	822	1564	1099	2019	152	1400	1387	1568	1548	794	1495	1658	1758	514	2099	1371	1407	1822	1996	1466	894
945	1038	123	648	432	1910	1539	1473	882	853	1435	1144	812	626	132	872	1324	456	1934	42	660	2256	1675	1174	1153	1146	1376	1288	213	1479	303	1905	900	21	526	47	898	755	679	1557	1373	865	952	353	1690	1654	1876	108	874	2187
2271	2228	2183	1013	1065	762	2017	1628	1423	1396	1410	1484	717	1567	802	51	713	1839	1268	356	2144	1665	495	700	1755	1296	2296	1367	601	389	317	667	1481	1329	1778	1608	1615	1225	981	791	185	78	780	696	1930	488	690	1354	2248	1462
518	1007	82	2027	975	785	1183	25	1044	1609	2166	1471	268	478	1927	2192	761	122	635	689	1668	2292	1425	2185	217	2252	738	1575	1448	1923	61	1871	2221	1277	1339	203	864	1704	1767	1569	276	1967	318	261	1061	2091	2040	1541	917	1936
1334	1590	243	1966	1026	646	1214	1460	2076	2021	592	810	1054	1699	766	1676	1784	1252	2142	2129	1074	875	843	509	458	1700	1847	2179	1498	1151	1159	358	2094	1623	1399	1669	1204	1825	992	1389	819	1582	26	589	288	643	996	402	987	1653
1882	70	1393	407	1724	599	1427	2162	793	275	573	786	1537	1826	1831	379	1507	749	582	1522	361	734	2291	111	984	1487	1786	405	2284	448	237	1614	834	1433	925	1968	60	227	199	153	949	1402	1712	1081	2067	1060	1486	493	1308	1185
1845	427	1979	401	918	1167	1104	669	1731	2114	1781	805	1915	52	1056	305	701	1684	1446	2137	367	618	1124	808	2157	986	1177	2063	2112	820	271	1559	735	1789	433	845	2274	1370	1273	2205	839	1819	30	1488	1774	2002	387	999	1643	370
1499	1947	1720	208	1140	916	1401	1513	2297	1832	2150	324	240	1010	93	745	645	2180	2289	1592	247	2042	1893	1939	591	885	748	1587	1610	498	328	1814	958	1392	1994	2195	134	1632	2169	43	81	1077	320	179	2201	1618	1739	286	1260	336
1164	1142	1821	1383	718	1869	2294	13	889	2012	14	2075	2227	1596	2085	301	253	341	880	481	613	144	857	980	1938	1960	386	1970	858	48	760	1545	1997	1500	2176	311	1912	176	138	1713	549	1408	756	1885	664	777	36	1300	68	1794
2130	1352	602	1903	374	1180	774	1697	1355	719	1547	1265	1946	1810	1571	66	1999	2104	1101	1516	1578	411	163	1763	1330	837	1388	1464	1226	2124	396	2193	781	295	1475	1250	568	586	1168	1877	229	941	1240	471	1082	1565	1135	1279	2025	160
1161	2199	368	351	231	1350	1957	470	279	1255	2295	297	1637	90	551	166	1558	1075	326	2080	97	422	1455	1093	1718	453	973	706	1307	2197	1228	1706	2043	1086	2278	983	2145	1975	1215	535	1232	1730	1130	162	1601	1899	1621	1536	2041	473
957	2127	729	1538	1485	442	1380	1156	428	1599	924	727	1306	1341	1695	1674	1820	1218	2272	1849	937	1760	381	1591	1047	373	492	849	1552	388	2108	2072	2116	2149	212	1070	201	866	281	584	2143	424	1212	2270	960	666	1844	1342	8	2267
609	1613	1004	1259	372	293	1390	852	2235	751	1921	242	1561	965	1080	258	187	608	1761	598	2223	1009	835	1322	2286	2260	1365	1301	1095	1906	2020	159	198	1875	871	529	1941	1965	691	2010	20	1149	116	46	2035	377	2110	2087	463	460
611	1570	1644	477	2247	1303	1511	1419	299	720	1190	238	2215	1678	1641	50	421	2004	2163	659	1248	88	2055	2298	1622	708	521	62	139	2261	1162	1000	2059	287	502	2052	1580	770	304	581	1870	269	1193	702	1737	1769	1808	1787	556	1098
1693	1430	2102	1087	225	1729	1029	76	1440	4	1719	1703	2285	1200	798	2060	12	824	40	445	497	1420	226	1631	1607	1817	241	1188	838	1478	75	976	327	482	1698	915	1606	1830	1671	423	726	656	1949	2178	1017	110	2011	2293	577	750
677	1635	863	357	2152	946	546	1881	764	523	325	1238	49	869	2045	1359	1987	1461	1629	1059	2276	1620	248	562	2249	1589	1807	1524	2128	1824	1083	192	1710	2014	1650	1506	1492	1321	462	1340	484	1573	135	1057	1134	2115	141	2047	1076	1639
109	2133	1128	855	291	1472	2023	1398	778	610	151	2167	1221	2089	1745	272	503	483	1640	654	2030	594	210	2243	274	2049	137	5	954	1764	2213	1540	190	2204	209	1361	333	998	1292	724	384	807	399	1828	658	395	604	1235	344	964
1647	63	539	1447	1543	651	1752	414	1853	1683	603	2078	1868	1377	725	29	355	632	1456	1732	905	58	348	1203	779	792	1995	1560	688	1034	935	2241	1762	154	2226	672	522	1313	2236	420	1785	860	2026	1526	595	883	22	100	57	1889
178	2100	2165	979	1945	2141	862	1701	2250	408	1972	2046	1686	769	251	1264	232	447	170	9	1848	1363	1566	1585	1006	528	525	69	565	1901	1064	524	1115	956	2239	517	115	534	34	1253	1976	1091	6	1619	1583	1261	1510	1209	2044	801
2191	1449	1046	782	1317	188	1490	140	120	393	10	953	148	2159	1031	147	397	2134	1542	829	454	809	846	1744	978	1137	127	709	631	893	1783	1663	2202	1651	1270	1792	818	639	2288	1139	2265	2140	1616	359	1003	119	2164	234	891	676
1660	1959	673	1199	1320	653	741	1454	1251	1012	1474	947	1237	1416	1850	2244	772	1551	828	836	1738	1175	2269	2160	102	342	335	537	1505	515	1310	1442	2262	385	1285	1129	501	1604	1677	2188	682	2058	479	693	2206	350	1022	683	1368	339
496	950	920	969	278	559	2184	1711	520	2073	312	449	1708	1366	1172	1896	1032	1780	1088	640	1562	732	189	106	587	2022	37	380	1689	796	133	2103	1860	349	1920	1234	83	911	250	2175	169	431	1374	2151	1508	1900	1090	716	2231	440
1661	560	1749	1314	249	1535	1219	475	2006	1692	146	347	1110	233	1024	1385	538	1950	1036	1840	1327	1344	1563	1723	767	1015	112	45	114	622	740	392	733	1612	914	257	634	2198	1682	164	1217	901	1962	627	623	2068	1846	2009	455	1584
117	2268	1163	541	2015	1602	955	566	1242	2054	784	527	1438	944	1254	457	1138	1898	172	876	1357	907	1311	2093	943	873	415	550	27	723	1274	1049	1191	1071	2242	821	2173	1241	1895	436	1556	465	1518	85	1884	204	698	621	2083	2171
1027	1716	1278	1213	1664	2229	1529	1756	2246	731	1421	1256	1463	1229	362	1207	590	375	633	1216	84	896	2168	1043	1347	308	2177	1553	928	15	1201	94	606	2174	1759	263	2214	1948	41	1864	714	1097	156	19	474	721	932	330	1196	124
1282	629	1633	1335	1818	1073	753	310	2138	450	1549	507	1208	1439	44	2084	1483	264	971	823	1457	832	1186	1333	480	244	443	2097	2182	1525	844	897	403	1598	1496	1309	2245	183	125	788	923	382	1378	892	56	1304	616	1323	338	1236
1652	3	1428	59	2275	1696	967	1886	687	773	2218	1666	1326	1991	1112	1328	1861	103	1445	2207	2082	2024	861	1067	1788	625	1375	2194	1800	1189	607	1688	2282	1084	376	1360	1932	1432	72	1754	854	352	908	18	2158	1765	1305	1194	2253	913
360	638	186	1325	1192	1356	2222	1527	879	2105	1497	2066	1742	1993	1827	612	1491	11	826	1182	235	1855	65	1332	464	230	569	1023	354	1502	2237	775	1954	2217	561	55	1223	429	1411	674	24	513	650	1257	2106	542	1107	572	314	1971
1298	902	1705	1779	776	2277	540	2077	1170	637	1873	1272	294	1125	1667	1736	216	694	1021	697	466	1244	1040	1391	2120	904	1902	963	87	1709	1	1176	707	1119	752	1369	1672	292	1459	710	813	800	2037	1358	1431	2036	143	1178	1918	2126
96	1166	2001	936	763	1815	1863	1025	1122	1469	2233	868	790	222	1594	2251	970	574	1528	1443	1727	1597	1210	1362	2008	1126	1866	1230	2090	1079	1533	1655	1630	1136	167	1681	977	1452	1211	993	1751	989	1519	678	444	1694	1833	1336	1206	461
1919	1384	2172	2136	703	848	1897	1942	266	2153	323	1809	533	467	2212	254	1952	2061	933	2056	2254	1909	2210	1100	35	1775	99	1753	1746	1197	1734	1247	2135	296	859	0	1312	1028	903	1195	668	1051	1379	557	1515	1436	1114	994	968	142
2219	2062	1512	1011	101	842	79	1521	1482	1523	1150	1801	816	441	1271	617	168	239	1887	1725	1546	661	1169	1055	1319	1348	472	1517	1275	743	1030	343	1220	491	1476	1493	2273	1829	1154	2109	1504	1805	2281	2131	2125	1418	510	1157	2208	1297
1717	406	486	184	938	194	89	730	17	277	1544	1284	1052	1266	1062	1981	554	2148	1835	221	758	200	1879	419	655	1465	856	1798	418	1405	371	1908	1424	1799	1816	1857	74	1673	1397	997	620	1735	1403	366	77	742	789	2196	64	1412
884	2122	246	1267	1926	1289	641	494	1935	129	811	1141	804	985	2033	236	228	1773	1791	383	1797	649	180	2079	1806	1980	1883	680	2147	174	1670	1404	1276	1008	220	1414	171	624	1793	614	1958	1343	126	173	2070	765	298	1364	1198	365
196	1224	307	1293	1127	628	207	2209	531	699	962	2154	118	468	1662	1841	739	825	1854	332	1646	284	806	378	1721	1973	942	974	1782	1728	1944	675	92	850	2095	663	795	331	439	1094	394	1555	398	564	426	929	910	2299	1037	499
931	1691	1041	364	28	2224	2071	2101	1916	1222	1116	681	1878	2005	195	1953	300	1649	1458	476	2057	1001	1072	1576	1239	2086	245	1687	1931	369	2203	1096	662	670	260	2018	16	121	2048	919	2051	1982	2069	1058	990	2123	2186	1394	1246	692
1593	1470	1802	430	155	1123	1859	1145	1113	214	346	1579	1417	322	1743	285	1777	593	1468	1911	1986	511	282	715	2050	205	91	1617	1068	1925	2064	771	2259	1862	1836	1045	1771	438	1429	878	1748	600	1345	316	95	1501	2287	1702	1795	961
1295	309	959	841	1750	1249	1422	1205	2032	2088	105	412	711	2132	1680	1985	273	1990	814	434	1053	1574	2039	1768	797	2232	1187	104	2181	289	337	1520	1534	2139	1888	585	506	490	1290	410	1349	1069	583	306	1625	1477	1747	302	161	2113
224	489	2034	1843	98	404	686	177	2065	1406	940	1179	1611	1262	1016	1983	1532	1823	2117	1858	652	1480	1331	1581	1838	831	1132	757	1453	259	7	1120	1659	1803	1039	38	2290	1894	425	1530	1715	193	1572	815	2003	1346	1294	988	530	1351
1033	1956	704	1707	1231	67	1874	516	563	1089	1106	737	2	1804	86	197	1386	1227	321	1302	2170	1103	588	319	2038	459	1014	329	1509	543	1989	1409	2013	417	265	175	722	1413	1969	1019	619	1890	1554	1595	579	270	2225	149	1865	1842
1837	1063	1812	2156	71	578	313	1766	948	1171	2119	1636	469	1600	747	1451	1645	1286	2096	1269	191	280	485	1181	2081	1005	2111	2029	1121	1280	1963	597	799	2230	870	1291	1776	1642	1441	1852	1913	1489	1964	671	1133	1118	1245	1714	181	500
1907	1437	887	995	532	982	223	2220	877	128	930	570	136	1929	1940	1722	705	1085	1638	252	899	1316	951	1173	684	847	1020	1243	1851	1992	1148	1928	2257	1951	334	2121	512	1978	922	1338	437	1494	446	939	409	2155	487	926	830	505
2280	532	1486	1163	1851	1413	67	1566	201	1711	1488	1285	890	730	885	1025	2082	1559	1997	1905	1360	1626	66	1928	159	633	903	1600	1805	764	790	2176	1923	919	1717	2204	2023	106	1203	1174	216	1369	877	2220	918	2193	1358	554	1683	434
1773	347	145	1141	1420	1924	1448	324	1959	108	1984	230	1628	1180	1481	1290	744	469	501	22	1395	1356	1571	535	723	1355	1634	573	677	779	1230	1580	1036	1734	1539	1808	1288	1004	1324	2256	1006	994	210	546	1505	1722	1776	836	1583	101
1534	520	1939	1897	1988	1066	78	1325	2274	630	428	2014	245	34	1428	77	401	852	24	50	1282	1129	363	1001	349	2266	1624	760	1896	92	2096	1759	1133	1000	2021	1309	155	608	1735	1990	753	1064	1821	1919	1351	1391	1166	1360	1639	440
2223	485	1352	1754	1732	1991	1463	2061	2150	1588	509	1790	312	2099	1763	1702	1553	713	651	35	1817	1367	205	1278	1382	1799	1460	1604	2101	1590	1913	297	195	1265	1662	1254	815	1623	1499	1223	1779	1970	1795	638	944	837	1039	1642	1093	1101
2233	339	734	895	2126	1022	1319	408	1510	1132	768	1087	2236	697	1514	1914	460	1942	1837	1537	1868	465	1609	1879	1373	826	1728	100	2162	1390	1149	409	1908	2171	1664	1421	147	559	1201	801	530	388	1202	2297	1769	122	1462	1658	763	1863
1521	950	393	213	304	2212	938	954	1358	2202	2105	1893	1339	1323	839	1946	2045	1591	1928	2152	757	1872	2010	175	2087	394	627	1974	1899	1257	71	16	1211	11	1708	1085	1873	1793	1336	524	1649	2288	2219	936	143	827	1601	1459	2108	592
2169	1027	1871	505	724	1044	1277	336	1484	2030	2059	616	299	2224	1874	2281	433	2128	224	552	2	455	422	1551	221	159	1179	2147	590	2290	663	574	1452	170	2222	2029	2191	1930	1268	259	762	527	451	1109	1962	491	701	1542	2027	584
1469	1266	2093	935	1701	375	80	746	1703	2025	2131	1007	735	351	2146	2277	130	1986	2243	2015	2278	1051	1156	1565	1833	443	1814	209	983	263	1651	1239	1461	1397	966	883	578	1610	2000	275	1953	281	906	1712	1123	1357	1690	466	772	311
2094	146	771	784	1768	1815	960	1475	1663	1794	7	1284	975	1643	2179	1629	1891	296	712	2292	558	2269	207	587	2209	2293	959	1864	1655	640	1127	988	1458	848	434	1174	1455	1503	2001	257	953	1577	658	1748	1031	55	2172	74	832	957
1347	199	1074	1608	1853	633	946	2043	1844	191	2176	696	1519	270	2279	1656	459	917	2089	1506	196	115	1299	1626	1753	184	1792	1308	1094	576	2296	880	1804	899	1155	498	511	799	1199	1158	406	1715	407	411	1072	1168	463	1870	1068	748
1163	987	1291	2036	2143	1489	903	528	710	1547	619	1586	171	346	2210	1693	478	1556	1766	614	1296	1934	189	875	1232	471	1839	548	2114	1685	89	874	1603	508	359	1337	1995	680	1681	898	913	1668	489	1750	1500	1992	1059	2054	2051	1811
2119	593	858	1725	1589	2194	2007	268	1907	454	128	43	1131	775	695	1724	17	49	1026	1501	982	317	1476	1512	819	252	1477	2289	978	1378	1905	23	555	1859	1843	1315	639	94	321	504	2275	1009	967	915	2009	194	729	1920	804	2117
1389	294	1377	1767	1938	707	138	1909	1818	538	251	372	1392	679	1517	2138	685	473	1104	939	649	2066	1987	1884	1444	2125	1471	1080	513	2076	26	479	1943	1733	672	1427	2247	2206	223	1212	334	1597	136	977	402	1375	617	1921	681	1335
1771	761	1714	732	2127	1568	818	1331	1252	1889	1061	1847	557	1832	1220	1948	246	1057	2203	901	691	1048	1918	1187	2142	2231	1247	57	1532	91	2215	415	2181	306	515	698	1849	502	684	993	711	120	1440	1008	2064	518	1865	1090	264	441
937	1344	2110	1306	984	499	1803	166	770	585	1294	715	612	754	283	591	1197	1110	1033	854	20	1978	1807	82	1886	1555	1468	795	383	2062	1065	561	2295	622	1784	1775	1210	1806	1927	1669	1472	1869	1388	131	1998	751	467	1686	2264	602
853	1433	1721	90	1084	269	533	1241	12	1554	1047	1661	1342	1140	1671	389	884	326	1189	2024	1134	1764	1069	395	102	1531	354	1633	58	503	678	1755	838	289	1595	242	133	1816	788	931	307	2132	995	2207	1238	1659	2049	86	2032	1887
787	1314	403	1353	239	1322	865	1302	970	2255	1848	588	109	193	258	1981	635	69	1739	1343	200	1507	2155	59	1366	476	1465	1396	540	161	933	1042	481	1538	912	2218	1578	178	1160	1192	1350	119	84	426	494	1566	106	1819	1496	1596
1704	1014	40	1040	860	1957	1969	2257	477	202	759	1979	690	291	1972	156	1258	1190	1152	1692	1508	914	1076	1619	1719	1492	885	154	1621	2081	554	236	1456	951	867	174	1729	2050	2048	688	462	731	1245	1810	2084	1079	1760	47	802	2022
248	1741	570	905	335	1592	2038	738	2182	325	747	676	1341	1216	165	331	597	29	2208	1333	956	1474	1523	176	1956	2124	2177	847	2225	997	1425	1653	1615	273	1262	1050	445	897	1867	442	1172	226	1526	1443	580	1786	2161	418	1311	2216
10	370	61	2033	1073	81	2166	1765	2213	2115	2220	1688	1993	1438	1782	1450	249	142	2016	2098	1602	565	2211	2294	2186	777	892	2260	2250	636	930	1028	1243	1911	1318	702	456	301	1409	1780	1364	806	1415	643	879	871	2133	8	2201	1432
1269	834	986	669	1215	1710	618	2057	1098	568	2008	1695	650	2238	1017	1850	1744	1486	904	1524	794	629	2273	186	979	1393	384	803	1226	2189	68	2071	1231	487	1473	1654	1467	235	1497	28	1159	496	861	25	566	2060	1310	231	973	56
2141	1975	797	367	1320	947	1680	774	1824	536	169	1118	919	964	1550	1091	990	586	2026	598	233	1182	1612	547	1931	725	615	1718	1762	1003	1878	1802	1906	332	1743	1831	103	308	179	2002	1770	796	314	549	1752	2199	1994	1270	2280	1286
2137	810	1144	1758	2258	1587	1418	1785	821	1136	1632	1417	1745	1967	1822	789	918	2195	1121	1102	814	279	1563	902	2028	240	1103	118	470	1951	1546	285	1637	1977	1447	1436	1439	830	1012	2248	641	881	79	1964	1143	1862	1678	523	425	1404
2091	1898	1949	870	563	2041	2196	923	480	1449	2013	1285	2178	365	1757	2167	1829	2271	1736	891	769	816	1670	228	2079	829	148	2107	405	655	255	972	300	553	1973	1431	667	15	1548	63	1030	21	1365	1067	87	1045	1099	2170	286	564
2090	2239	1756	833	18	1576	689	1875	1126	385	2055	823	2230	486	1130	878	2285	1363	1691	1717	1483	1830	1567	1280	70	83	1549	1857	180	739	805	132	1885	2067	222	447	1488	1153	448	1645	1400	33	606	577	1751	673	265	2190	134	1657
1747	653	6	2106	371	1207	14	1749	1263	1021	386	786	907	1248	1107	1667	399	1605	2116	845	1935	439	958	526	2265	1293	1124	2227	1926	1206	342	204	162	745	1184	516	2157	1852	1827	1470	203	1836	1056	1825	1740	126	1689	125	1696	2154
1579	1295	272	1585	517	2140	1777	227	1915	963	474	1370	374	1997	67	992	1	1504	2254	1536	1113	1020	1960	1902	1638	1940	198	1495	104	2003	1540	1742	778	1707	1398	764	1933	1105	1625	1249	1828	840	1716	969	1233	1647	1593	642	1380	464
343	123	2136	1213	2053	2120	2197	1255	27	868	1511	1300	920	1618	1582	1552	825	323	1698	1502	1281	1139	2165	575	714	949	2109	1903	1598	112	545	1002	135	929	1114	1963	212	1430	1419	1980	149	1976	398	773	1453	943	1371	1416	1242	2153
1894	644	1487	1222	541	851	2180	1544	736	1876	187	1607	620	160	1498	877	1112	808	1060	60	1224	1985	1053	2267	2286	1402	645	211	1955	1176	2270	583	704	1119	1509	599	1203	1092	1289	1910	1292	1882	722	188	241	1244	1328	1983	980	1088
247	1372	1405	88	1558	1251	1183	705	1746	1437	1652	1673	1018	436	1298	0	1273	96	1181	1965	2228	2111	1054	793	2129	333	1146	955	813	153	1219	75	337	1052	1883	2174	896	889	2156	1617	157	2151	1464	1622	2075	484	1635	2102	1029	1307
706	1142	824	254	2039	800	1778	603	1569	780	1312	95	278	328	1812	2052	1083	1454	361	621	1846	1135	709	660	2252	2291	1570	4	1525	1194	2253	1256	1858	809	1855	2092	64	250	863	500	152	926	1221	1157	1063	1038	1111	2080	173	271
431	1880	910	495	2123	507	1676	1761	2095	1917	1809	2044	1923	1301	1169	665	1823	1334	1313	1527	624	1411	276	1904	2139	1330	2006	1480	782	1246	556	3	1877	1005	756	882	124	492	1346	2086	1482	1329	1989	687	604	1441	446	167	2163	758
392	1646	1077	1826	607	911	72	267	2040	1860	1100	344	183	989	1845	2235	378	1922	1796	185	2272	341	1457	429	379	716	737	519	733	1787	843	1925	262	1354	1188	31	290	1606	1227	1010	542	37	1274	790	420	728	1150	1950	32	1892
2246	117	2023	1529	742	727	1317	1528	1594	353	1229	2282	661	682	589	30	1173	1611	475	453	1630	846	1699	873	295	2077	39	450	1359	1522	1485	44	1177	208	461	1089	197	668	2031	497	572	1078	1117	1533	996	1394	2261	968	1401	424
1116	206	2069	1726	888	1348	562	256	2035	1541	582	1952	1138	857	48	2188	631	1797	1171	2068	1895	1516	1446	2168	1518	292	1666	625	1379	652	266	357	2018	1387	646	719	410	274	1024	656	1640	798	417	1399	1381	2299	850	1513	551	19
322	1581	1106	110	924	686	718	217	730	1687	534	327	1584	675	2037	1264	1283	313	1338	567	284	1520	427	1384	605	329	1614	1361	65	42	662	890	107	1062	1086	319	927	1041	316	1820	752	886	305	1445	1340	544	129	2070	1406	201
1218	856	531	2042	1011	1451	2004	387	974	1789	1043	999	1442	1407	2103	1912	2173	2183	1720	1996	2237	338	416	214	1178	1304	1600	1250	1128	390	525	1297	1856	1788	1854	1019	1730	1706	741	1235	1185	288	41	277	1237	1479	1305	844	613	1362
2088	909	182	490	282	2011	1429	1175	2263	766	776	2046	1267	45	634	1665	1791	141	380	1426	360	596	376	421	381	1075	1049	916	743	831	539	2287	151	921	261	1162	2056	1236	569	253	1944	73	1835	1035	521	287	1494	1493	38	610
700	965	1478	1259	529	1204	127	1196	510	369	51	991	482	1738	2078	976	1170	2217	1108	2122	835	1679	1888	1982	66	36	1840	1349	177	1097	1700	1901	114	2100	1434	225	1410	121	350	1999	1675	220	2200	1386	452	318	1727	1275	532	595
303	1937	158	2020	366	1772	2058	1711	1881	1800	2204	1225	1408	932	243	750	866	2283	1966	302	218	581	483	2158	1564	1287	1961	373	2251	887	1147	1326	740	1195	1535	1572	609	1046	1684	1209	1890	1813	340	811	962	362	99	894	2198	703
2145	2298	219	1945	1834	981	1705	1971	1613	2134	111	1515	382	244	864	1070	1631	637	922	404	699	368	2118	822	1958	1167	137	1374	928	720	98	150	940	2085	2034	1627	648	632	1781	1345	1228	144	1683	657	1279	216	438	2276	377	414
543	2187	116	765	1861	468	2104	229	2113	2112	820	457	872	2012	1145	1560	1916	1369	419	869	1545	1641	862	105	1650	2159	2259	594	2149	2144	345	908	1682	1575	934	1414	2226	1058	2234	168	1376	571	1037	352	348	52	2185	2205	841	2082
945	628	674	1115	2268	1016	807	948	13	1193	1327	293	1214	791	432	708	1424	749	849	1697	1929	1271	611	601	1321	430	925	726	237	998	1466	1217	1165	1561	1120	2083	512	400	2214	1636	9	192	1240	694	1599	2232	647	2074	396	1316
472	1559	1838	1234	600	2121	298	828	260	2065	1423	1385	2245	1674	1774	812	1842	1095	1805	1530	1205	859	2244	783	2249	1125	522	671	2160	941	1490	1200	985	1403	190	1801	842	1644	1783	444	537	1694	717	2063	1491	971	97	1191	1941	1186
1148	164	458	113	423	1947	62	437	2184	1713	330	961	1573	1276	1383	215	1954	1968	1660	2047	320	1096	817	1023	506	397	232	855	309	1025	2005	413	1032	1253	54	1137	1731	391	172	942	449	1260	579	2229	181	876	1798	1261	623	1851
1435	2240	1932	785	1413	900	1557	238	93	1272	76	1055	364	2072	721	670	1900	1709	488	163	85	1015	2192	1616	1368	893	2148	53	1154	1198	2284	1574	792	310	664	1866	1208	1151	1081	693	1672	1034	1723	560	1122	1677	767	626	315	781
2175	1412	493	1620	692	435	2242	5	683	2019	139	1303	755	1422	1164	46	2130	1332	2097	659	234	1936	1071	952	1161	1543	2241	2193	1648	412	356	358	280	514	1562	355	1737	2017	1013	140	654	2164	550	2073	1841	2221	2262	2135	666	1082
148	1747	856	1743	1830	1833	460	2101	41	783	366	1042	1875	2054	1862	1574	254	2119	2260	2105	684	2077	2220	2149	2133	1043	1021	491	1876	429	239	773	1176	1358	2047	2126	1638	528	822	869	1868	924	974	855	1442	1665	2173	1052	1230	2050
74	1084	1422	1851	936	1124	1756	271	1948	1486	344	538	597	305	1333	265	15	1788	1106	1687	1009	811	2295	1746	884	2221	1208	2268	1035	23	1953	1437	2127	1369	772	1772	646	567	1052	1370	1216	85	1976	1720	759	149	862	1311	364	1303
2155	1235	2110	1005	1735	662	155	2008	850	299	285	1536	1193	1405	1317	1181	2142	875	986	1667	19	1630	2234	1288	1139	1700	113	2175	710	57	1104	410	888	1212	1506	1702	1678	1226	1321	924	1119	433	1523	1538	309	969	1725	1737	2270	715
815	1764	1080	1051	1511	1327	742	2025	1867	1113	883	452	2140	1508	596	482	525	509	1094	615	620	880	184	245	24	1591	1326	51	1110	1931	569	1283	1429	1060	677	1136	55	2131	1234	460	2132	1454	1346	10	1202	131	1779	2044	1131	1199
915	40	1907	2023	207	151	653	394	360	1754	1730	1108	1986	1500	2029	1903	2258	864	1319	656	2071	175	279	1822	1959	524	1192	307	549	628	196	1865	104	1207	98	1842	1970	1685	1010	727	1036	383	75	2283	1025	1434	741	1639	851	125
845	18	1701	1545	547	2123	1526	663	2087	2260	2051	1982	1372	584	1724	1027	500	1482	1666	1978	2068	1820	223	1163	1860	164	37	1313	1949	46	467	1804	971	1618	102	498	1007	1002	1576	1632	158	1800	54	2238	739	1416	1248	446	1194	327
189	1821	1352	1130	1624	910	611	706	150	834	1923	133	641	181	193	1974	1237	841	944	853	1296	1032	1876	1848	1260	2120	2282	1033	1726	407	1471	1045	2057	404	1451	1940	311	1629	1961	1652	1314	1469	1623	1121	454	145	1790	586	837	1574
1928	2188	241	264	982	1105	1493	1014	733	1841	138	88	1781	1864	2074	199	2263	1836	534	2231	2054	300	2072	684	1470	1064	490	562	1802	701	190	1494	484	1501	329	752	430	1980	1605	992	2202	1480	2076	1690	770	1040	2177	606	1466	1583
1049	141	342	2122	432	1887	1595	295	1886	840	2037	92	1895	1844	399	898	1262	1390	2106	1398	751	1497	1936	522	1719	988	844	1884	1831	1757	518	1264	732	1298	792	438	1118	1972	699	1566	1229	2292	1213	1710	354	1435	400	119	990	469
2067	563	1315	553	2180	665	86	1871	2030	1306	1837	231	943	157	689	387	280	779	322	267	1617	2167	893	1393	1598	953	1681	1059	904	2244	1922	431	764	2139	1925	106	1596	1012	1489	1919	975	1211	1013	967	1593	1813	1984	493	1069	842
375	849	991	1357	1410	1151	1169	1024	1964	822	878	2099	515	2189	632	232	2261	1408	946	1715	1423	2100	3	1553	1644	1015	1039	56	705	256	1334	48	361	574	194	2138	1673	2219	2240	229	2272	2124	393	1828	891	542	1289	1150	303	627
2220	419	1755	1179	2107	1347	568	1103	1258	872	1183	760	89	203	989	1518	869	1091	1302	791	2213	1129	2005	690	286	675	1721	577	882	1664	480	1046	1902	1055	1368	2024	1619	1534	588	2200	2193	434	2047	2004	1599	519	610	313	1297	381
166	1674	1232	1417	1544	1404	421	1215	1164	703	1799	1688	1579	25	380	1892	2228	67	366	1231	1517	1993	2201	143	1912	1387	1067	809	1529	744	966	1835	163	382	831	2207	1512	1138	1505	2222	1426	1266	2253	1219	65	589	532	2015	1137	109
1693	2108	1550	668	708	1222	540	1339	660	334	1380	963	2089	512	135	2093	793	1107	1767	144	1349	724	1476	179	545	702	830	1316	1341	1089	714	198	1679	1742	418	1210	31	449	1615	1284	1943	2267	1428	1573	1421	1090	1243	2045	1966	942
1559	807	1115	359	823	1365	2084	1818	631	1385	1458	254	1707	1030	2003	1578	1744	673	1901	320	1364	1740	2210	1648	1709	1801	1557	2080	827	1276	1026	1829	435	83	201	35	134	860	907	719	981	720	816	2069	477	974	2254	2064	1933	1170
1891	1379	979	2086	1973	1481	691	1141	1075	1778	172	707	2250	1621	2232	2035	1941	935	506	358	1366	1728	618	442	1683	343	1047	1893	349	1516	2233	257	1443	783	2185	554	1897	571	422	747	2243	1947	258	243	153	1122	2033	1957	1535	1436
1304	1793	272	357	269	1397	80	2129	87	1608	2091	2027	220	1569	1102	556	1342	629	1101	268	911	879	619	745	1125	1126	1843	1238	773	1833	1859	2109	1401	234	2048	1677	640	1524	1474	262	1271	2241	377	2265	355	73	353	2073	363	1626
2159	735	1290	533	325	1043	1762	718	146	1004	996	1883	537	2113	492	1419	227	1806	1944	423	1433	1073	859	315	270	249	1001	1432	2183	544	801	1857	526	1654	414	1328	411	1812	957	602	1532	1543	1182	734	1259	881	1662	2173	28	906
473	813	341	505	100	1445	122	1244	1324	1077	2256	2249	901	828	197	228	1868	2252	326	1152	27	1135	2020	754	120	929	1631	2205	1098	1826	2018	148	50	47	1582	1789	2247	1425	2179	1856	2186	1269	645	594	543	1556	2007	210	1716	1257
1287	238	1509	140	1706	593	1323	2281	873	97	1604	740	1011	564	328	847	1062	2237	1412	780	548	977	749	1908	1330	1530	1053	1475	2196	2299	1698	39	66	920	2149	1140	1242	1816	1562	1916	1627	1488	968	776	2160	2125	314	1874	212	174
376	335	261	2145	598	748	1682	2288	2248	930	575	688	877	711	755	2118	123	833	1581	902	2191	2187	1760	2297	852	1934	994	1675	1023	1924	1377	171	253	1020	1217	2126	235	111	1383	1329	1467	274	2208	897	1680	472	1628	1241	612	13
1983	1331	581	696	1913	347	802	1542	1220	637	1612	757	483	1275	2278	1587	717	461	1514	1548	616	1977	1696	350	1650	1153	695	1336	275	1878	1154	1171	319	2017	1975	926	142	558	1430	1921	2215	239	987	1555	599	2082	1496	443	1601	573
1459	437	200	2190	736	1076	1452	1834	2291	1274	294	1910	2042	1881	2147	1478	2154	1732	1770	2257	302	1745	1942	1979	765	824	1070	1513	466	697	927	2206	682	768	183	352	1560	496	1649	2021	2276	1363	1356	1068	167	373	255	1409	1160	1251
1322	1775	346	1525	124	470	1	806	1037	1849	38	511	1692	976	914	909	96	474	2121	1866	485	964	1203	426	30	2192	1521	465	2012	494	1285	79	1786	2088	530	716	2095	103	583	1636	1041	635	1359	333	1602	1522	233	312	550	1956
4	984	1915	1646	2128	738	1549	825	1981	608	2194	2214	1899	821	2094	2290	917	1420	803	1415	1320	1078	2229	2150	1939	1249	491	1495	62	959	829	1362	965	713	1280	1092	1792	638	1750	230	84	1531	789	1227	1832	1588	1174	972	440	1749
624	805	61	1374	669	1061	1824	44	78	462	1858	601	503	1656	858	481	2056	2143	1932	2010	766	672	52	1641	2293	1909	417	1877	1882	1165	2204	33	781	2039	1904	1031	1998	2146	502	1022	192	694	273	296	1189	1733	698	445	323	582
1236	818	1830	1606	1946	1655	1147	105	756	389	973	1006	2269	1930	2002	1003	2137	947	2103	1373	555	1926	479	391	1402	448	1620	1381	378	1388	1965	1079	374	887	42	1172	129	14	1870	1042	1396	1739	159	661	170	590	686	2287	204	876
769	2224	2169	948	551	351	603	1464	895	952	1704	1085	788	1293	9	1492	2273	826	817	1338	1448	2026	297	531	456	1885	2070	248	681	954	1661	403	561	774	2197	464	758	1712	1413	401	1971	868	2043	1360	1937	960	330	219	130	1082
22	1300	746	1395	1995	185	1483	397	221	1457	429	1765	451	1099	1223	1499	922	912	1253	168	1344	81	336	913	2156	2009	1265	379	7	1773	1590	937	1392	2275	1823	6	1455	2058	252	112	1918	1074	1796	2178	900	1905	59	1221	372	1658
94	282	565	468	2136	932	1670	1571	1684	488	1337	126	2022	1109	1021	1819	737	2279	1375	1044	504	339	1054	408	614	413	1872	1224	1633	147	1198	2101	36	2264	680	1637	1803	1503	2230	216	763	72	1797	771	1487	2111	1142	2079	905	808
1400	1391	865	298	1252	1255	592	1146	2028	908	2036	318	804	1447	1900	1967	117	1963	1180	1184	2280	340	1353	648	2038	209	1854	441	605	53	1161	933	2059	607	634	1214	1575	1185	1945	1335	521	1247	863	2098	1815	951	114	116	1850	1917
1988	938	832	93	195	1586	728	1361	1768	848	2001	1563	324	289	1143	1889	108	903	2014	1551	1994	726	1332	785	1840	332	1711	2117	1111	1282	1087	1880	1504	1771	1479	857	1498	2144	1510	1951	1689	679	725	1200	176	127	308	156	1805	1780
385	1989	2158	517	2285	1785	1729	1607	613	1233	536	636	546	29	782	348	2277	650	2216	651	1777	625	2266	1384	1589	136	420	2031	1585	1230	1268	99	1723	617	487	160	958	560	1727	1987	1614	2172	2181	1890	457	835	2050	5	1343	1817
1406	1427	406	723	1477	1114	1191	2052	1625	208	345	999	2119	2245	1609	182	321	2063	1048	2259	940	293	60	925	251	292	291	1095	1784	2298	1294	1218	1838	1992	2289	535	1519	1281	962	671	137	2034	214	843	20	1263	980	861	1540	371
1962	787	1186	655	1875	1888	1201	1533	1403	649	395	2152	1056	527	1694	476	1869	497	367	1558	288	390	1969	667	1254	839	2081	2164	1016	2041	867	644	1594	1528	1782	654	101	1157	2102	2262	439	1708	1642	2217	1911	427	609	885	516	750
2284	306	95	2223	1491	2016	1034	1407	666	1861	870	894	76	1162	899	2075	923	1188	2097	450	513	1808	970	1647	2171	501	1985	2242	1747	2226	416	277	819	941	1225	664	1950	1312	162	1168	458	998	1572	1246	874	692	11	1117	1653	1167
1245	1485	1440	290	187	2225	1086	206	362	721	1093	652	1355	1713	1441	317	2019	283	1272	475	1029	2235	1638	2011	856	1286	2182	2116	2006	1776	1310	931	369	2090	1358	161	836	579	1196	1807	1461	218	1996	287	1752	678	34	1177	412	26
955	1600	1197	1132	1570	657	820	478	1561	1657	132	866	585	1906	919	1017	1279	63	1703	1616	453	1622	2112	687	854	2286	2195	1584	1791	1613	1028	1845	226	1718	1205	1935	118	559	1351	642	71	1714	12	1920	1731	775	1659	2176	777	1144
1446	1209	1873	165	1325	1195	799	260	1166	91	177	402	1539	1345	2134	674	889	1145	983	1968	2163	447	1787	45	978	570	572	1133	284	623	709	995	838	916	1411	1308	70	1299	213	1340	2040	2096	1438	2296	961	356	1187	1855	1038	731
1148	796	578	178	557	2092	1547	2294	1827	2211	1173	2053	956	121	1149	2077	1761	1206	1651	396	566	786	486	2199	528	316	647	82	1439	409	128	712	794	1645	2168	338	743	263	934	846	276	1350	523	595	795	2105	812	368	2153	1741
1127	1527	2055	1450	539	1691	1066	2198	1991	2227	154	1507	1176	1577	425	1853	1256	1277	1610	1879	1954	2157	225	797	1250	985	224	180	1640	633	1568	2066	1460	643	489	892	1431	1158	1862	278	169	1722	1705	1371	1846	301	730	520	365	2203
1449	424	240	217	1134	1697	242	0	1018	1155	2130	2046	259	1774	1463	1444	1592	1072	622	1537	310	250	704	415	659	77	191	398	2209	945	1065	621	64	1378	1699	1896	1580	1567	2165	1019	1546	508	886	2212	1668	2083	1665	997	1270	1603
499	1305	1554	1309	211	1399	1686	1541	939	529	1734	1847	384	444	2271	1348	1952	2085	814	69	753	304	1999	1564	1240	855	1295	1178	685	2065	639	1442	32	1273	1267	139	1634	729	17	1515	950	626	2151	790	16	186	1795	1898	2141	630
1083	1301	1382	2062	1736	1318	173	1783	2184	2218	1597	1520	1100	1462	1751	1825	1552	1123	1794	495	1635	331	2060	455	244	1671	386	1502	1927	2032	1128	658	798	1811	392	576	1753	49	1810	1081	1938	2013	2104	1863	778	693	222	1291	2162	1955
236	514	2166	896	784	1717	266	600	1389	1472	918	1307	1097	722	1814	928	1990	1190	767	676	21	1088	552	1929	1669	370	1418	1386	890	2170	683	2246	1611	587	2161	1484	115	436	2000	1261	1239	1758	1050	1204	541	463	810	1071	1763	1748
405	1354	237	1643	1894	388	1798	1159	2061	428	247	949	1367	580	1063	1000	188	1839	507	90	1376	700	337	1759	1175	1116	281	2255	591	1112	993	215	2174	1468	1058	1473	670	246	1660	2251	510	1769	1120	1958	1738	762	2236	2	1672	2115
1490	1456	1695	68	2135	1465	2049	8	459	1096	2078	921	1852	1424	2114	2133	1960	205	1156	41	1809	1766	2274	1743	1008	43	1278	1292	1394	604	471	110	761	1565	202	107	871	1914	2148	1228	1676	2239	58	1997	152	800	1414	1057	1663	1453
531	777	979	2233	734	57	573	188	1903	1785	1046	675	624	1711	1017	352	1649	988	892	1913	1754	713	613	1145	737	1469	1128	63	1515	1875	532	2287	241	125	1491	1319	2163	1996	2035	2280	765	1628	492	1709	2058	1832	2237	1746	1767	1769
1251	1927	405	1092	1033	810	510	884	350	433	137	1838	1130	624	1365	586	839	1581	515	1627	823	1896	1214	2053	784	1210	108	1404	678	967	2063	1168	1406	926	4	717	360	626	724	1295	85	40	2220	293	2129	1028	1432	927	36	960
2249	1806	1583	1796	1970	1431	19	2086	2100	1816	435	1064	2043	2212	937	2002	1108	1376	1717	741	920	1362	778	2104	629	1461	1460	1523	731	941	334	1991	1626	170	965	2039	1346	1043	1440	298	408	986	359	1947	639	213	282	1256	1885	1388
1175	1283	2159	895	1473	2084	615	400	1862	963	127	1912	1477	632	2213	1276	2151	1760	534	1846	1948	950	285	1074	1693	2018	1428	272	2005	1731	70	1732	2244	2103	1570	53	288	1831	2270	711	881	421	1941	665	2093	60	88	774	1900	512
2111	1261	2197	2121	1441	1571	153	222	1258	2231	1036	416	1277	210	191	1952	725	1265	987	1392	1532	446	1784	2259	247	676	2078	2054	2130	211	716	998	516	874	1438	591	2278	480	831	240	505	2178	2205	1803	1157	2062	686	1619	315	461
476	1898	2210	1529	71	2248	2122	954	698	1860	453	2109	1817	0	1059	33	181	590	1503	894	749	1342	266	494	1439	1996	1695	125	1125	311	1159	988	2187	693	2089	1792	46	2105	2296	680	142	1060	1669	392	1574	1975	34	65	1311	1737
1698	502	2124	482	1759	553	600	1866	79	1813	134	1921	923	611	1539	812	200	569	485	1103	2297	2148	1314	322	1495	1137	1535	1301	814	1541	846	1284	935	956	1620	1849	396	397	1110	95	1871	423	773	1470	1719	759	1352	563	1468	1242
2288	1232	1234	1762	183	41	1142	583	1601	1711	610	234	921	1236	160	38	118	1333	907	1140	27	872	2168	1174	576	666	1267	299	1274	1128	934	171	12	1794	2030	2158	657	1004	1260	69	1950	1458	1953	91	813	828	904	44	445	2076
641	957	1684	333	2199	685	1083	607	225	1485	1749	886	301	539	208	968	1879	1319	598	269	523	58	859	1245	1176	830	506	499	1289	1751	913	159	217	1012	93	974	1764	943	1164	1955	2195	1291	2224	1244	389	1672	1097	2232	1394	1464
992	1379	909	559	2234	1893	1107	279	161	1801	1197	168	925	238	2029	737	1177	1569	490	1584	659	1355	1019	901	1892	1393	548	796	1549	107	1249	303	551	1845	587	975	86	1235	922	549	430	109	1865	1129	944	2229	151	1073	829	2214
540	212	1906	906	554	1302	2200	840	1988	471	642	1990	769	1259	1104	455	2009	2237	302	2221	1493	1933	189	465	1773	460	1173	1931	177	1269	1614	2098	2137	1350	1042	606	175	73	274	871	284	487	1188	929	1247	432	593	2045	1624	1971
1005	670	426	691	767	1447	1847	188	2110	1030	1240	393	1451	2	1300	1198	361	344	1202	2252	1775	1588	1544	2146	1890	112	936	1250	726	1587	1007	1282	418	149	1868	1293	479	1511	646	1663	1603	1153	1979	1965	2141	2160	2284	2194	103	939
1833	1349	1401	989	1694	306	1161	1374	16	752	2144	1932	861	1913	1625	2165	1907	1825	2153	702	2140	527	256	407	1000	1426	809	1180	644	862	771	289	1763	201	1748	228	2060	649	674	1675	1412	2256	337	888	339	1887	1321	1027	307	1131
518	613	250	947	915	1615	431	24	2024	1917	354	1111	1469	401	254	1220	2169	341	1053	368	1318	721	1914	184	442	1065	969	1079	2156	1040	1466	2091	1163	1750	1699	1566	1789	1160	2000	2127	2263	2227	463	1552	257	1263	1939	317	709	706
2087	800	1874	2274	1622	2128	1500	1565	1294	565	136	1593	530	173	52	1366	2261	869	1654	2022	1226	1071	1225	1229	2219	138	1697	541	1427	17	1853	689	596	1324	484	294	2012	1446	2073	14	535	312	794	543	652	575	2186	560	2254	955
1008	2209	2071	1048	2058	280	1199	1827	373	1494	144	564	1788	1905	1325	8	826	187	1772	231	1186	1303	1444	1709	2142	1498	2088	1101	1317	193	241	1094	3	1610	1343	2272	120	452	441	775	873	852	2161	2201	1800	179	1367	2123	9	758
1995	1206	1370	1286	696	2035	1720	1923	1162	1721	1547	946	1345	1418	457	1075	1644	1127	492	621	638	1837	2162	1778	847	124	1072	2114	1713	1465	1791	1537	1852	1305	186	2239	1264	1223	816	11	2079	2228	570	459	1403	707	2172	1704	2208	1150
1492	1899	1938	1304	571	996	2116	1141	898	1857	2188	1963	756	90	148	1725	424	1369	1557	1712	739	1902	131	104	1855	310	1940	1769	1786	2056	214	2202	2051	287	1934	504	253	1781	182	858	807	1368	2222	1969	1554	2138	1616	1413	352	1568
842	268	1086	385	2126	1170	1702	229	1373	801	440	242	1051	2080	132	1486	158	1112	343	1190	2192	931	754	78	1655	1093	146	856	514	115	1123	2136	1502	1434	973	2149	330	2247	1882	2176	1155	439	258	1332	478	323	887	1006	47	1178
2264	483	1066	2010	1967	761	1399	1031	815	381	2065	899	997	938	1456	1986	6	2020	2038	1716	1169	2177	630	1618	374	893	437	1424	1605	1741	1609	1738	1476	42	1842	2218	1530	1015	2204	1551	595	1459	2241	1981	1641	1069	197	162	1534	661
669	1292	1942	1726	1437	867	1590	1037	1621	56	83	2173	300	1681	203	1960	903	537	1445	1895	2074	1531	1850	1667	1820	468	1592	1974	278	192	908	1254	1018	734	428	2113	1599	599	2286	824	802	863	1084	436	39	1521	2226	1513	1919	10
1889	372	1487	1910	2055	402	2285	1623	1973	928	1407	99	2132	1848	166	2211	1745	1076	25	1548	1450	1740	1909	1843	536	1982	434	1997	1058	1579	1597	1430	1636	1572	1629	1668	764	1682	216	1146	1467	1025	2258	765	172	755	820	1607	2268	720
1736	458	1987	1926	1657	1145	1840	277	2090	1055	2279	677	145	612	517	762	729	1189	425	1056	1216	263	2182	625	933	1453	798	114	690	577	399	1360	273	1070	1328	1077	2133	545	220	449	325	456	1024	1335	1935	2240	1312	497	1313	566
1405	246	567	1309	526	351	1703	1707	821	1779	558	715	976	507	1002	736	477	522	719	1035	386	1770	2180	1296	1023	1344	349	1417	1630	1475	619	49	1563	2082	825	1824	1533	1755	1080	275	1278	1381	356	1517	451	2046	1121	1754	1034	1851
892	35	618	1087	415	1872	1	1576	970	1047	1957	799	699	1152	1505	1088	1126	722	1193	379	1212	163	1474	1326	1949	2139	1011	61	1191	991	198	1658	1280	1839	804	347	1329	1382	190	1832	2052	805	916	977	1908	1195	1635	1805	2064	335
793	2125	357	68	1054	156	1664	1729	209	1243	890	592	910	2215	959	1081	2047	1207	748	836	1315	473	1561	223	2238	227	1213	48	1298	1435	2021	1096	2289	1241	2193	1085	958	29	340	1165	1633	1992	290	167	520	81	2250	1215	1348	233
808	1248	849	2101	338	1723	375	1578	1078	1026	2243	2266	23	1270	2050	2171	194	1167	608	948	1158	15	328	1013	80	1686	1790	866	2206	1052	2014	1320	371	2040	1275	2152	2006	1774	557	1830	912	853	1891	844	1472	940	703	1003	2203	663
326	1330	1538	318	1780	777	1710	20	1443	603	199	617	919	2257	413	2057	952	1666	1279	1415	1253	345	766	1873	1238	1516	897	75	718	467	1050	84	2275	1239	1231	1856	594	622	496	1595	1814	1683	2135	2150	708	22	604	1959	251	1009
139	97	2233	1735	1968	2223	1875	1989	1045	772	1299	43	848	1361	1700	837	1951	1204	727	628	1100	1604	1930	1200	1985	2262	2003	1233	1883	1090	811	2036	2175	776	185	1455	1886	1507	993	1356	1787	966	653	1132	694	304	1021	911	1528	757
1785	1826	1297	501	1337	1391	218	2191	2216	105	697	1573	1715	971	889	226	1491	732	2190	470	2277	1271	1287	637	1819	82	1753	1706	1400	2282	2273	395	1596	1390	1416	1120	648	1481	1323	1489	305	1433	1688	1564	259	32	647	738	202	321
1954	419	2027	1689	384	588	1739	1920	2070	364	1673	283	1106	981	1946	1288	902	286	1829	868	2184	1187	1420	1117	1632	1580	98	930	786	1017	342	550	654	94	780	1559	2067	313	353	387	248	864	450	314	1196	900	1691	1385	1526	2007
513	1102	133	2145	1525	1638	519	2166	818	1582	2044	1514	1628	224	585	370	491	841	129	1859	2072	1364	388	1208	552	1662	292	72	985	1506	1307	779	533	1135	1124	406	206	655	1262	723	5	556	1591	2207	475	1558	1536	1046	2077	1841
26	106	414	623	1822	1268	2015	860	1765	143	803	230	964	1436	834	1999	100	750	1520	650	1701	1730	827	1398	2102	31	180	1877	1916	481	1878	1387	579	331	980	1677	1589	1230	110	682	1281	1665	580	1746	1014	2147	833	746	1246	119
141	1756	1540	2236	597	1290	1545	1777	489	1221	1219	500	488	2069	529	369	382	555	1727	1217	2031	2230	1336	1383	383	979	1650	1904	1156	122	1924	1402	1429	1310	589	2019	1334	2032	942	135	195	1182	1041	1795	843	1744	398	633	2225	1378
271	2095	1118	1575	2037	2108	1823	164	391	1010	1227	367	1884	1937	113	2023	662	1172	1359	30	1201	427	1001	1858	2174	380	316	1509	768	1799	995	1966	1442	562	713	878	1708	2269	2251	1929	1961	1044	2164	1771	509	742	1897	2280	1397	2118
422	1958	2235	797	1396	1091	656	1888	1133	1631	1154	1818	96	1555	601	705	1901	1113	1411	1922	64	1956	1372	1542	2115	770	1915	1224	1659	2260	1761	7	498	1386	54	683	664	788	327	1651	1484	276	1692	1690	712	417	528	1804	21	2004
525	1422	1835	1375	760	1734	1553	466	1115	1067	978	832	572	891	789	1452	1586	1962	1331	346	2017	102	532	1149	1457	1039	1637	1911	1696	1977	1687	1322	2034	1068	1148	1767	2245	1425	1151	67	635	1116	914	296	221	1903	1642	2106	89	671
239	1776	1660	2298	50	420	2283	495	154	1611	1757	262	651	1032	1522	704	851	1482	1339	1205	747	2097	1983	1980	1646	1380	2185	365	59	1562	2167	1594	561	55	1944	2011	2083	2294	2026	1237	1099	1606	1098	1783	1454	1211	1448	1640	469	2267
896	1768	1510	1742	1371	45	2041	472	521	1674	1984	573	1266	681	1863	792	1341	376	232	2163	1836	1752	1228	157	508	1409	447	885	1543	1222	1998	295	87	329	640	265	2217	645	1181	1639	692	2181	1918	2293	2295	2281	2154	1144	348	215
1798	404	1652	291	1821	2155	178	207	544	1612	751	1408	1501	994	1577	1515	1679	474	130	1512	745	782	1049	1122	1377	2143	362	237	123	126	1449	1613	448	1766	2157	1479	309	1556	795	1670	1524	2292	1972	1811	1139	806	281	165	117	1306
464	320	673	1567	243	454	1354	1747	358	2075	1421	2025	1082	355	390	609	2099	2008	2196	1608	1218	605	1184	2242	627	2085	547	394	1192	1508	1089	1338	1808	1136	1347	733	1384	1308	1490	1797	152	438	785	219	377	1870	1550	1676	1109	972
1527	409	568	1389	2094	1171	140	77	620	2120	1504	1022	1414	1463	174	953	62	37	1844	245	411	990	255	1353	28	877	1869	1252	462	116	101	1718	845	1647	753	1809	1993	882	1671	2049	1273	538	1802	791	817	1209	730	76	660	2255
2013	740	63	714	1497	1861	1166	2107	924	1183	1807	865	111	1685	121	1928	2117	1643	945	688	261	493	2112	503	1656	634	2092	982	905	51	324	57	1828	1560	2271	1602	546	616	1351	336	1598	1499	581	260	235	710	2253	857	524	486
1743	1063	1634	781	1480	204	319	1758	2033	687	1714	410	267	1061	870	962	879	602	668	1585	1976	2265	1423	949	1728	2061	838	429	636	270	854	2048	1410	855	403	1943	1179	1496	875	1810	366	531	728	675	983	763	1119	2170	1029	1881
1705	297	1867	2028	1057	1488	1134	1945	2290	1203	542	155	2198	701	744	614	252	1272	835	1876	169	1978	205	363	150	2189	790	984	1854	1471	2001	584	244	1645	743	1114	1661	1038	695	822	128	196	2134	1925	917	1724	147	2179	444	1864
1143	2016	1964	1936	1395	1834	672	876	1255	2096	1617	1363	1327	932	1546	783	1194	13	1285	684	918	2131	412	332	1105	92	1138	1894	1782	176	2246	511	443	1483	1316	1462	1062	667	1733	1600	658	1722	1518	66	1678	1358	249	850	735	2059
1020	1994	679	2081	1340	883	2276	236	1257	2119	1519	574	643	308	1793	264	18	961	951	1680	787	999	582	1653	2183	1095	880	1812	700	1815	1357	819	1016	2287	2066	1649	578	1147	1185	74	2299	2068	378	631	2291	1880	2042	1419	1648	1478
1409	1558	1541	228	36	852	1177	171	236	2055	1150	1091	206	2202	611	659	972	2089	1639	901	650	1664	1987	1227	1365	679	1251	1437	2097	2244	1980	939	1785	753	330	733	392	167	2297	637	1230	2018	1382	1619	1238	689	1732	546	2188	377
1564	1575	1815	2256	2116	1347	1268	13	77	2173	152	852	268	1656	1474	890	813	1699	1355	2201	981	2074	435	770	1680	505	183	102	624	795	947	582	1629	1433	1591	680	654	497	1953	1022	737	1731	1135	186	120	1091	2140	1777	965	2095
1460	1436	767	109	1609	2225	1694	431	1113	438	395	1562	629	1961	235	749	1927	142	1393	877	2171	718	1510	1352	2217	2174	379	1887	1692	1914	848	301	1507	1971	362	2184	2264	941	1974	966	0	1980	1837	2188	1191	2063	756	382	1940	576
1780	1051	316	1516	181	1247	153	2233	296	1896	2180	1993	516	1376	774	1182	944	1884	920	2	1624	333	2159	2091	853	1170	2040	815	1392	668	2041	1767	1311	193	677	1852	187	914	1998	1987	1205	2198	280	100	68	832	9	1478	1695	1481
619	2005	882	793	601	792	1794	63	1589	2028	896	875	202	499	528	1640	1096	512	1270	1982	2141	1870	1012	1317	1734	2195	420	182	1458	1584	1642	409	126	1454	1719	1771	459	2047	1834	2273	1730	1435	626	2291	1608	481	1970	1809	1670	2226
1655	1515	1177	332	300	1826	1557	1519	938	1607	2109	2090	1743	946	799	558	2124	1668	573	1361	1299	1620	962	1850	218	895	1082	432	21	644	1713	1552	258	1242	1172	252	1604	372	404	1338	754	169	1306	146	2093	1938	1124	1485	674	1761
535	1431	1420	302	1197	2131	1174	847	1577	1488	1849	788	1547	1184	2253	390	1468	2216	400	1050	328	906	1307	416	1801	1738	1440	27	386	1246	473	315	132	2130	1867	2164	1948	1805	1972	185	1939	322	1369	2049	1956	2196	1554	199	2143	742
888	23	2099	242	271	261	1425	1160	1646	1762	738	2154	973	1371	823	184	514	1518	1663	1284	373	1308	974	1112	90	1962	205	989	2004	2008	1472	1406	1779	1898	1367	2098	385	2192	513	106	59	1969	2133	2021	1350	1784	3	900	1934	190
712	634	741	1594	724	1746	1277	49	1121	1394	778	22	2147	1990	2160	2285	1396	1382	657	642	1929	266	455	2255	1243	306	898	1951	871	95	2214	278	1219	885	1686	410	2165	924	2238	552	1252	1428	1814	1597	927	1099	805	1932	711	427
525	1031	1697	583	554	1312	1130	685	137	510	1217	1753	726	1817	1836	170	1793	1017	1800	1467	1452	1132	1167	338	1975	1363	1888	2263	1861	673	790	417	1188	2212	2207	168	1986	761	1360	672	984	1984	1123	1829	1588	250	1333	1323	160	1377
38	2083	1511	1687	1114	1438	239	967	310	1117	979	691	2044	675	1496	1957	1450	1455	2172	1193	113	399	1550	591	159	367	1469	940	2071	833	1461	440	734	1356	921	1517	797	699	1110	1701	1946	2280	1341	2295	2064	1727	1644	655	1398	2006
207	887	1222	318	1741	31	148	897	1657	1979	1176	60	1765	1048	1010	1122	640	1966	1388	1272	2209	710	529	1527	519	1286	872	1947	477	1992	1215	837	1357	1429	1260	240	1881	2054	2292	2228	1025	1739	1137	2135	1760	1073	1351	468	1747	605
1495	2007	602	810	1732	570	2024	1912	818	1750	551	158	380	886	1768	1093	1904	134	722	1502	1138	752	1773	736	1703	1221	2084	1718	1906	1783	1781	1004	448	1040	116	2262	1632	1288	859	1300	1045	80	347	2138	2272	1419	1150	1973	375	577
1103	919	191	845	963	2210	719	1157	19	2200	1107	321	309	757	1264	275	307	262	709	320	108	766	1643	1411	439	1924	751	1386	104	465	264	571	96	631	259	1108	281	1014	1224	200	1023	149	293	53	968	464	617	531	1797	807
869	961	1028	357	107	1858	964	750	1389	2128	959	253	521	1770	358	729	1903	441	15	260	912	1538	1764	1125	2101	561	1617	238	1672	2104	1928	1769	54	489	970	2179	1920	1353	1866	1055	1487	1143	1449	1918	1528	1244	732	1282	1328	1077
932	231	1362	565	1192	277	637	1693	389	311	1840	2119	1387	1833	546	913	1782	638	658	1179	907	926	988	1531	1851	526	1216	701	1931	10	844	2297	1298	1880	1290	1329	504	229	1041	2236	1605	1207	1968	566	167	479	2036	2268	1590	812
2053	1366	424	880	285	1466	1524	436	208	748	2203	164	2148	255	1424	1422	467	1345	581	1830	585	1027	647	2100	1521	949	538	1635	1427	1894	28	450	825	1923	384	2038	980	329	1044	1862	1280	2065	860	595	953	1919	1877	1151	1462	1408
1798	413	909	331	559	678	645	1503	2219	50	1548	556	945	1736	1740	2185	1342	2032	195	2175	806	1806	403	1432	502	1267	1266	1344	850	124	2039	1126	189	2167	991	1650	2270	18	1223	66	715	447	1788	1652	1616	1566	1725	1111	2059	511
82	1116	1294	1684	2244	251	492	1441	1199	856	4	1271	524	627	1549	665	1334	1155	1142	1997	117	39	1153	1579	272	862	824	1593	2139	1658	1070	408	894	276	1691	2287	1134	884	1955	901	1006	764	248	1653	564	971	1373	976	226	899
2189	141	474	1812	2243	992	1889	1281	1024	1139	755	593	1287	2086	1991	1171	1470	2025	2224	1304	646	1374	34	1442	804	2149	933	776	2260	532	469	1570	25	2293	173	75	33	451	730	1211	1324	943	929	879	2277	129	1359	579	2208	1838
2061	461	952	1791	69	1671	86	1676	667	220	782	2197	1273	1020	257	376	1685	2003	1180	2062	476	553	698	1545	700	1935	221	1922	323	1194	958	1514	2020	2191	1079	411	344	2190	1459	727	2068	689	1651	2106	1930	1854	247	809	256	1383
779	983	1603	557	522	598	2105	426	371	905	2153	1326	1634	456	156	1821	1891	81	2077	518	498	1611	1156	1683	1677	1115	478	1999	1789	960	1959	1512	1818	1807	1490	987	2056	2123	997	517	1813	2037	611	1558	1331	1868	210	1430	688	1600
2193	2221	1084	1673	398	466	1339	1310	449	2111	30	78	58	2012	1895	1598	1451	1335	1128	1437	2033	2016	739	2046	2156	2129	2122	706	2187	1444	2170	407	1626	1847	636	1234	368	536	421	214	610	1140	1327	488	633	1539	1981	1872	352	693
370	639	1913	1278	789	319	1916	2294	2182	343	2127	1303	590	1075	2261	495	430	838	2218	985	2014	297	1601	2142	549	361	1039	881	1464	942	1792	2070	2259	1368	1622	460	2087	1667	690	1423	597	123	1379	588	2026	1336	2267	830	1902	93
1613	151	1505	632	911	1120	999	1845	811	868	694	580	359	2230	1726	150	295	415	527	1315	1820	515	1871	1497	523	1563	1631	723	40	1587	996	138	397	2001	716	1200	1848	1214	1828	1405	1716	1899	1063	2223	1189	1291	1029	777	1235	2281
707	1860	225	2240	241	1445	1546	616	878	1943	1533	383	1241	16	20	1578	2296	1088	442	1529	1714	2081	360	2035	188	717	935	867	555	1479	1443	369	1036	1322	2284	784	1573	1	819	889	2097	1019	772	1688	1614	934	831	563	1995	1569
1645	1921	1407	653	179	2152	292	1933	1475	1544	234	1950	874	1043	902	1173	1257	798	1249	2034	827	1500	1599	621	470	1722	2078	2289	2257	1772	1034	2288	1410	2010	1917	74	1536	2085	215	1596	1181	904	656	1811	990	731	17	1349	567	326
2274	843	1190	1381	1255	2103	1330	2177	2286	350	533	1417	1412	65	2283	866	180	1283	1397	2213	377	42	1508	1056	1375	1154	263	733	1810	2206	2271	428	1105	1660	1682	94	1715	222	35	1279	2076	1702	998	1707	1102	1659	1967	1289	130	801
2239	136	891	209	346	775	1843	1295	1213	550	446	2227	1482	274	1297	2125	2110	2073	1230	2069	1005	1094	679	725	1724	1925	2269	2265	128	2231	227	2017	1855	765	99	1227	1737	1399	604	2120	839	1541	177	122	76	950	2066	948	423	1876
2247	2048	1416	740	2023	1803	1787	1825	681	223	1706	425	345	1046	1147	1857	330	783	1166	1835	2057	2237	841	1372	2258	192	1409	574	2151	829	2176	1364	353	1748	1901	2204	1201	1708	545	2118	1678	2117	1669	2045	1057	1061	1745	1119	600	1900
1144	111	1802	1089	1208	1758	1942	836	144	1654	166	1994	115	402	692	951	1231	1037	1711	1822	666	664	337	2137	196	1404	1630	1293	1263	2299	1109	1403	1003	1606	392	1426	354	1580	356	746	1542	45	445	1915	118	915	2194	575	1480	808
1390	1506	1305	1164	506	821	1074	1059	471	2168	1796	269	1543	1749	1069	1978	2163	1321	1149	540	2055	458	1285	29	1859	335	1187	348	324	2080	1766	406	201	273	1963	1030	135	1555	2241	1619	1534	930	1689	876	606	800	855	55	2155	2232
491	1256	381	70	1183	1674	1754	1316	769	2145	490	1097	864	2144	2030	244	1465	2166	101	1275	1776	1700	1885	1413	1018	828	1504	7	1520	453	1400	1309	1530	171	482	1954	612	1484	1026	228	2222	2096	854	1052	443	686	1395	1681	1627	1846
1195	1158	1615	2199	1385	1065	2136	786	1875	2015	1332	1228	32	613	2215	341	1890	1078	1804	1576	1354	475	1996	2082	334	163	444	487	1421	2112	728	1853	1863	2235	1457	14	2060	204	509	696	145	1856	1649	758	172	870	1864	2290	1261	1141
206	1778	826	197	1146	1163	1710	660	1720	1087	1985	1937	1239	1509	1560	1086	1526	1071	1081	2126	721	41	133	1076	735	157	1839	1823	628	2275	568	2067	286	284	351	1008	1698	851	791	48	1348	1209	1062	541	994	79	618	714	2009	486
1721	1553	1621	1477	1269	1775	670	1198	1292	763	1665	986	1476	1733	1717	2279	388	695	1414	1662	500	1491	127	955	1225	1499	1136	1159	592	1633	342	140	1905	641	1964	704	1637	530	366	1561	1501	317	1752	282	682	414	1532	1320	1886	483
1988	1118	745	1666	916	288	578	954	635	1456	224	2282	1551	1756	2114	1595	1908	1523	1742	396	1337	154	1262	623	198	1314	589	503	928	1556	61	1251	1258	1092	923	661	1705	1302	43	84	131	1131	2211	1473	537	2018	339	88	71	387
708	1301	433	773	1567	454	587	211	802	1582	1641	648	1358	794	1696	6	893	2043	771	676	1206	91	355	1384	1133	11	1841	8	243	1535	304	1729	684	2169	816	1042	2102	98	254	1168	768	744	1016	1949	64	547	303	1636	265	1537
217	484	203	2132	1751	2183	245	2089	1936	1415	5	1401	2022	1759	1648	1625	67	883	2178	1873	1448	1735	2079	97	1795	1882	1009	649	85	294	969	1639	865	560	1712	762	1001	1265	289	2158	422	2000	857	1038	1068	1909	922	1463	1572	493
507	1763	24	1494	26	462	1628	1709	2220	233	1581	374	1080	1248	2150	2027	584	1196	121	1824	46	52	1013	873	2254	1623	720	1486	1185	1612	92	494	702	1002	1391	2245	1799	1618	212	539	705	37	230	1842	1067	785	56	112	1453	1313
1296	1274	586	1819	1085	697	780	114	2051	125	1892	803	2278	161	607	1106	743	1434	501	314	1447	1021	1571	1100	1585	2075	394	687	1638	1952	840	1212	863	2107	2205	340	1522	1210	703	936	977	232	835	1254	1492	165	534	892	1090	1679
817	378	1471	1011	1066	463	620	1483	457	1774	47	1958	1165	105	2113	298	1104	1832	796	364	2121	1610	434	759	993	2248	614	834	2249	1786	1233	1878	2186	174	1977	405	89	1007	147	1583	2013	1755	2115	978	1318	1661	1941	1340	2146	291
249	1319	51	1161	1370	1380	1675	542	615	437	643	336	213	846	1365	270	2108	143	842	1883	12	363	1245	393	931	2052	452	1602	1525	312	849	1033	2246	219	236	1101	2058	787	662	820	1148	1000	650	1204	62	594	520	671	1827	1276
1064	1926	1098	1568	1493	548	1202	1218	1844	480	1058	508	1540	1897	178	1053	1690	1237	1032	1169	1874	861	119	83	419	472	1060	2161	2298	2094	2250	1054	2157	485	1785	1418	2229	995	2202	1343	283	603	1162	1186	622	1989	652	365	569	194
313	1574	1129	1723	1226	1175	562	1498	237	917	2242	1592	216	308	2050	1049	1095	608	429	412	1816	957	279	1744	175	1378	956	2181	1960	747	1559	290	572	2029	1325	299	2276	908	2072	2251	544	1865	1035	103	1259	267	713	1072	975	36
1083	72	630	2088	1240	2162	2019	1808	972	903	753	1907	1869	1047	246	287	2042	162	418	1983	305	1489	543	1664	2134	87	1911	1446	1232	1757	1910	2031	918	1127	781	925	982	599	349	2002	1965	2011	858	1015	1236	1178	937	1976	1586	1152
1439	683	1220	1647	2266	1893	139	939	822	110	1513	176	1728	1145	1565	391	651	44	1250	1704	496	401	1945	625	2252	2092	1229	814	1402	1238	1831	609	596	910	73	325	1253	659	663	2234	1944	1879	155	669	57	1203	1790	760	1346	327
1812	1993	122	1526	1661	1946	448	142	1035	1325	1632	1110	1902	2020	1517	2242	278	1087	83	431	1078	117	630	1604	1823	0	1160	646	736	1655	481	594	1113	753	1969	1791	798	2032	1935	1702	1211	1798	1175	1820	1343	1180	2274	1582	252	1904