1,0
411	172	706	358	586	894	444	806	686	419	483	277	771	853	837	374	729	139	682	919	378	912	379	580	452	568	926	196	181	120	300	22	547	188	518	492	192	27	442	244	829	833	11	500	457	294	941	177	194	596
248	658	795	593	524	489	223	240	335	957	501	968	64	131	261	322	326	922	965	852	191	440	225	514	329	45	928	426	688	1	353	295	171	499	287	383	448	218	647	285	507	52	193	75	305	222	230	43	138	773
635	970	299	68	479	759	153	293	179	774	155	16	835	687	684	429	742	703	859	623	298	880	892	121	495	726	808	92	280	839	176	751	233	536	104	590	384	693	511	529	387	284	877	370	651	173	6	195	250	763
456	901	504	445	613	940	573	754	85	34	124	544	719	484	235	698	777	339	271	274	570	31	304	863	654	918	614	603	930	264	349	485	740	695	537	866	696	572	917	318	12	211	538	428	895	664	791	735	520	584
576	325	487	39	734	174	945	473	190	431	143	857	462	830	140	752	203	879	832	525	951	564	94	610	57	778	217	510	467	197	163	846	620	249	252	721	764	142	437	443	772	307	116	450	497	475	152	815	631	667
831	403	761	899	788	600	491	414	167	546	30	666	413	37	100	963	245	80	84	923	315	910	628	242	711	157	946	617	915	646	609	418	836	35	953	870	399	260	722	629	555	99	78	132	87	292	323	237	605	108
906	724	175	410	705	334	361	161	447	417	392	254	723	559	757	7	714	354	438	183	790	102	381	56	625	33	126	697	60	539	704	184	309	639	813	661	262	345	897	398	611	20	220	375	601	789	302	159	47	730
822	278	166	889	710	944	169	425	486	802	838	351	147	566	408	115	913	24	571	809	65	737	76	770	276	272	508	311	794	28	202	164	69	844	916	97	567	130	716	971	367	96	874	273	810	224	548	303	612	463
151	558	449	592	441	402	110	415	21	170	482	888	803	72	673	215	712	744	618	105	10	782	663	939	91	621	228	585	952	259	114	828	709	842	341	513	598	317	519	29	389	569	562	685	812	199	718	954	638	594
396	257	133	834	282	231	236	109	372	578	823	702	626	407	890	588	238	811	296	641	582	701	466	604	581	649	955	642	229	107	253	619	377	70	924	850	902	650	390	424	678	676	333	141	435	531	911	386	816	768
739	633	781	118	336	154	962	88	943	748	855	929	136	602	50	241	849	98	565	451	622	83	577	405	61	146	400	162	59	306	3	840	935	792	119	210	509	872	679	266	129	279	522	81	787	861	469	178	883	845
699	111	896	672	14	214	579	327	160	476	961	458	26	814	669	942	884	643	25	634	869	637	49	439	38	909	720	933	775	343	700	312	549	66	205	494	847	226	481	289	433	148	478	301	227	149	212	101	966	827
587	332	488	615	934	23	694	113	786	308	921	972	707	969	365	560	550	900	865	817	63	517	824	219	843	460	58	2	208	599	477	873	391	505	275	348	106	541	738	198	17	898	753	575	281	352	959	636	927	532
359	187	207	165	659	876	269	616	750	288	675	807	251	512	36	394	297	19	310	553	267	112	743	632	291	875	644	862	189	247	5	660	563	692	145	471	204	851	882	397	316	432	793	533	362	776	903	127	561	767
826	314	423	331	656	552	404	474	368	728	820	42	388	117	493	270	324	731	0	9	55	878	765	893	455	854	595	908	717	319	385	556	964	434	18	819	937	186	86	769	503	46	168	674	848	221	891	436	800	932
958	799	805	258	137	330	376	454	158	708	180	521	32	150	263	103	347	551	540	350	727	516	681	936	213	465	206	665	967	542	255	412	328	725	648	583	346	858	427	821	680	960	741	736	683	607	779	421	470	627
459	931	373	48	947	506	589	758	867	82	355	95	446	67	608	534	766	422	380	756	201	357	671	128	144	401	209	286	498	268	90	41	907	745	337	416	841	234	366	53	690	785	243	79	51	526	871	338	340	784
797	515	535	640	677	713	557	886	747	313	749	554	232	885	591	185	956	62	480	732	780	624	523	662	746	597	246	134	655	887	461	783	360	290	182	364	818	856	904	905	4	645	44	472	864	762	468	801	796	715
135	430	657	914	948	71	630	464	920	15	393	216	74	668	950	760	606	406	938	93	530	283	804	825	543	321	652	89	670	798	342	860	653	382	409	755	13	453	77	949	691	689	868	200	545	574	122	363	344	54
395	239	356	528	371	420	502	40	490	256	73	8	881	925	496	733	156	123	369	320	527	125	265	945	120	923	631	212	899	8	539	728	939	35	350	907	660	769	353	299	357	679	617	590	961	570	798	738	428	286
353	946	879	740	212	419	931	386	307	643	658	554	399	641	293	53	892	196	673	621	321	924	407	545	88	311	689	294	422	29	905	174	150	945	286	735	676	285	702	848	737	313	797	914	782	102	110	926	325	911
437	200	498	932	380	761	748	3	176	869	235	925	938	928	272	45	420	672	684	786	136	904	144	226	413	264	489	792	827	744	543	426	379	577	375	246	233	125	895	525	514	250	862	268	607	385	404	746	95	823
839	346	225	962	961	593	741	613	674	312	439	275	241	138	57	718	638	708	923	738	712	507	280	912	90	956	360	942	229	394	179	442	865	148	699	218	459	329	340	562	515	397	651	781	295	499	68	339	409	469
496	492	230	929	899	644	636	548	939	412	424	105	172	592	830	466	774	134	778	132	705	38	532	620	859	16	9	396	936	103	755	759	216	657	395	609	547	711	887	608	772	98	263	334	918	964	219	28	22	733
648	323	27	574	886	571	336	484	333	589	341	161	920	957	528	40	587	82	382	692	458	178	92	930	579	460	237	837	20	447	91	494	128	649	276	453	793	963	145	316	680	598	694	26	373	52	764	872	950	771
841	568	267	205	335	522	0	245	182	747	951	248	80	549	435	581	130	512	857	347	181	107	706	427	190	849	418	429	605	55	365	127	479	326	398	915	165	236	140	817	937	908	811	927	663	376	56	156	642	625
304	137	465	298	779	480	18	66	810	454	603	374	537	83	814	383	769	234	766	753	303	604	443	622	953	256	901	104	222	372	400	31	152	279	831	338	119	808	780	686	282	47	58	423	189	719	392	863	160	87
139	570	121	6	213	231	15	42	806	784	278	224	913	240	588	807	677	431	114	97	815	650	933	482	330	802	277	723	168	54	536	767	169	239	623	471	352	809	688	141	100	804	517	173	722	456	171	33	610	539
149	48	185	433	635	470	25	659	472	678	855	960	444	665	292	96	167	909	559	487	682	877	183	633	468	115	147	197	565	356	972	462	675	46	61	198	634	79	192	76	526	332	367	510	43	949	202	627	73	210
875	850	880	883	359	502	403	265	595	474	175	207	685	317	599	151	614	408	64	561	331	436	129	464	757	742	783	387	700	900	726	853	495	691	730	324	668	756	457	557	388	540	166	965	13	727	653	154	611	473
112	861	51	898	78	254	884	591	117	421	49	255	654	135	23	155	867	628	858	922	262	564	361	736	488	337	664	62	261	833	59	430	619	193	531	534	828	580	357	626	629	751	582	7	777	533	1	704	791	575
795	655	701	214	709	762	910	866	209	297	249	11	390	368	299	305	805	503	223	370	351	350	191	39	401	558	703	822	195	743	258	801	72	617	586	662	765	358	289	752	393	269	118	455	406	364	164	242	590	504
860	846	516	563	70	309	116	143	389	89	441	201	794	208	445	123	940	843	306	615	775	773	645	511	211	452	501	366	77	381	597	864	572	916	874	215	232	832	666	342	14	763	486	854	497	829	707	71	567	345
560	530	798	728	509	481	153	17	34	270	836	969	697	840	274	681	624	111	75	687	553	86	500	228	971	825	690	695	529	302	696	170	527	959	824	729	320	907	602	881	632	50	5	252	199	731	63	411	671	776
328	606	124	251	44	296	652	131	203	631	952	475	893	485	253	163	669	12	873	391	122	868	885	852	184	844	640	616	508	227	41	745	146	660	434	958	947	478	618	106	188	739	970	661	749	257	273	384	596	281
483	734	646	438	789	344	74	467	450	260	448	343	288	871	754	724	30	159	194	715	878	238	60	24	750	601	612	287	800	410	725	477	948	919	716	720	842	378	113	521	585	490	8	221	966	934	896	414	362	889
440	583	220	493	349	760	785	520	65	476	243	133	541	594	544	463	897	94	819	162	693	796	821	816	301	523	917	108	4	505	826	206	120	461	310	555	314	425	902	569	491	369	803	882	556	573	158	732	600	204
670	348	943	813	377	32	417	713	177	799	93	835	371	851	315	363	69	291	535	788	890	109	19	186	551	721	318	157	717	637	647	954	876	845	21	518	36	679	714	506	416	941	710	768	187	449	415	247	758	81
513	290	217	656	787	790	578	903	266	770	894	432	283	630	35	284	354	891	698	259	818	319	300	37	552	834	85	944	683	546	180	519	812	576	538	921	888	955	967	126	584	402	566	99	67	451	2	244	542	446
870	667	524	142	935	322	856	405	271	838	906	84	820	968	308	639	428	101	355	847	10	327	550	613	651	411	328	391	770	759	199	893	571	774	20	449	286	423	671	600	454	462	618	784	168	609	127	904	739	898
552	363	909	245	655	16	79	779	693	385	782	760	837	538	97	344	166	483	609	715	264	494	374	339	484	575	389	529	143	42	319	577	962	135	31	942	453	702	787	830	947	673	672	631	810	140	193	46	181	548
681	926	87	761	307	450	732	738	90	206	261	873	951	267	433	107	23	827	815	85	20	895	836	189	867	593	818	194	9	553	120	629	562	192	222	394	322	311	54	283	511	335	586	508	871	306	536	190	133	101
891	334	766	126	616	134	493	279	249	953	49	594	478	434	791	698	342	769	136	739	970	505	674	850	464	70	477	958	325	269	946	573	88	60	229	890	227	121	834	443	470	248	396	675	528	43	857	436	330	798
921	807	559	420	944	510	601	757	764	346	117	430	495	41	582	717	907	927	725	758	686	467	729	591	201	659	742	644	875	218	544	161	555	12	748	689	712	685	425	670	98	292	376	355	750	518	53	142	721	932
737	274	286	413	463	11	439	137	855	29	492	940	896	331	354	515	66	15	597	506	289	327	920	333	132	340	502	941	300	169	595	28	637	81	746	960	472	482	338	696	388	952	146	886	727	679	95	110	788	108
276	435	294	772	370	366	310	424	382	375	282	578	647	805	776	676	908	237	723	820	71	957	45	212	208	569	620	485	576	452	129	894	588	24	116	115	418	887	792	228	542	304	103	285	615	230	490	775	291	440
762	372	184	649	183	930	80	196	272	863	849	414	592	284	377	277	704	925	231	141	213	179	733	943	756	768	931	938	865	847	841	778	114	32	316	924	168	275	368	645	224	633	854	406	432	347	525	589	457	259
67	809	251	527	714	362	821	888	560	691	235	893	603	152	244	170	660	350	605	718	223	0	130	516	883	239	622	961	123	3	198	487	665	765	618	726	148	813	204	498	929	906	17	751	817	612	846	50	404	646
427	174	149	219	956	554	361	579	919	459	899	337	630	537	323	534	271	963	662	945	164	497	205	517	408	445	950	250	422	92	735	109	336	165	711	318	474	736	96	897	918	832	172	175	870	454	159	697	386	145
971	1	113	843	824	268	303	309	923	139	777	914	298	441	915	543	839	848	521	475	448	551	240	880	866	263	959	156	600	910	658	881	398	632	623	639	912	606	835	491	683	243	209	948	546	147	628	154	63	86
106	185	400	905	73	964	151	411	30	793	969	197	653	801	599	563	390	802	496	500	4	566	884	253	51	614	853	819	667	373	816	369	790	831	410	349	461	532	176	270	916	581	177	868	345	312	22	640	796	35
180	535	568	707	215	804	889	480	860	238	611	795	305	572	10	252	39	68	449	590	26	321	747	93	18	587	188	25	91	150	216	864	462	954	641	570	700	934	911	56	567	171	744	767	903	351	383	278	409	226
598	48	503	842	878	740	719	692	753	381	246	703	62	127	144	260	812	621	519	203	33	789	82	822	706	677	530	626	743	254	705	501	808	214	797	608	392	861	36	195	949	783	892	666	722	77	965	466	900	690
247	859	100	604	341	365	447	44	596	851	625	780	131	806	585	258	509	856	301	550	901	7	38	257	69	202	158	763	882	75	232	83	255	320	119	19	634	774	266	379	431	755	297	749	64	523	838	671	55	557
936	167	571	426	308	479	343	52	21	236	419	5	610	784	471	845	499	428	332	469	654	405	155	393	416	118	752	217	6	458	731	442	826	695	877	669	465	539	713	699	879	972	220	862	680	636	825	803	785	814
128	513	664	407	564	549	902	138	380	234	488	651	904	281	265	657	710	829	299	359	522	105	102	437	191	876	624	607	558	326	387	315	966	687	514	828	13	37	72	451	678	74	481	358	935	199	507	512	397	913
401	78	423	221	273	47	160	869	391	412	547	489	446	468	280	182	187	296	444	112	371	688	898	741	225	799	565	635	541	178	773	111	61	858	872	754	360	34	526	122	399	329	759	602	242	682	650	84	163	823
701	661	59	811	262	27	421	724	415	2	162	460	781	287	295	531	524	874	734	627	402	313	955	104	638	293	928	455	288	438	771	852	709	364	211	157	844	967	580	574	617	378	533	324	937	939	302	648	153	429
833	94	770	367	210	668	357	728	384	968	922	395	473	352	619	716	786	356	328	233	561	486	583	584	800	708	76	613	684	720	348	520	730	99	125	642	656	200	256	540	652	403	290	933	57	241	58	40	186	14
643	65	556	456	173	885	8	353	89	476	794	694	840	745	124	317	663	917	207	545	314	417	504	196	112	238	12	825	404	542	971	186	855	540	805	150	613	663	544	151	640	724	109	951	56	267	787	786	873	837
928	46	9	936	758	441	810	203	513	572	321	275	761	749	143	51	217	456	444	844	893	385	276	419	97	804	642	493	536	777	718	23	815	750	915	291	585	693	535	961	711	108	719	106	136	963	129	898	77	832
954	487	501	245	514	854	818	120	188	881	392	481	852	940	222	853	242	18	632	781	640	294	223	942	722	471	252	403	177	382	534	433	676	969	634	472	537	28	491	927	127	463	398	625	64	40	353	79	939	418
598	408	636	904	163	716	627	464	401	783	399	144	741	259	968	553	926	612	348	964	326	946	664	183	645	32	830	754	874	944	526	791	597	952	563	208	820	445	576	191	933	743	615	941	796	624	470	386	421	265
372	302	785	149	813	774	681	617	167	488	826	699	910	506	605	280	660	42	425	751	752	58	175	929	369	234	153	390	666	935	759	81	219	437	304	566	122	920	357	30	458	555	714	698	133	663	168	812	195	465
504	205	633	886	235	955	292	641	581	164	264	263	145	95	480	85	152	768	125	548	757	816	795	63	966	447	142	165	24	341	528	239	696	12	544	94	477	378	55	554	606	84	381	521	33	39	395	330	543	596
878	373	214	715	965	652	352	429	523	747	913	360	451	542	746	703	577	137	232	934	967	648	945	806	380	519	331	158	769	47	38	103	482	34	72	325	721	156	334	358	578	970	286	2	888	691	860	467	508	841
351	958	57	911	410	682	851	262	764	858	413	725	916	92	181	387	270	224	320	505	498	359	919	423	258	717	160	831	884	448	604	823	620	921	295	336	8	610	701	388	805	899	308	956	422	702	1	414	937	199
306	135	288	229	362	590	680	883	316	192	349	394	546	494	748	651	257	592	665	586	588	792	328	132	375	110	240	473	101	80	50	507	279	255	885	67	766	591	570	119	901	268	734	74	371	811	653	27	708	285
671	91	478	90	7	772	83	254	246	207	455	170	502	614	674	609	233	100	613	278	343	690	938	289	213	260	439	872	396	825	269	547	496	489	797	672	767	713	96	37	678	154	318	564	139	789	202	784	567	520
452	744	409	427	876	608	161	62	461	319	116	880	869	293	171	442	466	829	147	449	344	196	962	117	370	14	833	228	346	186	650	435	446	68	267	765	272	500	104	35	925	846	56	529	871	710	638	720	49	324
88	658	342	582	383	484	111	709	397	809	575	895	692	43	824	556	756	155	65	794	909	391	541	298	355	603	431	307	686	5	947	10	368	760	78	657	364	847	802	379	241	249	668	659	654	753	53	558	931	687
3	882	742	114	803	780	845	198	673	866	584	243	338	317	290	697	469	389	799	443	793	579	611	890	166	867	902	193	807	315	430	525	73	237	842	667	798	384	778	953	863	574	281	305	411	601	971	917	99	828
273	700	896	459	821	220	16	211	474	22	393	924	736	407	159	327	15	182	337	951	637	775	365	533	669	59	335	580	282	412	705	516	75	723	312	314	121	284	819	495	957	960	176	70	568	499	670	102	300	173
837	661	185	655	662	29	629	112	118	41	105	630	599	763	565	297	532	531	562	900	438	589	827	688	948	607	146	60	856	231	894	450	4	683	907	309	790	908	840	404	755	86	647	432	287	877	36	694	376	0
959	621	274	875	861	266	639	583	643	303	914	540	356	416	891	870	930	329	649	770	126	492	511	169	277	227	226	123	771	619	367	350	538	656	179	204	244	200	731	887	113	420	600	559	549	814	522	527	201	52
618	782	509	460	497	923	210	462	215	800	808	868	19	897	271	296	323	212	374	256	594	48	834	25	209	453	301	479	728	855	98	424	740	21	45	486	115	889	150	140	250	677	157	762	366	724	838	595	726	44
704	862	892	89	949	221	635	76	839	616	848	190	162	310	518	405	539	82	440	735	836	247	490	684	69	859	194	524	180	551	560	788	476	66	457	172	333	835	745	569	148	454	138	571	561	61	251	218	299	512
623	20	622	602	216	573	417	732	436	843	339	345	130	675	912	178	400	54	733	377	779	13	517	134	557	107	93	729	776	187	737	644	225	950	426	197	261	626	510	730	689	87	550	932	253	347	530	361	786	475
141	26	773	184	864	787	822	354	857	972	151	238	11	646	679	230	865	434	879	311	727	313	248	587	206	712	128	322	906	189	6	631	849	918	905	739	873	707	738	332	922	593	515	545	340	131	71	174	31	483
695	402	124	903	363	17	685	817	801	283	428	943	415	503	706	485	109	236	406	552	850	468	628	357	750	903	109	786	605	244	671	285	125	823	224	950	329	615	908	151	75	344	482	157	929	626	742	681	937	325
558	90	572	87	492	932	793	631	850	930	63	610	939	796	337	76	178	29	125	651	584	653	395	462	621	578	872	354	342	798	699	945	592	442	832	713	181	806	229	89	947	240	71	533	691	759	787	741	100	202
363	372	464	340	376	828	735	294	534	485	449	335	143	420	904	273	136	757	680	160	909	220	460	507	430	523	562	156	158	634	800	944	957	588	33	407	78	66	692	632	552	557	674	207	816	17	272	355	377	47
775	845	77	19	827	193	283	307	589	716	833	445	663	306	813	821	544	882	308	889	767	148	752	245	347	524	91	940	223	574	59	481	396	387	678	176	907	623	591	53	107	490	890	645	360	16	5	703	749	476
715	620	296	324	908	843	595	459	18	329	951	419	28	447	327	874	362	922	619	321	617	683	373	628	958	339	788	707	539	518	298	417	852	863	786	858	200	166	191	149	880	232	684	814	274	935	293	302	20	685
314	397	740	633	565	44	168	515	311	594	671	180	520	831	599	805	235	747	473	305	950	201	403	630	729	216	561	251	246	506	770	424	286	917	81	535	398	234	116	876	781	368	809	159	517	714	738	743	394	576
601	962	57	946	167	267	151	712	208	312	665	751	839	190	587	516	514	532	702	122	829	436	548	656	954	25	640	73	915	333	820	130	903	97	895	128	418	61	499	49	496	69	794	529	140	721	906	568	104	708
147	99	88	115	2	511	762	501	540	543	152	475	807	969	971	40	239	54	454	413	456	719	9	256	521	270	211	732	359	410	4	326	353	545	742	817	34	900	760	26	258	510	96	482	154	704	737	265	113	316
965	693	968	583	422	12	388	931	616	238	174	262	118	70	187	332	899	849	222	766	857	268	384	657	290	98	675	21	123	696	733	93	966	877	567	847	37	750	434	648	606	300	690	138	119	575	622	352	439	45
278	36	941	117	912	27	169	435	753	421	744	358	468	1	624	609	173	626	111	758	563	938	415	484	855	926	884	242	189	761	85	686	139	593	710	183	437	764	706	695	281	84	14	647	408	145	429	330	604	10
458	728	914	126	185	527	530	224	237	260	705	391	378	864	709	194	192	493	295	771	254	369	546	196	838	734	615	448	450	374	367	266	970	638	697	184	32	964	600	269	768	655	389	65	426	457	824	727	956	724
780	375	349	519	489	279	778	730	86	698	438	366	322	102	153	233	808	357	603	618	669	865	887	42	856	380	304	134	754	285	873	853	765	659	444	577	579	531	495	564	639	171	972	953	341	60	51	287	920	842
414	244	913	22	94	679	700	961	859	581	361	869	292	726	586	836	881	723	155	487	120	711	607	205	58	172	48	673	275	613	392	688	905	627	779	963	936	837	500	75	282	141	402	343	319	654	455	212	952	888
815	919	789	934	466	370	841	170	365	186	41	870	135	433	277	252	916	393	338	188	537	949	336	854	494	315	177	427	687	799	670	566	325	943	861	227	323	471	253	602	400	467	215	461	573	745	351	409	74	7
790	875	491	503	911	924	291	902	508	452	50	348	570	840	129	512	662	667	549	802	769	431	199	649	217	255	219	547	301	371	483	230	443	243	92	479	682	810	334	261	846	451	804	132	164	811	893	582	635	383
364	910	812	150	416	559	611	883	868	209	660	179	488	80	289	694	317	474	62	131	67	927	385	110	643	30	399	731	918	162	681	642	921	440	161	867	860	637	959	405	960	284	206	755	109	650	538	644	157	3
641	689	303	555	453	871	722	967	886	636	925	318	271	264	571	777	736	390	879	52	528	250	142	328	241	717	83	504	718	896	891	55	590	658	720	739	834	596	236	101	748	477	411	106	782	11	381	46	198	866
39	522	105	652	597	526	746	404	556	701	263	144	428	103	612	923	605	331	844	756	228	425	204	525	823	470	851	276	792	114	379	72	773	225	344	898	309	901	68	801	56	82	218	803	423	112	513	146	585	551
95	210	23	862	127	213	819	231	928	175	165	772	478	536	825	0	554	480	826	195	38	646	345	214	668	79	664	310	382	401	288	666	553	725	497	406	498	163	878	505	541	247	108	465	614	469	822	569	320	776
598	299	356	625	783	830	677	791	35	297	43	955	280	848	472	672	835	937	137	248	64	446	121	6	942	8	226	784	221	894	797	24	486	795	897	933	608	386	13	629	763	774	463	818	676	313	259	441	257	885
892	412	203	350	124	509	249	948	502	661	542	133	785	432	182	15	560	31	929	346	550	580	197	482	672	508	783	170	712	757	584	166	638	52	786	1	128	537	100	347	200	789	172	85	541	272	538	273	933	644
194	158	164	485	735	853	858	93	265	972	464	611	467	64	327	580	928	891	398	374	811	883	579	301	192	764	91	95	793	360	53	886	643	241	299	413	269	562	73	70	412	626	803	926	406	479	86	551	783	314
407	960	906	903	339	649	780	933	634	181	185	725	209	277	515	322	187	582	249	911	203	116	788	937	148	282	845	174	394	542	934	416	459	919	872	739	268	959	253	285	191	82	555	613	79	965	111	701	487	283
777	369	476	318	409	955	653	391	392	851	328	678	414	595	157	449	736	204	860	535	602	373	563	96	118	918	654	255	896	558	183	787	567	584	19	869	664	356	127	942	365	372	729	497	658	152	226	667	789	10
802	56	426	516	831	914	593	175	681	297	308	364	217	731	757	901	652	293	624	961	897	304	121	212	818	334	27	590	138	496	769	451	456	822	306	878	14	343	552	7	250	425	592	707	302	331	799	445	218	402
800	2	103	967	222	421	607	510	726	385	133	700	344	866	568	631	861	675	648	315	553	628	232	124	740	812	44	829	774	102	527	289	84	871	247	215	165	97	100	688	528	859	529	378	257	76	868	698	46	410
968	839	208	744	300	422	207	920	236	228	23	434	755	420	500	483	210	909	954	932	389	706	738	33	484	549	427	635	721	806	737	21	722	98	312	836	411	824	85	477	72	252	178	195	155	884	3	880	240	904
841	395	752	396	724	912	358	598	171	35	538	55	605	430	83	915	970	620	273	666	292	45	865	615	57	713	6	771	51	163	660	225	69	230	418	682	873	363	514	773	109	305	899	256	244	362	28	848	145	747
758	597	37	87	384	325	547	216	565	655	319	25	229	492	638	26	630	180	429	359	504	574	142	106	570	575	913	140	805	81	503	711	576	775	679	94	541	490	368	846	354	874	153	388	661	200	156	531	303	856
578	447	599	665	640	834	453	902	123	855	847	274	189	432	526	404	637	890	882	337	39	571	346	92	828	455	949	863	214	491	895	691	221	311	309	294	499	170	798	816	62	717	66	107	962	609	298	931	307	756
89	518	569	837	601	386	352	692	779	606	0	537	182	825	162	702	796	651	141	583	670	621	448	585	513	785	686	261	173	290	662	260	581	254	262	169	335	623	600	401	522	596	245	849	935	128	355	610	454	134
908	9	38	833	341	782	704	132	921	594	618	905	540	4	952	353	495	146	271	68	198	120	699	22	546	677	639	63	486	741	284	333	188	482	776	177	790	889	276	879	625	636	603	110	440	644	619	642	676	548
101	944	40	441	258	766	48	468	588	399	160	465	131	233	723	646	971	759	75	907	689	795	923	32	201	645	393	370	633	36	248	814	190	819	589	530	823	80	460	431	572	246	801	224	827	969	545	239	34	272
876	964	730	502	329	864	313	815	223	340	794	556	924	881	473	205	520	139	267	778	843	143	627	950	336	151	231	958	591	539	963	129	108	650	41	351	136	807	113	844	768	387	830	65	715	119	632	474	403	435
543	286	446	557	930	512	184	718	753	940	219	381	663	291	885	147	517	746	641	781	673	712	323	310	521	461	857	144	105	54	734	685	784	947	733	243	31	809	130	320	202	375	680	767	166	720	946	710	951	761
506	419	122	820	488	561	842	270	88	604	213	608	211	927	870	59	791	238	397	832	690	916	693	577	275	321	586	709	472	519	161	227	797	674	345	266	745	705	469	696	326	463	939	405	765	772	669	367	695	99
536	762	808	498	714	71	656	12	716	852	20	742	508	357	176	390	708	179	835	342	220	172	566	330	534	925	533	114	382	196	296	862	235	614	259	193	893	159	956	647	554	684	493	697	943	280	74	349	379	727
437	953	42	433	415	754	295	892	316	125	199	24	137	763	438	910	186	938	60	867	115	52	917	58	550	936	428	587	30	383	471	112	462	117	573	672	376	458	17	826	854	149	78	317	770	703	875	817	263	629
622	436	442	67	922	792	77	850	507	525	5	480	840	560	748	687	324	478	264	167	380	237	888	348	671	732	505	400	511	197	332	509	439	728	350	544	786	43	523	1	743	494	417	838	126	104	887	15	450	29
371	11	668	750	719	957	444	287	481	810	612	617	377	900	90	821	524	154	941	694	338	489	50	135	898	16	366	443	749	13	945	279	501	168	452	475	288	470	894	281	948	564	804	424	457	234	559	877	8	751
659	18	616	347	242	966	423	657	813	206	408	361	61	760	251	49	683	466	278	150	47	532	929	521	134	43	794	243	426	47	342	565	783	297	686	970	250	353	209	292	516	886	543	801	576	949	175	558	688	789
555	550	798	32	9	526	379	8	159	565	841	183	471	873	961	53	580	605	30	599	385	357	475	446	203	763	520	142	849	482	840	444	609	394	783	198	240	590	655	542	754	486	522	283	29	519	290	497	151	344
423	686	544	970	314	639	174	896	110	927	969	117	842	302	366	570	102	329	723	871	859	196	263	445	209	41	534	277	47	342	874	870	68	844	753	296	636	120	939	889	275	398	254	419	622	442	719	127	945	28
672	321	573	131	612	19	370	467	581	432	687	694	554	507	341	458	119	771	233	0	187	17	295	569	397	621	724	111	959	835	543	249	604	12	402	337	152	915	22	641	971	82	273	596	365	243	698	282	230	201
371	481	899	938	668	809	59	195	734	560	206	27	958	89	789	395	74	139	811	463	648	514	787	339	869	505	863	762	834	409	825	448	412	972	115	801	653	360	433	63	404	827	601	460	499	310	439	227	642	733
922	323	238	862	167	335	175	665	551	903	736	79	417	532	657	696	537	796	504	530	681	643	52	517	455	300	262	749	916	769	126	92	727	911	690	264	658	474	684	297	847	179	885	403	359	144	232	901	168	170
245	941	194	503	137	299	303	563	457	720	822	235	663	864	104	50	772	93	739	424	184	266	453	349	766	521	94	716	773	85	817	113	557	830	562	270	795	659	330	421	591	239	340	216	677	392	488	70	191	285
881	473	895	845	518	78	726	832	820	752	364	535	654	815	165	351	166	912	610	16	396	48	138	704	386	837	793	937	722	406	921	95	214	5	358	897	891	124	800	633	21	523	178	949	629	788	770	468	839	132
258	415	743	748	399	706	614	776	140	56	464	298	26	957	843	730	172	630	705	362	876	327	108	608	452	647	220	328	913	708	721	814	615	324	951	956	81	269	410	346	13	477	466	271	498	87	746	430	617	375
925	548	162	100	272	160	828	121	892	435	781	742	495	777	940	155	145	594	469	700	566	893	857	860	848	670	77	838	18	546	611	319	616	718	561	506	652	158	244	91	710	738	380	794	57	67	23	286	635	188
374	136	603	894	429	479	508	246	626	373	157	625	472	853	154	887	929	217	383	332	703	882	812	729	577	536	597	584	252	51	640	36	237	747	855	953	485	304	500	682	880	210	247	731	73	478	107	250	924	221
141	826	950	259	260	697	11	919	501	408	219	377	361	368	43	426	431	193	759	65	289	190	904	906	765	334	459	487	441	287	740	886	538	816	785	306	875	702	422	758	802	598	436	942	313	856	751	447	568	465
356	576	645	37	224	146	575	98	898	420	678	326	660	804	112	202	387	400	347	858	55	572	470	571	528	451	363	147	634	878	388	545	251	756	866	854	4	354	384	391	454	613	181	274	914	378	780	83	171	821
284	879	156	62	928	646	715	963	462	948	135	618	944	281	88	574	434	401	818	288	527	236	343	588	493	345	308	186	792	177	129	105	489	868	582	683	33	851	153	476	204	101	416	38	372	414	872	589	510	161
693	114	606	405	784	20	331	935	39	72	966	782	824	512	257	819	218	689	320	150	248	675	712	947	86	130	494	593	253	525	255	962	97	709	25	902	797	265	461	541	212	540	294	732	502	169	833	96	393	223
437	509	960	667	764	123	619	1	90	932	558	143	917	173	549	861	382	884	438	418	692	583	312	492	905	664	242	823	228	578	45	34	553	390	231	118	352	125	338	75	631	234	211	185	595	440	369	66	279	31
908	547	877	744	810	662	54	427	900	676	229	425	803	222	148	688	807	923	450	920	714	322	805	208	348	711	907	315	865	559	511	717	122	76	767	513	955	256	552	556	533	624	737	755	213	309	149	84	449	768
952	883	602	779	808	774	666	579	199	651	180	725	103	930	679	99	943	669	2	671	116	278	661	80	632	745	701	456	799	336	291	207	934	40	637	587	496	333	936	831	673	6	850	128	954	3	786	531	268	176
483	261	163	836	890	600	292	46	524	280	867	267	15	790	607	325	699	35	967	695	355	44	910	389	564	484	656	650	909	964	846	293	691	480	376	381	620	623	353	585	674	968	728	413	529	649	49	735	627	778
307	71	965	189	14	24	69	42	586	301	276	200	918	813	133	58	685	592	205	305	567	761	225	931	713	888	367	164	829	182	933	109	318	791	775	750	644	350	515	106	926	134	806	60	638	226	64	7	707	215
197	741	192	428	490	316	311	443	411	10	407	757	680	241	539	852	61	946	491	628	760	516	317	650	178	154	936	254	615	416	906	498	473	200	521	48	589	947	274	23	638	172	392	40	346	14	287	567	30	278
49	635	142	948	533	299	881	802	436	206	322	822	282	56	716	199	180	588	329	407	167	328	898	738	723	451	564	794	32	146	857	525	561	658	514	132	490	134	78	709	413	715	317	817	651	931	697	795	968	435
484	663	373	615	34	222	242	900	524	412	52	787	62	161	775	420	708	241	712	505	151	584	674	579	80	582	277	753	440	886	44	838	745	374	808	90	144	312	145	656	793	411	160	208	429	288	624	860	694	523
865	364	720	796	611	596	829	16	517	409	722	120	472	428	385	340	854	971	378	466	696	449	599	726	381	589	29	810	177	721	654	88	350	354	939	216	60	760	421	958	324	601	302	13	432	832	616	474	115	495
479	232	377	929	190	653	546	264	749	291	755	307	188	99	951	711	148	1	932	389	301	681	503	541	75	98	467	893	69	426	641	935	228	214	742	895	353	506	811	45	675	826	233	450	965	883	797	927	308	213
530	508	556	310	607	864	418	504	585	379	748	343	569	454	836	942	237	555	550	448	617	741	183	35	814	40	211	293	304	960	598	972	812	290	756	930	961	361	405	540	365	507	621	192	894	679	380	970	509	424
4	480	568	65	833	485	875	527	86	166	344	919	583	501	404	76	272	371	463	737	806	907	445	265	954	603	431	871	861	677	135	67	270	367	255	275	72	510	655	391	108	923	665	535	230	153	735	625	100	659
683	17	618	634	526	48	704	610	851	576	513	280	498	866	925	23	840	557	809	682	97	419	398	79	816	863	287	182	768	594	868	461	106	878	486	773	403	859	109	853	686	922	178	560	761	444	845	457	122	730
223	370	943	831	920	276	369	58	41	828	186	193	502	691	791	292	597	149	889	559	602	335	458	566	156	453	619	511	209	38	278	848	102	807	763	187	804	906	666	852	946	731	408	790	846	751	752	51	256	874
591	383	71	141	670	155	869	743	107	239	138	423	934	876	372	754	476	219	24	891	788	497	707	640	254	649	113	528	289	368	136	494	956	518	400	470	587	227	769	306	766	740	870	937	534	234	643	780	263	399
81	725	538	124	7	554	969	127	590	801	913	240	133	11	8	955	247	830	873	622	250	333	150	819	189	414	841	73	59	50	397	184	197	212	500	885	43	129	529	921	825	692	175	953	26	331	339	499	489	799
273	562	61	719	547	117	781	9	347	631	637	266	84	191	295	53	515	626	430	702	286	464	493	729	657	91	262	539	744	732	352	442	342	375	778	66	957	950	839	162	170	915	877	779	944	785	176	632	706	642
687	570	815	3	786	660	552	896	325	928	416	321	703	28	901	174	315	777	388	872	567	68	226	867	938	959	827	131	386	139	916	798	5	203	572	15	42	606	358	520	417	46	543	700	393	260	563	668	251	952
64	195	705	210	165	220	549	880	164	345	724	647	252	512	638	349	581	455	684	964	488	608	671	531	764	849	459	789	821	314	14	575	118	268	427	750	890	39	244	181	577	305	818	850	77	468	639	792	303	171
111	125	767	54	844	784	376	593	620	600	941	824	168	644	346	297	947	281	401	406	820	460	690	172	551	434	904	478	269	207	126	680	481	909	532	482	221	47	471	238	966	698	95	843	771	710	154	521	536	159
112	614	173	348	245	447	63	319	366	105	772	274	332	544	296	586	571	309	558	351	337	862	70	330	103	390	21	612	545	258	776	805	326	652	855	645	672	163	19	284	128	837	623	580	963	917	422	914	734	257
261	318	595	452	565	910	542	689	185	856	774	685	57	477	101	834	465	279	267	6	37	410	121	803	926	858	717	215	31	92	673	462	194	229	842	609	678	676	747	733	311	899	231	473	496	758	446	519	695	884
770	253	908	699	0	355	604	334	491	548	962	294	605	522	152	96	902	205	341	243	323	246	537	630	394	158	395	87	433	765	116	140	592	82	283	425	169	516	248	396	33	646	613	945	487	20	578	320	664	402
336	553	629	94	204	25	143	897	650	201	327	903	887	300	633	847	157	669	217	36	74	392	363	147	119	2	739	89	469	110	123	662	911	783	384	736	879	104	85	483	727	782	235	271	356	22	313	800	759	636
718	12	888	18	443	359	357	728	360	713	236	130	912	316	27	757	298	196	137	967	441	387	114	918	456	200	949	936	835	218	628	362	574	688	30	437	224	762	746	933	382	573	179	627	892	249	648	475	285	202
924	714	882	83	492	661	905	940	93	813	10	439	259	338	198	438	225	693	55	415	667	701	823	707	529	964	615	602	702	896	595	261	525	153	514	876	275	397	293	2	512	728	46	715	300	80	900	123	656	50
345	603	9	898	10	873	645	771	53	255	306	426	638	883	249	130	812	755	841	536	165	251	580	488	756	544	73	204	315	147	962	290	256	146	495	32	890	593	618	434	907	182	333	723	303	636	664	150	262	633
744	209	196	880	263	91	443	642	218	661	552	620	643	956	698	797	917	959	718	839	566	518	360	449	514	161	953	22	938	236	103	504	248	131	788	641	500	942	180	382	376	63	674	193	923	197	415	803	920	33
604	734	653	353	145	126	143	768	748	747	738	965	432	589	100	120	403	573	639	649	647	121	868	847	579	219	964	626	340	527	816	329	767	107	177	711	446	210	571	465	31	628	356	461	412	935	265	578	157	34
190	206	796	264	894	511	779	347	385	342	390	349	690	835	510	113	524	717	855	909	23	487	866	888	735	709	413	267	202	260	188	692	95	669	780	701	41	3	619	703	283	826	531	616	494	398	763	80	807	543
158	879	294	658	99	555	39	836	355	366	592	843	69	59	215	765	416	400	793	591	254	323	961	397	892	951	764	456	650	211	468	683	447	54	825	886	545	926	537	685	472	156	152	5	128	595	687	963	742	266
583	745	937	924	79	174	314	296	781	123	49	101	637	899	417	688	83	903	631	132	348	724	277	823	42	693	223	533	257	795	246	766	250	213	668	508	307	344	21	534	47	564	454	630	786	452	881	331	363	302
805	791	108	859	476	966	697	905	623	707	29	808	601	87	430	710	913	625	749	11	815	51	754	596	819	840	862	891	588	509	814	857	418	558	908	813	435	317	343	679	914	391	282	670	648	712	635	192	451	185
78	952	525	575	901	872	285	181	689	526	911	615	82	784	762	931	740	25	389	646	319	846	268	665	419	216	519	122	644	408	804	458	308	175	217	783	399	230	86	378	61	885	554	280	380	164	394	203	827	715
239	547	276	728	318	261	743	38	410	352	520	967	811	24	243	300	137	655	369	930	480	818	760	934	18	474	440	228	912	507	65	259	792	753	858	515	705	332	832	700	338	124	393	358	921	478	721	19	45	64
135	436	606	28	26	837	288	652	141	402	632	548	37	70	810	85	407	35	607	272	2	806	275	427	799	614	925	539	379	171	553	713	877	361	746	56	111	96	183	114	405	334	448	237	582	848	15	538	425	945
60	227	199	153	576	414	541	856	309	870	657	170	493	129	737	401	736	972	695	503	0	52	112	305	833	167	949	330	367	627	774	821	516	27	567	605	189	834	271	404	565	115	433	860	696	574	106	699	854	221
30	125	622	486	387	722	479	370	501	505	532	208	245	933	822	673	943	214	71	324	240	151	93	757	654	936	1	667	247	828	173	662	599	902	831	429	289	498	328	194	777	733	484	270	134	719	142	43	81	178
320	179	550	594	119	286	312	336	869	6	200	58	948	383	409	13	906	375	14	684	569	195	775	585	301	253	341	897	481	613	144	785	154	439	232	386	681	874	48	960	617	220	310	759	311	118	176	138	467	549
350	769	362	675	790	36	884	651	68	845	7	420	602	464	374	491	787	660	634	969	731	871	298	927	563	459	66	694	671	98	224	968	354	411	163	441	752	851	778	44	335	621	396	542	794	295	244	496	568	586
861	680	229	958	682	471	889	612	517	809	205	160	970	590	368	351	231	117	489	470	279	559	67	297	292	90	551	166	896	789	326	337	97	422	676	929	950	453	562	706	475	149	716	278	316	522	392	557	802	506
546	535	136	875	725	162	919	365	313	92	600	473	686	904	729	72	761	168	442	587	940	428	184	941	727	852	918	444	782	758	842	893	817	954	739	381	513	102	373	492	864	186	388	466	895	191	450	212	944	201
882	281	584	829	424	776	916	325	666	77	462	8	672	609	528	291	624	372	293	485	867	431	820	751	284	242	273	640	932	258	187	608	406	598	222	610	849	597	512	947	457	560	900	207	16	159	198	89	887	529
853	364	850	691	346	20	801	116	46	395	377	957	490	463	460	611	235	94	477	469	865	274	910	772	299	720	663	238	629	561	800	50	421	155	955	659	172	88	339	830	384	878	708	521	62	139	570	148	109	169
287	502	523	438	770	304	581	140	269	359	702	971	455	17	133	556	57	678	252	74	233	225	234	732	76	714	4	321	437	844	55	798	105	12	824	40	445	497	84	226	127	104	530	241	922	838	322	75	730	327
482	741	915	540	371	572	423	726	656	499	773	483	110	928	939	577	750	677	876	863	357	704	946	625	903	898	389	493	16	538	357	837	362	768	841	117	59	386	429	321	243	616	939	319	692	674	497	793	86	382
634	930	315	612	47	325	632	726	127	443	102	299	640	613	838	428	879	889	473	635	696	809	915	301	668	67	651	5	603	865	697	727	694	93	278	202	762	72	537	757	942	97	966	66	79	732	711	261	568	87
128	453	935	729	277	35	197	183	972	962	690	819	448	583	80	365	799	922	499	500	90	822	820	25	205	323	445	653	63	400	344	684	662	427	934	767	907	951	338	601	883	544	42	807	841	849	419	39	450	406
291	322	954	565	918	290	77	280	9	960	94	457	844	171	921	32	765	770	60	206	957	131	2	971	139	275	372	604	135	426	71	148	142	937	899	843	475	373	928	241	267	893	837	203	13	201	65	731	343	629
949	795	753	84	43	863	153	958	116	666	441	363	396	393	398	33	964	875	947	312	376	274	790	326	413	24	801	492	505	433	437	368	730	689	469	529	138	502	618	607	425	403	655	810	170	800	458	446	897	480
117	144	20	587	884	567	248	523	126	187	223	366	828	672	386	95	514	73	244	669	76	734	129	656	337	610	124	8	262	680	932	713	266	646	157	850	81	375	462	751	766	528	829	709	311	885	852	439	215	735
111	538	54	306	208	34	681	556	839	409	551	823	429	478	794	685	775	239	605	447	664	553	912	358	554	876	712	237	891	575	584	120	620	185	532	851	184	900	592	449	940	677	621	18	821	571	503	524	377	647
166	85	784	786	963	848	134	423	700	30	154	936	351	644	748	856	304	318	508	888	498	716	251	55	159	773	521	271	199	108	335	541	64	956	114	272	675	597	639	717	168	342	250	59	579	284	122	23	880	496
539	512	950	706	115	181	359	733	600	464	456	747	314	788	952	104	509	606	910	434	550	460	110	88	391	586	638	627	965	27	902	100	451	99	125	466	815	919	485	231	287	172	695	265	438	826	746	749	240	424
955	107	909	624	219	243	943	463	31	961	421	699	736	825	870	96	842	793	701	780	688	913	708	163	658	650	572	754	581	682	797	479	495	212	109	488	914	864	143	546	294	216	596	194	564	547	68	557	175	317
593	483	693	15	58	645	316	381	333	461	542	764	904	188	657	791	150	220	282	57	830	840	752	818	82	101	399	235	827	246	493	374	543	388	573	238	402	898	745	454	417	853	785	465	320	577	286	549	641	776
283	467	186	472	119	193	847	255	808	558	178	846	725	533	743	667	229	209	687	590	16	854	643	929	628	236	200	432	189	436	156	256	12	679	70	40	491	305	174	710	939	355	484	665	412	722	792	616	908	778
615	133	210	394	217	631	599	814	673	831	703	916	777	905	44	782	167	145	336	353	288	649	487	310	535	659	176	281	560	714	422	911	331	221	370	526	702	470	165	569	663	878	146	6	17	494	395	382	149	652
588	783	98	860	37	862	806	132	151	361	671	222	723	925	589	591	392	474	106	228	330	796	260	198	379	927	759	36	328	802	531	29	520	545	774	945	7	180	196	861	660	866	444	384	931	362	360	21	158	868
522	691	903	86	724	692	226	811	504	354	578	698	525	177	548	585	1	715	719	357	207	872	707	959	341	3	225	227	332	257	390	352	408	760	625	561	858	416	967	676	923	881	867	887	69	486	245	894	622	141
264	383	252	140	924	917	750	285	14	179	51	387	756	232	877	798	933	397	190	489	289	661	303	121	105	130	46	50	214	89	173	789	941	307	45	744	619	364	431	414	527	334	340	896	164	559	19	292	348	118
218	162	385	91	490	161	78	258	552	269	254	380	768	920	476	481	737	309	892	41	195	204	404	506	92	742	890	540	371	637	739	152	308	459	369	926	300	407	630	62	515	582	772	728	420	339	347	833	367	608
468	74	906	516	440	345	507	211	510	813	895	253	405	805	824	566	103	648	52	530	678	22	230	263	279	623	155	511	534	871	113	812	313	293	594	869	321	944	302	327	938	136	602	249	477	75	160	576	518	0
836	626	721	595	191	614	705	816	513	763	598	901	834	497	297	787	740	48	704	324	224	857	755	213	580	28	686	654	771	886	401	49	242	536	574	617	147	411	845	346	10	832	738	769	683	410	803	758	26	948
182	611	435	779	882	519	563	259	720	4	247	969	276	418	233	455	415	741	642	609	169	112	137	430	350	817	946	123	56	718	442	234	319	501	378	670	633	83	781	859	855	296	270	570	329	517	452	874	674	295
761	349	970	968	873	298	356	471	192	268	562	11	835	804	273	38	482	555	389	61	636	953	53	186	133	451	3	408	348	431	621	409	499	79	512	663	424	822	14	60	908	33	627	554	760	342	671	40	160	400
671	902	7	303	213	948	66	166	364	236	16	499	469	596	721	470	365	391	761	920	689	368	334	269	837	476	882	409	946	467	594	553	136	641	235	723	865	50	864	516	309	586	962	311	381	121	239	960	45	502
915	463	474	350	401	258	515	648	2	543	538	320	914	855	922	933	264	714	299	480	388	539	404	571	911	80	786	296	270	84	139	793	482	647	722	554	315	394	40	518	751	248	832	151	775	828	415	260	71	462
326	385	471	861	740	414	275	717	485	119	8	347	852	528	176	777	312	900	35	694	301	649	230	845	331	901	695	300	679	511	804	602	99	354	389	774	78	935	731	704	479	754	69	116	380	193	601	140	875	932
944	945	109	386	445	908	291	443	748	481	755	26	862	56	691	846	245	294	827	85	747	406	412	120	626	150	593	108	841	942	620	950	12	859	904	784	558	346	738	618	317	207	666	943	402	454	699	549	633	156
61	369	57	759	372	351	24	527	73	770	953	903	711	339	609	817	405	537	79	702	790	174	22	373	873	184	199	11	520	223	169	812	192	20	839	55	191	302	617	842	825	634	101	441	805	580	393	224	432	934
23	340	550	242	947	449	745	965	917	703	163	889	221	97	503	178	883	358	49	228	349	143	776	893	615	972	715	693	15	447	822	490	746	407	540	43	684	21	282	749	451	897	52	439	9	477	466	18	261	371
177	345	102	899	397	142	513	734	106	644	165	131	395	376	286	937	297	697	831	196	70	823	186	246	753	670	795	685	851	763	132	952	465	487	826	701	705	190	878	744	860	898	400	103	455	927	399	94	613	148
614	970	834	134	835	141	6	426	362	435	566	86	931	428	175	789	491	611	585	413	83	332	919	674	833	285	138	780	595	367	735	821	501	522	610	564	100	863	597	182	128	342	204	162	233	541	643	255	423	33
819	868	768	764	871	771	672	929	74	894	772	144	125	949	830	77	272	760	870	725	956	709	238	966	547	552	298	374	10	460	67	612	1	677	829	930	708	680	403	89	459	683	158	251	396	578	853	581	888	637
253	848	606	434	858	854	961	923	336	486	440	765	171	81	951	225	488	673	895	457	209	688	628	592	523	881	464	669	521	343	123	757	189	91	181	307	568	237	231	27	356	573	425	692	408	794	756	724	896	323
964	448	526	257	909	115	155	215	808	63	202	869	941	608	773	112	912	135	90	244	212	598	591	98	959	137	398	619	548	796	588	218	113	452	654	198	437	532	468	664	187	160	667	575	36	712	60	200	802	29
