0,1
7	31	228	510	74	299	829	109	125	1012	952	774	507	915	126	1080	359	301	120	369	203	705	1124	1203	1100	601	1231	1178	958	739	452	413	370	555	924	1261	752	1249	102	273	1144	447	1343	811	481	1081	550	366	145	56
190	1321	16	1272	223	756	124	1028	544	414	431	987	143	298	968	381	307	911	965	689	87	795	267	1192	967	418	916	361	896	270	1042	222	859	835	894	1130	867	1211	439	1313	1074	990	425	957	1181	244	1014	35	1308	684
891	131	582	1161	1255	1266	348	989	904	471	278	329	442	970	233	845	67	202	245	498	48	1067	123	511	1205	512	1179	1320	234	679	43	332	910	261	842	217	218	1102	112	905	225	11	1174	794	734	501	611	341	212	75
647	1200	1334	1323	844	1332	494	1004	1151	518	764	1223	1301	821	1029	558	1185	339	1134	1172	461	754	971	1219	708	411	482	704	758	906	1059	1367	39	935	533	846	1363	748	612	450	745	179	142	1226	1316	675	1358	784	334	437
440	874	537	562	325	890	1305	427	988	1142	454	878	695	304	1251	271	969	372	64	876	1242	1197	1187	685	121	1285	1199	305	660	982	69	1189	29	139	171	539	838	188	843	565	68	1023	1015	420	1330	1337	191	525	463	1152
866	580	27	949	426	941	520	960	174	373	392	858	1069	1288	1115	751	613	60	1191	104	358	1140	567	1291	800	1327	596	1109	1221	417	354	1030	491	22	326	672	230	274	799	776	151	1114	172	722	1	229	85	1182	1171	1076
375	1040	323	80	573	668	157	730	318	792	1170	742	913	744	1350	1026	177	616	36	1282	383	1133	24	486	682	1053	646	815	666	1186	1169	211	559	779	576	1057	529	854	387	773	1246	981	194	52	365	483	1225	696	1287	1357
1298	1018	997	711	20	709	152	1063	554	264	707	41	699	1070	1292	345	1041	445	767	173	855	994	1150	51	1294	1359	1195	384	857	719	781	643	1094	1054	995	814	524	30	204	1354	180	492	721	1175	907	649	495	1365	979	213
1173	363	255	34	106	73	808	479	1218	803	593	723	879	1019	881	374	6	619	226	893	397	300	603	419	196	939	1176	521	378	1346	872	1304	886	589	428	280	82	618	577	688	900	1196	564	287	335	528	416	703	1084	657
514	1353	1220	954	1309	1276	909	1311	1257	604	763	1129	37	700	1007	860	658	789	403	1055	1088	115	625	133	78	1319	804	153	899	1318	399	95	284	812	441	931	683	883	946	421	155	1013	984	477	903	1244	175	1131	101	1237
1331	1348	467	140	770	1198	691	951	247	475	410	79	718	253	249	738	205	393	633	88	242	636	349	513	1031	250	1368	895	980	1163	598	1351	1250	10	276	193	832	706	504	816	731	434	953	443	45	526	712	385	1050	1234
1302	53	342	132	950	819	591	1243	195	1207	1085	1274	508	1082	654	147	930	716	474	57	285	1002	197	138	23	1064	1132	1349	92	964	786	163	996	448	943	531	617	1087	1248	1310	729	216	302	176	114	1111	484	429	386	1279
181	827	1024	277	805	292	1137	702	1277	839	768	1162	961	1216	1154	546	1260	897	9	831	337	1058	408	76	235	810	248	33	628	725	1228	240	940	1046	820	1333	8	693	192	353	963	1324	444	294	1052	1236	487	873	569	499
1209	49	622	12	1156	665	1025	169	1139	548	585	496	430	1108	782	259	530	1271	955	252	458	1036	602	1338	937	1299	260	1254	322	94	1362	635	473	629	817	1122	1143	999	505	664	735	798	920	1281	357	1107	161	116	1048	1068
631	19	1145	485	263	1295	608	167	841	295	1125	423	1290	584	549	321	100	772	592	1269	84	863	948	720	823	42	669	122	135	692	828	880	578	547	571	293	861	615	1268	726	315	99	590	1157	1117	775	415	237	1283	108
743	687	942	833	438	1239	673	698	1123	807	254	750	500	882	850	519	141	962	809	769	183	517	614	1356	1306	568	1193	1164	545	638	639	572	778	379	1138	184	309	198	579	1340	262	1201	1045	1099	1265	532	220	834	398	389
991	159	47	609	1300	790	1079	166	1214	1153	1093	681	1342	887	623	1016	822	351	1235	1005	870	1213	1148	456	536	791	986	65	186	588	460	1167	1165	788	272	1104	976	311	28	1158	164	581	563	97	1194	1366	130	836	637	402
1027	367	96	352	489	1273	1253	224	802	303	824	869	663	1051	912	945	922	1141	110	992	21	170	344	1256	72	1120	449	215	388	1208	697	105	1034	840	1326	566	91	610	740	1003	868	771	1000	966	1049	243	853	156	317	1284
1061	1062	1118	1155	538	936	908	199	1188	497	1355	86	1083	396	257	1210	849	282	231	236	457	621	462	884	1232	1263	1112	407	1314	1259	238	1245	296	1001	470	1009	1166	993	466	1275	312	1022	932	1126	478	741	503	107	765	934
377	70	1035	933	1044	1008	390	424	1160	793	333	1212	435	1017	728	898	1227	641	862	973	1238	118	336	154	1322	600	200	1247	1184	136	1090	50	864	626	753	1092	594	1177	241	757	1339	98	1230	1056	667	678	451	1105	583	83
983	1071	405	956	634	694	61	146	871	400	661	162	761	59	1011	306	3	316	759	1128	1183	676	1217	1222	651	119	210	509	523	266	570	1229	129	279	522	81	926	888	14	469	178	947	620	1347	111	677	468	1038	214	1073
327	160	476	1361	26	1096	1297	182	1039	25	275	1121	901	1089	885	38	848	1086	1325	586	1190	382	465	343	1262	66	338	642	289	433	148	852	686	227	724	149	975	605	587	737	488	1101	659	1047	113	1116	1241	308	1335	265
320	560	851	63	889	144	219	1329	837	928	1280	650	58	1312	2	208	1336	599	938	251	391	541	1202	959	17	542	1215	1010	575	281	1113	1135	187	207	165	927	892	246	269	288	830	1060	394	701	977	297	1043	978	310	553
1136	291	632	1286	1303	787	918	644	714	1293	189	710	5	1264	925	515	826	432	453	847	362	1328	127	561	209	314	331	656	552	404	806	368	1066	902	117	493	324	556	0	1033	55	1307	1127	1317	455	595	1252	717	875	319
18	813	1110	350	46	168	674	944	340	221	1315	436	1341	627	998	258	137	330	376	1006	158	972	1204	32	150	777	103	347	551	540	727	516	929	1037	206	985	1364	877	412	328	648	346	680	1360	736	607	917	459	1072	506
1296	1106	923	355	1119	446	1091	534	766	422	380	201	671	128	1168	1020	401	1233	286	268	90	1065	464	1278	1258	921	1077	690	785	1267	1103	1075	797	535	914	640	713	557	818	865	747	313	749	232	364	185	62	480	732	780
624	662	746	597	1270	134	1021	655	856	783	360	290	1206	71	4	645	44	472	762	801	796	715	1159	1095	630	15	1240	1098	1352	760	606	919	406	1345	93	283	825	543	652	89	670	653	409	755	13	77	1078	974	1224	574
1146	54	395	239	356	371	502	40	490	256	1097	1032	733	1180	1147	1344	527	1149	1289	1179	1172	830	404	623	1156	604	144	1262	620	426	659	443	1358	699	913	409	29	625	263	174	801	1068	929	230	286	460	1072	707	961	88
881	192	577	1003	720	1080	253	245	1125	344	411	1057	1016	97	696	1310	886	407	1116	400	1268	1158	857	1093	88	135	1218	147	756	114	598	1365	56	928	1209	613	1059	341	711	431	922	146	39	17	1237	482	1117	933	780	281
367	674	455	589	737	894	773	831	1298	1246	1151	1005	338	965	1149	408	444	42	697	839	454	747	790	1094	991	4	1273	426	91	1066	1176	237	1172	706	1362	93	141	1038	18	1120	1261	997	934	904	1162	1099	238	1184	962	870
585	649	911	333	872	957	1368	644	257	668	82	634	918	543	549	100	659	863	987	109	1313	421	413	621	1349	670	3	800	113	942	1295	1282	523	702	1214	875	397	7	1367	374	69	921	1270	1001	468	119	760	529	1090	592
1088	891	561	824	64	179	286	547	828	676	1189	1347	1050	1047	1245	188	618	133	463	132	1135	582	995	294	418	98	251	1202	980	1181	1134	349	1197	478	679	525	786	423	339	955	535	606	792	392	488	880	849	276	888	502
283	917	201	1285	1200	1138	168	309	96	365	1011	1060	128	1307	734	1	1128	1204	52	1248	235	759	422	139	1219	867	110	1163	280	522	967	279	1185	299	861	1108	555	669	920	787	719	271	1002	691	46	578	371	1069	694	652
175	301	278	20	329	686	1054	346	166	1007	1089	1322	750	78	424	1145	160	1193	751	1027	470	565	176	330	1152	225	53	123	29	178	261	1351	1250	607	364	1068	1224	579	851	938	242	170	1040	1249	420	1254	1247	59	835	391
212	548	1053	950	287	718	537	1271	313	222	999	890	788	774	293	351	1244	931	973	1137	157	492	772	490	1058	885	1275	1188	823	136	639	1287	1086	752	660	156	399	1243	345	419	1201	274	742	430	992	71	72	288	850	76
415	1227	826	1234	491	1264	99	1327	433	144	1319	1136	1314	483	290	896	1144	429	1129	186	641	131	1052	1111	1006	373	1342	353	588	819	432	328	814	453	1024	958	723	705	811	692	379	1231	721	77	384	1157	359	651	60	1274
193	809	998	215	859	1222	498	1051	968	1346	707	783	733	650	666	1233	1019	198	892	990	163	129	808	1037	221	941	647	902	177	58	879	1315	182	1299	154	566	648	89	1009	368	1324	766	1354	1164	1084	1304	572	1211	564	396
605	510	864	458	16	1305	688	210	124	449	559	775	332	1077	785	265	389	117	727	538	599	1085	516	1357	1065	461	601	358	798	1278	486	781	1352	451	41	489	1105	1348	1328	410	105	376	456	1067	187	145	655	209	74	38
1296	1223	708	476	937	1259	1023	1123	1112	472	866	1312	335	362	728	1104	1281	782	13	1300	709	199	1049	272	700	137	684	1165	49	304	127	985	240	1015	316	1044	1207	19	1103	544	665	765	172	398	617	101	1366	445	2	169
1033	355	484	762	385	323	1148	799	580	1025	952	925	1263	771	1021	1173	1308	1169	239	427	1100	1087	125	174	622	815	348	996	1318	1017	975	624	234	1082	531	268	1168	936	437	363	394	357	1320	1020	173	832	545	895	1239	494
1142	84	515	85	1291	1333	1316	960	1317	416	748	231	948	604	791	1010	877	513	840	745	122	1133	1000	30	847	140	1265	1192	446	1205	32	1215	1340	120	807	562	1279	868	1330	153	369	14	553	521	509	1071	350	817	1153	1022
710	462	554	1119	1277	1335	961	325	1323	610	1336	956	185	945	924	289	672	87	390	1360	741	822	1039	106	761	754	459	1083	567	155	50	171	935	130	1280	526	518	207	441	657	583	1283	602	1107	266	730	300	517	73	662
1150	1171	530	1350	1190	926	227	161	228	1045	519	954	940	930	753	825	1161	1260	1179	695	1358	51	713	1217	550	258	812	916	524	103	1225	722	1101	681	1175	466	1183	1029	699	609	1182	1194	1255	246	587	434	854	412	1267	505
0	35	1253	1240	974	439	1140	343	80	440	306	405	372	871	352	282	68	142	83	646	214	377	62	48	126	307	591	331	487	219	1178	162	764	1343	763	292	450	963	104	402	143	1208	600	795	638	202	1288	501	195	380
1055	495	1341	901	796	560	236	31	1276	630	1212	1289	1196	704	923	573	1235	1203	499	541	9	26	739	1070	905	1095	511	327	1266	636	575	740	1345	805	539	262	1294	616	1141	889	689	277	79	475	425	951	302	568	43	569
1064	1339	914	1078	469	387	834	121	65	946	5	729	452	447	15	1251	625	25	878	206	1081	1048	1241	1131	45	994	675	776	929	845	1139	479	735	1109	504	324	1042	481	1344	969	1167	552	860	1199	1303	75	802	229	900	1256
259	1041	640	295	467	584	749	244	803	715	865	633	586	1146	164	438	619	1110	664	1321	714	1363	507	233	906	319	685	1301	717	542	556	571	642	746	150	570	167	978	90	1098	594	1262	375	1118	690	536	897	181	693	907
789	382	27	1228	1309	213	1061	793	1096	159	311	744	520	191	12	217	347	1269	312	629	216	211	821	1046	112	134	623	457	1121	197	284	1302	912	898	33	1130	712	603	769	944	1353	959	1206	473	264	658	993	1034	1106	115
54	731	830	862	1036	1028	986	406	503	611	770	1127	726	876	724	386	915	620	1143	1154	342	1115	512	269	626	784	725	1226	574	273	404	263	596	767	738	631	8	118	558	1132	138	223	612	23	701	1018	1238	403	249	671
627	1286	858	797	37	988	804	1156	1338	255	395	1008	628	1258	448	108	837	1075	1092	297	1229	778	910	1242	1337	208	285	1073	165	1290	224	337	220	755	356	63	1102	983	779	477	989	1326	1293	260	1311	204	151	190	884	635
1076	909	94	305	184	645	506	1031	10	816	757	653	1174	964	275	1361	595	593	801	496	194	1035	893	1191	1004	736	943	252	899	443	953	846	971	1364	532	514	1355	414	913	1252	654	608	6	67	241	47	534	794	768	682
11	1221	1030	61	1126	1091	838	24	508	1359	970	409	1166	981	40	116	298	320	464	254	1356	248	1230	939	81	1325	1122	86	366	903	250	291	326	678	36	848	806	758	856	205	546	882	442	310	540	267	152	1014	1232	855
1284	732	148	230	460	203	528	1074	1297	949	1306	1177	360	614	158	919	703	687	843	334	493	827	908	887	370	315	557	637	590	873	1198	833	1180	1032	576	1063	1170	1187	1236	1079	947	1043	656	1216	966	551	401	149	361	661
1155	189	716	1026	1072	381	1012	932	1210	836	869	581	55	354	218	317	874	500	615	417	597	1113	497	322	1160	810	383	1332	527	314	984	1329	698	95	303	270	842	321	435	829	1186	474	480	663	465	243	92	976	180	683
318	107	1331	22	844	1272	1114	336	818	1292	972	743	1220	471	28	66	340	813	70	200	1334	1013	643	673	982	232	436	1062	563	226	196	820	680	1097	841	44	977	34	21	247	57	632	1124	378	183	777	296	852	428	1213
533	111	677	927	667	256	1159	308	1257	979	102	1147	853	883	388	485	1195	1056	393	695	1256	1145	56	961	989	1008	1283	723	950	1004	1331	468	925	674	1094	43	196	1317	884	1360	267	449	1151	1311	81	161	591	427	962	51
1324	363	1363	382	1136	452	316	263	605	701	66	482	1135	1236	374	1319	1289	819	841	419	432	798	796	1071	927	222	84	1054	481	51	1325	331	358	790	745	234	1344	388	422	326	765	1124	786	1080	194	424	1033	1348	18	1264
1031	861	1146	961	581	826	507	1312	1060	978	837	755	1231	245	674	867	216	149	1062	1034	761	986	1200	590	394	47	265	649	491	797	1268	1326	661	387	223	858	462	769	1352	156	46	944	1005	592	337	1105	145	310	1000	1145
772	1163	108	1154	1056	873	681	877	506	461	885	362	1287	744	856	878	989	759	1144	962	999	1045	1086	1015	558	67	330	879	1148	607	868	820	1265	1245	933	252	423	785	572	1127	576	496	1311	954	1019	1044	175	992	79	597
1322	636	831	1359	717	650	1298	170	633	781	1314	28	925	121	680	1156	1018	451	1058	1069	889	756	1259	320	123	378	1219	439	783	775	1032	985	405	921	1278	988	276	782	1147	1229	522	165	838	903	103	1221	1218	678	1179	188
791	447	94	1177	664	932	1349	390	1047	1122	1082	1239	845	700	63	583	448	463	958	1251	1021	1198	385	68	433	757	811	747	896	577	85	690	991	523	64	667	793	239	209	749	97	830	122	751	923	1203	418	441	414	655
784	318	509	120	399	437	32	1038	83	136	732	71	203	738	82	983	544	881	1286	1125	288	1213	139	916	1014	128	748	90	727	936	427	9	1108	23	529	894	215	294	487	864	710	376	910	734	183	195	1362	410	536	752
890	1041	100	987	1109	167	1039	1052	349	1293	357	7	125	614	670	805	129	714	1103	1234	555	1121	833	912	807	1210	1360	191	1153	186	1051	699	154	347	205	850	1061	552	353	341	1151	648	456	722	261	852	947	1040	1003	687
1341	1028	1215	81	563	930	1356	1129	871	1235	834	77	70	1271	806	1059	115	1048	116	1176	893	372	126	502	809	1016	325	1270	1256	219	1260	1193	1185	106	725	1087	1207	144	13	302	891	177	658	546	1274	521	425	746	143	429
1184	309	289	570	322	501	968	1092	1206	471	813	392	854	876	874	472	596	604	554	984	1329	72	33	904	792	55	1113	915	626	217	567	824	972	1133	159	351	1076	1361	178	980	741	1216	1143	334	101	163	1097	301	556	1317
416	857	901	1042	691	537	922	764	258	1223	997	192	40	535	1081	762	998	403	127	542	1368	227	259	199	395	1315	321	1126	58	1301	277	1296	866	1283	304	620	467	839	500	601	485	473	1255	327	413	140	575	160	640	760
1205	750	1250	1194	1088	1196	1306	585	812	348	949	960	1285	814	778	450	528	24	1159	489	686	208	827	240	435	235	446	470	464	104	285	1089	360	1183	133	512	373	632	1025	42	641	465	369	1024	1029	1070	30	142	455	1343
693	611	702	478	1036	1232	242	742	663	444	692	625	354	1123	1128	168	162	238	673	803	1046	1197	312	164	147	982	401	95	408	1190	381	1279	627	808	224	365	421	280	229	677	645	926	12	1249	1357	1299	39	1313	1336	132
214	654	185	1333	264	767	657	610	96	278	898	872	1116	292	137	232	1012	1316	380	135	1300	703	181	562	688	883	1308	158	1170	291	1149	445	38	1120	615	34	584	676	56	598	766	352	851	697	1155	1346	588	799	794	286
514	1281	959	86	1338	1272	1295	27	1246	709	642	336	57	975	1211	1074	262	493	1166	1169	92	1067	270	49	375	846	119	672	150	504	1330	480	1096	1364	1252	844	1282	295	1310	8	359	505	899	520	939	780	971	1053	221	14
308	908	707	1115	513	1084	969	1351	955	647	484	993	1091	1217	1228	669	1171	842	713	257	1073	560	157	328	1253	863	110	1064	946	80	50	853	279	255	1257	579	1168	956	952	1290	1130	1267	268	494	1140	488	74	965	371	1201
541	1214	582	696	91	1118	1337	519	1224	595	254	246	207	370	1365	342	511	1350	543	534	483	233	612	1026	343	458	1334	213	260	1150	1280	396	953	269	660	1209	204	547	508	875	724	608	37	666	942	924	652	202	1180	1141
895	409	1297	477	93	161	62	712	319	1273	1142	377	510	498	293	171	442	466	737	659	449	196	415	117	526	578	1189	228	346	698	1220	580	267	1167	272	848	957	1321	356	763	568	1354	966	743	716	638	1226	324	88	1066
967	383	111	303	397	527	566	1057	43	69	1345	929	928	622	1161	155	65	1094	1049	366	282	391	941	298	823	355	1043	1138	431	307	825	1188	5	1102	1302	10	368	548	1328	1134	78	646	1110	603	1191	870	1323	218	917	379
241	829	249	938	41	994	564	1013	1157	804	736	53	931	606	705	516	1099	3	1254	840	1098	711	114	715	651	720	1195	1178	61	1347	198	1083	855	400	1199	970	900	243	338	586	317	902	290	1107	469	389	613	44	1022	721
979	443	1165	964	1023	1104	166	934	1241	54	1173	665	193	76	315	430	525	73	869	237	138	1077	1131	384	974	1132	735	1269	1010	574	281	305	411	884	996	1318	662	777	776	434	920	99	599	911	180	273	1112	888	1276	1263
810	459	1208	220	1007	668	16	880	909	1020	211	1242	634	770	977	976	847	474	22	393	935	768	617	206	244	1227	407	1119	1320	15	182	1244	1305	1050	1175	723	1075	897	533	1079	59	335	412	1001	266	75	169	314	802	1303
284	816	495	428	176	815	499	102	300	173	630	1063	859	29	629	1331	118	818	1065	105	1258	913	565	297	532	758	937	531	675	1266	438	589	718	1367	31	1192	789	146	60	417	231	1275	832	4	1355	754	1243	708	995	1137
990	148	719	1009	404	914	1160	287	36	694	1222	0	283	621	951	274	1248	1237	828	639	643	1277	540	87	795	1233	6	329	594	492	907	226	48	862	1327	367	350	538	656	835	179	945	200	731	906	940	113	420	600	559
549	201	52	618	1187	740	963	460	1008	1335	1284	210	950	981	882	19	271	296	323	212	256	1072	1309	25	774	453	1358	728	98	21	45	486	821	860	1139	1174	1164	1261	250	1181	726	1068	704	1238	550	89	1353	1100	1011	616
299	190	1186	518	539	1106	440	333	247	490	684	1340	1225	524	1204	551	788	476	1090	457	172	569	1172	454	1162	571	561	887	1085	251	623	20	892	573	436	843	339	345	130	11	1202	1078	733	779	1037	517	1158	557	107	1117
729	187	1002	644	225	1304	426	197	730	689	1111	1291	253	530	361	475	141	26	773	184	787	822	1292	628	1342	1262	1035	679	948	230	865	311	313	248	587	1230	1152	189	1004	1030	631	849	918	905	739	332	593	515	545	340
131	1095	174	1055	695	402	124	17	1332	817	801	1366	943	503	706	109	236	406	468	624	800	35	1247	364	591	152	886	619	1114	1	1017	112	685	653	973	497	553	602	753	1294	1093	275	151	153	836	771	386	1212	134	344
671	306	609	635	1240	683	2	1006	479	919	1027	398	1288	1182	1339	682	1307	1101	637	1107	314	588	1184	599	732	245	1172	896	517	335	324	368	833	742	76	750	1171	422	532	898	377	572	91	408	1082	991	622	1325	723	986
1193	1267	194	1345	1096	129	1222	131	1244	484	221	1210	253	166	1104	980	55	119	1184	275	1105	146	349	553	243	915	491	128	395	28	1085	832	1346	689	951	1175	661	94	785	823	856	26	356	303	176	857	377	1196	193	1153
170	559	84	703	1342	1140	603	344	599	1224	916	1092	802	1049	984	36	140	1290	696	263	79	486	1062	463	875	1089	1084	212	1300	652	619	64	520	195	1040	1339	878	1209	1043	1171	1038	1065	132	1298	508	108	547	1251	1014	1168
347	755	265	1058	341	759	602	311	210	891	267	742	426	53	1309	19	65	585	793	616	747	470	1279	181	1145	527	1211	461	1288	556	764	746	708	800	192	419	294	977	1152	1264	386	332	157	276	1265	177	851	662	1257	134
998	597	287	1318	769	828	561	114	185	1036	815	403	324	622	1055	1219	726	314	74	1353	1272	164	458	575	255	600	1013	183	1274	999	1266	137	528	286	273	994	1181	115	777	277	841	425	1301	1024	651	75	664	30	1187	1278
920	211	1079	640	711	1253	58	144	225	149	560	1319	1121	1110	647	888	1074	874	973	1082	607	376	532	952	985	501	464	926	1316	903	77	655	733	172	907	550	680	233	466	472	716	1090	960	1115	385	539	213	427	546	812
1111	368	1283	261	445	1048	601	197	872	409	1003	761	1	231	126	297	1303	942	610	1230	1311	778	660	100	745	1231	1132	1217	290	182	665	369	404	505	756	352	917	885	1317	1331	52	765	309	8	833	1124	540	104	1232	1242
145	1276	548	1041	251	434	1199	1207	1114	411	641	1100	1352	318	754	1053	1139	420	538	537	54	555	779	1101	3	14	718	1148	612	1034	598	130	1063	223	1325	847	1170	351	512	1329	627	83	237	949	1204	1295	794	85	1050	1333
1367	986	947	638	881	1310	576	440	1349	1341	1263	533	1022	1113	1028	355	701	241	283	135	1324	169	1008	329	758	1161	927	1122	1130	771	478	605	246	526	204	357	1054	925	1286	624	361	1233	327	541	417	1189	302	829	262	27
625	260	955	1328	1099	278	818	1190	1214	32	932	956	481	867	1162	595	557	336	88	151	435	46	506	392	959	935	1243	876	626	1261	307	229	1344	289	337	1246	653	1052	1020	1123	712	950	1173	976	342	795	523	227	1067	469
850	44	892	836	782	359	1268	190	807	1281	1270	34	1350	921	1315	808	672	235	415	809	345	148	218	762	923	784	849	1206	846	686	214	727	465	205	6	692	331	590	648	316	962	1176	659	961	298	18	542	657	552	71
191	280	995	1223	877	781	196	803	1256	201	138	979	1348	567	1131	912	702	669	780	902	200	752	855	937	562	4	1126	1195	922	835	272	41	831	1294	840	685	801	489	1035	936	1289	971	898	748	614	1238	738	325	1068	454
387	78	22	677	62	1127	1031	111	628	1185	551	943	1066	770	730	258	515	509	504	482	666	965	1225	371	1337	896	245	1182	580	1292	649	645	775	45	589	519	1154	35	1109	1039	167	1083	228	646	480	120	783	848	1347	66
760	1360	906	398	517	449	887	1197	1077	161	503	1026	698	879	471	1044	69	396	346	859	498	219	1194	838	431	1307	1018	102	292	894	1280	1159	1308	24	1228	421	125	578	710	524	468	1120	49	73	300	737	1004	629	613	354
750	1064	945	507	611	1119	928	1103	5	362	317	442	101	918	1141	574	1167	654	477	1138	380	1255	374	757	650	924	1229	1260	198	694	1304	1312	668	700	1235	455	1364	511	285	23	206	621	596	186	153	544	536	268	328	187
266	1269	1259	1174	584	284	880	1262	893	499	244	1169	175	259	271	714	908	644	1275	274	432	63	397	972	1072	1215	173	884	946	905	279	389	871	579	304	215	224	1158	379	1129	156	495	143	1293	953	312	70	1134	453	674
391	565	163	1326	393	938	319	1023	1095	59	1033	697	38	217	993	234	1313	749	1366	744	1336	433	60	889	1332	1029	725	430	207	1205	256	1112	418	81	492	179	1368	31	1361	248	683	788	1051	399	751	728	301	663	1025	860
632	1241	900	1227	1057	98	97	1239	61	410	103	861	487	895	609	208	158	1172	1011	839	497	1088	406	457	588	475	571	1179	1010	29	390	180	367	490	428	141	819	1078	992	774	1323	1070	1027	530	974	408	1218	1091	320	96
1108	452	858	582	1180	792	1287	1299	360	805	637	954	121	820	695	870	456	188	485	776	382	1000	216	990	447	1188	222	1005	1128	366	1016	1291	1254	563	373	502	572	620	821	1076	407	883	326	1143	1106	42	988	67	1198	136
931	830	152	586	1030	414	451	1015	1086	982	545	882	587	165	105	975	699	564	569	543	687	1321	333	822	957	768	862	110	370	412	168	673	753	338	291	615	1001	873	269	117	904	1073	1150	476	142	798	1322	948	934	448
1164	270	693	282	707	413	47	681	1006	93	970	238	593	1155	886	1098	1201	17	591	1021	1002	1356	732	209	1019	1343	1149	997	109	623	37	159	890	978	1069	853	642	824	604	315	688	13	322	1075	1012	930	1137	459	86	864
1351	720	968	845	437	518	865	1144	558	1340	343	729	1203	1118	1245	705	0	1007	401	90	573	264	1142	87	1135	1117	15	11	450	897	636	10	310	39	843	814	488	1297	656	1061	1192	789	734	1282	1250	178	786	51	330	1178
122	252	239	531	639	174	1166	9	1160	1335	422	1183	868	1330	1042	1365	363	375	797	56	1156	127	676	787	7	1094	667	514	68	1102	987	493	202	308	80	364	494	72	983	678	1236	1248	670	150	133	1165	1080	353	230	16
901	592	731	910	1277	790	305	535	834	510	534	1136	1247	1226	1093	739	281	631	313	1133	608	1363	1163	1314	378	1151	721	1271	958	236	1327	20	12	570	549	724	124	1056	813	991	513	869	816	423	1354	438	460	439	715	76
722	1097	933	139	1147	772	796	106	704	1359	719	1009	706	806	1285	321	635	82	254	691	741	1157	340	1200	388	155	964	1320	365	1212	1237	963	1107	717	763	966	735	1071	1252	811	288	424	1249	996	483	1045	358	939	634	171
335	467	913	1355	479	568	240	766	826	1186	496	199	740	1302	43	709	473	154	57	630	837	1208	525	842	810	1125	1060	1221	348	713	827	844	242	967	1273	1191	48	799	723	91	295	107	306	118	436	863	1305	444	989	299
1216	852	189	767	804	441	594	462	1017	293	1358	40	381	1306	339	25	226	679	402	429	618	1087	123	617	940	1032	690	350	112	33	743	1037	372	384	416	969	529	1296	89	394	911	919	1202	909	446	1059	474	99	566	825
1177	1284	247	773	736	581	203	1213	232	854	1357	1081	250	405	160	633	95	1116	606	1234	1362	1046	334	500	184	92	521	147	817	929	113	516	1258	583	866	1146	1338	50	522	1047	21	643	257	944	1220	1240	383	981	249	675
443	941	914	684	116	671	791	323	899	682	220	400	577	2	554	296	658	1334	162	341	725	678	729	610	537	297	1149	918	458	72	887	1324	979	387	292	46	646	121	589	638	1245	860	840	689	565	1105	601	1335	47	936
1352	1094	715	32	87	29	424	1340	800	1351	149	590	686	262	520	464	1121	472	828	406	602	1091	397	19	562	1135	1254	474	27	922	423	1167	402	536	351	732	991	1356	44	506	417	689	570	309	353	432	972	804	250	1236
95	1014	30	296	739	119	1047	708	831	1080	1298	409	435	240	555	71	1285	719	498	1211	938	1195	99	762	381	597	16	990	495	772	1117	1035	1249	953	621	531	1266	328	1250	303	1345	1338	911	1247	1207	921	469	379	569	1248
174	430	166	1149	373	322	601	1045	573	392	678	1341	1258	1350	718	203	1240	263	305	838	961	840	797	58	614	710	1210	560	1102	346	1181	113	446	209	850	415	337	786	108	537	1183	226	452	364	669	665	8	754	610	49
550	1324	521	196	1275	584	1075	238	638	698	230	508	704	679	126	273	742	1204	290	758	473	973	1231	867	1267	845	712	1162	1300	201	613	543	684	187	1360	22	1322	1141	164	442	993	120	1361	683	514	618	158	1026	1288	28
1173	522	256	102	457	1021	1192	1038	675	1096	645	264	943	668	1270	488	366	1367	205	324	217	670	987	581	1032	607	962	12	792	1163	933	756	951	646	319	1238	1161	458	703	534	11	310	1078	1268	245	1353	467	711	944	958
359	17	444	833	479	690	427	222	1213	247	221	23	1219	1148	928	1242	1201	1294	1076	188	1028	661	1323	504	1229	1200	978	1303	285	403	439	825	1107	10	1009	194	620	785	460	1177	627	111	35	793	1144	1143	206	1206	801	630
297	811	220	616	429	152	453	1154	131	773	349	530	499	300	1197	243	1283	1152	682	1049	603	41	110	751	1101	47	1239	977	728	617	68	605	330	1212	385	1046	591	1136	1194	575	1128	1246	687	132	1188	893	117	1171	304	299
249	277	633	225	178	159	1116	1193	375	1079	145	0	765	594	622	996	985	542	906	1055	399	183	1114	864	1089	695	268	598	862	526	1262	967	942	688	626	82	1052	835	151	929	994	945	1120	984	229	611	651	1084	491	519
744	5	333	1317	370	59	1199	796	348	896	134	950	283	466	89	136	1083	841	74	227	395	854	691	702	705	198	1142	989	425	1221	1237	1010	360	821	477	826	478	1005	115	925	160	1065	1326	63	891	722	554	1040	940	128
1261	748	486	1088	13	471	1012	497	15	167	1160	175	544	639	445	643	1260	565	302	998	949	968	518	981	254	805	1176	1018	868	52	1209	481	51	788	1004	1074	782	419	341	975	92	1306	561	468	104	295	783	901	1215	329
179	396	1218	1269	144	232	604	168	706	700	1069	450	529	1335	184	877	449	766	1243	235	822	380	50	398	93	275	314	266	1104	551	714	94	580	1164	731	1309	848	340	757	1234	1255	799	239	1251	386	216	803	930	70	191
1108	677	897	3	969	733	753	1113	1235	358	404	456	1362	165	842	1000	538	48	1312	507	81	576	982	642	342	214	517	412	140	1153	192	932	1259	884	809	344	215	1329	635	1224	463	883	1220	421	568	298	26	482	557	172
723	881	362	887	327	834	1140	1112	995	1333	965	1185	433	1013	1151	410	727	269	1056	271	599	1019	647	500	1337	612	1292	875	1315	121	992	1025	976	1182	367	155	332	1037	769	46	1024	777	905	820	1071	18	658	827	889	652
1230	878	244	1293	57	843	67	535	286	860	374	648	1196	724	681	694	246	157	844	615	1001	154	182	709	383	1050	1063	784	1297	909	1307	1358	1130	36	237	1020	653	609	210	1252	73	1276	971	141	408	197	259	260	608	523
501	1217	361	1119	368	43	426	431	193	1118	634	65	289	1077	1180	1342	1124	935	1257	334	459	587	487	441	287	1170	839	917	1256	1145	513	306	1106	956	422	1147	1036	815	808	717	436	1347	1178	663	292	623	812	447	1295	1232
356	781	870	37	224	146	780	98	654	847	577	420	1263	326	1355	596	1058	1319	202	387	1344	347	1093	55	895	832	470	707	571	528	451	363	743	147	789	1127	388	874	545	251	1354	952	1043	4	354	795	384	391	454	880
736	181	1054	274	133	378	511	83	171	716	278	1133	1017	284	1158	156	62	336	749	873	787	1327	1157	920	462	964	135	1172	934	776	281	88	829	636	574	434	401	1364	288	527	236	1310	588	1357	345	794	308	186	916	750
1325	177	818	129	1321	105	979	489	1187	582	924	33	1085	153	476	204	101	416	38	1363	414	807	746	1103	1198	510	1287	941	857	988	830	853	114	1165	405	1134	1271	331	1023	1006	1179	72	1159	122	1062	1228	512	876	257	908
218	936	320	879	150	248	726	894	913	823	970	7	1331	130	494	1273	1202	593	253	525	1284	255	1156	1305	966	720	851	937	25	1086	693	1053	858	265	1278	1289	541	697	212	540	294	997	866	903	1314	1227	1359	1274	923	40
96	393	223	437	509	1155	955	667	721	1225	927	931	123	619	1	90	1139	810	558	1279	1131	173	549	1030	267	382	1110	438	418	692	980	583	312	492	1346	1123	861	664	730	902	242	1067	228	578	45	34	890	553	960	759
1057	1216	390	814	231	118	763	1264	1286	1320	75	631	959	1190	211	1214	595	1313	440	369	66	279	31	1280	547	650	948	180	662	54	1137	307	676	1042	939	1061	1132	872	208	1301	957	1097	559	1090	1334	316	552	556	533	624
737	1328	885	84	768	1109	919	1191	199	774	666	579	1281	103	2	671	1272	80	701	1002	1007	869	207	1064	637	1241	1290	673	6	904	483	1150	865	1027	176	261	163	1016	836	954	912	600	1304	524	280	1099	1039	325	699	1059
1146	1189	1068	276	389	1332	484	846	293	480	376	585	674	413	649	1073	1349	778	1343	1095	852	1169	14	24	69	42	586	301	200	1265	1082	1368	567	1365	1138	713	888	1003	109	318	791	775	1299	106	926	60	1223	1031	741	428
490	311	443	411	1034	407	680	241	539	61	628	760	317	21	85	606	1041	394	170	189	855	899	837	291	76	107	1203	819	313	39	190	142	252	856	641	566	475	1100	1022	355	234	779	1186	78	1318	448	816	640	589	947
339	657	806	907	1033	738	849	1244	859	516	9	357	1316	882	185	548	963	219	100	1330	1125	1092	461	64	1015	148	1072	502	632	270	1233	1066	465	1098	764	377	1226	729	127	1339	124	496	233	1060	139	79	999	656	350	898
1245	1253	546	1208	1174	1105	734	629	871	1048	335	213	745	918	352	813	655	1044	371	572	365	20	116	696	169	455	1175	747	863	143	1126	725	338	195	1129	1205	125	161	752	1291	644	1308	272	91	672	771	315	1311	323	515
485	1296	1008	1111	1070	97	817	1087	1222	321	343	659	138	1277	986	660	162	282	790	112	1282	798	685	802	53	1302	503	974	755	258	1168	86	564	1081	767	137	900	1184	1011	77	910	625	1122	914	400	983	824	1336	563	735
1166	946	886	915	1029	892	770	493	1348	1051	1366	532	740	372	1115	761	505	56	592	835	1050	1112	35	1308	1301	697	870	266	782	1247	408	580	707	1105	76	295	525	482	1144	1360	1128	1210	1026	983	265	145	558	1339	1212	766
123	767	539	153	54	81	754	318	39	969	1279	1298	751	941	487	891	402	1000	1167	1223	1109	838	14	1300	741	149	1363	462	523	427	253	1060	1166	138	231	1102	42	495	925	107	609	328	384	658	667	420	946	587	80	512
327	901	611	723	1335	798	320	1197	1084	698	483	1266	1160	21	370	388	536	131	93	1134	377	286	647	215	1200	242	646	745	452	358	922	630	1019	519	581	876	845	293	596	303	182	225	26	1115	78	1086	950	145	608	1046
576	705	150	1155	315	853	208	724	1349	594	1333	809	927	1194	279	840	1201	727	1181	1056	68	960	604	712	955	943	1243	726	521	1067	1269	615	223	324	290	688	356	651	803	46	552	626	1227	828	781	97	201	958	1343	1220
374	229	32	238	237	1192	819	361	695	1336	645	644	639	62	653	555	417	892	1079	591	1274	226	2	896	508	677	728	822	957	832	1233	240	460	166	1111	559	4	683	181	261	179	731	30	830	992	1239	833	602	720	481
921	1348	691	70	855	75	783	1226	864	255	839	488	144	401	110	1082	1154	589	1010	1321	341	818	424	344	423	665	875	409	305	759	915	1044	1106	1209	275	1221	793	558	50	917	1023	1330	1241	898	1163	719	642	1255	772	895
518	111	545	422	386	810	708	135	416	877	967	619	528	654	1310	497	203	889	851	1129	482	568	1190	1237	363	578	1216	909	159	1271	750	137	535	729	1261	577	51	132	414	689	871	1078	190	1296	1210	71	209	1029	676	116
61	920	295	1188	33	537	843	368	812	63	725	551	911	914	1331	1177	395	905	1042	785	1218	448	357	632	887	1161	679	1081	1065	213	595	29	534	779	718	241	1050	31	1186	1360	1025	786	1151	1193	1203	755	176	353	1229	820
972	160	846	456	613	1287	20	548	544	477	1312	924	1314	272	823	964	100	57	451	178	934	484	918	635	648	134	865	734	749	706	713	885	48	163	36	805	1118	1268	1235	251	546	549	1280	709	447	1267	9	372	762	267
399	1026	1057	400	796	894	937	141	916	1323	53	1043	40	1257	740	1366	1121	899	5	498	592	986	1146	618	471	1368	684	157	502	696	1311	761	780	756	58	926	390	227	836	52	1156	971	1009	1097	283	22	270	854	999	202
1322	1362	493	140	120	516	10	1288	567	880	1088	1341	1337	1302	147	90	514	1091	396	737	317	659	1289	1291	297	185	966	656	935	881	113	553	996	23	197	1112	381	1214	340	1238	732	890	603	211	391	669	127	1283	1334	526
701	932	359	1080	119	897	643	234	291	379	1105	987	529	1165	397	175	601	852	1206	778	1108	1317	463	268	672	109	151	777	198	252	82	784	1004	1272	342	335	1159	610	747	136	385	774	1353	1250	1259	1006	1198	1234	1232	313
350	735	1213	496	442	1327	879	944	1036	520	312	449	479	1034	269	524	1195	148	1150	8	6	1119	768	106	598	1228	37	470	858	133	517	1114	575	349	1022	210	1184	1171	874	459	276	169	431	883	373	389	1152	66	339	1281
440	393	738	979	869	249	1324	475	1126	824	923	347	86	906	1148	538	12	1073	872	76	862	1013	45	975	622	1170	1265	453	326	392	928	257	1130	1258	164	1347	782	1276	380	1275	1212	623	982	1247	1222	455	998	893	821	1149
139	976	541	1024	1365	634	566	1285	1133	1202	527	1173	1338	457	114	1103	1138	333	287	1292	1101	802	550	945	27	250	25	636	1014	47	1196	888	319	217	991	1319	436	863	465	85	981	736	717	204	621	582	835	522	951	807
1092	1040	189	908	525	256	834	1066	1100	232	1031	1015	1230	362	792	590	375	1098	633	192	84	321	748	1035	947	329	963	605	844	1107	15	1027	1308	791	1012	666	432	405	560	827	766	556	263	13	41	714	73	156	19	474
721	330	172	124	258	629	953	311	1099	49	753	310	571	1354	1185	450	690	507	702	1087	415	44	978	787	264	433	162	1211	480	1076	244	443	907	817	1224	829	403	912	801	746	1225	94	183	125	788	1144	382	1301	1316	56
280	616	770	299	1002	212	980	3	866	59	870	1142	687	515	580	773	562	1297	973	88	1325	117	103	421	861	1248	271	43	130	625	543	351	579	1189	165	607	760	1020	1339	60	1215	376	336	1172	1352	983	1183	685	352	18
744	563	1070	281	170	599	547	360	638	956	301	1071	1054	485	503	565	1306	473	954	1175	1254	355	34	612	1038	11	826	158	235	265	65	671	308	464	230	569	354	478	965	1345	1191	1332	847	561	1136	199	808	429	584	1128
387	716	674	24	513	650	233	627	1307	542	83	572	314	1367	952	1032	1169	776	219	693	540	1270	1263	146	637	682	1135	248	294	1064	995	288	1340	694	697	466	1141	1208	367	1328	1286	1153	1249	837	930	1293	87	882	1364	984
152	707	902	1240	752	345	1199	700	292	873	435	710	813	860	800	1246	334	407	939	1074	143	1021	154	1122	1077	664	673	108	96	1061	446	936	1315	1264	1	1305	445	1047	868	790	222	570	413	970	913	574	900	504	764	1104
573	186	338	1090	102	1131	206	325	55	733	509	631	606	112	167	657	977	428	1242	1017	187	1048	993	1095	989	678	444	461	1164	588	1344	703	848	1180	266	323	1093	533	467	469	254	1252	933	532	1158	1125	35	99	1063	1178
1342	296	859	0	1028	903	668	1051	557	994	968	1251	1253	1011	101	842	79	1085	816	441	617	168	239	1143	661	1055	472	743	1030	343	491	1089	1326	510	948	406	486	184	938	194	89	730	1313	277	1052	1062	1204	554	1361	1110
221	758	200	1139	419	655	856	418	371	1157	1124	74	997	620	366	77	742	789	1005	64	884	246	1168	641	494	1174	129	811	804	985	236	228	383	649	180	1273	1299	680	1359	174	1008	220	171	624	614	1162	126	173	1260	765
298	365	196	307	1127	628	207	531	699	962	118	468	739	825	332	284	1244	378	942	974	1182	675	92	850	663	795	331	439	1094	394	398	564	426	929	910	505	1037	1282	931	1041	364	28	1303	1116	681	1219	195	300	476	1001
1072	1278	1284	369	1096	662	670	260	16	121	919	1358	1256	1058	990	722	692	430	155	1123	1145	1113	214	346	322	285	593	511	282	1355	205	91	1068	771	128	1045	438	878	600	316	95	961	1003	1147	806	309	1236	959	841	1205
105	142	412	711	273	814	434	794	949	501	1053	247	1295	660	72	797	243	799	1350	1018	104	1059	640	289	337	1007	1217	585	506	490	1117	597	499	410	245	218	904	348	1069	454	115	583	306	1304	1245	302	161	1318	500	1320
1357	886	224	489	867	98	404	686	1309	177	769	586	1083	17	492	763	940	1179	1262	458	1140	1016	188	69	1137	304	1329	278	652	831	1132	849	262	757	1356	1176	259	7	1120	191	216	1039	38	1049	437	775	425	193	815	122
1187	1207	408	1277	1346	715	1290	1075	1294	988	857	530	411	1351	1033	704	1231	274	67	985	318	506	21	1243	733	342	330	941	525	1127	1208	458	285	1021	1253	16	481	888	540	766	606	312	560	692	893	663	400	1339	1229	1357
906	759	462	399	213	638	645	1047	1089	579	345	277	797	1272	1306	376	112	858	687	184	1357	1349	1283	660	259	1157	67	127	490	318	1099	102	959	542	1340	933	77	139	175	28	448	80	1106	439	1226	1152	97	446	323	231
1222	342	822	904	1097	717	607	537	101	43	450	45	1038	356	1337	340	46	295	973	468	866	131	699	197	56	627	39	786	324	449	1316	1021	1142	212	1228	1146	765	810	969	1221	219	583	479	358	714	1264	206	460	720	580
431	890	873	1071	804	205	1227	365	1319	441	649	667	498	1011	41	1131	974	87	940	640	1271	338	344	216	1256	787	24	171	317	884	433	5	325	442	780	849	972	567	554	215	777	937	908	273	557	1067	919	575	275	1223
747	65	1322	875	795	391	892	1311	35	820	291	712	159	375	147	244	116	335	688	1189	480	144	203	483	1341	373	258	79	975	1224	1149	129	363	912	142	1172	72	806	319	610	886	665	93	153	574	66	1210	842	1209	1148
1066	135	398	1202	852	185	1062	495	1361	502	599	1312	891	1280	596	402	458	536	970	971	1191	1008	1201	59	597	32	183	53	799	1180	193	1166	1018	1092	1159	1325	18	901	826	1204	689	306	1366	1260	931	1334	646	1245	8	565
1274	989	987	427	927	52	1356	54	202	586	1184	136	170	675	854	861	716	766	650	932	96	409	918	1335	558	572	274	235	1281	1130	1046	662	1150	343	497	94	985	952	423	1327	492	81	1173	1025	1010	869	322	710	63	719
237	559	1350	961	877	584	1195	960	223	701	980	1291	999	1345	552	282	266	1072	311	1344	1027	1367	25	833	393	582	1331	1206	292	832	1122	551	783	606	798	1123	1061	618	339	659	42	809	883	128	957	262	1160	137	872	1039
1197	9	979	1300	813	784	903	240	120	1320	34	248	831	587	924	2	414	110	1104	1284	71	1265	695	1040	1086	83	509	1087	954	1137	88	1278	633	801	879	955	466	413	521	543	1034	1060	148	893	1091	1029	546	510	746	708
201	612	374	91	84	696	553	154	577	372	949	500	434	824	968	778	33	239	682	1218	669	386	512	73	290	715	1129	280	881	451	1161	195	1237	99	1234	962	1343	173	870	313	1158	529	878	1263	381	1182	1074	936	992	426
1001	632	1317	1336	1220	437	117	593	20	736	700	296	514	351	744	853	1230	1266	847	1231	528	249	643	581	95	438	1168	503	163	1305	301	729	899	1053	673	1287	790	644	1277	75	761	424	278	157	220	337	511	1081	1041	909
445	359	1006	562	1279	930	475	916	1031	111	1292	767	967	208	1126	271	794	532	11	1282	544	679	785	1090	315	443	1098	793	115	1323	635	485	730	1233	1355	299	428	914	1045	1009	1251	1296	465	478	857	1330	1022	1267	1024	1252
917	1163	1286	1214	1083	453	534	1094	1121	1033	1241	1049	166	1295	1294	885	666	1154	134	455	994	1354	726	1273	867	1239	1065	1360	722	1183	1293	251	55	742	199	108	1114	463	272	64	114	995	447	400	515	871	773	118	168	250
986	571	284	23	658	655	286	1014	898	378	647	181	307	1328	1339	692	419	1240	752	366	1082	616	641	723	1105	456	377	429	109	815	1145	600	1103	911	946	550	1314	850	100	913	125	1289	882	1050	287	172	4	748	680	461
155	1036	1262	731	1174	107	1177	243	1075	31	523	653	802	1120	851	608	868	1026	541	1005	1243	743	1138	417	830	1069	246	1064	735	1116	143	294	556	68	469	1175	1101	388	984	15	1167	923	316	888	333	1128	1329	188	150	1362
113	152	499	385	774	829	757	725	848	238	508	538	320	1095	1258	283	1303	186	631	823	818	255	724	796	178	672	130	754	1133	703	648	1347	951	524	229	621	209	976	1143	840	16	1301	191	1203	1015	897	236	200	432	189
436	156	256	12	966	642	70	613	663	709	1259	491	1363	305	174	1007	1044	629	549	1288	484	1200	590	412	564	1019	404	876	702	664	1017	1056	1276	751	843	133	639	745	210	394	920	217	900	902	856	1215	1088	604	1254	405
775	998	1151	1333	595	1144	1346	1059	167	145	336	353	288	929	487	310	535	941	176	652	770	281	762	705	1310	560	934	422	1318	1353	61	825	331	221	370	526	997	470	165	569	1290	760	592	1051	146	697	6	17	494	628
657	685	395	382	149	727	1030	588	459	98	598	615	37	594	1127	1225	151	361	1165	953	1048	222	1141	928	589	591	392	474	106	228	1304	330	698	1068	764	681	656	1058	1216	260	198	379	123	269	36	905	668	328	1244	531
29	1247	860	711	1117	915	545	92	1169	1193	180	196	691	1140	855	690	782	942	527	444	1115	384	1270	362	713	360	769	21	158	1000	522	1285	1057	86	1023	896	983	811	1248	1078	504	1208	578	990	525	177	548	585	1365	1
1153	1012	1016	1229	357	207	161	1004	1185	341	768	3	750	225	227	332	257	390	352	938	1213	254	625	841	561	1110	416	819	555	676	839	1156	49	1118	411	69	486	1198	1135	1112	622	734	1342	141	264	383	1352	252	1268	803
1253	334	948	218	285	14	1358	51	387	78	1332	1124	1070	501	397	190	489	289	661	303	121	749	950	105	1313	50	214	89	943	1315	910	1348	619	894	364	516	19	865	1302	792	947	1308	380	1134	169	476	880	481	1299	1297
808	204	506	1013	1132	1368	1235	637	1359	1250	369	407	996	62	821	772	728	1275	347	293	367	74	440	507	211	827	1079	1155	253	805	566	103	1076	530	678	22	230	263	1109	623	812	321	302	327	864	1269	602	477	160	862
1242	518	0	836	626	721	1326	1194	1261	958	513	982	763	1236	834	1205	297	740	48	704	224	755	1052	686	654	771	401	1073	242	1232	1211	346	10	991	738	683	410	758	26	182	611	1020	1249	779	519	1028	247	1181	276	418
233	415	978	741	609	1136	1187	1170	1351	1080	718	993	1190	1324	781	859	1321	570	329	517	452	874	674	965	298	471	192	1035	38	482	389	1085	636	1186	788	268	1077	430	308	791	234	887	844	7	1003	488	835	300	245	671
1196	13	194	921	800	895	267	963	354	925	126	845	1043	408	1108	279	814	846	1096	179	1042	58	1102	977	1307	132	907	1199	403	1217	1238	326	617	539	1309	371	1364	464	944	605	454	533	576	119	563	1171	573	520	226	435
1188	817	1298	350	624	164	935	737	1054	40	349	816	630	1037	241	396	1179	425	140	1338	1162	261	837	922	807	420	1212	1139	312	82	693	138	406	90	707	1111	964	124	355	496	945	828	981	677	1093	85	1246	309	314	956
1119	733	348	467	706	76	1178	1032	162	756	651	694	634	1192	27	1063	1100	568	1257	753	1125	270	620	789	1107	601	614	368	473	493	457	421	232	1055	187	122	1113	889	1164	939	472	684	926	1084	776	60	44	1002	1255	47
603	1147	1207	863	30	838	732	265	1219	739	304	104	57	547	988	670	505	1176	540	408	61	1340	1224	102	640	40	7	487	710	735	242	480	897	967	1085	228	758	294	920	928	1177	1313	1213	669	951	1367	1255	994	968	8
982	213	1271	199	1091	659	431	382	1	207	438	115	522	1000	509	593	358	1198	787	831	1238	564	714	1332	266	217	141	1359	1311	1268	587	743	34	455	921	960	945	1187	928	906	491	1356	295	1269	345	221	198	1061	190	364
709	1098	739	191	874	932	282	375	248	1038	720	543	957	50	632	672	98	440	107	27	55	793	1331	1326	901	556	288	790	1300	663	570	824	108	927	145	1139	1077	985	1324	560	760	592	617	1159	715	1281	962	325	329	546
762	1354	1231	710	1345	825	680	1286	300	63	1028	1266	225	1309	756	1357	1151	646	537	623	99	336	354	1267	775	1014	371	616	875	735	250	732	474	1294	422	278	469	92	243	628	500	128	675	1329	891	1247	1226	507	976	147
1125	744	312	209	1008	819	1283	854	1239	578	724	1282	577	1179	905	1209	271	1261	458	344	940	721	433	520	648	33	1273	1173	908	550	1344	486	630	930	1168	535	1023	596	339	956	359	277	993	214	1214	737	465	59	929	293
18	691	104	51	990	837	1042	608	983	158	181	601	689	1242	0	961	407	676	562	343	1259	429	904	1126	786	699	897	827	401	1103	817	1264	456	532	915	144	77	818	954	328	559	665	1181	361	69	114	1127	511	910	913
791	117	869	1048	605	263	1164	320	269	931	1280	772	12	541	1230	936	866	1005	38	210	719	917	920	943	143	139	22	462	768	471	613	1296	1169	925	604	418	705	374	1288	948	506	1039	1096	1050	6	579	101	742	658	1241
1252	363	1089	1063	995	1118	883	619	21	1009	1020	1124	751	408	1072	880	480	701	159	48	879	409	123	1119	451	977	427	826	935	292	1248	297	838	1325	350	298	1137	238	800	777	71	234	855	949	52	865	950	987	590	230
510	1078	1260	377	820	155	205	1158	644	1010	634	1203	1007	310	459	1193	148	388	811	873	886	852	635	35	195	24	1237	284	15	135	105	268	1069	78	1367	275	400	391	803	443	1144	287	749	1138	530	835	642	647	671	1141
187	1298	406	991	1195	428	1270	319	437	1199	1315	1184	463	859	808	497	53	163	885	1353	850	1347	528	944	1031	228	102	1136	1302	342	934	685	360	41	682	1334	466	1081	836	412	110	1099	914	122	324	1162	442	795	1245	176
1070	341	692	411	65	394	815	260	571	1034	505	11	152	951	1166	519	1364	164	245	832	367	212	1205	1152	621	805	614	1171	1085	1146	1215	1167	1110	85	573	829	460	807	286	1112	173	39	517	424	1285	552	651	1233	764	302
759	1343	9	498	516	763	28	184	241	192	1015	804	461	508	894	100	718	953	526	548	485	304	403	1133	980	423	393	941	698	1262	1097	130	313	1323	299	726	133	620	1135	728	355	1299	37	597	340	175	1291	1251	922	227
684	16	330	1368	662	351	468	576	992	734	1074	1044	729	730	916	1046	1076	1301	849	694	1006	2	434	66	1278	656	774	851	206	224	1035	316	478	514	1358	1013	834	1287	845	395	349	545	1243	1147	1022	97	170	1055	893	723
447	162	629	1045	259	420	109	390	606	1272	1190	757	626	1177	755	892	347	697	846	80	1307	1128	1040	524	1079	809	134	1001	352	512	722	1246	702	220	1134	95	963	1154	273	353	14	1172	1330	188	281	882	704	862	311	362
501	146	1101	172	542	435	70	7	68	8	3	276	296	695	43	677	572	872	907	111	911	867	448	848	237	1320	1339	1333	871	185	40	1051	1222	841	785	887	1275	1227	257	1029	1304	938	633	1145	74	979	1360	670	1350	767
1253	232	584	203	270	1156	679	654	197	196	627	1084	551	464	903	553	539	946	1224	215	1189	303	776	788	521	256	1254	67	495	1108	258	746	174	1090	419	1094	235	745	45	631	778	857	1059	167	290	171	346	76	396	761
72	970	487	1232	452	30	189	1305	1106	253	847	180	1365	89	62	1025	216	492	357	574	1185	489	183	1363	1026	575	625	527	858	643	1293	681	972	229	840	327	454	640	555	168	1204	262	986	17	49	955	322	779	204	317
923	1338	752	638	54	417	736	798	252	609	4	140	186	898	1276	416	1284	1117	1122	748	23	971	369	1297	1346	988	94	321	504	801	828	1088	536	599	740	711	1244	533	968	194	780	582	1073	799	218	1004	770	86	1366	823
558	436	294	211	31	1175	1057	1208	138	222	773	380	538	251	372	1107	607	1058	387	1082	1352	1068	473	563	1225	1002	1218	595	868	1130	924	1104	586	594	472	430	839	878	208	75	967	1349	513	32	26	479	1277	959	1328	771
843	83	1235	696	753	969	1176	267	981	649	1114	223	1206	334	782	975	136	687	131	1183	402	833	1201	926	600	581	1174	984	652	244	645	717	338	1095	1142	912	806	1075	1219	201	496	1071	1202	272	414	1327	36	884	557	151
998	603	899	707	639	1308	246	598	653	1113	1318	1200	1047	1312	44	1155	1066	1149	379	125	1234	856	1303	57	113	91	1030	415	413	306	822	895	515	1257	610	502	939	529	25	1060	120	157	381	966	909	432	518	1341	1361	655
1274	264	441	1223	747	754	690	254	1120	46	1018	784	499	490	842	166	200	585	1087	1065	713	612	239	283	591	449	366	1229	1295	1170	20	82	1342	1123	383	853	1217	561	1317	589	622	1319	386	153	373	712	741	318	1355	1100
467	410	255	602	1316	624	90	1131	1036	1310	219	398	766	1290	421	389	326	1153	1143	1335	1027	1157	58	503	678	1165	1160	289	242	1116	1111	307	274	1016	933	813	1213	112	1043	121	1289	331	126	1121	1062	588	860	193	150	1093
1337	56	1083	309	978	476	674	1056	540	161	481	450	657	488	733	178	1258	900	119	84	426	494	958	378	106	1033	1194	392	1064	368	404	5	477	202	890	1021	291	457	156	750	247	792	1321	1236	453	567	439	1191	154	1011
1306	727	554	236	405	1180	1053	1314	42	493	731	688	1150	769	1348	47	802	137	445	81	335	1207	664	738	1037	997	1161	877	399	165	29	93	994	1221	686	781	1196	231	1220	333	1054	1263	937	1017	483	226	19	580	1240	10
370	61	716	1340	1105	261	129	611	812	1109	1086	127	706	249	142	1129	565	73	1163	397	999	636	444	301	889	525	1197	1024	88	1032	337	124	1256	669	844	534	618	425	568	475	1351	650	700	149	64	794	952	1210	942	1212
384	1322	1092	1228	660	888	1192	1052	385	861	1049	566	1188	348	1255	973	1080	583	160	797	305	947	169	919	964	1362	233	1249	661	547	708	725	615	1132	1336	1216	783	1003	1140	1115	177	182	1102	13	1186	332	484	60	103	308
179	1182	116	693	796	314	549	531	965	765	365	1279	356	673	996	810	87	974	683	323	132	1211	1265	1019	821	667	265	96	544	637	376	789	918	876	816	703	814	1292	279	989	902	1250	863	1313	240	870	118	470	666	446
285	668	1041	569	1148	896	280	1178	830	1012	315	641	881	79	864	1067	482	758	523	783	845	1254	1174	1170	965	1275	932	921	1003	971	1105	74	775	258	411	535	460	1111	824	676	699	803	524	1330	153	987	77	486	978	151