1,0
461	230	994	234	585	619	43	179	74	1134	334	706	56	442	824	718	139	413	897	664	683	862	692	836	323	11	790	305	722	157	969	1044	67	735	963	822	622	888	420	386	284	1053	909	646	908	27	1035	22	131	823
441	411	271	618	325	867	788	844	60	657	375	531	954	915	775	109	7	495	87	452	173	428	794	196	484	573	920	29	511	863	758	916	1014	899	191	759	431	366	142	815	16	429	726	447	869	378	417	1127	903	971
383	475	565	1067	979	1038	930	590	1101	299	64	559	1091	1010	418	222	445	987	1082	1046	1063	687	381	729	125	244	882	213	1113	52	1131	341	203	467	598	448	768	414	669	218	952	776	675	693	264	935	124	345	121	361
976	730	126	688	740	999	479	544	443	816	756	410	392	1015	712	329	211	217	623	608	554	945	1120	685	668	709	789	857	792	120	1081	1108	513	612	358	228	819	342	374	504	1094	941	1074	757	177	973	278	870	491	704
492	363	615	1025	104	172	24	82	577	697	845	261	1103	937	31	273	983	514	255	225	1136	886	318	463	188	151	387	20	6	1110	764	373	707	499	1017	855	354	450	1070	742	349	529	307	133	78	558	393	274	808	896
143	95	580	153	786	41	821	582	545	155	1087	604	548	728	425	802	609	638	1018	698	539	663	725	839	253	828	249	1058	75	1099	88	242	700	967	953	1	596	250	440	942	738	223	751	681	649	804	761	10	276	403
564	372	326	1059	45	719	233	890	501	1027	53	51	132	444	849	957	298	195	665	171	800	537	68	778	304	427	483	147	1033	508	699	421	881	933	138	1084	814	1125	300	874	1041	92	848	578	518	547	384	510	202	115
658	1114	175	946	716	807	369	216	302	176	114	769	584	1045	181	571	926	277	1088	292	1119	1062	473	912	370	546	1080	703	911	426	285	1004	628	85	163	947	918	34	1048	852	990	337	76	235	562	248	528	1001	1026	39
287	240	691	193	567	873	846	1109	631	754	753	229	1128	192	353	672	739	194	294	1057	48	57	993	770	601	592	12	637	1016	486	169	878	889	73	437	1116	430	741	33	259	498	977	174	772	603	190	252	524	399	904
1056	140	1013	931	260	850	588	322	879	1064	94	35	1071	123	684	614	197	419	335	833	487	891	152	520	555	853	784	357	939	161	116	1072	991	416	408	720	593	893	892	485	339	1019	280	482	885	591	167	69	295	30
936	525	1106	37	321	639	654	100	507	102	245	80	1055	84	1007	569	948	122	829	572	293	805	315	99	415	237	108	840	438	1135	861	932	254	500	613	589	519	141	782	183	834	1130	964	643	379	880	184	309	860	262
820	625	872	220	576	398	389	705	159	47	793	166	734	978	901	568	351	602	894	456	536	65	981	841	924	1107	272	617	832	311	28	164	581	913	97	965	1137	130	402	723	367	96	868	489	1043	224	303	752	633	721
765	110	21	170	344	811	72	851	449	215	950	992	105	731	566	91	610	666	673	750	243	803	317	635	767	962	538	629	199	956	497	1129	859	1005	396	257	282	231	236	457	621	462	647	1051	842	407	1092	831	238	1037
296	702	470	1012	695	466	781	970	864	795	984	107	377	70	1122	743	390	424	907	333	997	435	940	1022	641	679	1031	118	336	154	906	600	200	996	951	136	989	50	626	959	594	938	241	871	98	774	927	678	451	835
583	83	1052	405	634	694	61	146	400	661	162	59	306	3	968	866	676	1009	986	651	119	843	210	509	523	910	266	570	1024	129	279	522	81	995	748	469	178	1090	620	744	526	579	1124	745	966	111	468	898	14	214
779	327	160	476	8	458	26	817	895	696	1077	611	182	773	25	854	975	858	809	791	49	439	38	1102	838	586	1002	382	465	343	934	312	1050	549	66	205	494	338	1079	226	481	642	289	433	148	478	301	686	227	724
149	212	101	156	799	1054	605	587	332	737	488	922	659	1118	23	1029	113	1034	308	1111	265	943	689	320	365	667	560	550	1030	135	1075	1047	682	63	517	144	219	1105	837	79	650	460	58	988	2	208	1096	1112	599	477
887	391	1065	505	275	348	711	106	541	982	198	1069	17	542	1003	827	575	281	352	1133	636	1115	532	359	187	207	165	1036	883	246	269	616	1000	288	949	830	1011	251	512	36	394	701	297	19	310	553	267	112	900	632
291	1066	1083	787	644	714	1073	189	710	876	247	5	660	563	1060	925	145	471	204	515	1089	397	826	316	432	980	533	847	362	1028	1104	127	561	1023	209	314	423	331	656	552	905	404	806	474	763	368	955	1049	42	960
388	117	493	270	324	1123	0	1068	9	812	902	55	1086	1085	1100	455	677	595	1042	530	717	875	319	385	556	496	434	18	813	1008	453	186	86	350	503	928	46	168	674	810	958	944	340	221	1093	436	1039	1117	1132	627
998	1040	961	258	137	798	330	884	376	1006	454	158	708	972	180	521	771	32	150	263	777	103	347	551	540	727	516	929	206	985	877	412	328	648	346	680	736	607	917	459	506	1076	923	355	446	534	766	422	380	201
671	128	1020	401	286	268	90	464	1061	921	690	785	797	535	914	640	713	557	818	865	747	313	749	232	364	185	62	480	732	780	624	662	746	597	134	1021	655	856	783	360	290	71	4	645	44	472	762	801	796	715
1095	630	15	1098	1126	760	606	919	406	1121	93	283	825	543	652	89	670	653	409	755	13	77	1078	974	574	54	395	239	356	371	502	40	490	256	1097	1032	733	527	222	427	547	207	343	434	176	914	1128	1036	709	941
51	1069	327	427	181	1081	620	670	1050	1105	473	643	1135	511	697	1026	777	815	1092	88	800	574	1036	93	902	292	400	614	120	727	1014	506	217	921	416	1019	42	541	1058	707	293	404	1064	479	418	776	272	739	236	263
80	1087	495	687	873	984	478	448	712	79	975	449	41	543	515	376	113	43	580	259	85	579	706	509	560	632	5	185	857	728	1018	737	1054	686	438	411	958	690	201	637	124	1084	941	986	944	1111	508	677	767	332
624	840	948	1134	367	546	1091	346	797	456	468	101	865	193	3	253	594	307	195	472	855	1123	460	494	35	901	1017	996	967	959	164	755	611	368	650	30	678	59	351	58	145	237	858	1088	421	1116	535	458	1045	952
377	126	749	963	25	1104	477	176	856	742	56	970	53	112	134	591	753	938	264	887	188	219	1100	1	398	825	1022	788	919	889	1052	1033	215	750	150	99	364	290	130	229	286	345	523	606	783	732	814	476	1057	1056
356	730	806	943	17	410	1003	281	422	301	662	84	216	795	734	864	1016	746	607	33	960	138	1037	172	681	990	1097	616	403	682	65	159	235	74	911	811	973	1060	766	1062	29	1115	989	1095	37	333	441	395	1108	988
929	566	1068	342	0	983	365	934	143	633	108	810	285	137	445	1133	711	601	405	692	877	915	265	1065	978	325	179	621	1029	540	341	486	817	775	210	822	386	231	446	1006	876	818	782	528	705	587	805	950	1005	276
133	1124	636	544	207	304	372	930	779	688	516	275	1132	309	161	349	83	389	720	1043	194	585	1109	260	132	718	252	258	769	1113	812	504	350	278	499	142	430	1048	76	483	557	63	530	838	514	358	391	1013	1117	282
847	170	617	549	6	931	1072	432	738	522	1137	24	556	408	1089	843	406	40	280	116	912	694	991	1102	849	550	1023	390	539	81	871	841	320	1010	98	86	363	565	245	827	250	241	630	413	166	1035	330	228	1130	656
246	344	205	211	60	994	664	851	608	821	605	437	267	326	878	759	343	1071	209	1110	968	415	148	230	648	203	765	50	740	925	287	360	597	537	828	158	213	940	503	355	584	1120	175	588	1044	798	1126	510	532	893
396	903	370	736	793	45	125	729	618	394	109	459	613	273	961	1093	867	971	362	8	784	64	914	177	808	163	212	513	536	786	519	831	684	698	700	1076	392	454	982	39	401	764	496	926	312	1039	927	131	589	689
2	792	696	191	997	420	667	186	731	1121	582	69	859	708	883	647	933	610	1085	668	791	747	497	322	136	872	655	425	834	571	95	904	270	674	850	353	162	474	480	465	923	347	92	751	897	107	892	658	467	447
846	90	444	336	502	651	862	572	1024	28	66	340	547	946	715	366	885	232	1078	38	563	803	741	493	73	908	1129	34	762	247	57	334	660	807	378	1031	183	296	964	189	1127	928	256	1046	895	233	354	102	123	1009
485	171	909	888	680	559	703	46	323	314	311	787	36	174	221	796	910	600	573	816	277	886	820	924	1098	870	744	417	552	628	1099	521	935	384	622	498	778	781	196	713	890	949	551	569	200	1090	180	724	190	745
545	442	596	294	780	271	653	1021	22	240	453	520	501	463	452	625	1027	507	627	896	359	249	12	140	321	151	639	785	972	110	100	756	147	103	144	845	106	955	208	204	676	319	313	1103	382	105	381	274	192	464
891	602	268	385	329	52	936	758	615	371	435	823	1051	726	920	644	641	1070	839	875	1047	835	289	315	218	68	429	167	869	1073	455	324	373	91	1012	593	723	154	640	907	853	638	470	576	1106	635	118	89	27	882
306	646	388	1080	1128	187	223	1075	1002	466	379	772	21	487	691	16	9	683	993	214	1034	623	1136	837	451	529	302	225	1079	397	316	387	598	826	517	879	534	178	1001	443	462	283	1041	548	992	119	55	673	1032	423
122	82	169	226	773	1042	434	604	146	431	1094	115	20	308	13	128	491	1015	295	1122	999	657	419	575	685	199	26	760	440	564	1112	19	1049	238	609	735	1053	717	974	1007	512	757	182	1030	482	111	248	592	916	721
710	310	942	642	669	966	987	693	328	619	754	197	702	335	469	861	716	900	898	15	153	567	383	1011	127	1096	424	1067	962	284	165	969	748	652	94	433	947	266	393	645	67	1059	852	671	860	813	490	318	789	568
156	75	339	917	945	583	830	833	844	913	649	1074	298	32	489	880	439	375	374	380	14	18	578	243	484	1004	626	149	824	965	770	475	1131	317	369	799	239	884	881	675	407	234	542	1066	338	303	70	561	848	254
409	654	768	932	802	104	222	251	1040	348	956	31	152	1086	428	922	951	1038	894	402	279	399	206	979	977	631	577	699	832	874	794	47	570	998	701	87	77	1125	414	160	906	599	139	980	976	863	121	518	725	743
527	554	492	634	665	1118	939	224	242	752	801	774	257	1055	1061	412	114	97	829	761	763	1082	842	1008	471	220	168	54	1028	505	255	352	1020	771	141	612	173	1000	953	288	661	48	937	954	1077	129	719	804	96	679
524	297	586	157	695	981	426	659	709	305	868	227	1107	61	198	918	704	49	555	202	722	71	1063	78	663	957	11	331	436	10	899	526	184	562	836	500	457	854	525	629	666	985	450	590	269	117	135	23	155	291
819	866	1101	300	262	299	361	244	488	809	1119	337	1114	62	905	261	461	1083	790	531	4	357	733	72	7	672	581	533	1025	44	553	595	995	538	558	714	481	603	98	984	979	66	804	579	443	532	46	865	550	126
98	56	272	1105	824	962	661	241	672	291	66	1070	416	544	488	713	238	612	1107	498	90	159	150	565	407	1122	937	946	263	874	816	540	832	849	896	51	642	948	813	671	871	1065	1124	81	118	370	686	613	180	1040
626	804	659	487	828	112	528	867	515	1059	339	854	43	1058	374	58	805	920	538	882	267	231	398	1133	357	330	1064	545	438	4	482	445	8	196	749	1128	63	790	356	954	361	9	221	652	328	879	477	470	782	302
1003	378	692	33	933	88	932	928	1061	622	600	740	1131	384	166	1095	60	906	708	381	462	973	31	783	141	557	550	862	768	1092	444	866	760	106	872	631	641	29	707	592	506	358	204	829	726	818	181	203	736	601
1009	1042	228	513	377	146	186	801	1060	927	300	886	6	2	957	268	944	710	892	483	309	395	714	1073	566	850	84	78	511	842	127	258	1016	781	135	632	44	833	533	404	663	298	789	893	453	1082	637	505	454	575
161	931	124	704	189	1089	725	342	582	155	859	1000	48	769	213	950	152	195	449	278	463	319	678	717	563	815	514	140	679	364	65	599	311	616	785	947	170	674	1121	903	412	577	1135	706	80	457	168	755	97	838
35	919	573	91	371	776	317	988	209	163	693	810	367	668	82	673	1007	185	3	439	287	984	20	777	634	429	695	900	847	841	413	553	129	762	786	1069	628	834	197	452	34	247	294	987	450	559	490	455	162	521
432	983	1033	711	653	270	779	277	546	835	95	741	953	248	497	1008	266	154	293	890	985	806	157	308	1078	430	173	5	226	193	560	344	468	251	325	198	108	254	436	960	341	516	912	160	469	414	366	1052	683	239
464	772	64	363	669	682	15	21	914	50	30	897	825	1024	409	529	1098	732	289	630	675	763	1123	1015	338	345	979	1039	184	443	765	1081	47	1014	188	905	864	576	296	57	244	534	243	1097	997	164	558	888	561	830
746	502	428	848	420	1050	156	539	1010	275	655	177	1032	1099	472	38	752	235	153	1100	210	399	791	799	1055	759	214	590	885	995	737	1037	10	619	37	199	597	702	536	895	55	1005	1088	260	518	1101	22	569	368	792
382	972	461	774	116	934	1025	860	918	658	205	128	757	52	427	952	770	964	72	380	1104	610	465	531	709	408	844	820	246	355	1119	149	722	1071	609	570	603	574	608	1022	283	346	369	908	175	925	635	775	1112	27
996	151	67	306	336	666	1057	724	471	591	723	690	446	250	978	696	286	54	665	68	922	139	441	125	96	307	1011	902	349	376	85	542	143	353	391	347	121	907	644	743	1020	284	662	527	17	621	324	216	249	147
423	253	87	327	480	46	976	123	738	605	720	489	1129	495	530	1056	458	442	812	745	255	77	858	851	1136	459	939	803	1091	478	0	571	555	869	397	486	640	836	989	144	218	1034	217	955	62	499	70	365	1031	636
410	716	891	417	1028	24	256	171	807	766	1113	593	103	568	670	83	598	113	596	447	618	1086	115	728	406	265	1103	524	606	627	898	331	583	660	617	122	703	870	894	814	101	200	75	584	532	316	645	615	245	334
873	437	485	492	798	1077	784	1036	136	731	132	1085	460	481	694	911	764	120	229	176	512	876	817	1106	727	318	292	1109	1027	691	936	827	39	681	259	881	431	543	1132	202	1110	651	852	552	503	778	1137	13	921	909
1038	403	771	1075	392	25	564	1134	100	676	337	1120	211	718	390	604	425	875	744	208	839	451	207	1117	657	138	884	1068	315	734	119	1111	620	1048	174	1021	758	831	102	45	362	611	520	1096	396	433	264	967	321	970
554	999	86	549	99	53	751	290	476	74	335	148	980	904	421	105	107	276	142	167	354	607	1041	227	748	320	761	1044	448	1114	26	1127	614	730	943	274	861	1076	1	61	821	23	383	959	104	379	551	1029	845	326
677	187	650	343	767	961	1046	1130	883	273	1074	981	456	1053	418	1094	405	220	424	1035	547	419	281	305	386	206	279	729	387	756	179	269	992	89	990	137	508	182	117	935	234	579	130	588	240	685	733	794	242	855
809	1002	951	131	230	360	79	589	1047	863	1093	940	719	958	797	975	479	1083	802	963	966	288	426	865	134	14	42	509	602	968	656	878	742	562	522	548	843	1115	819	434	688	257	280	647	401	567	1030	233	225	901
252	595	680	525	556	28	333	971	500	169	753	400	282	304	853	1066	750	145	664	998	887	916	1012	822	580	1006	945	191	411	7	484	16	158	1067	1062	1087	1019	36	474	303	624	222	372	846	133	350	493	924	32	938
526	796	40	942	698	393	190	314	172	754	94	793	991	646	639	623	811	510	1043	332	537	271	126	687	501	76	1026	232	201	1102	578	747	917	385	1049	415	654	994	322	165	329	109	491	808	800	422	643	638	974	823
389	348	494	1018	297	587	178	877	194	913	837	1126	625	701	71	700	475	889	773	648	523	261	1013	535	435	41	788	581	212	586	352	507	1045	310	689	1108	519	926	111	956	373	941	857	301	1017	18	969	735	1054	1004
237	49	323	295	517	1116	192	69	982	114	826	93	856	572	183	19	633	394	699	1079	340	840	110	949	1084	977	299	880	224	236	473	223	667	780	313	965	375	219	1072	697	215	629	1080	915	504	12	11	262	1001	585
467	59	715	1118	705	1051	1063	541	923	1125	388	312	929	712	351	496	787	1023	359	594	466	910	684	795	899	739	993	92	649	285	721	868	440	986	930	402	73	1090	797	149	1046	1108	348	51	433	992	990	351	385	612
398	65	479	631	523	368	19	342	116	66	774	731	907	986	388	147	670	1016	1035	586	875	673	303	1135	811	726	151	258	425	807	763	408	1105	20	171	717	348	341	1125	544	75	803	4	698	330	981	1037	945	150	139
32	1059	692	21	176	623	925	1127	463	715	503	677	237	771	371	215	704	471	531	812	97	596	416	232	680	940	428	1108	621	63	128	947	377	738	77	369	891	600	74	354	307	426	887	588	752	343	923	954	498	397
776	296	1098	438	380	443	1065	766	274	678	167	826	821	703	640	51	965	37	558	212	1020	637	9	837	722	91	321	191	719	550	381	293	92	898	720	1094	278	760	190	70	691	723	755	1024	1058	876	950	1073	610	796
1008	1088	612	61	991	800	295	193	329	58	67	194	265	407	431	937	982	480	143	174	598	162	169	782	1060	524	915	839	246	977	725	895	353	411	789	948	200	605	521	607	765	157	838	530	556	499	1011	444	842	816
970	490	1036	707	744	484	455	963	349	355	322	882	825	552	16	413	142	729	270	1116	83	559	206	724	1052	109	78	320	941	208	482	227	768	84	405	990	788	781	1034	619	106	590	255	437	396	11	125	432	687	658
922	474	733	1089	668	695	656	44	727	1096	1003	466	777	665	542	228	663	919	567	958	72	261	880	863	56	593	1050	112	1	146	367	713	95	389	462	1045	845	231	957	756	786	799	685	399	42	539	748	745	465	489
718	520	429	942	41	806	860	29	1047	108	467	310	475	994	808	770	518	1030	318	709	814	1006	793	43	1078	160	323	137	636	890	121	851	8	532	966	446	285	884	283	96	710	515	562	262	527	620	855	259	565	836
472	249	999	927	133	1086	182	983	1054	31	699	433	961	487	114	627	486	929	36	835	222	505	946	378	2	577	30	461	284	351	1018	115	617	155	997	597	481	216	785	1013	742	548	840	1110	526	512	459	209	452	910
442	933	308	987	1069	33	385	684	989	847	1049	516	1066	888	1122	645	119	511	783	332	1130	576	1106	848	85	118	996	632	1002	288	257	599	46	38	538	366	993	603	960	893	189	493	570	975	384	1082	390	613	1085	711
655	832	602	345	1083	870	395	616	427	1031	129	897	23	291	360	214	100	522	575	529	563	34	124	312	1044	974	652	122	198	1101	315	1121	104	230	357	681	456	780	568	436	671	1117	225	1064	6	555	753	754	224	1112
478	103	885	87	90	1115	818	197	743	1137	728	135	45	1004	904	1009	1027	693	113	132	1128	817	892	773	131	333	702	306	248	117	686	111	502	854	741	304	336	872	959	1075	1048	350	244	944	675	181	697	145	179	972
578	457	747	795	325	779	749	584	496	827	305	1063	251	1022	491	430	266	338	1072	809	810	192	53	547	649	629	513	418	435	12	243	311	824	902	1000	439	1028	154	1025	185	393	694	1062	82	787	240	606	928	1136	1001
1100	272	767	1103	245	1109	173	971	853	441	1010	18	705	294	952	653	852	469	908	849	625	642	99	453	829	164	126	601	347	921	421	464	1095	22	1091	582	528	913	739	674	905	962	802	269	253	823	696	158	500	934
984	740	900	850	403	10	992	344	447	340	909	583	634	204	618	615	1071	591	424	650	579	359	313	17	574	276	373	833	561	49	372	585	123	791	449	609	3	792	564	560	256	815	712	595	682	14	166	873	1074	346
352	955	221	27	1056	217	551	370	519	165	549	543	287	1132	235	60	926	402	662	554	706	874	750	1053	1134	956	301	784	383	1042	844	1097	314	105	797	387	580	202	141	856	365	1114	394	912	62	1068	101	1107	819	460
611	275	813	865	936	309	175	510	1067	633	238	1041	988	666	55	978	775	374	920	488	1040	497	985	184	735	159	679	331	540	968	507	973	805	647	440	1029	1113	866	1007	939	794	1015	648	1080	746	553	5	13	980	260
239	1084	242	412	458	643	213	120	86	1012	207	172	168	406	392	943	535	138	689	661	203	857	98	319	177	654	969	254	470	263	759	15	140	107	901	454	820	664	822	290	716	39	931	1070	414	468	163	7	534	757
93	1061	976	1119	358	672	801	830	59	450	846	81	886	362	896	252	790	1102	415	1131	419	862	1005	68	878	589	1019	828	1032	1081	492	233	1124	268	24	226	861	869	1126	170	64	504	930	1093	420	700	267	660	409	404
1051	581	361	964	1038	379	916	1043	89	298	0	995	153	71	708	161	903	721	911	659	1099	924	434	626	506	477	279	376	300	73	102	557	859	451	1104	628	178	289	834	1092	69	881	537	667	622	714	517	761	186	868
657	569	80	28	644	223	536	335	967	1057	292	546	683	858	494	201	651	364	979	317	883	730	734	571	57	894	525	545	914	1087	199	1090	804	879	144	566	229	52	152	732	594	701	234	638	264	422	94	326	54	951
363	110	448	501	624	587	35	236	1133	382	282	47	149	867	218	220	751	26	495	196	211	356	445	573	328	514	1017	953	1033	187	778	938	241	641	302	183	541	798	1129	324	299	40	690	1120	932	127	758	247	271	136
1014	608	764	180	1055	48	400	592	630	688	130	906	281	1118	1123	843	533	195	134	831	485	676	917	646	483	918	877	410	280	88	297	899	572	508	156	250	273	473	286	401	1039	79	1076	935	386	1021	669	1111	50	1079
25	889	210	205	423	76	1046	614	509	334	391	476	635	949	339	316	736	639	1077	417	219	769	1026	337	1023	871	277	737	762	998	188	864	841	148	772	375	327	604	739	332	857	100	125	421	391	185	918	128	752	291
896	56	268	284	303	183	208	406	461	984	157	194	570	934	898	988	368	207	537	416	884	341	992	254	632	649	797	218	1067	893	425	488	547	225	210	943	402	133	95	434	1096	257	873	121	741	1049	392	566	765	46
396	949	521	565	1089	1076	298	195	124	487	630	636	971	822	796	739	19	1065	733	409	236	1053	318	319	142	929	109	116	968	100	86	14	756	878	189	1052	811	540	399	221	1008	693	954	216	240	1016	651	608	981	97
1114	91	615	3	1110	70	358	784	601	413	299	306	262	2	652	545	572	1061	826	740	297	37	289	1124	592	277	209	1032	384	314	778	1033	789	1074	518	714	282	103	85	106	64	618	1057	679	127	490	809	930	440	155
995	520	94	748	803	581	1121	1036	1111	261	447	156	164	459	725	335	694	979	412	595	865	309	435	966	850	311	586	527	589	849	1014	932	963	495	710	212	706	307	689	626	701	55	53	485	698	170	123	567	724	255
1012	914	1128	84	939	23	51	355	844	883	855	301	1107	474	664	539	273	798	1028	530	1084	753	668	950	1059	906	1062	593	369	192	28	727	598	907	414	1130	343	881	386	182	848	747	944	365	260	145	25	294	977	344
407	983	1132	976	913	265	134	460	838	862	820	767	1116	290	1103	430	468	146	68	1094	26	395	940	755	629	140	389	557	388	688	912	901	905	722	177	771	1075	276	915	87	831	1099	385	841	393	89	327	191	563	101
743	215	962	808	48	174	804	160	606	131	1046	148	670	554	674	690	339	633	759	645	411	132	201	920	516	456	538	36	248	190	1078	760	574	80	128	1045	842	757	1095	75	681	33	239	34	576	839	707	677	699	1063
1020	1002	923	313	542	403	712	340	685	980	44	171	1044	1003	847	372	139	267	591	143	352	738	1118	769	151	231	863	79	773	639	464	108	404	909	351	941	605	113	531	232	549	937	643	479	119	788	378	611	602	728
1091	904	824	991	933	1060	226	1041	770	758	731	32	147	217	600	360	845	286	426	129	775	427	655	185	735	312	420	310	9	903	269	233	110	144	684	734	506	503	737	958	860	635	502	243	1135	925	1119	562	130	749
422	802	1007	202	814	764	766	166	484	682	577	1031	947	513	419	122	571	678	590	270	1085	864	936	213	957	211	648	953	607	59	683	931	1013	582	902	812	1050	548	181	65	275	321	1102	283	718	472	7	695	813	799
253	496	853	345	1100	445	696	619	469	846	746	817	463	1009	1030	528	367	823	599	561	1022	71	12	594	880	508	357	176	390	179	342	1098	172	330	861	646	533	114	382	196	296	588	832	259	193	587	1080	1129	493	1070
280	74	349	926	854	669	888	433	723	295	899	316	1058	199	829	137	686	186	711	60	604	115	52	640	58	795	656	815	30	383	692	112	462	1023	830	376	458	17	596	149	938	1081	263	732	761	985	1123	77	736	1122
763	719	560	324	825	264	851	1088	1011	1108	859	505	921	1104	197	332	857	989	350	781	43	1040	1	877	417	126	104	1026	450	29	807	11	868	287	481	612	617	377	90	1125	154	835	338	917	975	745	777	1073	827	13
1136	961	501	168	452	475	288	470	281	665	564	1101	457	234	783	8	754	715	1021	347	242	423	657	1106	408	361	61	251	716	466	278	150	47	532	105	356	805	507	673	768	553	525	924	819	364	918	54	1068	867	497
876	964	405	526	271	448	1027	908	492	671	642	625	223	92	315	858	836	1034	614	1004	83	237	978	833	843	597	1126	634	986	188	49	291	436	486	818	323	687	1092	585	203	911	158	793	40	241	135	184	169	951	329
21	622	919	928	659	57	782	246	834	575	1042	779	204	1079	653	894	529	491	774	336	381	302	541	27	1105	772	785	16	512	1082	555	1112	892	559	1054	700	494	0	999	948	88	663	558	869	93	550	118	222	1134	552
229	580	801	337	870	438	935	974	965	175	776	76	897	227	375	428	556	326	628	418	359	702	603	99	346	837	546	443	162	24	573	1090	235	415	410	660	730	478	38	362	96	752	569	942	214	1131	465	205	6	1006
331	994	366	955	997	1109	238	810	18	922	879	534	583	703	1117	680	523	889	444	708	972	998	713	138	1043	249	967	1056	1113	543	20	990	293	627	762	610	751	952	42	256	152	200	163	252	800	891	1064	285	1115	624
4	63	178	333	787	729	141	916	272	41	180	446	500	455	107	1038	1069	489	1025	432	394	400	348	453	1029	1127	379	875	946	647	325	1000	641	970	454	886	887	387	78	816	22	1093	62	72	637	10	609	667	111	1077
742	1051	872	467	675	828	551	840	476	363	522	1133	258	638	515	672	568	509	504	900	482	82	230	353	371	50	1019	245	750	535	982	165	1071	1037	1001	67	45	993	519	439	35	510	717	300	167	308	228	437	480	120
856	1137	874	662	871	616	81	320	1072	1035	159	721	66	726	39	220	451	620	398	517	449	1005	1039	117	514	161	15	328	1018	471	821	473	69	697	927	658	98	744	623	498	866	219	483	322	431	882	704	247	401	102
960	292	305	1017	1086	1048	1083	421	125	578	666	780	1120	910	895	885	524	73	584	613	661	354	720	852	391	806	304	631	370	5	1010	317	442	786	654	790	477	1066	380	441	374	650	1097	136	198	224	945	250	1015	890
266	424	956	969	511	1047	206	705	621	973	996	153	544	536	187	959	429	792	1024	499	244	794	691	644	274	1087	397	31	676	709	173	373	334	279	1055	579	791	987	442	785	90	106	762	913	430	766	952	836	517	250
844	936	485	503	79	126	647	591	951	792	897	964	458	1117	299	445	471	296	829	1006	1089	604	360	615	49	913	467	551	617	514	554	996	423	19	319	984	71	1016	818	538	686	249	300	474	417	911	530	452	29	8
119	681	446	220	102	902	782	633	682	481	576	27	634	323	221	397	529	120	575	639	684	30	87	1076	158	1085	1119	891	28	508	543	330	1116	247	58	392	488	654	710	905	406	1045	603	206	12	723	230	772	473	544
787	764	901	868	1068	11	521	967	455	1030	1025	520	598	752	22	17	1095	201	328	677	187	375	282	196	349	472	1060	590	1056	635	23	765	860	164	53	226	194	32	526	601	1107	642	240	203	625	506	769	366	250	903
848	432	851	948	1052	111	990	966	638	703	881	557	1101	127	188	652	823	1050	468	430	359	277	1102	351	627	796	131	655	960	264	1001	716	709	739	1113	305	335	1114	41	660	110	245	233	47	77	572	665	262	522	672
599	68	518	879	1051	1118	783	519	304	670	1037	209	1125	1122	346	705	542	1091	217	569	773	117	756	922	532	969	906	1012	495	152	396	225	466	159	1106	643	883	238	989	497	243	0	439	145	435	801	975	748	825	704
10	310	195	174	777	982	183	858	877	263	1019	762	675	740	457	82	429	297	151	780	499	341	835	955	415	977	1000	444	59	793	1010	134	873	283	89	136	862	74	227	626	581	612	198	350	614	505	781	403	798	1004
950	115	1070	160	1038	63	371	731	573	789	594	962	536	13	442	337	992	167	175	876	479	302	742	794	842	254	610	732	52	51	504	839	560	92	409	295	663	1075	1057	365	179	1124	537	144	232	507	168	1018	137	364
605	648	562	373	751	235	920	694	104	50	1094	93	845	976	184	329	275	273	314	290	266	1080	1023	561	985	94	958	460	886	1130	1069	972	321	113	340	1103	613	646	1133	419	749	370	932	1115	678	239	999	910	386	216
925	1093	821	303	70	191	285	1011	659	424	1111	973	580	1099	828	385	810	942	618	702	1024	498	395	377	358	404	994	616	870	861	754	937	165	621	464	166	205	1027	16	1021	48	138	803	81	453	957	477	822	611	758
342	95	214	5	412	486	840	965	124	1061	917	722	1071	743	398	921	178	344	534	215	895	935	517	324	379	956	132	258	555	1112	463	1078	683	707	949	889	140	421	56	565	298	26	469	402	478	482	909	380	970	832
172	608	718	804	399	362	746	327	108	570	874	941	568	833	971	807	433	847	1059	410	269	271	853	668	500	788	272	1084	866	121	830	1121	817	1090	367	155	332	629	929	987	850	1074	733	18	968	698	645	550	1044	802
244	91	57	712	67	535	286	724	374	690	609	584	246	157	1043	154	182	597	383	622	934	826	687	563	729	36	237	854	210	546	73	1083	918	141	408	197	259	260	523	501	1123	361	368	43	426	431	193	916	65	289
1088	1055	1110	784	334	459	961	487	441	287	719	708	770	805	938	1079	306	1005	800	422	867	880	689	685	436	757	1086	986	1017	630	447	653	1136	356	863	734	37	224	146	1105	98	715	577	420	771	326	750	596	924	112
202	387	400	347	988	55	753	658	470	571	528	451	363	147	939	1008	388	736	545	251	864	797	766	4	354	384	391	454	700	181	274	133	378	894	83	171	943	284	1009	156	62	952	1026	815	1065	462	1108	135	706	727
281	88	636	574	434	401	940	288	527	236	343	588	493	345	308	186	843	177	129	105	820	489	998	582	776	33	979	153	476	204	101	416	38	372	414	1002	1104	510	161	993	827	114	1073	405	893	20	331	857	1087	72
1067	896	953	946	512	257	841	218	785	320	150	248	726	898	811	7	86	130	494	696	593	253	525	255	1064	97	808	720	974	25	980	693	930	265	1126	541	697	212	540	294	834	1131	908	169	959	96	393	223	437	509
1063	667	721	875	123	619	1	90	1047	558	143	1039	173	549	838	991	382	1014	438	418	692	583	312	492	900	1032	664	730	242	945	228	578	45	34	553	759	923	390	814	231	118	763	352	125	338	75	631	1097	211	1120
595	747	440	369	66	279	31	1035	547	1007	981	744	931	662	54	427	809	307	676	229	425	892	222	795	871	1129	688	927	1042	450	1040	714	872	322	887	884	208	348	711	1062	315	995	559	878	511	717	122	1082	767	513
824	316	256	552	556	533	624	737	755	213	309	885	890	149	84	449	768	192	812	1029	1013	602	919	1134	928	774	666	579	199	651	1028	180	915	725	103	1048	679	99	1053	669	2	671	116	278	661	80	1132	944	745	701
456	799	336	933	1081	869	207	1049	983	40	637	587	496	333	644	831	673	6	904	978	128	1058	865	3	786	531	268	176	483	261	163	836	1020	954	912	600	292	46	524	280	997	267	15	1100	607	325	699	35	1054	695
1096	44	276	389	564	484	656	650	1036	1135	846	293	691	480	376	381	620	623	353	585	674	491	1128	728	413	649	735	778	914	852	1077	14	24	69	42	586	301	200	813	592	567	761	1046	713	888	1003	109	318	791	775
515	106	926	60	1127	1031	741	428	490	311	443	411	1034	407	680	241	539	61	628	760	317	21	85	606	1041	394	170	189	855	899	837	291	76	107	1109	819	313	39	190	142	252	856	641	566	475	1022	355	234	779	78
790	448	816	640	589	947	339	657	806	907	1033	738	849	139	859	516	9	357	162	882	185	548	963	219	100	1092	461	64	1015	148	1072	502	632	270	1137	1066	465	1098	1085	48	106	734	954	355	313	697	51	895	740	434
749	23	646	75	892	484	420	176	810	938	144	374	640	845	22	948	697	318	997	991	349	85	672	305	47	950	232	14	447	1017	959	920	860	526	1050	602	721	816	627	811	779	996	1103	244	732	395	590	1131	475	1088
832	529	669	37	78	967	290	164	769	297	528	415	726	658	241	875	771	955	781	714	675	1072	1085	561	153	611	32	179	1068	483	888	303	1001	445	655	229	1047	190	758	106	226	294	544	433	872	982	202	1097	482	452
918	940	1021	315	905	594	606	804	455	258	110	1008	556	903	54	160	902	135	953	681	1109	350	424	596	201	320	1137	139	900	798	272	467	862	431	1063	1078	735	818	545	486	479	837	976	793	1069	345	519	213	392	509
970	937	56	636	609	764	268	1006	961	281	751	462	736	3	1110	1119	854	685	169	50	963	540	88	1127	480	524	293	1095	192	723	753	43	617	962	1020	443	757	943	786	944	450	577	120	80	808	1060	661	276	250	534
994	387	283	838	673	1040	1081	756	132	777	357	328	495	952	376	1076	391	774	111	1061	592	217	693	351	667	1057	491	100	211	11	819	960	865	761	1074	52	208	871	57	844	913	279	741	782	662	656	49	1038	488	40
763	471	1099	993	204	1028	24	286	138	233	659	423	30	83	60	1067	264	760	1043	432	632	148	146	125	170	248	983	941	719	335	185	789	568	140	150	1114	825	301	554	604	240	317	696	360	1055	564	1037	567	1124	154
680	874	921	981	826	887	767	436	1	679	676	702	575	58	62	1116	906	186	622	639	813	206	55	537	119	876	917	167	541	1130	688	166	158	421	312	861	770	856	929	898	442	718	336	517	907	626	968	846	1079	254
1132	428	20	603	187	605	76	889	402	553	481	377	514	866	891	435	296	347	0	288	4	507	156	1121	1004	657	291	90	616	759	461	1073	101	330	879	776	513	934	353	624	615	498	974	695	189	10	674	397	145	1015
361	1058	324	251	231	6	343	1032	342	407	806	748	1133	687	912	700	440	717	936	539	133	867	558	1093	1007	1101	582	703	546	466	8	566	731	242	1098	915	734	42	18	821	883	521	873	419	143	441	344	923	418	381
783	852	19	1005	1019	842	74	644	373	368	885	199	379	366	77	230	277	1134	1107	794	1041	1113	246	797	817	795	754	151	1044	299	117	911	473	1045	236	228	237	807	964	261	946	180	502	1075	720	744	338	504	168	573
1009	134	380	908	549	220	1022	910	112	257	102	227	925	126	173	623	1035	340	984	365	196	200	855	654	836	527	822	755	1053	468	332	284	378	980	560	663	1049	439	70	1011	531	610	750	956	13	648	686	893	1102	638
677	198	1084	580	1135	300	716	1083	613	834	738	1106	641	651	369	629	957	589	16	581	608	1064	34	708	370	222	1014	945	1003	689	99	1118	1082	214	1108	870	1128	740	285	840	511	282	607	205	1070	593	44	896	21	438
405	600	772	316	1046	477	123	271	890	1042	824	225	398	999	803	105	142	412	273	434	287	501	628	29	1054	550	451	666	533	72	243	733	104	792	35	289	337	1120	496	510	730	978	585	728	787	93	858	711	499	410
325	835	218	670	269	1052	633	45	977	115	965	1010	601	453	559	1105	302	839	161	692	881	694	857	743	649	224	1002	489	403	98	404	682	177	478	701	59	829	382	492	969	587	354	238	458	116	508	188	69	113	304
727	1013	773	894	1031	456	307	476	557	1086	833	820	429	152	259	1025	802	96	841	216	635	987	630	15	928	25	942	1096	506	691	193	548	775	784	565	183	547	408	1094	253	322	715	266	958	805	620	998	463	449	411
426	327	9	704	916	207	274	67	516	563	919	65	82	737	2	1080	86	678	197	249	362	203	1100	278	339	122	79	588	319	1016	159	975	523	329	163	422	165	490	843	886	746	364	385	1036	868	265	175	722	389	1048
973	530	1122	647	579	270	914	255	275	584	39	84	897	859	108	137	823	578	809	849	742	665	1034	71	612	308	469	576	747	17	427	178	621	1089	48	245	103	1062	599	310	444	1056	280	485	901	157	712	535	33	313
457	1087	371	184	97	706	256	591	597	812	799	182	267	951	729	1030	367	618	1091	1029	555	992	671	653	713	109	94	221	114	690	985	500	474	472	413	709	543	532	127	634	309	223	172	1092	652	877	1012	788	356	995
882	570	41	1000	698	705	61	931	252	947	899	292	1023	932	149	724	1090	1018	847	986	827	668	1024	710	904	778	209	38	1026	790	346	614	334	73	1059	933	512	922	869	372	954	314	437	470	494	446	815	939	409	355
107	311	386	487	926	830	505	1129	51	768	497	631	924	1125	383	583	503	141	323	155	979	36	1117	619	239	1065	650	454	643	448	542	460	796	884	1104	181	219	536	194	27	384	831	465	1115	766	171	625	850	801	880
136	26	359	1123	949	400	1111	853	739	518	306	394	128	586	569	1077	234	848	684	263	399	81	390	396	124	7	927	417	765	828	752	645	520	247	147	972	333	414	990	571	562	909	212	1051	129	326	95	595	538	331
851	785	348	118	1033	551	191	637	295	699	745	53	515	525	800	459	430	642	464	493	91	262	660	574	780	352	375	31	66	598	162	725	89	707	92	235	814	63	341	1071	683	1027	791	1112	552	863	425	1126	416	1136
321	988	28	12	174	895	215	388	930	363	68	762	406	522	87	131	966	298	121	5	572	989	1039	1066	358	46	935	664	393	260	864	878	401	130	64	195	971	210	913	689	260	717	215	825	427	79	369	979	888	973
360	245	1104	832	15	43	153	606	827	519	574	216	1092	1081	842	341	561	1018	714	882	285	841	980	321	345	756	911	383	733	954	97	46	646	211	765	389	337	299	628	366	1054	265	305	1072	1051	325	161	80	12	16
884	1099	655	1122	7	949	312	589	674	145	165	429	237	189	142	167	961	253	966	316	875	184	888	1033	169	732	86	1084	759	140	717	820	829	238	1056	488	448	444	1134	901	188	103	185	309	545	469	1136	260	276	1068
971	912	205	815	372	796	1035	311	401	885	21	828	938	731	177	723	631	1037	647	830	699	32	862	843	906	59	438	182	743	973	501	918	254	155	809	505	777	3	60	400	69	47	1080	385	617	532	30	301	37	933
926	1032	335	629	35	848	190	126	706	1126	476	734	93	649	51	228	71	143	1	411	73	854	725	14	607	461	1069	929	62	27	681	904	818	1096	473	1003	776	946	558	256	38	922	382	197	995	551	281	846	1082	730
1106	701	403	645	374	978	711	306	443	215	675	856	310	564	506	801	467	8	221	601	65	386	739	1107	361	720	292	873	447	481	319	399	381	296	1070	585	797	323	877	462	375	786	939	39	750	230	976	871	200	839
5	1132	6	408	277	990	697	307	247	662	512	119	894	432	556	992	669	986	757	472	713	274	680	981	671	343	583	122	510	544	616	28	537	838	1016	867	202	1095	249	458	953	504	1012	131	621	250	29	342	390	289
266	1027	219	814	511	137	134	837	612	686	1057	226	1097	893	546	823	996	712	10	210	682	555	138	670	104	791	948	587	528	255	789	84	203	454	683	502	1120	398	313	1083	892	87	1025	1053	261	500	1010	835	136	891
887	330	935	640	479	40	570	1020	2	420	428	845	782	708	919	1021	434	493	67	53	635	822	902	762	1045	68	112	317	75	58	795	300	542	212	111	709	539	914	1006	52	1093	275	116	491	1116	1008	523	744	813	989
1029	173	710	130	456	853	967	547	509	613	917	642	852	273	78	883	611	955	763	672	982	156	236	318	449	217	957	258	1100	549	315	1059	174	440	735	297	718	1075	1061	1000	940	705	466	1135	1115	326	451	673	347	787
405	943	1078	269	599	863	881	737	402	991	22	692	435	560	168	639	526	844	351	34	497	264	529	874	157	453	196	945	332	934	652	99	578	181	567	187	1098	1113	568	805	282	376	499	632	362	540	115	127	392	355
328	63	517	233	569	441	663	522	222	826	270	724	11	625	146	72	1047	324	659	768	293	446	128	455	4	740	960	334	0	484	192	394	800	668	857	331	677	1071	928	503	1105	1030	530	865	74	742	824	536	778	736
1034	70	1036	147	413	356	1077	975	113	1028	572	1073	988	409	514	1064	42	1094	518	930	110	220	55	604	729	218	1024	860	431	352	396	691	766	783	964	983	836	1119	1005	284	952	899	785	1013	666	364	559	620	48	1031
648	752	417	872	728	412	657	851	279	1011	124	9	554	755	879	624	101	644	471	985	650	348	482	758	329	387	94	685	496	278	380	507	890	1074	811	41	769	170	592	1079	179	1086	485	424	516	66	908	703	771	993
1001	379	903	13	132	397	406	1090	794	442	909	665	369	44	1114	61	1131	159	694	489	1039	833	541	186	596	1066	947	262	213	525	937	905	579	77	422	910	965	582	439	1049	368	622	314	25	623	817	33	283	774	24
773	346	586	704	404	866	916	1112	291	812	748	114	288	533	149	163	1007	209	520	1015	637	932	775	494	1076	344	487	799	425	82	244	248	878	855	521	418	1040	427	267	89	727	1130	997	508	178	936	102	658	864	1129
227	942	239	638	125	779	139	395	171	1063	45	151	898	327	819	550	259	923	160	206	770	1052	1046	373	999	726	272	693	251	950	802	707	603	1125	886	1124	1026	1055	280	1060	388	609	1002	577	595	825	1101	271	474	475
92	998	193	1042	896	414	371	1050	195	927	719	527	457	1041	367	1023	656	365	807	806	760	687	144	407	1038	234	636	17	767	958	150	452	634	534	688	689	436	780	931	1067	593	913	120	565	566	214	480	615	951	920
600	618	286	552	477	834	287	921	627	972	897	96	304	121	459	643	573	754	641	263	257	915	350	543	98	340	1065	821	1087	868	198	984	869	50	900	302	700	64	690	1088	336	880	460	194	626	88	987	1117	816	721
1102	1004	803	166	1019	31	180	1118	831	57	162	133	243	630	225	123	804	421	26	268	100	152	610	359	605	619	204	1014	575	749	298	377	1123	416	1009	861	654	696	969	415	320	303	597	370	1043	660	741	83	764	391
252	176	118	91	90	242	849	876	410	584	470	19	108	925	486	135	423	56	588	531	49	353	548	810	580	859	358	338	1128	76	450	240	994	614	513	433	85	1091	679	576	1110	924	1103	1111	676	563	468	790	889	20
1085	109	761	702	384	1137	1109	698	1108	349	847	956	465	722	241	974	164	959	524	158	308	1017	498	208	1062	962	322	808	1121	224	667	907	598	357	633	105	941	490	107	175	793	437	235	426	1044	747	478	363	562	963
745	141	751	738	715	492	464	191	716	290	608	678	1127	653	695	1048	1058	36	199	23	495	850	1133	183	445	246	753	81	117	788	333	535	201	223	172	354	784	970	792	129	968	483	18	95	977	858	553	515	419	571
870	232	798	895	594	378	746	295	148	207	463	229	581	840	393	294	1022	79	781	602	661	557	590	979	651	54	684	154	772	664	944	231	339	106	538	591	430	1089	684	197	567	1135	990	1046	97	87	129	171	153	917