0,1
621	1002	131	601	437	109	748	11	971	947	868	964	529	139	525	250	577	824	851	22	74	276	897	172	445	691	1085	817	1061	43	1076	672	903	836	700	1070	414	29	976	1011	253	973	765	668	937	625	60	1057	853	218
518	323	874	271	1025	411	888	709	592	866	619	274	514	124	688	873	374	905	64	531	809	844	753	249	811	125	945	196	429	126	191	298	773	617	52	1108	420	27	845	16	637	177	1031	228	325	372	1042	869	399	345
537	188	173	658	121	524	1105	393	487	230	383	786	850	614	273	418	482	596	179	392	467	326	430	384	774	718	441	499	990	657	904	507	580	955	1100	629	520	935	244	120	261	443	582	300	234	403	450	1058	1073	933
584	568	591	740	342	781	555	585	104	24	1016	858	751	829	284	31	222	203	444	361	684	1009	840	702	1112	417	334	511	6	821	726	883	669	225	961	341	528	375	299	264	133	547	1084	447	1104	143	1019	892	153	991
41	704	720	1036	839	155	649	217	959	742	776	151	761	962	211	743	513	479	635	631	794	641	1077	993	698	546	745	75	492	795	442	386	88	413	565	142	1079	425	1087	1	687	647	387	501	1013	646	957	223	426	305
358	699	870	304	948	20	349	908	692	588	45	329	233	581	926	882	53	51	473	1017	307	195	633	171	759	510	68	1096	370	827	147	504	491	1060	1053	855	893	138	1063	559	1102	828	1015	92	1037	452	890	440	202	115
483	613	485	666	998	1046	318	216	302	176	114	782	554	181	1090	569	277	663	475	603	1038	410	695	519	842	864	369	285	950	838	85	163	899	871	34	590	909	337	76	235	1024	248	792	419	578	39	287	240	1059	193
539	1014	1086	716	730	229	192	353	639	643	194	294	558	1010	57	941	731	571	562	12	484	1027	1003	169	832	843	994	378	886	33	259	486	927	174	1113	573	190	252	612	1035	140	922	953	738	894	545	833	564	94	920
1050	980	1041	918	197	335	791	498	664	152	463	898	1023	992	1091	495	116	697	986	416	408	790	880	846	339	963	280	593	885	167	69	295	30	889	622	576	37	805	100	102	245	80	1034	84	567	508	448	802	242	900
157	122	857	975	823	728	788	744	35	673	322	983	366	293	703	260	1043	428	896	910	315	99	78	132	87	292	56	321	415	381	237	772	108	654	1083	175	431	1099	628	618	1064	804	985	719	278	161	544	438	610	354
756	972	879	254	835	500	10	764	7	1007	141	461	638	183	1107	915	723	379	1022	184	309	816	262	778	913	220	548	398	389	770	159	47	752	166	721	960	675	867	351	572	848	456	536	65	931	951	982	872	272	735
987	311	28	164	97	916	1114	130	402	685	367	96	822	489	1018	224	303	859	602	609	970	110	21	170	344	769	72	807	449	215	901	940	105	693	566	91	1067	808	712	243	803	317	604	729	623	538	598	199	907	497
1106	815	757	396	257	282	231	236	457	462	615	1030	799	407	1071	789	238	999	296	979	1004	1093	1048	466	995	679	819	754	934	107	377	70	694	705	390	424	861	333	435	678	966	942	997	118	336	154	860	600	200	944
911	136	768	50	626	594	891	241	1089	98	722	451	793	988	83	767	405	634	61	146	400	661	162	59	306	3	876	820	676	952	936	651	119	800	210	509	523	863	266	570	968	129	279	522	81	943	862	469	178	1069
620	706	526	579	1101	707	1001	111	468	852	14	214	739	327	160	476	8	458	26	775	849	696	1056	611	182	734	25	939	925	814	750	49	439	38	1080	586	912	382	977	343	887	312	1029	549	66	205	494	338	226	481
642	289	433	148	478	301	686	227	724	149	212	101	156	1033	605	587	332	737	488	784	659	1095	23	881	113	1008	308	1088	265	895	689	320	365	667	560	550	831	135	1054	1026	682	63	517	144	219	1082	79	650	460	58
938	2	208	1075	599	477	841	391	1044	505	275	348	711	106	541	932	198	17	981	949	575	281	352	1110	636	1092	532	359	187	207	165	996	837	246	269	616	946	288	1066	830	956	251	512	36	394	701	297	19	310	553
267	112	854	632	291	1045	1062	787	644	714	1052	189	710	247	5	660	563	1039	878	145	471	204	515	1068	397	826	316	432	930	533	847	362	978	1081	127	561	967	209	314	423	331	656	552	404	806	474	763	368	906	1028
42	388	117	493	270	324	924	0	1047	9	812	902	55	1065	965	1074	455	677	595	530	717	875	319	385	556	496	434	18	813	954	453	186	86	969	503	928	46	168	674	810	340	221	1072	436	1006	1094	1109	1005	1012	258
137	798	330	884	376	454	158	708	180	521	771	32	150	263	777	103	347	551	540	350	727	516	1000	681	1111	958	213	465	206	665	123	542	877	255	412	328	725	648	583	346	1049	427	357	680	73	741	736	984	683	607
929	917	779	421	470	627	459	1051	989	373	48	363	506	589	758	1055	82	923	355	95	446	67	834	608	534	766	422	380	201	671	128	1020	401	286	268	90	464	1040	921	690	785	797	535	914	640	713	557	818	865	747
313	749	232	364	185	62	480	732	780	624	662	746	597	134	1021	655	856	783	360	290	71	4	645	44	472	762	801	796	715	630	15	1103	760	606	919	406	1098	93	283	825	543	652	89	670	653	409	755	13	77	1078
974	574	54	395	239	356	371	502	40	490	256	1097	1032	733	527	1049	90	295	240	1014	174	324	841	286	191	97	212	219	365	849	788	110	270	924	197	912	867	524	332	556	940	943	674	145	368	359	215	723	613	1036
757	1040	644	88	737	1094	898	320	272	509	817	408	398	418	776	421	822	956	973	346	678	929	126	185	1018	59	5	1053	80	3	1083	58	124	145	745	890	610	858	325	862	1068	438	549	865	837	389	625	130	1112	432
579	546	112	42	1034	367	368	926	219	857	101	723	874	958	825	532	692	496	458	290	216	655	25	150	513	925	416	386	969	522	56	708	830	928	494	514	445	395	511	113	472	506	1054	188	1	304	276	617	886	410
760	806	884	263	977	1087	605	413	1076	999	344	459	99	286	758	835	229	780	176	181	278	927	841	730	172	715	938	1059	1043	341	355	427	264	17	682	1009	869	235	449	84	193	698	838	365	883	653	1058	720	138	1026
1030	707	65	479	1011	446	680	767	502	474	164	441	908	1028	37	345	420	932	327	1111	343	275	0	633	877	963	403	1044	143	307	1101	108	911	845	372	807	540	41	606	237	860	814	897	376	726	980	29	260	773	750
785	1037	591	953	179	820	510	608	217	456	744	1106	215	437	292	621	236	1021	515	1019	430	422	916	881	813	712	616	706	912	728	997	791	333	966	133	1055	759	965	253	983	392	674	1082	543	1036	360	792	711	476	495
686	83	349	33	824	939	194	910	1047	132	627	252	258	700	1045	713	391	282	390	142	933	960	377	810	63	769	936	285	811	993	853	448	519	931	1022	6	620	955	342	559	1003	24	1099	739	40	280	116	309	560	1108
508	876	718	81	765	797	703	98	849	245	250	241	550	1017	1064	228	569	246	205	211	60	503	747	572	467	267	326	904	363	1093	209	425	1070	148	230	566	203	670	50	454	547	287	935	370	158	213	394	896	175	923
1057	401	944	584	848	753	125	637	109	539	273	839	516	762	404	8	405	64	530	177	948	163	212	400	746	729	596	732	1016	991	473	975	907	556	696	312	917	812	480	982	601	2	941	607	497	396	552	639	951	1014
667	523	565	921	362	536	210	815	694	648	751	1048	322	136	798	478	766	493	636	571	535	1114	800	186	95	793	270	330	1010	677	353	162	356	541	594	588	808	347	92	922	528	787	281	775	618	134	1023	30	573	293
332	816	447	742	90	85	647	444	336	947	656	613	45	486	460	231	582	28	66	340	1012	35	301	827	1006	499	53	366	738	756	1103	778	161	796	232	994	137	38	51	705	557	600	779	894	73	740	1092	1085	107	755
1060	86	465	34	668	247	57	334	622	120	1042	821	378	903	183	296	889	189	597	256	628	1066	233	971	102	123	658	485	171	795	781	1102	614	1081	323	314	311	690	36	174	221	735	691	734	277	1041	1031	764	651	417
1032	521	856	384	498	1000	684	196	624	1074	885	551	200	580	180	632	190	978	442	294	914	271	888	22	240	453	520	501	463	452	895	507	1113	359	1071	12	140	321	151	688	846	110	100	1084	147	103	144	741	106	834
208	204	319	313	1073	382	105	381	274	192	996	784	602	268	385	329	52	1033	664	615	371	435	970	937	872	805	630	736	851	643	289	315	218	68	429	167	887	986	1105	324	373	91	880	593	154	640	731	749	638	470
943	1038	635	118	89	27	306	646	388	788	891	187	1079	1008	976	466	379	676	21	487	16	9	981	1080	906	623	1067	451	529	302	225	998	397	316	387	598	855	517	772	534	178	870	443	462	283	919	548	864	119	55
673	423	122	82	169	226	777	434	604	146	431	1027	946	20	308	13	128	491	882	295	657	419	575	685	199	26	440	564	852	19	934	238	609	940	717	847	875	512	182	901	482	111	248	592	968	721	710	310	823	1072
669	831	859	693	1001	619	754	197	702	335	469	716	892	15	153	567	383	127	1002	424	964	840	284	165	843	748	652	94	945	828	266	393	645	67	949	671	490	318	568	156	75	339	833	826	583	818	649	987	298	32
489	439	375	374	380	14	18	578	243	484	873	626	149	770	475	1062	1024	369	799	1015	675	407	234	542	959	338	303	70	561	254	409	654	768	802	104	222	1091	988	348	31	152	1013	428	402	279	399	206	850	631	577
699	832	1097	47	570	1088	701	87	77	1056	414	160	599	139	863	121	518	725	743	527	554	492	634	1104	1049	224	1109	1096	801	774	257	952	412	114	97	829	761	763	1005	842	909	220	789	611	168	54	1051	505	159	681
239	255	924	352	771	803	141	612	861	471	589	173	689	954	683	545	962	288	661	48	697	1065	727	992	537	782	129	719	544	195	43	170	804	96	679	524	483	297	586	574	157	695	354	990	426	433	115	659	709	1077
868	1052	984	1039	46	61	198	1004	79	1078	76	786	844	879	49	555	967	202	878	585	722	1086	214	468	71	39	871	563	915	265	1107	989	687	207	227	317	78	663	957	1100	576	11	331	477	436	641	464	979	10	259
899	328	1029	526	918	1020	562	1061	836	500	1090	74	1007	457	1069	900	893	166	854	525	1098	629	666	201	985	450	1110	269	117	135	23	155	291	819	866	300	262	1075	361	244	488	809	1050	337	1046	62	905	261	461	790
531	4	357	733	1095	7	672	581	533	1025	44	553	595	995	538	1089	714	481	603	69	660	249	642	1035	783	299	902	305	704	223	972	913	351	350	662	191	942	1063	867	558	587	251	415	974	724	72	752	794	184	411
920	358	950	131	665	455	406	364	650	242	590	504	930	961	93	1008	934	133	149	841	924	373	321	768	888	953	857	683	659	435	245	998	303	291	980	1025	341	754	28	920	784	337	213	270	286	447	907	501	793	189
369	152	682	925	358	691	356	267	204	380	799	957	457	168	528	741	665	815	185	308	155	58	982	106	221	776	758	1063	31	166	328	845	277	832	771	1040	1058	420	725	294	801	887	745	29	908	254	942	189	502	268
660	66	981	653	757	81	407	514	248	718	1091	529	892	477	859	241	444	9	790	644	112	1076	2	213	924	371	533	1027	905	195	170	576	141	791	959	51	8	33	785	90	539	956	1035	278	777	441	368	44	1111	974
468	927	124	898	620	873	563	513	357	488	1059	1005	446	364	860	483	296	65	615	495	1021	781	645	652	399	427	936	1106	309	135	404	885	342	140	97	709	150	978	577	973	813	738	438	798	833	766	635	3	555	869
35	381	1000	866	180	416	384	761	317	570	319	672	565	1084	921	728	339	478	662	598	408	916	573	449	450	382	1029	209	1028	1052	943	363	162	782	740	489	91	196	181	370	775	953	704	604	544	994	673	1022	63	706
950	1097	95	6	4	395	344	553	378	854	428	637	733	1109	197	325	330	82	1077	963	157	944	831	678	955	409	852	734	173	5	867	193	1012	247	967	1110	198	108	569	270	1039	809	1014	266	154	661	160	850	913	651
550	291	612	574	937	934	1073	655	64	909	566	575	436	21	720	50	30	755	1101	482	679	506	534	443	940	590	515	805	184	971	789	960	1067	858	1042	763	703	593	244	243	988	298	164	445	692	300	900	630	990	836
717	582	907	156	1003	464	731	874	177	559	806	458	38	636	235	153	210	670	666	642	214	746	658	621	10	37	1044	671	414	681	55	843	946	260	560	22	821	366	632	116	723	1036	536	933	732	398	128	561	52	802
72	1024	521	932	461	462	246	487	413	149	609	711	626	962	470	283	346	175	779	726	657	1075	1001	151	67	1071	896	920	1064	497	412	469	827	518	996	848	286	146	54	68	531	139	904	125	367	96	870	894	205	568
693	349	376	251	85	844	143	203	34	835	975	391	347	748	121	922	20	774	947	1090	877	284	841	15	17	527	293	430	324	289	341	683	88	216	249	147	423	253	87	127	327	46	118	969	511	622	302	353	863	770
516	1057	834	1034	765	669	889	918	540	1038	716	828	980	1104	490	255	480	263	619	250	1041	459	1062	760	78	985	596	159	0	964	77	995	676	43	591	546	708	355	599	872	486	542	855	686	472	144	218	1093	530	792
217	1096	804	640	1066	499	70	365	884	538	410	123	603	749	417	878	891	928	999	608	1033	600	103	768	83	1082	447	970	115	613	406	265	998	524	756	1054	558	122	592	1102	752	822	101	1087	75	532	316	245	334	730
437	485	492	714	617	893	136	616	1020	1051	481	584	935	751	120	229	176	1074	737	690	724	318	875	814	663	1002	1015	431	543	1037	202	1007	674	552	503	659	977	13	634	767	989	403	1009	392	25	564	784	100	337	1025
211	605	390	425	736	1089	1078	710	451	207	865	138	1113	315	1069	119	1008	976	174	966	641	702	1060	45	362	611	1049	987	396	433	264	1085	321	819	554	1105	919	549	99	53	290	476	912	335	148	897	762	421	105	107
276	142	167	354	607	794	227	320	830	448	1016	26	1032	614	274	727	951	1	61	694	23	383	104	379	551	952	326	677	187	650	1114	961	743	273	949	456	1026	418	983	1108	220	424	695	547	419	281	305	386	206	279
387	179	269	945	89	838	882	508	182	117	825	1045	579	130	588	240	1011	1019	1043	849	131	230	360	79	589	1031	772	810	719	807	824	479	917	288	426	134	14	42	509	602	817	656	1100	562	522	548	1017	434	688	257
280	647	401	567	881	233	225	759	252	595	680	525	556	28	333	1006	500	169	753	979	282	903	938	750	145	664	846	931	580	853	1099	191	411	7	484	16	158	1095	972	862	36	474	1094	624	222	372	133	350	493	32
526	1047	40	698	393	190	314	172	1053	94	793	839	646	639	623	811	510	901	332	537	271	126	687	991	76	871	232	201	997	578	747	385	851	415	654	842	322	165	329	109	491	808	1046	422	948	638	823	389	348	494
861	984	587	178	194	837	625	701	71	700	475	773	648	523	261	535	888	226	41	597	954	788	397	707	914	292	439	98	212	306	586	1050	137	820	507	80	338	432	435	902	310	1088	689	519	453	1048	336	829	373	60
857	301	18	1004	57	735	911	1070	49	323	941	517	74	311	581	163	1018	812	192	86	69	345	454	304	601	114	186	713	256	826	93	856	572	992	1107	769	19	1065	633	1103	699	295	958	340	498	840	1056	455	1092	968
238	299	880	471	307	224	668	84	236	473	223	1072	465	1068	275	667	864	1013	313	965	1098	764	219	161	48	697	906	215	926	400	629	56	915	504	297	12	442	11	262	895	1079	501	1112	729	467	59	675	715	1023	171
705	27	39	541	923	1030	883	388	312	929	712	685	452	780	429	259	1055	496	787	242	132	606	610	359	594	466	910	684	795	899	739	993	92	649	285	721	868	440	986	930	402	1061	1081	722	199	234	800	796	111	520
352	460	786	754	331	351	110	876	1080	231	102	73	505	258	1083	239	62	47	361	618	237	879	818	886	512	783	583	557	208	374	545	188	113	847	129	816	200	1086	24	628	627	890	643	778	303	939	571	228	375	797
742	463	631	394	803	696	1010	183	405	272	377	287	585	744	343	358	348	51	177	680	501	9	1020	77	1063	952	1032	963	399	425	657	769	717	385	97	143	129	558	331	894	84	663	715	761	842	144	120	579	582	767
395	882	860	112	520	9	191	680	91	928	1110	647	848	859	652	625	931	92	968	174	528	355	774	596	444	109	258	63	832	715	923	1021	77	19	1039	787	84	936	1077	462	307	582	833	1019	66	529	169	390	416	873
246	206	212	956	65	929	128	991	777	943	208	706	880	74	612	561	711	490	1007	255	605	1111	162	523	824	125	439	606	20	821	72	813	616	262	143	405	1061	1099	437	682	360	345	83	200	329	147	486	783	75	548
615	618	349	430	685	151	1074	21	1045	947	51	522	481	790	591	37	4	116	743	563	886	323	654	1023	232	1105	385	157	293	466	1104	887	719	750	32	816	1054	502	479	108	998	318	1095	160	428	627	484	896	380	193
493	803	694	455	782	1069	1041	67	847	137	687	717	672	8	1012	932	29	748	544	812	550	588	850	547	744	610	914	940	291	515	411	814	427	828	1026	878	560	215	792	341	524	433	182	664	840	794	710	586	800	367
969	1106	844	237	322	636	539	827	603	1043	904	457	555	1103	425	760	971	1107	30	997	499	953	56	874	288	987	597	142	44	216	1085	1009	915	369	1044	619	354	371	593	320	209	1100	705	384	222	357	770	342	767	951
33	611	283	556	1090	858	835	321	795	119	856	807	867	1046	675	85	118	939	429	257	443	46	38	679	781	806	1109	407	891	666	513	645	992	129	23	756	100	1004	343	1014	418	962	1025	198	1096	598	1058	230	648	398
633	6	584	796	224	671	103	684	861	1051	389	388	577	532	478	45	1092	471	1017	43	467	739	1010	678	438	113	516	491	171	1031	868	366	689	601	131	482	551	763	728	306	214	133	248	399	862	111	155	135	397	583
996	432	304	1020	442	788	691	435	834	979	244	521	1113	693	181	475	1114	538	145	179	1022	413	194	1030	228	117	713	463	41	1098	325	735	663	377	480	804	662	259	197	305	542	251	225	631	700	766	266	338	559	984
823	629	426	846	855	1086	192	954	570	785	1078	1	916	315	811	562	1082	311	124	872	1094	779	308	999	154	965	330	185	655	278	436	393	530	977	892	854	1008	580	240	452	720	496	336	780	921	272	595	908	926	995
249	933	173	565	661	378	952	789	18	918	579	294	274	938	511	974	600	1102	498	1015	1057	643	164	310	285	126	703	121	347	986	421	464	333	139	799	930	1063	899	70	16	709	132	681	578	815	870	894	531	960	269
1088	773	755	1066	500	725	461	1067	837	919	96	658	403	10	982	344	447	340	948	204	526	424	1091	313	17	276	1027	875	49	372	123	613	449	3	256	552	14	166	673	876	346	352	741	221	27	842	217	370	519	165
549	543	287	1081	235	60	905	402	554	674	838	742	301	696	383	1070	912	314	105	617	387	202	884	621	365	946	961	993	62	866	101	839	275	632	668	727	309	175	510	1016	863	820	768	917	602	374	973	488	819	497
765	184	159	331	920	1032	507	757	440	1080	670	786	642	793	883	553	5	13	975	260	239	822	242	412	458	213	120	1042	791	207	925	168	406	392	535	1028	1034	98	319	177	754	254	470	263	898	826	107	697	454	290
39	723	869	414	468	163	1075	534	888	699	1089	958	358	59	450	81	362	692	252	924	415	419	784	68	966	589	797	809	695	492	233	801	268	24	1001	972	170	64	504	722	1059	420	267	1087	409	404	1006	581	934	749
808	379	825	89	298	0	775	153	1055	708	1079	659	909	716	434	626	506	922	279	376	300	857	102	557	852	927	628	178	289	69	537	667	622	714	517	186	657	569	80	28	900	223	536	335	752	845	292	970	683	494
201	651	364	761	317	730	734	571	57	525	545	893	199	1101	144	566	229	906	152	1029	989	701	234	1049	913	422	94	851	54	363	110	448	501	624	587	35	236	942	957	282	47	149	218	983	751	26	495	196	1013	356
1072	573	328	514	810	187	189	503	778	988	641	12	302	183	541	1108	1035	881	324	299	40	408	890	690	558	1018	1073	127	733	227	758	31	247	106	271	136	608	764	180	460	978	48	400	87	489	592	620	630	474	688
130	326	451	211	281	879	567	73	656	967	368	843	533	238	901	1062	134	976	831	485	771	945	1065	903	115	646	483	231	877	410	280	88	568	297	141	456	1076	990	93	508	156	1040	273	473	985	1071	286	401	15	902
644	176	79	746	649	718	52	829	386	817	669	332	937	264	50	935	78	55	747	574	540	1064	477	889	210	172	205	423	348	76	22	614	509	334	361	391	895	476	738	776	512	635	1002	665	265	676	339	316	704	736
639	740	441	95	53	1003	949	382	417	219	769	394	1011	677	469	2	963	337	871	518	546	150	277	712	737	762	188	864	841	1036	1060	724	772	220	375	327	351	604	241	594	572	11	312	707	726	245	575	42	634	599
97	226	1097	980	1048	146	1052	61	1037	910	721	830	607	853	34	99	865	576	959	459	1005	190	465	702	609	122	731	373	138	732	729	745	753	71	203	798	350	82	686	527	250	564	86	1056	284	431	640	453	911	638
381	90	836	849	270	1033	36	1047	104	994	148	353	195	1050	25	950	158	590	885	167	653	981	445	140	1112	7	637	1000	907	161	805	650	243	446	1093	1084	296	660	253	759	58	359	944	1024	698	303	1038	955	585	1053
396	818	472	505	487	802	114	261	623	897	1068	1083	295	964	941	533	807	143	843	748	612	125	202	77	78	1019	634	492	1086	506	445	593	408	481	996	136	547	515	470	543	945	225	970	926	991	603	259	640	328	100
177	646	313	257	702	1019	390	273	508	19	94	685	513	1000	270	189	817	837	358	311	1018	318	1023	607	706	378	905	657	240	907	1004	928	962	86	842	174	481	525	342	132	619	339	1055	867	1033	955	750	923	1068	142
886	520	754	671	210	640	1052	124	976	26	950	277	811	402	983	937	146	404	85	28	1077	306	357	814	392	659	760	853	844	155	1058	462	55	53	170	648	539	290	212	526	836	459	2	260	294	606	46	715	712	1076
106	123	233	743	1012	413	747	603	225	795	530	655	195	134	752	527	843	1029	1074	1057	921	996	148	286	463	51	218	307	254	36	643	341	283	724	128	37	684	261	594	140	1001	344	33	34	221	692	1048	194	267	801
713	84	901	766	44	255	139	833	547	349	918	1045	226	297	80	151	824	79	693	665	1009	108	516	559	95	1084	781	275	1016	605	131	488	265	243	562	896	201	537	426	450	190	700	561	412	920	651	746	595	775	634
411	893	909	762	335	548	1021	209	129	1006	1067	538	736	677	694	56	164	276	998	368	816	838	645	771	936	409	440	466	192	89	484	518	458	127	670	566	372	496	1046	470	493	64	289	119	622	582	299	166	864	614
427	262	540	25	696	689	122	369	456	560	1114	826	213	602	211	942	925	403	649	434	181	65	628	384	7	1037	580	253	592	847	874	352	557	635	303	157	183	587	330	202	71	144	902	1015	567	461	827	176	987	973
678	586	939	506	680	422	851	114	196	296	615	995	505	840	193	469	965	420	376	172	185	447	74	911	699	445	295	385	789	199	593	137	479	738	859	984	395	960	115	416	850	58	600	869	75	327	30	112	601	846
160	1104	314	882	149	679	820	698	191	383	1091	263	1041	110	718	419	280	351	77	474	425	542	1030	48	915	577	324	1098	612	435	809	618	917	767	197	332	1112	350	32	890	43	815	1	231	992	126	1105	581	755	29
576	11	916	734	966	733	287	298	100	464	377	871	90	309	12	154	1059	182	1089	710	528	386	553	652	630	472	1028	763	1086	288	1054	281	770	52	531	848	952	460	365	8	239	147	501	104	347	242	1025	877	145	988
855	408	361	1027	985	251	1069	171	278	150	1099	633	417	908	105	356	1011	575	589	367	590	829	13	669	585	1039	364	759	989	316	54	980	660	1014	3	953	14	889	885	448	756	653	345	972	355	739	130	113	223	92
1043	617	711	804	532	778	626	1044	83	237	981	533	597	1073	894	719	1056	1094	291	436	486	323	839	203	656	1010	40	241	135	184	169	690	329	21	664	1040	932	246	598	1101	857	204	818	572	529	491	1079	336	876	302
541	27	776	16	512	821	555	862	642	929	887	875	732	1062	88	558	93	550	118	1063	777	552	229	337	625	438	897	883	76	888	227	375	428	556	1071	970	359	99	765	599	546	443	974	784	573	1042	235	415	1003	478
945	1032	96	1047	682	214	924	465	205	6	735	331	727	757	730	708	238	18	687	993	534	583	523	639	969	1005	731	138	773	249	703	947	1082	20	881	870	627	610	933	968	152	200	1090	982	852	1053	624	4	892	178
333	1031	810	272	41	180	446	1036	849	994	1085	805	489	880	891	394	978	1092	926	758	895	914	686	647	325	641	761	454	387	78	22	841	62	72	991	10	1008	961	111	812	779	1103	675	551	1093	363	977	903	258	638
515	672	967	509	504	482	927	1102	353	371	50	1064	245	535	716	165	807	785	963	45	742	519	439	35	510	717	800	167	308	228	803	480	120	662	616	971	320	808	764	1113	721	66	726	943	220	451	620	398	517	449
769	117	514	161	503	15	930	1066	471	473	69	1013	396	1108	956	346	999	1075	1111	498	722	219	483	1034	431	913	247	401	102	292	305	919	831	232	24	737	938	348	421	125	578	666	780	879	723	524	468	608	49	73
300	741	872	437	629	613	661	354	720	931	806	910	1087	507	611	570	370	545	5	362	317	442	1022	1083	101	1081	878	574	82	654	790	477	1007	380	441	374	940	650	797	845	884	136	198	861	912	250	668	1017	424	455
554	511	285	23	828	206	1078	621	596	745	186	153	544	536	268	701	328	187	266	429	293	388	584	792	284	0	381	423	499	244	1088	794	691	175	259	271	714	494	644	310	274	432	63	813	397	906	676	709	748	173
373	1095	414	279	389	793	975	783	579	1107	304	215	224	704	379	236	156	495	143	407	282	312	823	70	900	549	453	854	674	782	866	391	565	832	163	521	393	269	1050	319	87	321	59	39	697	38	217	863	951	835
133	858	234	405	1096	749	658	744	522	433	60	667	116	67	725	430	207	568	256	444	418	81	492	179	162	31	1065	958	400	248	683	788	252	399	860	979	751	728	301	663	631	1049	802	632	107	948	673	1026	9	98
97	91	61	410	103	1051	487	1072	609	208	158	1070	340	822	729	1038	497	868	1110	406	457	588	856	475	946	1020	571	1002	740	343	490	141	819	68	322	774	500	796	1035	964	57	986	949	315	834	452	799	825	360	637
922	707	121	695	1060	899	188	485	935	959	382	216	688	222	898	1109	366	1024	563	502	941	326	42	604	904	957	830	636	705	997	564	569	543	786	681	768	168	990	753	338	954	873	787	476	798	334	1097	934	1106	47
865	772	230	467	17	591	264	791	944	1100	109	623	1061	159	1080	702	435	190	383	641	351	455	224	209	582	181	1111	212	734	428	421	208	786	350	218	1020	510	511	608	1060	704	880	532	161	1043	1110	106	731	700	729
319	1061	1105	1099	953	1032	370	762	396	126	183	671	373	940	104	805	667	1055	271	525	700	473	801	846	303	346	476	262	823	468	788	89	949	840	1082	569	568	436	1047	28	419	8	478	703	482	110	588	453	230	159
285	544	983	433	972	642	780	899	710	785	518	521	1056	959	240	239	730	93	1004	528	1023	736	430	686	575	719	599	174	92	800	621	927	508	1049	22	504	314	415	402	1093	421	398	888	859	765	675	990	517	152	52
937	520	668	412	633	194	543	683	526	47	296	758	464	442	495	434	631	654	779	474	362	622	300	245	695	584	870	497	634	706	879	50	477	422	965	577	209	858	919	361	733	310	220	741	187	385	95	980	731	835
395	604	825	646	665	979	522	469	179	196	775	132	302	232	263	32	875	178	140	165	1000	893	624	26	920	426	852	551	172	501	534	1005	702	986	674	108	1108	337	830	726	583	1029	988	773	82	717	806	403	841	328
349	550	536	1109	488	605	273	327	1072	297	908	113	166	759	576	119	290	796	933	690	772	799	460	955	203	598	121	1044	786	562	862	1002	155	145	397	1106	191	992	131	269	776	643	175	499	379	616	18	30	1110	912
530	985	581	1067	304	1031	158	1080	898	387	487	951	67	1068	188	136	409	1046	246	157	498	1062	154	778	811	891	334	612	542	964	399	479	757	51	713	838	1079	760	406	299	701	787	1114	597	73	749	250	658	1054	141
711	259	260	527	1037	797	383	565	894	43	216	1077	193	882	842	360	1094	753	826	777	277	678	902	117	560	287	1060	431	850	614	417	444	573	368	834	963	684	266	471	877	874	639	111	514	582	653	446	1017	37	392
329	146	961	957	439	65	872	1064	906	519	289	608	330	932	989	970	347	12	55	952	883	59	16	363	555	147	822	458	358	466	851	481	571	669	917	510	4	354	283	1057	423	384	224	885	1083	274	782	687	378	83
171	969	617	626	249	235	284	987	156	864	663	237	820	1006	540	722	876	535	135	454	429	873	264	281	88	728	833	62	401	1096	288	930	1019	916	380	774	470	929	944	186	523	1103	558	177	306	129	763	884	1050	981
70	472	33	636	945	153	204	803	416	38	996	847	1045	1048	561	652	832	887	41	374	345	960	923	947	114	94	405	827	860	1012	818	954	751	72	739	724	1066	936	432	386	120	0	364	257	447	506	218	29	320	844
849	445	248	214	441	541	591	716	549	708	948	130	494	921	255	958	1073	1112	991	1008	265	807	212	294	815	869	664	96	393	223	437	509	720	578	123	1	90	829	878	173	1087	382	661	438	418	971	492	677	242	618
228	45	1101	553	390	231	1090	857	978	881	75	889	211	737	440	369	1040	1010	31	547	611	54	427	795	1003	425	938	222	743	609	693	450	691	322	721	208	348	679	901	647	559	511	122	748	513	715	256	982	556	533
754	309	149	84	449	712	922	602	610	579	199	180	103	99	704	2	1088	993	80	456	744	856	207	1104	587	836	333	6	635	128	714	3	531	268	176	483	261	163	600	292	909	1095	280	648	267	15	974	325	35	709
768	44	682	389	950	484	650	681	723	293	480	376	381	620	623	353	585	880	973	529	649	49	627	307	71	742	14	853	69	819	586	301	276	200	689	133	58	935	1001	205	781	567	1053	697	1089	164	1030	109	318	793
843	905	106	134	60	638	784	1058	7	707	215	197	1014	428	1051	316	311	968	1059	10	407	680	241	539	1027	491	628	789	317	21	85	168	606	344	452	607	17	794	332	1063	804	170	189	812	871	291	1076	424	766	107
313	39	1113	190	855	975	1098	252	404	641	1028	167	475	286	662	574	76	630	355	234	206	251	792	78	593	448	640	994	995	666	298	305	339	1081	226	931	738	210	839	516	9	357	926	895	1041	673	934	219	548	100
1091	903	705	101	394	595	68	461	64	308	1042	217	148	48	341	502	1102	270	821	1038	465	1111	831	377	202	729	676	1074	828	1075	127	764	956	124	408	692	496	233	36	1025	79	928	656	350	890	221	848	546	184	150
81	734	629	24	335	213	745	1107	813	1070	866	637	371	750	572	365	20	116	696	169	601	336	967	455	151	747	783	863	143	102	725	338	486	195	105	181	125	161	489	752	694	854	552	896	410	1065	913	907	997	672
771	315	918	323	699	1078	485	272	87	46	1007	817	63	198	566	1052	343	791	659	138	351	253	660	727	366	414	162	340	897	282	645	790	112	943	798	685	1071	1013	590	278	1021	580	755	1092	809	462	144	814	1015	1085
564	57	1016	1011	900	160	77	942	910	816	625	98	1026	400	375	613	507	594	443	619	824	312	563	413	735	142	946	463	886	915	5	1018	892	770	557	493	324	27	999	554	532	861	740	939	589	868	372	91	761	505
56	592	1035	229	243	538	1043	1009	603	1039	279	137	331	1069	192	86	767	924	670	236	837	503	42	19	688	139	914	61	962	865	182	810	457	258	13	342	977	11	1022	97	66	185	1020	275	356	925	1097	984	295	998
570	490	321	1086	966	500	201	391	808	411	512	732	1036	451	326	644	1024	746	1084	53	655	802	545	537	941	756	254	845	515	718	244	657	115	596	23	459	225	904	867	367	118	976	1033	359	467	524	615	388	698	227
34	1100	632	238	40	651	435	352	911	1034	420	74	25	769	247	73	778	766	48	877	932	903	762	175	846	76	305	23	665	240	806	925	182	161	399	979	805	600	278	396	653	780	666	168	1008	594	783	140	1108	241
553	967	206	808	882	511	20	656	299	824	708	83	361	495	772	794	480	167	909	237	819	486	868	1005	928	227	1085	526	432	761	419	1012	900	80	132	1064	1089	768	242	715	328	254	865	1032	903	732	1045	50	971	530
535	1107	485	805	213	451	795	1001	156	533	484	120	233	626	524	602	706	745	344	395	248	921	78	541	22	56	187	461	788	731	8	566	418	32	160	291	952	564	920	353	1094	509	365	537	965	498	290	560	241	350
1073	1035	690	777	663	798	405	1067	469	288	597	806	146	744	428	634	984	773	753	228	117	510	431	186	289	466	145	523	726	1081	665	632	1058	424	776	640	134	657	1	102	1096	463	797	730	945	789	844	317	838	1066
654	1114	711	842	49	508	62	618	445	668	534	369	749	557	951	380	936	583	698	999	138	927	955	52	679	189	889	13	959	887	429	343	705	277	924	895	169	403	222	677	947	771	368	528	476	374	208	736	1013	397
1025	150	1028	741	1051	16	312	453	151	655	820	992	34	621	423	517	180	956	190	1100	1077	778	99	1007	722	449	264	90	625	507	458	710	750	282	420	119	1060	993	435	377	590	1020	658	603	615	1053	272	479	653	1059
44	848	671	504	890	1057	1040	88	764	404	767	1104	271	624	214	398	814	293	883	142	199	554	144	273	780	29	812	1003	232	907	148	450	617	370	913	373	527	60	728	881	910	1099	501	347	925	1083	774	725	340	115
1009	681	950	211	930	1084	161	1090	584	718	379	675	407	391	979	98	578	943	177	940	335	990	854	1087	568	75	843	1030	946	188	69	113	304	813	670	74	863	1031	133	307	45	302	1108	381	899	823	957	378	1016	1011
607	440	691	483	216	756	506	24	643	1022	576	922	224	559	601	179	193	570	803	412	421	1033	183	35	40	1002	322	408	266	799	837	769	622	439	327	966	192	529	841	918	666	411	1097	4	561	539	65	82	831	1055
811	786	324	86	166	197	860	362	1062	702	278	339	122	997	76	467	426	915	870	611	696	926	914	1010	752	599	816	364	385	616	546	265	175	751	389	589	433	555	354	1071	59	135	67	270	1027	255	329	275	594	301
72	790	641	276	502	108	137	513	978	822	490	230	436	153	873	71	100	891	308	1086	692	17	499	178	514	659	48	876	760	1080	719	310	444	651	280	58	157	200	23	33	697	457	687	371	931	97	582	684	256	787
79	1019	1048	287	182	988	963	556	217	240	367	106	610	906	109	1041	852	114	579	500	474	472	413	983	894	223	861	596	356	587	41	588	61	763	547	292	1014	846	149	932	606	209	38	862	1008	73	765	372	782	437
470	494	996	409	916	107	989	721	809	505	742	51	497	872	383	503	141	829	155	784	1052	828	239	649	454	448	949	775	707	700	219	858	1106	938	1049	1039	720	804	136	26	359	973	400	518	306	935	929	1091	569	669
234	263	399	81	1098	986	124	7	694	127	735	11	939	247	147	250	333	1023	414	1111	585	893	562	184	212	43	129	738	859	944	538	331	489	1000	704	817	898	686	1038	9	856	84	191	637	295	631	53	515	525	779
430	642	874	286	464	493	911	740	91	262	885	934	660	574	942	352	442	342	375	976	591	550	540	66	382	456	396	598	162	170	855	89	977	1063	995	176	785	897	796	933	709	1018	683	3	839	716	552	1065	325	425
619	416	321	1109	961	28	1069	174	315	975	388	1054	567	638	68	226	827	1017	1015	1029	131	386	635	139	298	864	5	203	572	15	42	919	714	358	520	417	723	46	1036	543	964	393	260	985	563	826	251	1075	64	195
877	210	165	220	743	549	123	164	345	712	904	802	748	252	628	512	791	349	581	455	1050	1103	1092	488	608	830	531	958	1037	459	807	1026	314	14	575	118	1112	427	941	908	39	244	181	577	305	647	1021	336	77	713
468	639	991	303	171	111	125	962	54	487	703	662	982	376	593	620	600	1088	394	168	644	346	297	1093	674	281	401	406	834	1024	460	857	172	551	724	434	729	1072	478	269	682	207	126	680	481	1110	1070	532	1082	1079
482	836	221	47	471	238	968	1105	867	95	1034	832	821	969	994	154	521	536	849	737	159	112	869	614	173	348	245	447	63	845	319	366	781	105	970	754	274	332	544	296	850	880	586	571	309	840	558	878	351	337
793	1047	70	330	103	390	815	21	612	987	545	258	1056	901	974	953	1006	326	998	755	896	652	25	645	672	1076	163	19	284	128	516	623	580	853	1102	818	196	422	1078	734	257	261	917	318	595	452	565	766	1074	542
689	185	1043	810	972	685	57	1113	101	283	465	875	279	267	871	6	801	37	833	410	121	1004	1095	1044	717	215	31	92	673	462	194	229	613	609	954	678	676	747	733	311	1068	231	473	496	884	758	446	519	886	695
384	770	253	360	699	0	355	604	334	491	548	1101	294	923	605	522	152	937	96	85	205	341	851	243	323	825	246	630	158	87	116	140	592	646	249	320	664	402	629	960	866	94	204	143	650	201	1042	1061	300	633
847	948	36	392	363	2	739	110	783	902	879	104	727	235	1046	313	800	759	636	12	888	18	443	357	236	130	912	316	27	757	693	441	835	218	688	30	762	746	573	981	627	892	648	475	285	202	492	661	905	93
10	259	338	198	438	225	980	55	415	667	701	792	268	477	387	780	400	555	767	531	978	715	922	615	658	944	182	492	1090	451	960	300	1046	122	1106	215	107	320	772	185	435	610	1008	639	315	1109	834	422	975	880
16	221	696	10	938	596	361	453	1103	5	446	200	335	764	592	587	911	806	451	46	909	950	508	348	432	831	529	905	274	205	1034	466	382	902	270	1037	618	1113	999	698	7	174	196	1084	749	458	604	12	245	134
769	971	273	672	507	940	732	292	211	130	99	965	956	493	442	285	51	922	1023	381	932	724	87	440	306	972	127	1062	383	138	1071	59	1011	212	30	534	819	1060	104	63	904	941	907	826	1081	936	736	14	621	184
485	389	185	1022	399	1012	376	1063	804	32	456	62	607	1053	903	326	250	374	545	868	927	662	457	1033	86	896	78	256	877	742	307	726	364	75	686	168	39	428	330	494	802	770	966	862	400	1020	901	617	782	301
1090	147	944	238	329	218	585	572	467	143	504	678	190	518	647	771	153	722	973	269	360	220	853	497	313	375	954	872	345	875	1015	72	721	253	197	318	11	265	155	489	957	192	648	1076	869	140	479	3	1096	480
406	689	676	526	1035	1029	509	1003	815	411	981	1088	774	1093	633	582	145	472	48	254	546	1017	296	638	210	325	692	161	1056	332	1048	119	756	156	226	284	1047	1004	631	575	1098	892	42	279	173	715	680	597	73	754
920	266	462	723	277	702	667	718	511	1067	1021	929	915	435	41	413	395	1043	80	347	822	4	260	66	157	366	583	588	236	833	1065	612	132	578	1092	454	527	935	882	937	879	1058	316	1025	636	29	681	84	321	605
675	213	886	441	714	67	805	77	528	565	885	202	448	110	314	894	1028	674	859	33	695	455	659	74	496	69	694	114	288	21	149	163	398	808	209	1104	1075	68	420	953	685	543	219	835	344	842	331	1074	443	510
461	895	9	916	784	544	267	315	89	215	1108	142	616	146	750	851	579	390	126	125	706	408	650	171	977	45	864	549	151	970	438	883	1112	38	968	639	160	964	206	258	934	283	305	373	586	783	474	342	1013	881
1014	658	772	566	1059	652	1002	188	139	484	299	812	622	491	97	249	747	656	449	701	1069	92	280	193	958	396	788	841	1038	1001	233	1083	540	1045	949	817	367	619	673	365	615	898	719	248	624	998	1010	355	955	984
775	828	372	255	560	779	150	452	418	122	22	520	177	757	522	682	542	798	679	556	120	53	397	730	728	846	103	997	947	519	669	286	40	477	606	643	847	115	663	521	1107	969	304	121	1055	131	1068	559	727	263
786	532	350	525	98	340	500	824	1041	600	1008	852	923	834	302	988	336	838	194	88	580	720	589	632	729	31	603	766	162	860	992	983	660	655	768	268	100	731	359	204	595	298	767	737	416	593	568	985	320	303
1087	629	761	391	807	850	118	91	837	242	410	470	986	755	486	989	423	840	531	49	353	951	358	963	76	919	240	513	433	1009	690	576	712	1019	836	785	630	687	109	384	897	710	677	829	465	1094	810	524	158	308
707	208	657	180	182	417	322	128	787	224	789	1024	514	917	818	1091	811	357	499	601	105	734	795	107	975	437	447	235	58	426	20	893	166	1086	748	61	738	646	1089	551	439	402	341	287	492	165	759	888	412	778
290	613	608	251	264	421	552	733	910	24	123	34	889	758	574	878	23	827	343	743	857	1080	183	1100	262	705	900	709	113	1057	117	333	535	96	962	223	172	354	1061	753	483	18	95	1007	291	553	515	419	1099	716
751	232	434	594	976	670	641	611	1049	148	207	584	952	229	925	581	571	845	921	294	79	839	930	602	661	987	924	873	794	945	54	152	684	154	1066	979	668	664	517	640	856	231	339	813	799	591	884	967	562	933
564	635	1097	561	101	809	169	436	36	763	363	83	777	1000	297	644	871	377	26	27	1030	790	554	703	505	735	539	257	191	394	246	814	310	825	228	468	762	725	744	261	821	865	533	323	1095	490	47	94	961	995
144	1044	691	50	628	187	620	252	186	108	928	102	422	1077	356	990	15	816	1040	843	541	614	179	599	577	385	717	495	17	349	765	403	1039	1109	803	368	563	90	460	654	1027	502	1105	1046	912	328	1042	537	116	459
176	227	781	6	801	1082	1026	317	849	610	133	159	282	386	337	547	693	874	704	1032	424	57	697	590	683	167	430	1072	199	741	797	181	44	327	876	866	13	82	464	699	136	234	943	478	25	311	506	688	319	198
780	334	567	216	1064	634	823	996	942	1073	653	820	175	217	371	863	230	598	378	450	573	980	671	899	792	1050	415	380	164	906	203	1111	351	487	239	1079	276	752	830	773	278	1106	1052	352	512	651	8	536	243	300
137	548	463	369	55	623	476	293	832	796	530	488	201	1085	740	43	793	65	259	388	475	791	558	913	1016	844	918	637	338	124	393	870	471	225	891	926	19	557	64	135	1110	1114	948	312	28	538	481	555	800	362
141	914	473	994	666	858	37	70	974	85	407	35	848	272	993	2	569	275	427	713	409	880	1070	379	991	444	392	56	111	626	405	237	1018	425	60	739	711	1102	414	1078	281	309	570	170	129	745	939	401	482	295
503	855	0	52	112	1005	625	81	861	431	516	1051	609	645	665	189	222	776	700	271	404	982	908	960	244	946	746	106	627	289	346	1054	854	195	387	978	760	370	501	1036	1006	708	642	959	241	214	71	324	1101	93
445	649	1	1031	247	931	550	867	178	523	469	887	429	890	498	166	399	88	826	917	344	847	97	898	737	619	585	338	738	120	985	102	1084	527	924	859	271	729	24	680	458	1018	852	669	1097	1000	1034	822	526	984
1102	32	322	868	569	216	808	646	687	637	728	278	996	126	1006	241	204	235	231	1032	387	939	959	580	992	331	268	287	490	285	820	350	289	557	389	43	313	487	414	663	151	653	574	314	299	971	662	28	1014	256
431	257	619	725	782	614	549	440	1103	491	1012	999	638	12	18	427	325	882	658	200	942	40	59	700	635	527	552	1057	586	275	1064	685	189	724	1022	661	178	125	213	867	941	740	1054	919	245	605	656	348	584	333
907	128	786	869	481	920	607	86	709	624	340	68	16	766	694	722	877	254	994	56	425	702	1058	945	689	420	908	707	609	665	186	598	780	219	542	109	35	1015	361	316	368	1039	459	104	558	639	961	249	503	568
573	83	691	895	415	585	227	756	518	550	406	516	4	0	161	718	17	579	79	1079	741	479	682	693	138	879	617	90	670	1005	513	1034	253	577	703	998	744	997	342	660	612	1105	470	765	338	159	859	836	383	328
407	794	332	65	176	540	123	3	712	566	933	281	878	988	410	828	622	1046	1075	696	1089	692	1001	205	15	774	370	183	211	203	626	937	746	603	529	482	247	164	654	783	167	610	545	564	819	177	889	734	1099	995
392	129	37	1029	597	41	266	117	294	936	124	206	810	34	72	849	371	1011	8	554	870	388	107	458	113	1030	1028	172	796	1112	179	455	67	706	336	267	575	237	964	61	618	904	346	737	404	394	483	489	534	563
31	801	600	209	158	393	185	212	456	611	434	704	726	757	365	273	100	800	80	777	413	174	197	270	405	979	688	807	762	505	899	832	875	715	966	57	181	136	10	187	621	327	651	852	963	114	1087	408	1081	589
396	858	269	344	226	914	364	758	938	462	1067	180	50	523	291	194	98	5	976	248	572	1092	787	666	947	451	243	922	409	1040	46	82	69	655	806	683	416	975	47	805	137	494	929	225	145	887	112	717	926	372
358	280	66	2	576	26	690	528	723	604	708	116	38	570	816	789	731	686	934	888	374	1045	983	376	769	853	214	1020	1097	978	910	58	1059	602	163	1031	1072	946	1008	588	784	343	308	553	1098	1024	1091	496	830	625
1038	279	87	592	139	793	874	578	633	335	556	319	486	102	395	412	297	356	594	1050	1002	980	506	36	512	891	915	699	855	293	255	39	931	817	106	555	1106	742	814	824	695	64	385	834	1017	105	974	77	51	551
1026	901	497	1027	381	152	873	500	1021	488	1052	935	559	446	842	44	175	989	339	984	1023	379	735	771	397	643	916	477	201	474	171	199	826	89	369	930	85	991	759	127	309	23	838	45	802	517	94	184	250	962
710	909	259	1053	229	48	954	1071	351	162	222	1016	49	76	896	698	587	750	324	402	1066	454	1111	791	498	613	21	582	353	303	883	302	591	522	92	380	1107	763	892	851	74	532	565	701	165	890	850	837	367	738
24	207	1070	108	659	1036	671	418	918	1060	155	403	967	377	399	968	310	511	118	752	301	443	1019	818	430	134	97	1003	866	923	949	441	835	815	238	334	561	448	320	217	101	736	355	442	1096	773	829	599	265	1085
191	366	647	940	202	525	445	623	258	140	221	1068	911	131	854	510	681	215	803	276	684	1042	770	509	795	536	119	452	99	261	55	362	306	720	373	429	902	432	993	426	642	378	122	631	905	526	419	1013	363	386
831	467	81	943	753	977	321	788	972	743	472	727	973	198	932	547	785	844	345	508	147	843	628	1037	861	897	144	236	264	464	1084	1048	360	260	641	521	590	495	142	317	244	461	928	1000	745	436	341	93	153	520
382	1007	1025	982	872	135	450	318	1101	544	798	485	616	435	958	146	630	840	1051	193	1043	900	950	533	13	571	439	53	157	705	96	354	30	823	168	944	857	438	645	1086	305	772	924	865	501	507	277	52	951	1100
54	714	583	210	648	170	848	149	981	1049	169	667	1076	1088	242	680	391	634	298	1077	1113	384	130	274	747	650	903	347	188	460	1055	856	1069	233	960	295	955	103	606	581	75	73	775	1062	593	323	668	417	562	232
6	970	537	1074	63	423	502	271	466	1095	548	847	535	515	1056	1114	463	349	437	1061	880	330	223	821	906	664	173	1018	812	60	739	282	778	22	311	84	601	192	25	733	480	1044	567	476	1080	779	447	292	1109	871
673	1009	730	948	1065	156	422	286	767	11	1004	768	913	543	42	657	925	640	359	797	375	499	262	449	776	649	121	29	300	424	9	246	839	862	484	716	1090	240	120	160	546	760	1094	444	1047	475	827	514	398	492
864	110	421	965	927	411	538	71	990	754	917	620	230	595	111	263	357	224	1078	88	312	196	652	228	719	132	504	473	953	465	19	809	675	876	881	148	1104	400	833	62	315	141	748	732	713	307	1093	91	1073	471
596	969	1063	811	154	433	921	304	884	468	1083	1	985	539	1033	531	352	7	33	239	677	284	14	898	390	290	283	792	493	252	195	190	469	70	825	644	893	27	560	846	764	629	912	20	1010	721	296	863	894	636
1041	326	115	761	679	251	95	329	678	1108	799	182	790	669	220	337	822	615	674	519	957	166	1082	987	676	208	755	845	401	143	1035	272	133	986	672	288	541	956	608	751	841	729	428	886	78	749	234	627	478	632
457	697	1110	524	781	952	885	860	813	218	804	530	453	150	711	992	669	754	16	591	459	516	449	409	543	80	426	702	1107	349	528	1057	794	474	2	7	1097	800	1070	821	898	619	1018	768	139	491	432	223	193	84
375	1023	972	691	723	50	1110	902	537	209	433	677	601	295	845	665	99	440	391	891	297	345	919	165	1084	1098	34	511	767	1	715	571	857	858	98	1095	617	774	300	824	507	986	570	904	141	55	27	115	293	867
107	443	839	865	400	634	779	336	179	469	846	993	775	745	651	248	676	1061	221	442	680	191	1042	484	92	698	199	849	1059	1008	743	474	841	371	1039	682	587	231	1099	147	445	1104	1085	145	480	364	160	547	337	63
1080	451	923	720	894	914	1055	675	401	1048	912	359	980	830	941	800	485	1106	650	871	266	190	920	621	1092	605	278	128	732	550	918	541	597	801	921	785	33	829	737	646	522	783	407	1108	265	240	292	437	250	198
755	1114	1045	670	18	519	578	51	927	344	1010	263	510	564	786	915	0	280	559	1075	298	647	708	428	1057	684	243	282	608	271	181	899	1062	855	144	77	611	207	288	819	552	93	523	69	114	577	1102	847	213	214
117	225	637	217	738	1107	765	672	664	1109	971	604	949	699	814	692	425	38	210	955	509	455	626	104	679	143	139	22	412	505	409	491	108	418	796	429	325	1006	277	1068	548	861	734	408	329	1070	1067	705	777	630
350	947	59	1001	142	883	744	461	101	320	616	427	1054	882	1051	1025	656	1076	887	580	21	471	411	1082	838	1034	970	815	658	159	48	358	363	969	1077	568	470	776	852	976	827	823	238	500	556	71	234	339	888	52
810	781	988	466	230	709	1040	951	963	793	155	205	42	662	945	592	982	942	310	872	535	148	343	763	526	787	798	593	35	195	24	486	284	15	854	105	268	725	78	632	275	497	924	596	463	697	287	704	1096	694
566	879	629	746	187	103	498	928	226	875	305	319	388	10	762	374	583	804	760	820	53	163	506	532	422	1090	968	228	102	1094	116	342	874	360	41	520	1024	644	1050	832	110	438	530	837	324	546	749	821	176	808
341	870	456	394	260	843	975	459	11	152	516	431	465	809	164	245	493	367	212	261	880	889	758	730	573	508	1087	991	85	788	940	1002	286	615	173	39	460	424	528	517	761	666	719	302	714	9	458	718	28	184
241	192	950	757	135	836	65	100	673	818	790	956	728	475	406	576	304	399	403	1091	772	944	543	565	997	393	6	935	613	122	562	756	1058	130	313	124	999	954	869	299	859	312	663	133	19	328	623	354	669	462
898	355	308	37	886	828	382	560	340	175	158	182	911	862	227	642	16	330	620	351	468	671	929	689	579	990	685	930	908	686	811	805	868	648	2	434	66	619	614	729	797	206	224	799	316	478	514	778	948	695
938	702	395	349	545	149	1105	957	97	170	590	835	1036	447	162	667	668	259	420	109	390	169	1007	992	952	710	834	347	628	892	80	531	1026	524	1041	134	936	352	512	726	659	220	735	95	901	1112	273	353	14	983
376	188	281	826	661	807	311	362	501	146	1060	172	542	435	70	7	68	8	3	276	296	768	43	635	572	817	848	111	1015	812	448	795	237	132	926	724	816	185	40	1003	444	789	739	1047	825	959	257	964	1097	877
633	1103	74	917	315	285	722	88	232	584	203	270	1005	654	197	196	627	873	551	464	553	539	885	831	215	333	303	1038	742	521	256	660	67	495	1066	258	701	174	1052	419	721	235	700	45	631	850	764	1019	167	290
171	346	76	396	881	72	791	487	876	452	30	189	314	1086	253	794	180	1029	89	62	960	216	492	357	574	759	489	183	79	961	575	625	527	803	643	13	681	910	229	327	454	640	555	168	1063	1000	878	17	49	893
322	204	317	962	279	752	638	54	417	736	252	609	4	140	186	840	233	416	1022	748	23	802	369	60	118	925	94	321	504	989	536	599	740	711	64	1012	906	194	780	582	1035	218	939	770	86	482	558	436	294	211
31	1046	1014	138	222	773	380	538	251	372	1009	994	977	387	1044	987	1030	473	563	525	937	769	595	1088	864	916	586	594	472	430	208	75	905	446	513	32	26	479	706	897	544	771	967	534	696	753	907	688	267	649
985	223	129	334	782	913	136	687	998	636	402	833	61	866	600	581	979	922	652	244	645	717	338	1065	1100	806	1037	966	201	496	932	716	272	414	96	36	884	557	151	934	603	707	639	903	246	598	653	1071	683	370
995	356	44	1113	1028	946	379	125	844	856	693	57	113	91	965	415	413	306	822	895	515	1004	610	502	984	25	1093	120	157	381	909	432	518	384	641	655	264	441	301	747	754	981	254	1078	46	953	784	499	490	842
166	200	585	1049	1032	713	612	239	283	591	449	366	973	332	335	20	397	83	82	123	1031	1017	361	1013	1081	383	853	73	606	561	974	690	589	622	529	1072	931	323	386	153	373	137	712	741	1018	318	896	423	131	377
262	467	1020	410	255	602	81	87	624	90	569	269	533	863	1089	851	943	12	607	365	751	219	1083	398	766	177	421	389	326	1111	1101	703	1027	996	58	503	678	47	731	289	242	1074	1069	307	274	1016	933	813	249	112
1043	121	1073	331	126	1079	588	860	193	150	56	309	978	476	674	1056	540	161	481	450	657	488	733	178	385	900	119	84	426	494	958	378	106	1033	483	392	1064	368	404	5	477	202	890	1021	291	457	156	750	247	792
127	618	453	567	439	348	154	1011	549	727	554	236	405	29	1053	233	68	727	838	350	157	989	336	430	359	480	622	209	663	872	496	1077	774	996	718	591	1096	575	916	1098	666	40	493	613	488	540	62	542	1067	919
521	752	400	414	1038	71	777	695	99	719	854	791	453	19	545	61	1082	992	611	982	669	1063	869	114	212	392	857	35	961	834	605	1047	256	274	1017	398	984	607	195	1018	956	850	707	54	105	943	82	205	325	628
728	471	1033	303	470	70	586	131	23	413	226	884	581	171	477	636	813	217	844	1000	462	39	20	690	469	725	279	709	807	89	208	515	1054	867	664	148	1095	57	837	665	410	1050	72	772	519	498	958	133	375	903
243	297	650	535	236	950	41	882	552	577	1091	365	610	945	434	518	235	892	700	110	508	272	322	49	459	135	541	967	853	657	692	312	429	826	121	266	1053	852	994	530	127	899	144	97	232	319	608	855	639	42
563	737	193	812	268	494	859	878	301	388	741	239	107	1083	868	1097	801	201	366	347	980	227	284	618	504	598	474	360	881	1029	1072	918	645	838	698	64	525	626	889	997	157	502	56	624	9	384	348	108	754	338
1060	50	314	395	1034	486	271	362	67	1077	1064	262	730	937	278	542	247	113	585	1027	1102	237	1023	1113	506	417	309	833	120	1065	359	902	567	649	382	182	799	66	412	1079	109	915	430	655	949	479	174	491	1076	561
885	85	318	300	437	490	473	175	55	254	566	1010	10	302	293	740	261	17	264	609	345	1070	233	424	640	821	299	38	34	1075	770	368	792	781	1085	731	922	24	330	861	196	1007	527	467	289	706	178	1005	973	378
96	37	839	871	788	203	270	1088	1087	440	603	818	480	409	910	705	733	600	803	688	905	286	74	726	550	136	475	901	311	60	663	1041	27	845	862	623	5	1058	444	575	773	680	724	804	1112	422	942	229	500	225
745	76	0	354	224	1	780	1001	396	528	590	383	1026	165	793	43	969	632	1104	192	659	696	573	1062	672	954	207	241	287	1110	62	276	933	564	633	675	1025	613	1086	100	1013	1114	433	1042	1059	63	377	218	758	153
166	350	159	245	367	748	16	846	526	403	681	787	407	678	742	169	77	584	1044	1021	677	320	887	497	716	176	369	751	1024	86	139	562	40	989	423	291	355	426	835	240	88	214	556	238	960	931	840	277	513	554
947	339	304	693	569	145	53	244	795	750	499	778	1022	464	142	576	1006	511	995	735	495	305	1004	551	183	324	394	638	558	466	593	202	689	310	1039	436	336	257	546	1084	524	8	263	190	342	356	894	920	968	536
625	84	602	90	963	938	115	771	532	137	228	402	988	1099	493	48	372	822	158	460	172	344	687	204	1067	162	134	699	729	26	33	170	957	337	1092	553	1055	435	189	1089	151	939	94	512	907	631	955	448	415	829
537	597	797	432	522	351	231	993	851	200	406	510	718	654	517	783	3	802	1037	431	594	570	101	265	92	374	390	102	329	418	630	156	79	167	275	47	953	1111	612	684	582	294	1069	543	181	1090	29	326	1068	298
