-1,-1
217	386	458	249	78	403	295	65	415	323	532	47	341	455	173	222	397	317	339	551	167	434	68	547	277	276	197	452	223	377	192	332	181	384	175	435	429	43	107	24	228	7	242	69	375	469	179	385	190	400
164	387	540	142	447	140	351	238	349	325	327	100	503	102	92	361	482	253	226	131	413	312	262	404	514	279	450	412	343	367	334	163	154	394	329	491	252	16	151	211	374	309	383	299	552	305	193	188	157	203
6	336	563	184	477	396	562	550	118	266	91	1	94	116	152	194	210	531	564	72	227	191	311	454	293	88	146	433	114	381	284	98	214	354	515	542	438	352	59	161	501	60	257	499	437	486	139	119	230	494
561	264	391	129	231	61	10	81	296	307	518	50	34	108	457	172	431	426	282	505	111	35	521	541	407	160	557	26	236	303	548	99	506	195	25	302	274	370	70	304	378	534	183	261	80	522	525	260	423	126
292	56	441	37	66	427	12	97	130	33	245	410	84	478	523	174	240	149	212	287	101	559	31	278	529	75	76	225	389	147	399	471	538	113	176	57	448	52	27	348	218	177	64	109	155	241	436	110	38	105
289	524	516	488	166	121	170	280	318	335	219	248	462	138	58	456	2	208	250	87	504	442	199	106	29	362	326	17	444	421	63	281	555	124	533	20	187	207	554	414	451	425	269	104	288	310	379	466	408	36
315	297	19	449	418	465	308	120	291	368	497	275	132	202	485	189	198	247	5	148	463	459	145	204	470	333	316	21	398	127	49	390	445	314	331	443	553	294	251	345	439	484	117	270	324	358	0	479	535	300
55	500	388	474	83	359	205	319	513	18	301	186	86	392	46	428	162	298	467	221	133	141	419	258	137	446	330	372	376	158	196	180	9	259	32	495	263	565	103	347	39	28	350	215	512	169	537	417	206	153
560	30	365	255	328	213	136	511	346	481	440	168	556	229	224	171	517	405	267	115	483	373	48	543	549	498	489	82	411	355	95	67	322	96	22	254	422	380	244	475	357	159	476	144	401	209	286	492	90	41
233	337	416	460	558	432	366	536	53	178	273	243	487	51	14	493	338	340	272	285	3	23	402	128	165	201	473	424	45	508	353	235	313	237	42	232	507	79	185	62	480	220	268	112	11	150	234	85	246	134
143	509	461	271	360	290	182	364	306	510	519	520	4	44	472	468	135	430	526	544	71	464	15	393	216	74	546	406	539	93	530	283	321	89	342	382	409	13	453	77	545	200	122	363	344	54	395	239	356	528
371	420	502	40	490	256	73	8	496	156	123	369	320	527	125	265	46	324	210	189	420	444	543	387	81	334	362	61	203	11	429	314	213	396	303	222	43	279	349	4	478	67	395	378	332	17	112	179	22	503
422	417	108	494	286	534	264	58	213	401	272	262	25	116	36	292	530	41	353	167	413	195	189	477	414	533	434	452	432	273	168	389	55	48	37	450	403	102	443	10	239	356	520	66	88	276	397	64	26	499
74	501	60	224	242	219	510	380	134	35	77	27	231	326	310	327	381	385	301	367	527	324	115	207	296	316	248	369	328	438	400	92	329	255	101	453	562	70	90	518	211	215	113	515	348	84	361	339	123	280
312	532	31	454	91	278	97	359	297	44	429	470	130	351	212	337	496	230	345	550	165	543	466	220	322	95	343	537	136	184	98	394	81	486	42	135	364	384	396	56	299	205	249	551	317	446	291	67	399	341
125	0	360	404	182	270	408	2	260	373	143	244	126	282	333	148	221	5	267	208	34	17	174	89	540	352	225	65	514	197	456	87	191	120	350	107	307	553	481	402	474	357	24	173	355	538	522	405	545	410
4	38	106	85	415	12	15	82	375	487	309	138	40	166	383	183	437	96	253	560	461	217	365	334	435	330	140	492	378	505	30	1	431	528	503	441	201	69	235	131	563	287	8	186	243	233	203	436	463	465
382	392	427	507	379	110	376	295	539	263	133	468	519	63	105	526	471	490	488	7	158	6	218	372	151	342	193	428	479	473	164	524	109	358	171	315	344	283	117	366	146	86	234	145	153	119	393	144	162	19
495	204	513	555	156	18	53	16	304	493	52	521	407	349	484	75	246	318	502	29	459	391	185	406	516	45	311	500	190	374	451	232	444	99	321	210	257	313	22	196	111	548	62	308	346	469	336	285	395	169
475	426	277	448	80	489	180	362	150	338	112	418	71	314	28	20	128	416	163	480	363	49	557	236	462	306	476	517	371	124	332	542	269	303	175	541	59	370	13	323	252	354	229	535	176	412	335	79	288	298
531	279	245	132	94	240	398	43	512	449	247	228	294	155	47	523	275	194	68	529	237	482	544	368	114	238	152	259	546	458	11	265	554	73	440	442	254	261	50	222	424	129	565	149	274	93	536	289	491	508
209	284	498	21	552	214	258	290	159	32	390	33	137	199	506	409	430	57	198	181	421	127	558	223	23	433	118	61	419	340	420	178	561	485	564	439	478	256	241	281	388	39	141	206	188	266	386	423	504	268
122	78	179	142	103	300	161	202	411	226	104	187	9	121	72	483	472	511	293	547	302	455	556	460	250	509	251	227	154	320	425	76	14	216	319	377	177	100	170	54	325	347	139	271	147	46	157	525	447	549
172	467	200	192	445	387	51	464	305	160	559	3	497	457	83	331	337	509	287	359	223	153	325	28	302	321	245	0	355	77	214	351	420	292	521	388	47	324	76	309	96	297	228	98	175	523	196	132	70	151
355	2	120	188	212	512	301	425	308	379	34	372	506	109	294	53	460	196	228	24	323	554	409	536	88	313	321	295	424	29	413	174	150	454	316	271	191	285	124	93	376	556	293	35	543	102	110	85	327	435
440	200	540	437	382	345	164	3	176	113	235	311	101	217	272	45	422	503	302	344	136	380	144	226	415	264	492	8	108	496	544	429	494	417	377	246	233	125	452	339	515	250	373	268	143	480	439	273	95	247
319	348	225	252	84	458	106	208	329	314	442	275	241	138	57	186	211	203	37	307	194	510	281	286	90	419	335	451	229	396	179	369	365	148	306	218	410	407	283	392	516	399	535	389	362	477	68	522	411	472
499	495	230	548	81	500	232	416	126	414	427	105	172	118	404	448	486	134	443	132	420	38	547	158	513	16	9	398	253	103	346	260	216	17	397	89	549	478	322	391	60	98	263	336	86	309	219	28	22	401
491	325	27	459	36	493	338	487	280	131	343	161	162	333	529	40	360	82	384	5	553	178	92	180	146	463	237	428	20	565	91	497	128	347	276	456	221	433	145	318	63	395	199	26	375	52	520	19	418	238
371	223	267	205	526	363	0	245	182	386	111	248	80	551	438	341	130	423	326	393	181	107	530	453	190	204	304	296	358	310	55	469	127	482	564	334	284	165	236	140	94	525	266	133	67	383	378	56	156	489
455	431	137	468	298	412	483	18	66	243	523	370	400	312	552	83	546	385	163	234	30	441	303	70	446	508	142	256	290	104	222	374	402	31	152	279	206	340	119	65	558	320	282	47	58	432	189	353	394	350
160	87	139	351	121	6	213	231	15	42	122	153	278	224	242	240	289	521	257	542	114	97	466	562	251	485	330	220	277	99	168	54	537	159	169	239	255	462	352	479	517	141	100	349	518	173	519	405	171	33
444	504	149	48	185	474	215	502	25	270	475	476	32	195	447	170	292	96	167	12	561	550	528	157	183	354	471	426	115	147	197	305	356	539	465	524	46	61	198	484	79	192	76	527	332	367	49	43	449	202
366	73	210	532	555	71	39	359	505	403	265	364	470	175	207	227	317	507	151	445	408	64	563	331	436	129	464	467	10	259	387	328	514	14	406	498	50	41	324	75	74	457	559	388	541	166	342	13	184	511
154	201	473	112	557	51	450	78	254	21	269	117	421	509	135	23	155	291	77	177	300	262	299	361	244	488	337	274	62	261	461	59	430	123	193	531	534	4	258	357	501	381	434	72	7	545	287	533	1	44
490	560	538	481	116	214	315	288	187	69	209	297	249	11	390	368	18	496	51	522	534	290	32	530	222	483	157	413	328	80	368	419	555	388	43	237	313	395	448	325	219	106	548	405	124	193	185	225	42	364
376	271	22	499	213	226	260	367	131	557	141	91	528	252	393	384	222	177	312	10	156	483	165	244	93	453	394	278	170	316	538	516	115	43	255	456	281	53	39	337	446	543	554	241	540	382	78	309	20	144
443	510	29	548	457	94	546	333	4	64	69	46	17	302	564	25	132	164	147	88	400	401	114	451	146	497	431	498	339	458	180	549	111	225	392	419	437	506	408	338	482	257	37	396	215	391	148	521	369	323
65	406	110	45	8	468	158	493	26	293	72	253	157	23	452	242	119	427	151	563	272	363	139	507	280	47	324	397	364	77	128	398	539	291	251	356	470	550	265	301	163	298	221	520	445	484	129	247	118	416
113	420	536	66	441	192	355	294	89	205	176	529	404	40	100	444	86	480	208	15	188	229	124	476	496	308	36	525	133	117	321	237	63	52	108	320	407	235	193	542	473	371	460	194	261	121	154	105	361	513
430	386	74	481	552	358	522	81	349	340	327	379	537	184	135	96	13	547	136	433	486	534	274	461	218	332	199	160	256	16	448	137	76	442	489	310	318	49	250	533	127	182	138	168	447	373	123	240	490	535
544	60	159	197	284	224	426	330	305	464	262	172	341	329	328	553	503	267	438	2	492	276	388	245	335	531	530	299	109	526	27	359	59	541	288	254	296	395	432	357	243	347	421	345	555	297	239	70	344	134
399	428	200	234	220	19	268	523	167	99	116	485	277	290	556	422	387	558	354	425	84	429	179	3	85	209	463	414	467	101	454	286	375	231	436	351	92	346	304	475	79	1	389	334	122	54	365	174	56	140
149	317	403	417	527	491	32	125	415	303	57	120	559	385	370	30	196	368	153	423	314	41	9	471	342	217	511	279	519	565	61	515	462	216	42	418	504	509	322	325	411	479	424	98	319	508	212	185	24	289
189	410	459	270	87	390	477	102	514	502	211	106	524	190	311	518	55	155	50	171	58	474	33	14	269	6	449	207	472	178	145	71	259	95	90	336	263	186	561	545	560	238	488	198	300	5	73	150	11	248
478	18	21	494	34	173	362	227	161	228	283	67	7	413	82	44	517	204	409	350	206	295	348	183	130	532	51	201	266	175	313	38	258	562	107	512	12	103	315	353	210	203	169	264	287	455	232	466	166	273
187	374	97	326	465	28	381	246	285	75	434	469	412	500	505	0	35	181	112	439	343	80	440	306	405	372	249	352	282	68	142	83	214	377	62	48	126	307	331	487	219	366	162	378	292	450	191	104	402	143
551	202	435	501	195	380	495	223	236	31	383	360	152	233	275	230	117	347	396	482	71	321	432	444	206	140	143	355	9	193	518	57	274	268	233	104	54	337	292	272	372	115	408	169	264	66	508	87	336	207
198	369	254	406	474	397	146	21	543	537	139	386	337	511	448	54	407	451	96	154	15	29	343	128	6	401	122	202	63	197	124	438	278	413	101	273	218	509	354	208	269	298	164	456	477	229	216	103	356	118
184	22	9	58	91	141	428	30	116	51	548	150	260	510	450	115	462	380	205	454	525	320	478	214	72	527	302	2	385	166	431	78	342	534	253	490	88	159	279	430	445	506	353	491	357	266	324	125	82	408
412	495	0	350	418	193	420	274	263	62	227	392	157	319	246	46	129	393	120	398	3	160	289	47	31	517	381	181	290	264	349	211	38	174	347	196	4	327	143	309	52	100	81	147	536	515	287	170	315	272
318	213	486	228	293	316	514	119	502	108	494	427	210	539	204	45	106	544	516	389	140	8	65	552	364	367	538	37	99	53	34	258	530	148	360	333	395	476	105	107	20	363	265	277	500	529	358	153	64	321
439	95	26	535	565	498	409	362	43	1	61	249	248	391	346	459	379	104	123	419	503	270	70	250	366	417	556	294	138	87	97	247	335	209	399	180	17	425	484	245	200	518	162	149	220	167	305	251	35	436
457	524	522	255	559	267	206	217	244	179	444	405	182	512	326	563	67	130	283	240	173	221	341	371	291	79	77	426	554	339	330	207	463	355	488	286	421	334	42	90	144	230	50	10	464	176	513	280	135	55
233	225	469	492	83	168	13	44	28	404	551	241	282	424	458	470	145	152	382	410	68	378	191	415	16	158	493	519	36	303	112	222	133	32	14	284	40	446	190	449	172	526	94	281	547	134	127	416	472	422
332	25	271	372	175	76	396	232	447	203	541	235	376	142	370	322	165	531	109	296	288	468	126	434	348	387	505	75	178	365	194	325	113	189	71	542	377	390	136	508	261	23	226	41	85	549	276	195	435	292
98	212	482	433	487	137	308	80	338	423	310	24	177	411	7	499	553	336	532	373	521	507	301	18	443	57	481	432	237	49	323	461	5	74	311	441	163	485	300	192	86	69	345	304	89	114	186	201	256	314
93	344	60	540	183	257	19	239	121	497	187	295	479	340	562	561	437	455	131	489	238	483	299	368	471	307	224	156	84	236	558	223	306	465	361	275	155	555	268	313	453	375	252	219	161	48	185	394	215	414
400	117	56	403	504	297	12	442	11	262	383	374	501	467	59	528	171	27	39	546	312	452	429	259	560	496	242	132	359	384	550	329	533	317	523	92	285	243	440	557	73	66	188	151	199	234	388	480	33	475
466	169	564	111	520	352	460	402	473	331	351	110	328	545	231	102	36	42	550	51	66	531	488	114	267	134	213	424	189	478	364	58	118	532	393	333	166	538	510	103	287	32	500	493	339	528	533	455	75	19
213	103	80	314	478	203	284	497	435	245	136	63	85	67	291	382	448	23	224	390	466	100	474	292	397	205	160	92	413	84	30	518	229	286	350	257	294	447	392	546	341	290	297	64	181	378	542	191	33	158
561	484	298	502	494	281	14	273	418	441	139	476	254	404	408	481	40	96	555	240	154	164	268	384	198	359	166	427	161	186	439	208	367	346	125	495	65	43	97	352	7	289	55	327	237	356	195	278	51	383
202	498	365	46	235	473	142	78	24	336	175	91	241	193	259	108	525	554	469	312	414	562	358	222	519	147	464	300	410	282	315	482	94	551	232	3	72	470	564	419	394	149	371	263	425	317	500	252	74	335
491	243	288	133	168	547	398	260	170	407	560	549	538	153	422	369	489	73	101	456	279	529	527	62	388	458	155	116	531	403	9	8	540	558	99	265	143	443	544	433	120	18	42	477	234	16	269	344	249	122
2	391	22	338	368	318	272	285	119	520	159	326	325	32	557	324	81	372	330	293	437	145	504	320	211	129	396	319	440	508	79	68	306	156	307	543	432	429	355	342	258	58	523	34	121	389	255	533	513	401
239	379	535	328	176	360	295	70	56	102	302	438	270	185	351	275	29	505	117	563	321	41	105	541	118	534	53	467	246	487	480	50	521	516	77	528	442	308	539	373	496	95	343	146	60	231	188	512	280	4
171	242	173	488	196	553	349	412	455	207	459	86	135	287	530	36	182	387	465	334	550	274	399	266	316	127	537	536	303	167	499	199	28	509	545	393	362	329	137	304	385	126	169	277	227	226	421	386	493	517
144	381	179	204	244	200	219	506	113	88	47	37	430	10	15	201	52	106	431	395	75	210	215	416	424	370	420	19	514	271	296	451	411	374	256	524	445	305	25	262	209	423	471	460	98	228	21	492	309	348
115	353	462	150	140	511	409	165	157	250	366	212	452	83	214	44	192	479	510	89	565	123	76	301	453	104	463	190	162	310	532	405	548	27	82	556	450	247	449	69	457	194	12	180	39	48	276	444	66	172
333	323	233	57	148	454	138	59	49	375	472	251	507	299	461	0	111	20	110	559	380	216	61	417	220	436	331	339	345	130	163	522	446	178	400	54	221	377	267	13	5	134	45	107	93	217	264	187	490	501
132	225	183	426	197	261	114	218	177	87	38	337	253	347	361	475	141	26	184	354	151	238	11	230	434	311	313	248	206	128	322	189	6	332	515	340	131	71	174	31	483	402	124	363	17	283	428	415	503	485
109	236	406	552	468	35	223	364	152	90	526	1	376	112	357	486	490	204	118	446	408	450	75	21	272	553	51	43	128	449	294	35	99	397	79	412	372	414	302	71	184	100	17	120	145	564	90	378	327	518
182	275	232	309	452	51	312	411	482	413	191	306	181	137	230	65	113	294	243	124	457	472	521	162	560	151	508	310	216	8	269	439	488	1	192	341	435	295	522	495	165	395	383	460	9	517	208	503	285	143
399	44	261	492	433	343	85	352	412	72	198	438	330	536	545	173	497	486	478	6	388	18	92	345	490	496	36	169	530	422	349	11	287	190	70	444	91	502	193	262	174	376	197	393	529	30	315	421	16	479
359	200	360	291	237	257	63	402	166	389	532	119	321	523	100	122	513	179	255	443	10	67	103	133	270	565	17	384	20	117	333	354	49	311	314	357	123	379	97	3	301	206	366	552	374	157	185	14	448	90
318	27	377	323	555	425	37	531	544	283	74	499	541	146	329	104	42	449	194	228	308	284	430	372	225	158	58	105	248	487	535	128	494	244	109	83	416	258	325	62	475	101	313	260	99	19	557	542	556	175
474	121	429	463	253	38	462	224	465	303	240	437	511	470	215	43	32	320	305	424	235	66	167	84	428	353	493	471	217	454	293	256	135	184	414	159	251	396	214	288	398	445	154	440	296	385	41	347	290	373
4	485	274	242	431	362	131	213	120	86	307	207	528	168	344	23	138	272	510	203	276	98	177	142	254	263	442	539	436	107	526	381	204	39	468	163	7	533	245	500	418	160	340	369	81	543	447	278	527	458
68	304	77	507	549	233	464	268	409	226	558	170	64	336	338	519	267	397	446	342	378	434	89	298	0	153	71	407	161	209	147	426	114	279	300	466	102	45	116	432	289	322	69	525	155	392	202	5	249	186
145	370	358	28	132	223	24	335	453	563	34	171	346	201	139	364	317	403	222	59	57	13	33	199	427	292	367	467	390	229	516	152	404	82	415	481	126	520	94	459	54	363	110	112	75	35	236	540	498	282
47	149	355	218	562	239	26	196	461	356	61	328	553	419	187	189	266	241	371	129	12	302	183	29	111	534	491	324	299	40	408	501	178	46	550	420	140	480	221	227	246	31	247	106	271	136	96	252	180	450
48	400	87	80	108	118	506	130	551	326	451	211	380	281	489	524	73	144	554	368	331	21	238	514	195	504	559	319	259	164	127	234	115	405	134	505	406	231	365	410	280	88	56	297	141	456	387	125	548	60
93	156	250	273	484	483	473	564	212	286	401	455	15	515	176	79	52	386	332	538	264	50	537	78	55	25	477	210	172	205	423	348	76	22	509	334	361	391	476	512	547	265	339	316	441	95	53	561	382	417
219	394	469	2	337	518	546	150	277	188	350	148	220	375	327	351	258	387	438	443	19	66	265	565	229	71	211	442	547	398	383	410	505	126	12	388	238	431	517	329	17	217	526	81	193	521	534	546	242	370
288	393	325	311	551	546	143	264	29	370	410	293	421	240	225	340	345	489	76	78	80	79	360	486	464	106	89	398	427	216	465	475	387	431	156	499	362	46	272	342	229	317	425	428	434	142	562	202	530	87
442	324	200	176	188	100	462	543	443	71	513	63	291	164	259	527	39	157	315	112	223	327	66	359	455	257	305	193	212	481	17	261	337	392	47	500	95	77	19	354	207	75	302	204	136	56	561	303	323	542
353	471	412	485	430	91	198	273	555	125	59	312	411	368	488	301	33	531	413	466	563	103	501	90	388	297	422	41	127	232	53	107	493	150	148	298	16	479	141	3	236	282	220	276	554	35	158	217	246	18
313	363	234	28	314	547	377	344	121	509	306	458	429	482	329	436	321	405	30	506	376	243	23	319	326	191	400	166	181	149	439	538	92	135	263	11	383	536	20	498	299	460	294	44	168	219	296	516	390	180
508	72	248	289	221	523	355	108	201	384	52	502	510	491	441	484	541	404	275	459	81	525	403	116	251	55	532	43	159	339	381	473	333	480	565	386	57	245	167	308	151	274	467	283	208	468	307	5	512	190
284	129	346	494	31	160	490	424	122	114	416	537	483	124	25	267	73	199	331	228	130	372	97	456	128	469	61	519	49	69	140	67	557	104	210	147	99	88	115	2	348	271	356	529	347	152	454	514	328	373
40	239	54	526	394	435	131	9	256	511	270	211	533	440	4	335	534	206	34	203	8	26	258	418	96	395	154	397	351	265	113	316	15	132	277	407	396	12	474	24	320	238	174	503	497	70	187	332	83	540
222	165	231	268	528	290	98	255	21	496	524	420	93	549	310	556	146	37	446	521	74	82	300	492	138	119	564	336	352	419	45	278	36	241	117	280	27	169	415	544	402	109	358	447	1	406	186	173	177	111
477	552	13	470	213	226	476	242	189	318	85	423	139	343	50	183	417	560	38	144	281	84	14	409	408	145	330	445	10	437	137	451	126	185	517	520	224	237	260	548	391	378	449	209	194	192	472	295	250	254
369	535	196	68	161	252	448	450	374	367	266	539	253	379	184	32	182	6	269	401	463	389	65	426	457	515	215	249	461	247	375	349	507	279	62	230	86	227	438	366	322	235	102	382	153	233	123	118	545	357
505	286	162	262	178	518	558	338	105	522	550	0	163	42	385	380	304	134	453	285	214	478	504	452	444	7	433	495	553	101	171	197	350	341	60	51	287	64	218	414	244	432	22	94	371	364	133	175	334	361
195	292	399	365	309	559	110	155	487	120	179	170	205	58	172	48	138	369	180	420	541	375	558	38	309	434	544	494	5	125	71	177	328	331	100	218	449	329	120	467	182	533	345	221	367	195	373	460	255	261
413	556	503	184	443	532	420	9	277	333	77	90	254	431	140	554	265	387	79	490	233	289	262	103	342	462	481	356	133	194	132	199	74	157	365	37	557	95	411	562	48	296	64	123	181	109	189	416	270	174
255	468	131	287	355	139	371	251	512	55	435	30	273	237	315	482	1	127	170	395	128	290	28	114	137	522	75	307	177	53	448	26	458	295	164	363	376	291	392	409	171	134	367	501	246	538	530	86	25	106
52	183	179	384	253	207	8	19	497	561	263	94	121	351	204	369	335	267	540	474	195	400	360	124	216	498	372	425	257	203	100	496	555	324	13	234	399	60	552	197	390	357	14	54	405	461	546	89	318	130
113	92	59	283	281	172	519	83	517	276	329	403	85	202	166	534	122	450	301	261	144	447	541	213	386	394	158	212	264	243	446	332	169	36	248	451	65	21	110	176	331	147	426	564	223	488	473	242	422	525
484	364	321	105	17	286	231	341	563	29	368	27	350	531	84	16	314	382	241	513	43	226	32	311	47	402	221	188	523	445	327	80	88	151	336	46	506	338	93	323	118	222	145	40	51	558	68	470	297	313
260	463	302	182	306	303	358	528	76	227	44	116	190	91	466	34	162	298	61	235	148	218	38	449	240	478	339	485	502	6	543	487	408	18	299	467	71	191	280	168	11	524	196	347	201	491	249	436	434	330
20	377	520	115	493	417	239	486	256	152	200	427	252	288	492	112	4	535	178	275	217	141	352	272	41	180	107	345	508	404	537	343	135	325	129	78	464	22	551	479	454	439	385	97	155	419	465	361	430	560
511	536	406	10	542	258	126	3	160	56	480	230	353	50	428	245	238	510	504	165	438	418	375	67	45	548	7	35	205	452	167	308	228	120	344	472	150	359	104	81	320	460	415	159	209	440	214	39	220	108
505	471	456	2	161	15	516	489	366	309	69	475	396	410	185	146	346	98	526	111	210	459	219	322	469	192	247	349	401	102	292	305	553	232	24	225	476	348	421	125	66	154	515	527	398	383	211	539	12	96
49	73	300	229	72	437	117	483	149	354	208	340	559	294	545	119	99	337	58	370	33	5	362	317	442	193	533	101	57	62	82	142	278	477	326	412	507	380	441	374	565	138	509	500	529	136	198	514	547	433
250	550	378	518	424	444	455	42	457	285	23	316	206	186	153	268	328	187	266	429	293	388	284	0	381	423	499	244	175	259	271	494	310	274	432	63	397	544	173	373	334	414	279	389	31	304	215	224	379	236
156	495	143	407	282	312	70	549	453	391	163	521	393	269	319	87	513	208	158	102	486	362	200	247	478	142	289	133	187	228	165	73	450	216	164	366	406	339	394	384	298	13	519	299	72	562	254	388	56	556
388	553	209	475	56	274	247	554	272	163	167	545	140	494	266	234	72	529	406	304	210	359	417	476	17	552	418	105	384	508	212	305	142	135	483	550	489	445	500	149	185	511	536	190	454	447	213	485	386	521
251	502	400	379	242	101	297	79	46	461	326	366	374	131	328	499	410	512	144	236	8	27	86	471	307	527	330	292	34	21	420	334	203	301	134	231	33	293	189	31	104	387	317	162	38	285	250	186	220	446
238	217	181	438	472	558	515	24	228	65	345	522	91	401	395	429	74	487	76	155	196	520	434	431	309	206	64	534	537	262	479	61	278	559	152	172	348	53	99	350	175	191	435	208	564	343	491	432	214	193
290	125	342	202	477	174	452	111	517	551	115	295	107	151	89	224	253	148	459	170	505	143	347	507	43	364	259	453	271	523	255	73	327	88	383	287	482	358	13	341	311	458	137	404	198	349	113	402	514	92
409	139	211	463	510	280	361	544	178	82	3	121	267	25	83	96	448	467	7	497	540	425	169	49	70	188	565	265	62	87	346	110	394	41	357	449	5	533	329	450	156	308	310	442	126	561	430	441	44	124
370	516	385	493	288	93	119	421	333	321	55	201	141	360	531	563	226	484	412	546	47	106	426	319	468	273	132	51	158	323	473	269	268	344	40	276	325	153	423	403	524	399	532	32	164	1	322	465	50	457
20	503	289	336	549	176	103	194	222	200	80	294	52	207	408	36	243	26	48	397	474	519	320	279	365	496	9	291	245	381	371	263	35	367	57	254	114	237	351	183	95	123	542	277	398	486	230	67	298	414
261	354	45	102	416	154	440	396	187	71	427	464	372	518	218	419	460	353	355	481	556	260	562	60	133	422	424	469	339	223	160	118	411	488	22	116	77	555	390	506	258	513	490	338	216	335	249	177	407	204
264	98	501	184	159	161	19	413	248	68	0	526	117	179	233	100	478	168	541	389	444	241	362	352	547	560	451	146	284	299	392	229	221	256	112	244	480	66	462	428	375	275	456	318	30	127	122	166	492	535
197	282	180	455	171	324	286	150	75	439	120	300	415	306	4	10	42	195	157	312	376	437	205	128	368	225	90	543	14	373	69	314	369	539	16	12	11	240	81	235	443	393	433	145	281	15	58	377	147	504
316	270	283	391	227	239	182	138	363	495	29	78	37	108	509	232	192	525	296	315	136	39	436	303	109	173	498	2	466	84	378	252	199	94	538	219	313	331	129	257	557	548	380	6	528	337	63	246	340	97
18	215	165	356	130	85	332	23	530	302	382	59	470	54	405	28	223	117	341	208	207	24	262	439	515	459	505	391	329	438	37	507	232	180	511	394	508	90	558	409	47	148	247	157	67	178	563	38	6	220
456	520	136	346	353	495	507	172	166	177	399	57	299	359	153	474	369	409	418	63	265	53	220	181	271	302	473	65	269	87	434	105	141	554	224	462	545	230	419	410	536	538	361	309	121	237	218	459	18	484
508	288	452	322	22	489	43	289	282	240	156	16	457	433	449	333	146	59	110	140	160	542	212	8	236	231	114	319	349	534	565	326	512	26	91	503	413	351	50	131	147	440	204	70	552	467	5	380	235	471
260	515	32	178	30	310	117	480	33	158	89	246	412	209	426	354	411	555	214	239	450	72	244	416	366	422	524	488	403	0	428	188	165	487	432	345	522	454	247	436	401	86	130	290	475	13	198	97	175	348
25	543	174	493	328	29	28	38	379	98	135	193	423	264	253	392	563	155	445	320	383	123	446	396	275	485	303	562	564	227	556	37	470	203	398	297	384	437	314	356	527	56	360	93	152	258	296	509	45	34
259	232	312	11	402	447	321	466	96	374	82	306	119	191	211	431	83	481	113	250	23	31	363	324	338	228	517	196	283	463	460	390	41	51	382	405	560	257	171	222	501	285	438	315	514	378	194	375	533	104
66	442	342	208	92	277	362	47	381	122	444	255	1	273	478	525	421	112	532	243	284	295	84	256	406	90	329	281	262	482	67	199	497	180	453	103	385	518	99	397	157	2	159	417	327	149	372	120	521	358
