0,1,0,0
27	934	827	413	193	844	304	179	484	814	217	666	667	906	419	635	679	907	192	643	398	449	445	11	678	576	513	672	354	810	415	571	294	274	620	300	938	845	428	891	697	743	466	75	173	248	711	211	840	191
177	492	171	590	190	120	1	816	196	374	353	235	457	22	195	172	52	580	315	43	905	916	384	609	68	497	880	244	139	16	92	138	194	233	539	399	277	831	873	558	131	789	637	858	717	800	284	893	594	669
64	724	565	325	921	335	676	104	450	176	121	687	345	614	519	759	765	900	188	752	45	611	287	323	820	240	944	153	6	861	225	367	581	806	370	722	298	634	410	775	85	34	124	702	739	619	585	181	218	307
649	31	378	695	593	899	617	546	569	922	326	909	473	261	524	712	777	837	379	280	638	339	223	462	744	647	773	441	641	230	754	418	596	838	716	174	559	440	817	143	946	811	140	252	305	813	510	731	271	94
264	57	896	555	438	197	163	795	604	615	383	222	932	142	487	855	582	285	116	698	361	249	152	520	650	812	847	250	403	572	414	598	770	358	39	30	167	573	467	37	567	295	949	100	299	80	12	203	84	375
293	292	612	819	242	694	157	507	601	742	887	584	411	568	35	514	876	862	260	705	692	99	78	132	87	578	237	787	108	447	426	175	926	408	392	161	402	318	329	254	437	834	425	7	463	686	443	183	663	102
771	56	431	33	126	772	60	525	639	184	309	623	794	659	262	322	636	429	709	20	220	351	334	302	159	47	803	654	278	809	501	693	531	169	707	456	349	911	586	508	381	115	651	24	951	489	65	719	76	753
276	272	577	311	479	28	202	164	69	904	97	688	130	699	952	96	485	273	791	224	879	303	734	799	151	544	793	448	483	110	387	21	170	452	869	830	72	495	726	602	105	10	764	482	920	91	570	228	898	933
259	486	538	625	823	341	547	767	317	882	29	389	842	548	442	417	199	701	935	622	579	396	257	133	815	282	231	236	109	372	710	903	685	610	407	871	499	238	792	296	504	646	684	588	566	518	936	626	229	107
253	603	377	70	529	778	536	511	390	424	661	628	333	141	435	605	892	386	748	833	721	475	763	118	336	154	664	88	924	730	696	779	136	706	50	629	114	491	147	790	500	241	245	631	98	215	600	155	166	451
897	870	83	894	562	405	444	927	682	61	146	633	400	162	59	306	3	673	737	723	119	210	509	853	854	266	129	279	522	81	729	750	469	178	875	826	537	111	877	704	14	214	564	327	160	476	942	458	26	592
849	865	587	25	618	714	621	49	439	38	890	703	914	757	343	776	312	549	66	205	494	828	226	481	289	433	148	478	301	227	149	212	101	947	808	332	488	613	915	23	774	113	768	308	902	953	821	950	365	560
550	943	846	910	63	517	805	219	824	460	58	2	208	599	477	728	391	505	275	348	106	541	720	198	17	761	735	575	281	352	940	908	532	359	187	207	165	642	857	269	616	850	288	658	740	251	512	36	394	297
19	310	553	267	112	883	632	291	912	644	843	189	247	5	660	563	675	145	471	204	832	863	397	316	432	718	533	362	788	884	127	561	782	807	314	423	331	656	552	404	474	368	700	878	42	388	117	493	270	324
836	0	9	55	859	769	874	455	835	595	889	319	385	556	945	434	18	738	918	186	86	751	503	46	168	674	829	221	872	436	781	913	939	851	786	258	137	330	376	454	158	708	180	521	32	150	263	103	347	551
540	350	727	516	681	917	213	465	206	665	948	542	255	412	328	725	648	583	346	839	427	802	680	941	741	736	683	607	421	470	627	459	841	373	48	928	506	589	758	848	82	355	95	446	67	608	534	766	422	380
756	201	357	671	128	144	401	209	286	498	268	90	41	888	745	337	416	822	234	366	53	690	785	243	79	51	526	852	338	340	784	797	515	535	640	677	713	557	867	747	313	749	554	232	866	591	185	937	62	480
732	780	624	523	662	746	597	246	134	655	923	461	783	360	290	182	364	818	856	885	886	4	645	44	472	864	762	468	801	796	715	135	430	657	895	929	71	630	464	901	15	393	216	74	668	931	760	606	406	919
93	530	283	804	825	543	321	652	89	670	798	342	860	653	382	409	755	13	453	77	930	691	689	868	200	545	574	122	363	344	54	395	239	356	528	371	420	502	40	490	256	73	8	881	925	496	733	156	123	369
320	527	125	265	8	355	466	674	253	750	345	36	189	904	935	44	851	77	67	248	881	291	747	732	700	245	908	635	384	270	364	10	458	816	823	26	928	97	383	608	96	35	534	470	462	905	941	183	130	852
444	245	709	908	570	871	404	517	136	226	628	756	911	568	804	439	286	881	849	571	648	409	534	276	659	263	681	437	581	399	767	482	741	454	102	860	447	943	174	771	285	53	942	178	728	375	910	675	334	460
697	694	144	88	923	841	586	635	528	649	701	653	872	937	341	205	763	644	250	891	57	150	219	857	268	125	610	372	662	845	196	134	218	412	514	533	346	267	474	814	179	532	748	304	272	599	148	703	90	840
45	225	848	797	212	502	565	293	456	352	407	29	385	512	836	275	577	312	110	878	882	237	948	379	105	241	824	737	928	394	951	699	132	798	38	488	233	16	9	924	103	867	666	615	936	216	837	899	607	722
98	727	280	912	539	176	246	735	489	27	700	823	894	295	433	427	626	469	161	765	890	200	40	865	921	339	819	736	92	248	413	672	380	20	545	91	442	128	303	595	883	145	333	636	793	26	360	52	869	473
802	326	895	426	0	182	608	624	549	80	724	515	638	336	784	130	591	376	850	498	181	95	562	914	629	190	673	230	382	874	680	791	711	453	313	689	917	235	642	777	127	575	335	668	294	707	28	165	543	236
140	764	753	298	424	264	835	861	933	56	156	435	888	844	137	418	365	429	18	66	757	316	325	321	495	83	340	792	234	922	392	655	397	739	885	256	104	222	329	893	31	152	279	774	373	119	755	706	282	47
58	311	189	762	347	580	611	87	139	121	6	213	231	15	42	913	614	935	224	561	240	858	468	633	386	114	97	809	525	540	431	330	751	277	677	168	54	494	734	169	239	458	470	780	462	141	953	484	173	466
593	171	507	395	531	149	48	185	705	760	422	25	617	423	940	796	731	398	623	292	96	167	671	946	436	730	816	183	464	420	115	929	197	609	356	643	759	471	906	61	198	79	192	76	665	332	367	457	43	400
691	587	909	210	676	605	744	359	832	403	903	559	419	175	207	641	317	877	151	408	64	526	331	129	695	925	387	487	920	598	558	443	704	684	324	625	708	510	388	499	166	597	13	548	918	154	574	952	754	51
829	78	254	930	778	117	421	49	255	582	23	155	806	307	592	588	800	887	262	634	361	690	664	492	337	622	479	62	202	554	112	926	776	59	465	430	278	654	843	692	193	627	811	22	919	761	864	357	383	589
688	172	68	742	863	135	7	33	160	726	522	821	1	927	740	663	613	782	214	590	825	831	805	209	297	249	11	390	368	299	305	712	503	223	370	351	350	191	39	401	657	745	195	619	258	547	72	579	902	620
678	358	289	604	393	269	118	455	406	364	164	242	504	801	808	516	563	70	309	116	143	389	89	441	201	743	208	445	123	785	306	723	603	511	211	452	501	366	77	381	803	572	851	813	215	232	775	342	947	719
486	795	497	773	696	71	567	345	560	530	747	682	509	481	153	17	34	270	779	686	687	783	274	854	111	75	553	86	500	228	901	769	645	650	529	302	651	170	527	781	830	862	916	602	892	632	50	5	252	199
685	63	411	729	328	606	124	251	44	296	652	131	203	631	884	475	945	485	253	163	669	12	866	391	122	807	822	794	184	786	640	616	508	227	41	852	146	660	434	889	879	478	618	106	188	900	939	702	257	273
384	596	281	483	646	438	738	344	74	467	450	944	448	343	288	810	30	159	194	715	817	238	60	24	601	612	287	749	410	725	477	880	853	716	720	752	378	113	905	585	490	8	221	934	868	833	414	362	826	440
583	220	493	349	520	65	476	243	133	541	594	544	463	859	94	766	162	693	301	523	828	108	4	505	206	120	461	310	555	314	425	839	569	491	369	815	556	573	158	732	600	204	670	348	875	377	32	931	713	177
799	93	371	315	363	69	291	535	788	904	109	19	186	551	721	318	157	717	637	647	855	21	932	36	679	714	506	416	873	710	768	187	449	415	247	758	907	513	290	217	656	787	790	578	266	770	432	283	630	35
284	354	938	259	818	319	300	37	552	834	85	876	683	546	180	519	812	576	538	886	915	126	584	949	566	99	67	451	2	244	542	446	870	667	524	142	941	856	405	271	838	84	820	898	308	639	428	101	355	847
10	327	550	265	827	521	46	81	3	73	229	374	621	674	107	897	320	55	557	772	459	82	733	323	496	789	261	658	537	147	750	417	518	338	896	842	536	353	698	661	746	322	564	138	260	718	472	14	950	402
396	846	480	100	487	692	20	792	771	756	325	17	133	811	4	577	154	731	93	176	822	209	451	945	390	669	942	193	931	837	633	537	763	64	376	562	670	147	759	439	16	344	742	890	199	912	114	60	351	419
934	700	766	140	366	690	206	306	319	192	54	686	577	282	134	569	665	322	579	439	323	46	42	824	410	707	398	787	146	755	283	49	750	406	843	587	753	821	828	318	333	904	913	644	338	681	454	300	721	85
633	70	97	222	482	654	772	189	597	201	914	363	844	135	120	133	581	12	107	536	857	878	938	752	248	931	785	335	276	809	336	521	867	555	11	9	738	310	212	562	877	890	289	66	621	228	420	769	464	502
227	181	726	126	137	774	946	553	487	81	748	729	166	372	497	117	626	808	778	355	394	801	95	408	680	937	452	259	136	664	436	218	110	670	560	161	304	331	169	307	279	142	445	277	737	334	838	508	923	637
15	71	784	603	836	45	625	143	237	747	325	869	129	862	285	856	500	375	115	861	775	658	350	695	493	347	705	677	655	103	29	727	854	703	731	667	377	98	835	848	435	183	453	404	291	669	16	121	31	816
898	907	28	284	88	400	483	572	422	614	141	804	190	213	179	261	811	953	43	780	592	374	732	542	881	430	114	32	411	418	168	590	264	554	224	543	697	448	80	798	484	711	388	491	653	53	272	767	67	660
865	634	924	389	829	459	600	470	496	235	615	758	847	170	316	866	0	910	239	551	912	908	3	463	340	893	631	362	919	148	339	204	921	17	692	599	559	50	757	606	174	149	219	832	424	517	797	792	330	346
477	386	568	822	164	735	205	640	250	92	612	109	165	805	535	796	96	719	172	175	327	159	576	879	1	790	763	713	268	303	309	810	139	518	537	298	361	725	733	593	344	240	872	385	413	156	475	736	485	548
803	833	588	243	494	825	414	147	538	566	63	511	106	185	427	73	839	151	30	683	933	197	432	632	510	294	894	443	4	917	639	773	764	274	253	51	271	899	525	762	930	706	891	788	441	718	349	905	20	176
516	676	194	342	337	616	177	311	132	345	90	859	870	263	22	595	275	35	936	180	23	609	472	390	864	130	837	498	880	546	903	238	515	474	244	529	685	208	270	305	113	834	245	457	10	252	39	645	68	449
492	26	321	433	710	691	876	885	534	93	18	799	505	618	480	25	251	450	91	150	216	746	370	440	462	831	267	623	853	269	188	768	823	354	647	942	812	286	789	467	231	56	601	874	920	373	845	585	573	659
116	152	863	351	886	649	895	278	409	123	935	86	48	503	818	760	715	620	596	646	381	246	605	62	127	144	260	915	532	519	203	33	679	82	712	608	582	530	749	254	783	501	698	214	687	392	744	36	941	826
591	771	604	622	77	840	466	807	594	247	742	100	341	365	447	44	950	671	131	696	258	509	739	301	550	779	7	900	257	69	202	158	814	611	75	232	83	255	320	119	19	666	266	849	851	776	297	827	64	523
740	55	557	926	571	426	308	479	343	52	21	236	419	882	610	944	471	499	428	858	852	405	155	393	416	887	217	6	458	630	442	714	759	465	539	761	846	220	672	918	892	693	675	704	128	513	407	564	549	662
138	380	234	488	651	782	281	265	657	717	299	359	522	105	102	437	191	624	607	558	326	387	315	841	514	793	13	37	72	945	678	74	481	943	813	199	507	512	397	791	401	78	423	888	273	47	160	751	391	412
547	489	446	468	280	896	187	871	868	112	371	688	928	225	565	635	541	178	111	929	741	754	360	34	526	122	399	329	602	242	682	650	939	884	701	661	59	262	850	421	724	875	2	162	460	287	295	531	524	756
734	627	402	313	765	104	638	293	806	455	288	438	709	364	211	157	795	906	574	952	873	533	324	815	932	302	648	153	429	94	770	367	210	668	357	860	855	842	802	395	473	352	883	716	786	909	328	233	561	486
583	584	800	708	76	613	684	720	348	520	730	99	911	897	656	200	256	540	916	403	290	57	241	58	40	186	14	643	65	556	456	173	8	353	902	476	794	694	745	947	317	663	207	545	314	417	504	434	184	379
27	431	469	563	589	384	24	490	925	60	728	193	544	781	215	229	223	586	444	79	312	296	673	378	171	415	830	723	101	145	198	478	5	619	163	641	383	118	221	567	230	369	689	570	382	578	182	642	506	154
38	61	89	743	368	927	580	87	552	356	425	125	598	196	396	702	652	527	636	528	209	722	124	249	819	332	167	292	777	901	495	629	817	699	575	226	820	108	461	84	358	195	628	948	674	451	41	951	949	940
889	922	617	376	464	31	824	449	695	682	344	368	506	330	805	775	268	213	444	836	743	480	328	168	497	420	560	934	170	135	657	382	821	106	545	489	683	66	939	723	309	339	58	477	413	395	56	381	196	627
214	762	748	106	625	926	507	896	949	680	548	79	395	470	81	776	797	362	890	195	64	918	901	658	627	280	252	51	316	845	370	142	262	42	807	136	906	46	778	833	879	886	606	444	421	95	353	433	245	58
382	137	950	97	183	177	846	378	920	381	494	570	885	23	747	907	866	927	149	302	940	643	535	912	392	85	820	854	9	122	951	120	798	447	783	543	175	718	63	705	860	580	24	681	597	697	129	12	746	414
295	165	235	508	84	341	590	708	285	523	219	164	334	263	525	168	787	743	449	621	349	125	868	325	790	403	326	690	442	445	620	869	232	788	796	696	789	851	765	888	234	672	588	786	145	47	547	38	858	777
72	802	848	167	608	308	286	127	844	536	133	34	897	30	431	717	880	603	217	464	493	279	504	294	669	489	455	257	598	715	601	383	477	396	537	291	770	92	732	837	222	693	726	767	614	288	55	33	855	657
160	487	670	722	520	28	57	916	756	380	103	611	933	276	839	830	803	641	812	661	143	437	331	605	304	763	360	501	574	410	458	533	903	135	687	481	32	892	375	401	321	654	910	505	181	692	192	318	409	564
346	915	387	824	461	808	473	889	665	132	745	613	240	330	446	80	50	255	744	67	945	823	119	928	268	677	686	766	554	27	546	947	394	822	7	320	83	254	246	385	170	519	638	514	233	100	278	289	213	260
578	369	269	413	348	577	805	740	96	37	154	944	425	663	202	659	645	491	736	161	575	351	319	116	821	293	371	419	147	196	117	14	699	228	884	809	68	267	642	272	352	435	815	710	56	513	467	716	541	939
49	324	88	936	342	660	111	941	521	632	842	813	43	691	259	466	429	110	674	155	65	171	875	666	563	456	502	769	355	144	307	843	579	373	5	207	816	10	506	586	872	78	895	482	91	556	358	818	711	418
542	379	241	441	902	946	558	496	629	258	292	224	53	584	94	463	576	938	859	741	328	633	199	919	203	139	208	849	656	709	529	198	568	343	728	104	471	929	243	338	74	317	390	290	585	389	101	668	714	651
834	451	443	472	465	534	582	166	422	163	781	650	841	193	725	867	883	731	73	828	237	804	893	909	384	636	612	817	759	500	62	913	305	411	372	498	810	662	265	488	861	768	408	99	599	399	921	273	589	634
713	18	298	459	900	220	780	156	16	368	397	423	211	894	22	393	774	630	407	911	327	15	182	931	795	596	652	365	565	932	335	282	412	785	516	75	607	312	314	121	905	617	495	799	801	176	917	878	566	102
300	173	701	185	555	29	827	118	882	105	640	297	532	531	562	757	438	937	877	792	146	60	720	231	752	450	4	760	309	664	615	704	404	86	432	287	36	826	0	814	274	735	723	266	583	303	540	356	416	750
655	779	329	647	126	492	511	169	277	887	226	123	648	367	350	538	179	204	244	873	113	420	600	559	549	864	522	943	201	52	618	509	460	832	773	210	462	215	676	874	755	271	296	323	212	374	256	594	48	881
25	209	453	301	870	719	953	424	923	45	831	115	150	140	250	157	366	595	44	948	751	89	952	221	852	76	703	616	775	190	162	310	518	405	871	82	440	702	247	490	684	838	782	194	524	180	551	560	476	66
457	172	333	569	148	454	138	571	561	61	908	218	299	876	623	20	622	925	853	573	417	436	339	345	130	675	764	178	400	54	377	13	517	847	557	107	93	729	187	737	644	225	794	426	197	261	626	904	730	689
87	550	253	347	530	361	475	930	26	184	354	811	840	238	11	646	679	230	434	311	727	313	248	587	206	712	128	322	189	6	631	739	707	899	332	593	515	545	340	131	71	174	31	483	891	402	124	898	17	829
865	428	415	922	706	485	109	236	406	552	468	628	754	624	800	942	791	223	364	935	152	619	90	526	1	742	376	112	357	685	653	486	497	553	480	602	753	270	69	275	151	153	836	771	386	391	188	134	344	671
306	609	635	216	683	2	479	581	673	3	398	264	158	315	682	283	77	863	637	544	856	539	819	200	19	667	512	857	499	749	359	700	41	430	186	336	242	227	427	698	772	695	229	639	474	733	448	784	363	738
688	205	249	469	510	284	239	592	251	610	850	159	806	281	724	761	39	70	108	114	862	825	503	21	721	835	567	40	572	388	141	337	59	8	678	591	734	694	758	604	191	484	35	527	452	649	439	478	914	528
924	934	793	98	230	484	626	56	208	530	179	716	43	276	333	157	8	285	65	452	497	393	724	244	432	320	605	696	370	85	608	288	488	419	416	206	658	212	869	536	765	806	496	525	563	306	330	418	808	427
649	792	716	270	912	819	587	654	156	274	680	613	778	516	436	211	936	387	339	545	107	408	71	546	510	942	421	770	628	586	727	833	563	200	17	273	283	181	899	18	63	850	476	518	389	501	802	47	561	619
774	258	529	53	91	675	78	367	589	234	866	719	59	482	458	208	674	149	946	582	268	537	660	759	20	413	931	468	66	576	434	321	190	844	651	377	828	683	747	375	617	77	414	180	143	524	843	543	166	116
201	839	267	81	653	16	523	643	407	584	835	515	857	450	358	439	811	622	921	657	881	827	349	388	594	904	368	333	5	473	168	650	937	913	681	239	363	167	396	552	136	656	418	801	353	710	191	457	125	621
246	781	422	836	61	447	533	884	49	25	809	128	69	702	29	601	600	623	520	861	44	104	147	889	88	570	337	856	140	329	517	372	193	860	754	229	330	335	314	706	272	40	426	798	397	599	223	655	369	722
464	391	362	4	438	347	300	934	530	908	610	745	852	2	306	96	232	728	159	154	290	256	842	9	176	113	805	435	460	832	863	575	492	644	595	12	663	765	632	238	662	342	360	454	70	841	678	296	148	820
152	76	639	403	669	808	776	705	588	98	562	21	415	823	93	697	696	37	637	581	539	496	572	138	119	437	307	870	806	638	907	751	27	169	620	887	918	1	748	500	173	449	111	794	769	704	771	878	242	189
85	139	698	183	490	535	799	825	875	506	14	145	327	890	354	671	607	493	740	376	378	224	237	260	847	591	410	192	645	295	635	254	901	532	689	609	729	266	531	184	32	790	567	269	65	534	783	642	876	279
742	788	86	634	322	235	739	807	233	123	118	357	445	606	262	178	487	557	943	711	507	380	220	489	151	304	544	448	718	278	42	767	481	19	130	424	766	627	171	251	797	780	521	341	60	51	374	287	373	174
495	757	568	692	475	244	22	867	566	583	194	787	862	577	795	924	340	361	746	714	292	579	202	604	462	687	950	430	602	155	120	265	592	285	624	205	58	172	324	48	540	846	511	185	84	286	858	275	721	392
684	89	574	910	293	682	484	97	658	898	848	789	499	355	738	302	906	352	688	102	187	75	282	141	402	343	319	593	212	548	779	723	694	815	756	578	882	813	455	911	466	240	854	126	370	196	853	442	915	365
186	41	715	134	944	160	444	732	433	864	885	929	686	393	338	880	730	336	703	494	916	947	427	573	873	325	673	909	227	323	471	253	400	467	215	461	734	351	409	74	7	618	720	491	503	750	761	291	744	508
452	50	348	930	129	838	549	659	633	431	199	217	255	219	547	301	371	483	919	443	243	92	479	665	334	261	695	451	132	164	903	737	879	364	749	822	150	416	559	603	679	837	179	488	80	289	317	474	62	131
67	896	902	816	399	755	162	758	440	161	713	708	814	786	818	206	109	538	157	3	303	951	453	793	731	920	318	271	264	571	640	892	724	52	528	250	142	328	917	83	504	773	735	55	590	685	596	236	101	939
411	106	11	381	46	914	712	39	522	105	948	865	526	404	556	949	144	428	103	612	760	605	331	693	228	425	204	525	470	700	276	114	379	72	926	344	741	309	743	68	56	82	218	925	112	513	146	585	551	95
829	900	709	127	213	231	764	175	165	933	536	0	554	480	195	38	646	893	214	877	79	664	310	952	401	288	666	553	725	497	406	498	163	505	541	247	108	465	905	469	569	320	598	299	868	625	677	35	297	43
782	280	472	672	768	137	248	64	446	121	928	772	8	935	830	24	486	608	386	13	821	763	463	953	313	259	441	871	412	203	350	124	509	249	502	661	542	133	785	432	182	15	560	31	346	874	580	922	626	784
834	73	459	395	383	394	36	894	222	938	477	752	796	514	405	670	30	810	284	312	115	629	667	326	398	812	923	216	699	210	221	691	791	733	945	897	855	209	512	883	891	308	564	527	33	385	611	826	519	648
28	277	26	831	631	420	647	158	332	188	775	429	707	485	851	597	630	94	356	888	800	257	110	558	550	281	366	668	717	804	859	701	927	207	384	565	390	294	762	99	10	652	886	345	941	419	845	311	641	298
23	803	872	726	100	614	305	117	34	636	824	57	417	122	198	170	315	241	616	230	869	456	940	753	359	423	225	849	6	252	690	736	177	478	615	226	87	90	316	817	197	153	245	895	135	45	777	932	840	263
54	555	382	676	294	772	399	929	871	766	881	128	725	574	737	170	718	821	26	285	77	569	636	799	480	266	590	868	515	357	30	14	100	717	28	908	94	949	134	591	324	148	243	720	857	561	909	543	765	629
650	651	84	746	734	574	917	226	56	595	464	476	605	257	116	684	138	394	434	187	312	97	686	546	343	303	482	949	91	73	720	294	318	549	236	744	133	277	53	849	750	610	886	643	624	593	913	269	599	155
10	165	363	210	212	940	522	921	306	527	407	569	781	724	601	386	547	808	392	500	185	916	454	429	467	923	218	681	695	910	590	124	689	46	857	640	518	460	207	897	879	535	816	621	2	23	459	845	803	282
300	582	14	283	504	728	194	880	70	604	402	730	919	704	712	217	304	451	727	631	596	805	759	579	95	586	164	86	602	723	121	209	780	102	372	98	520	425	831	691	331	240	72	669	761	413	713	807	192	660
268	495	678	853	934	445	96	19	862	799	228	327	453	82	35	645	55	289	822	374	739	764	395	181	430	783	299	301	630	100	490	937	389	832	874	943	701	773	589	360	895	6	615	51	843	920	334	3	265	252
711	225	314	109	778	888	308	28	208	791	7	145	763	598	255	244	892	183	37	378	157	732	69	319	581	297	216	273	411	606	871	368	25	878	909	709	752	404	412	542	391	867	178	103	195	85	485	421	142	106
893	64	422	388	565	127	362	548	81	613	514	619	545	94	530	538	153	200	156	688	385	620	794	305	123	398	655	274	189	592	365	440	39	416	815	666	798	214	335	726	221	339	170	654	826	576	66	107	775	298
748	754	513	353	414	307	675	623	907	945	182	455	162	737	637	887	141	325	537	802	369	665	682	427	261	173	290	531	260	254	262	856	484	344	563	667	245	733	591	134	9	38	703	341	468	420	652	583	639	4
355	568	146	406	68	198	26	908	567	22	866	722	140	706	543	510	850	253	63	284	333	859	824	177	396	715	276	707	87	716	152	562	110	516	311	487	309	89	882	664	191	384	649	101	851	215	258	570	441	48
174	929	399	160	698	131	806	148	768	456	426	749	499	449	729	633	636	742	32	358	132	201	618	838	557	393	370	503	36	578	248	190	644	465	789	693	661	346	80	128	293	927	951	431	656	502	868	641	224	75
782	33	239	34	373	912	692	809	777	674	844	180	409	858	322	899	313	479	626	710	690	814	632	340	635	786	354	44	171	721	233	473	950	205	810	139	267	769	680	143	352	496	528	884	151	231	863	79	889	607
129	108	447	551	41	351	136	697	646	113	627	232	539	387	725	65	870	119	474	403	435	286	939	747	896	855	925	952	836	219	903	784	835	147	517	600	813	540	572	840	310	521	461	144	785	936	588	662	881	705
243	31	648	130	320	202	942	877	166	571	765	594	506	419	122	658	488	561	679	270	911	213	211	745	699	59	238	830	670	735	577	275	321	472	519	796	941	638	345	266	829	469	946	463	755	804	611	766	367	953
536	608	647	498	71	12	685	20	508	357	176	390	179	342	220	172	566	330	534	743	533	114	382	196	296	677	235	820	259	193	676	159	827	554	493	758	280	74	349	379	437	767	42	433	825	295	717	316	125	199
24	137	787	731	186	718	60	696	115	52	736	58	918	753	944	587	30	383	793	112	462	117	573	933	376	458	17	738	149	78	317	263	629	861	837	872	67	741	77	788	792	876	821	560	842	324	478	264	167	380
823	714	348	811	505	400	511	197	332	865	439	350	900	43	523	1	906	417	126	104	15	450	29	932	11	668	719	771	444	287	481	612	617	377	90	524	154	841	694	338	489	50	938	894	366	443	13	935	279	501
168	452	475	288	470	281	762	564	424	457	234	902	8	931	864	817	616	347	242	779	423	657	206	408	361	61	760	251	818	683	466	278	150	47	532	105	356	930	507	673	883	553	525	471	948	364	161	54	584	256
497	509	740	515	405	526	271	448	328	272	492	671	642	625	223	92	315	18	834	249	614	480	83	237	860	415	62	828	770	597	397	634	45	188	49	291	756	436	486	947	323	757	687	250	585	203	446	797	158	915
891	40	241	795	135	184	169	292	329	833	21	622	432	609	659	926	57	901	246	410	575	483	898	204	869	875	5	653	924	873	529	839	491	890	336	381	302	541	774	27	247	772	905	852	16	790	512	800	442	555
544	163	559	885	477	700	494	0	120	111	848	88	663	928	558	708	904	93	550	118	222	401	552	819	229	580	801	337	812	230	438	751	371	672	175	776	847	76	854	846	285	227	375	922	428	556	326	628	418	359
914	702	603	99	47	749	377	359	72	128	921	698	90	756	583	518	446	551	912	946	405	798	709	589	79	481	872	814	336	611	460	703	905	735	145	297	46	469	822	855	726	106	715	189	748	107	435	80	121	944
196	174	550	368	273	950	481	695	549	271	882	359	631	230	426	804	780	232	201	596	285	494	828	678	857	420	711	431	178	862	523	827	19	701	244	916	240	110	653	946	471	671	540	104	126	262	22	669	766	329
518	92	159	775	633	479	482	842	8	361	744	582	474	457	388	326	899	820	327	591	384	468	836	47	537	788	444	935	712	615	370	183	302	172	165	953	93	599	446	476	433	642	603	811	856	50	508	927	561	396
290	495	328	458	473	765	778	684	429	115	179	402	526	319	360	726	314	95	825	940	949	895	187	945	194	363	650	403	808	923	753	576	506	661	573	132	397	521	32	379	575	140	56	558	26	358	610	527	399	509
514	668	296	724	108	239	658	246	434	547	706	387	751	392	863	303	826	300	704	560	512	785	299	887	871	113	166	948	522	119	263	203	347	737	787	818	917	227	121	220	611	334	588	504	145	851	577	191	675	131
439	609	612	175	330	890	634	18	843	925	875	869	723	867	310	158	951	447	82	732	501	913	67	23	30	245	188	834	136	829	543	782	902	152	52	888	157	89	761	269	602	154	598	893	776	395	794	622	806	304
581	534	337	497	930	715	722	51	793	898	952	541	805	469	852	247	528	73	510	250	667	362	141	880	259	260	498	11	762	721	703	398	43	216	906	193	436	878	520	718	643	297	277	942	639	117	535	287	401	385
937	583	373	430	636	356	651	266	422	838	608	111	467	542	924	37	635	146	922	720	499	65	464	435	478	289	578	894	555	789	12	55	626	846	59	16	530	147	342	412	417	406	519	545	500	911	4	283	378	224
477	748	274	472	652	83	171	409	647	943	249	235	284	947	156	454	742	237	416	275	799	687	466	562	135	383	896	264	281	88	693	797	62	584	288	614	236	879	380	781	421	891	774	186	907	238	570	177	306	129
728	847	544	618	70	423	33	605	153	204	768	38	372	442	295	536	621	796	850	488	374	345	553	470	779	114	94	405	568	931	331	840	736	716	72	689	933	571	432	386	120	0	364	257	837	218	597	320	885	822
445	248	214	441	517	460	681	525	674	919	130	810	487	909	884	13	921	255	743	873	565	569	839	624	25	697	453	848	730	346	265	883	772	29	538	212	28	294	41	354	391	349	243	938	833	683	654	845	96	393
223	437	897	682	155	209	551	415	419	123	714	1	90	664	841	173	926	382	920	438	418	932	492	665	242	739	228	45	34	390	231	118	821	849	844	75	717	211	702	440	369	66	279	31	792	54	427	741	229	425
222	708	865	450	322	944	208	348	646	864	616	559	511	122	713	513	686	256	855	556	533	719	309	149	84	449	677	691	579	199	180	103	99	941	2	831	901	80	456	709	710	207	40	587	800	333	6	604	128	679
3	531	268	176	483	261	163	600	292	872	524	280	617	267	15	700	325	35	760	733	44	649	389	912	484	648	688	293	480	376	381	620	623	353	585	690	934	529	49	627	307	71	707	14	874	69	784	586	301	276
200	823	133	58	592	205	746	567	225	663	367	164	182	109	318	758	807	868	106	134	60	638	749	773	7	215	197	192	428	490	316	311	929	411	10	407	680	241	539	61	491	628	754	317	21	85	168	606	344	452
607	17	759	332	451	769	170	189	777	835	291	254	424	731	107	313	39	815	190	819	936	698	252	404	641	877	167	475	286	662	574	76	630	355	234	206	251	757	78	593	448	640	589	832	666	298	305	339	657	226
904	738	210	803	516	9	357	889	858	185	673	763	219	548	100	908	866	705	101	394	595	68	461	64	308	801	217	148	48	341	502	632	270	786	42	465	74	795	377	202	729	676	903	756	127	764	918	124	408	692
496	233	36	139	79	860	656	350	853	221	812	546	184	150	81	734	629	24	335	213	745	352	813	655	830	637	371	750	572	365	20	116	696	169	601	336	928	455	151	747	783	143	102	725	338	486	195	105	181	125
161	489	752	694	854	552	859	410	644	876	870	91	672	771	315	881	323	699	515	485	272	87	46	97	817	63	198	566	321	343	791	659	138	351	253	660	727	366	414	162	340	282	645	790	112	905	798	685	802	53
590	278	503	580	755	258	809	462	144	814	86	459	564	57	767	137	900	160	77	910	816	625	98	914	400	375	613	507	594	443	619	824	312	563	413	735	142	463	886	915	5	670	892	770	557	493	324	27	505	554
532	861	740	939	730	391	823	712	641	585	158	168	263	43	326	902	797	653	826	73	44	630	306	927	87	852	680	377	809	725	393	631	240	70	708	744	285	256	733	606	11	373	637	616	755	433	817	234	540	372
413	365	809	312	460	76	178	586	883	407	264	414	698	532	652	16	75	149	625	818	145	35	925	826	444	514	190	106	640	507	810	160	795	98	180	1	354	922	837	934	49	479	206	120	34	617	424	727	397	951
812	325	329	295	45	408	924	347	272	440	97	265	466	665	639	572	517	525	520	219	52	842	568	861	531	791	48	876	270	530	304	418	146	885	72	666	558	770	631	567	940	512	142	560	505	286	379	435	431	423
234	598	307	342	232	752	223	44	411	808	929	832	866	683	729	417	619	801	183	830	916	702	453	709	306	787	663	673	328	122	728	23	109	358	445	493	659	368	41	151	938	528	177	678	188	510	290	620	908	247
331	581	500	840	641	695	494	78	450	575	949	391	317	370	58	771	814	99	186	616	705	694	287	4	681	377	273	156	789	230	71	476	67	471	622	369	544	214	199	856	624	237	208	836	563	289	757	798	478	335
909	113	595	602	282	385	657	933	942	807	755	580	550	600	374	529	623	543	389	723	498	227	541	430	763	593	774	7	276	490	474	877	822	133	11	717	138	429	775	903	805	427	459	535	405	222	73	59	764	141
184	197	725	17	604	827	129	588	677	175	680	26	915	941	117	850	403	266	946	891	421	187	786	674	53	601	744	647	241	721	526	835	785	91	793	381	148	765	482	703	254	523	79	38	896	216	66	86	685	213
701	470	629	361	557	638	176	302	713	711	630	524	386	419	740	193	393	454	40	716	107	155	28	737	174	315	948	691	457	68	277	226	250	684	590	131	874	139	278	654	480	904	952	60	15	838	502	542	8	211
802	606	881	672	260	352	935	51	251	633	64	815	210	165	907	372	551	632	164	769	682	566	416	706	735	252	594	853	404	349	69	829	518	461	688	136	579	485	546	291	880	428	576	589	585	533	314	14	741	118
696	875	100	906	244	860	371	65	305	913	722	707	77	914	669	945	562	299	303	843	111	125	944	893	364	751	191	864	545	813	81	766	901	61	587	790	746	346	846	162	750	401	921	936	463	383	472	172	39	212
868	839	646	380	503	902	207	926	168	189	511	605	660	584	509	939	221	420	692	47	238	321	872	484	468	871	603	607	513	552	506	154	400	9	24	515	690	565	434	436	710	112	676	608	102	173	788	918	447	778
333	319	366	269	375	736	610	882	760	497	332	32	296	309	911	337	618	70	330	796	390	21	258	571	326	859	163	19	284	128	599	857	804	422	912	920	943	318	452	650	773	614	884	700	697	101	719	720	279	817
862	37	410	121	662	215	31	92	749	704	878	311	231	930	496	446	519	634	253	649	0	355	334	491	823	686	294	522	152	820	858	745	797	243	718	246	537	394	816	781	87	777	116	140	592	867	724	854	169	748
248	396	950	899	873	20	578	738	402	336	553	94	204	953	143	201	733	645	635	300	767	731	937	792	392	865	147	119	879	89	469	742	123	917	831	104	85	483	235	828	931	22	313	636	905	18	443	359	806	712
236	130	316	27	298	196	137	890	699	114	456	863	679	888	218	628	362	910	30	437	224	708	573	179	627	249	900	475	844	202	83	492	661	898	10	439	259	338	887	438	225	55	415	667	583	90	268	477	373	714
57	455	732	559	194	671	256	794	382	664	159	398	360	768	387	205	642	851	799	596	465	495	582	80	283	538	739	919	508	658	743	217	811	327	555	539	928	644	320	527	3	499	782	869	13	762	132	803	516	462
892	889	255	308	42	144	441	534	376	388	761	274	715	134	783	62	947	157	399	345	451	310	609	185	124	886	261	433	834	776	356	395	110	50	412	848	233	167	348	927	458	504	74	262	772	263	103	341	561	323
726	464	46	150	655	784	357	378	228	288	409	29	521	821	824	195	158	267	182	239	96	758	343	548	153	105	344	43	271	339	115	384	489	229	63	577	209	689	841	621	293	754	597	171	285	242	297	756	353	301
637	564	108	570	425	6	668	687	643	613	181	819	855	200	747	895	611	82	488	449	486	95	870	487	367	536	275	161	894	2	923	556	845	540	554	340	626	198	670	897	847	426	281	54	932	363	322	569	93	675
648	88	170	612	5	12	448	220	292	501	574	351	653	135	615	591	432	651	245	240	257	406	467	800	549	759	126	350	825	280	473	780	833	442	192	166	730	36	656	324	56	753	547	779	693	127	84	852	734	481
33	849	203	25	560	39	36	642	772	33	71	647	669	941	135	578	227	460	363	328	483	351	498	612	905	914	311	293	556	753	680	409	545	213	32	166	634	879	157	160	368	2	208	709	848	767	131	615	353	945