0,1
997	188	924	1061	938	492	1124	354	67	87	261	712	571	69	790	1002	957	203	228	1116	520	722	669	842	482	751	1000	554	31	1057	461	123	323	255	521	264	142	781	884	7	622	191	1079	363	1024	782	190	1041	1162	1015
225	1016	529	683	218	849	345	35	441	74	217	11	43	861	393	339	703	716	29	280	1137	546	951	437	27	511	416	992	64	819	769	773	1156	271	697	421	963	1058	604	629	325	413	410	795	329	1110	274	524	681	60
428	1070	863	879	688	104	744	1060	898	151	673	602	1133	131	120	139	698	1055	564	738	720	743	427	756	341	22	483	211	429	510	584	125	833	484	56	906	675	1039	939	687	1008	792	369	582	244	589	637	222	986	80
399	956	157	448	931	548	378	1108	16	177	230	305	373	784	779	109	273	1086	358	381	730	514	172	1035	1140	234	970	1134	102	739	617	585	1087	52	1178	1171	770	862	601	962	383	486	20	1100	152	576	880	335	1154	1159
41	537	831	598	745	1017	278	124	24	173	569	121	558	647	1036	1120	709	1101	126	143	567	750	758	635	334	442	392	954	871	811	907	475	530	375	30	657	741	835	180	479	179	1010	1088	1066	639	425	299	467	802	1166
823	213	692	967	403	1038	450	1153	980	518	893	870	420	1004	387	908	6	910	844	196	721	1187	665	82	983	685	426	384	307	498	326	1174	952	1054	349	431	1067	788	596	829	374	499	414	609	440	133	78	603	1126	153
776	631	95	284	434	463	1185	318	155	765	1012	592	1018	728	857	658	982	1059	140	580	1145	1043	901	419	253	791	249	1003	840	75	366	88	242	1071	971	270	1	643	250	812	501	900	223	719	649	991	965	504	10	276
1143	816	593	612	385	663	45	445	233	735	559	1013	999	53	51	342	132	950	1025	513	418	874	298	195	361	757	1034	171	855	578	911	68	411	304	495	845	147	700	838	752	824	443	197	372	138	1130	869	1172	300	937
1083	92	1117	1049	1113	591	447	245	202	115	976	525	175	452	417	990	932	454	216	302	176	114	948	633	386	562	668	181	619	491	277	618	292	945	539	528	37	370	590	1029	704	979	841	285	1052	679	85	163	1019	987
34	1090	672	9	623	337	408	76	235	608	248	507	664	555	39	287	240	708	193	614	936	817	1155	891	809	531	229	1175	192	353	854	729	444	194	294	808	886	487	48	57	1045	872	1131	726	12	883	508	775	169	942
955	73	821	1082	705	430	628	33	259	544	1068	174	1033	1160	252	810	814	706	260	973	322	94	473	613	894	794	754	915	654	1183	691	839	357	573	161	116	804	1114	959	958	485	263	888	167	295	984	1007	565	321	100
1181	84	646	577	947	1094	122	887	793	547	293	860	315	99	415	237	1109	108	702	438	1073	1182	1152	254	500	1127	638	519	141	723	183	896	1177	568	1030	695	545	572	379	946	184	309	922	1144	262	977	771	935	220	625
398	389	1128	159	47	848	166	753	789	868	666	767	615	351	774	960	456	536	742	65	186	588	903	994	989	272	1118	734	311	28	164	581	981	97	1031	1186	130	402	778	367	96	930	489	1085	224	303	807	684	693	820
110	21	170	344	866	72	913	449	215	1022	1044	105	786	1074	566	91	610	718	740	725	805	243	858	317	852	822	707	538	1076	199	1027	497	1176	1102	853	396	257	1046	282	231	236	457	621	462	699	1093	904	407	1138	890
238	1168	296	1165	470	764	748	466	836	772	926	850	503	107	377	70	969	798	390	424	975	333	1048	435	768	1062	641	731	1081	118	336	154	1169	600	200	1080	1023	136	1115	50	626	867	594	1009	241	933	98	1099	815	881
678	451	897	583	83	832	405	634	694	61	146	400	661	162	761	59	306	3	1001	759	928	676	1053	1040	651	119	1011	210	509	523	978	266	570	1064	129	279	522	81	1047	803	469	178	1136	620	859	526	579	1170	800	677
111	468	964	14	214	834	327	160	476	8	458	26	885	961	696	1123	611	182	828	25	916	496	920	864	846	49	439	38	1148	899	586	1028	382	465	343	1005	312	1092	549	66	205	494	338	1125	226	481	642	289	433	148
478	301	686	227	724	149	212	101	156	799	1096	605	587	332	737	488	882	659	1164	23	1050	113	909	1107	308	1157	265	1014	689	320	365	667	560	878	550	873	941	135	1121	1089	895	682	843	851	63	889	517	144	219	1151
837	79	650	460	58	1042	2	208	1142	1158	599	477	953	391	1111	505	275	348	711	106	541	86	198	940	17	542	1051	827	575	281	352	1184	636	1161	943	532	359	187	207	165	934	1106	949	988	892	246	269	616	1179	288
968	830	1056	251	512	36	394	701	297	19	310	553	267	112	966	632	291	1112	1129	787	918	644	714	912	1119	189	710	876	247	5	660	563	1104	995	925	145	471	204	927	515	1135	397	826	316	432	453	533	847	362	1069
1150	993	127	561	1063	209	314	423	331	656	552	905	404	806	474	996	763	368	1026	1091	42	902	388	117	493	324	556	0	55	1132	1141	455	595	1084	717	875	319	18	813	350	46	168	674	944	340	221	1139	436	1163	627
998	258	137	330	376	1006	158	972	32	150	777	103	347	551	540	727	516	929	1037	206	985	877	412	328	648	346	680	736	607	917	459	1072	506	1122	923	355	446	534	766	422	380	201	671	128	1020	401	286	268	90	1065
464	1105	921	1077	690	785	1103	1075	797	535	914	640	713	557	818	865	747	313	749	232	364	185	62	480	732	780	624	662	746	597	134	1021	655	856	783	360	290	71	4	645	44	472	762	801	796	715	1095	630	15	1098
1173	760	606	919	406	1167	93	283	825	543	652	89	670	653	409	755	13	77	1078	974	574	1146	54	395	239	356	371	502	40	490	256	1097	1032	733	1180	1147	527	1149	264	676	545	28	807	430	1150	766	240	805	714	224
77	207	873	69	1124	449	1024	864	610	1080	878	692	101	1031	188	222	664	994	697	784	1183	972	201	727	775	875	172	411	450	1170	949	193	335	515	892	880	185	1151	761	1179	973	764	53	1017	432	170	41	456	929	835
355	825	849	4	176	765	690	1050	109	1073	647	166	896	327	42	479	601	416	538	844	588	788	489	650	578	215	532	457	730	76	1034	1099	198	85	1059	564	1116	290	1145	368	795	968	1109	900	13	236	280	964	1169	367
1018	358	3	705	902	558	651	656	420	537	145	341	377	262	472	678	1007	486	800	473	587	856	459	227	1127	566	351	279	235	424	509	362	1087	476	614	674	332	1043	511	253	1033	728	389	853	865	579	951	921	307	17
682	97	767	1027	125	415	860	584	376	35	1089	344	688	87	80	1046	301	626	438	1171	630	1082	246	670	1095	83	345	286	64	525	468	343	51	293	349	749	1091	1011	574	427	357	1105	716	419	60	648	88	978	934	195
595	1	120	591	633	1113	132	1163	840	1006	261	1044	696	555	483	634	1172	29	333	987	328	885	992	93	510	606	917	380	1154	124	475	513	962	421	441	1184	535	209	869	437	1175	888	177	430	79	731	838	1013	126	1068
56	531	43	725	620	744	724	299	613	1153	65	947	5	469	915	408	113	25	738	858	410	636	652	1047	616	932	1122	959	553	406	819	1079	550	549	75	229	629	1097	259	405	1026	72	237	244	570	607	121	74	776	164
943	245	445	202	1142	1161	740	780	30	720	59	130	234	150	58	914	742	737	1012	618	1042	772	823	918	181	786	941	916	877	281	448	1118	931	798	400	191	851	217	862	117	216	211	309	348	112	134	739	495	1055	1131
499	997	1094	924	925	961	264	1021	396	413	817	219	872	390	1128	386	99	526	1177	830	364	617	686	536	342	282	0	1022	394	422	272	1036	213	45	1141	478	62	1037	1181	876	350	263	304	84	114	756	669	999	637	734
522	1140	766	33	138	1053	729	23	631	403	850	662	159	1023	330	391	778	1062	891	504	671	454	461	1126	922	37	758	292	571	585	927	901	175	668	530	912	698	395	624	721	418	143	711	365	108	1130	325	589	787	137
494	897	845	266	655	71	398	983	847	722	974	285	1063	1173	826	265	556	1025	904	337	179	1052	1065	1051	356	63	539	942	969	957	658	477	708	210	488	621	231	966	855	821	519	372	755	1133	889	666	1104	884	894	747
1016	831	608	276	346	404	458	133	506	7	446	805	903	228	870	560	275	142	161	496	194	580	603	260	252	993	258	967	757	514	1029	1125	278	503	846	541	544	241	47	990	11	6	61	1054	920	24	508	1155	409	1120
40	116	298	562	883	977	1174	963	242	1004	81	707	320	98	86	363	702	1003	955	250	797	326	1015	205	572	546	837	1143	689	310	540	1102	267	1064	611	1035	660	148	230	460	203	528	50	684	791	287	360	158	516	657
1100	714	1166	370	910	399	960	590	774	273	543	1078	8	785	39	1157	163	212	1058	19	882	523	392	582	814	401	149	792	312	1165	131	736	2	996	879	186	581	781	810	753	820	1096	1158	500	893	793	995	1030	940	497
322	136	1061	1135	1146	425	1093	605	712	95	303	270	854	895	353	162	1060	474	1185	480	663	465	1090	347	92	923	318	107	944	1103	1119	467	447	1045	90	597	444	336	502	1092	886	557	1186	713	1149	28	66	340	547	1107
816	565	366	694	643	433	1005	232	436	1084	38	563	1014	807	493	680	73	482	813	619	44	986	34	1085	247	57	334	834	632	1117	378	1156	183	296	1160	428	189	908	533	867	677	667	706	256	594	822	905	308	827	681
750	1110	233	354	102	123	907	946	485	171	710	1083	1069	1057	559	1074	46	699	323	751	314	311	991	36	174	221	715	1001	803	600	573	491	277	561	762	936	782	484	155	933	898	153	1168	417	552	745	628	291	783	521
1009	384	622	498	1108	979	984	196	1002	67	777	700	254	703	551	569	200	842	180	732	911	190	938	545	442	596	294	718	982	271	653	1147	22	240	453	520	501	463	452	746	625	841	1152	1010	507	627	1075	759	839	359
249	12	140	687	321	151	639	989	1115	110	836	100	796	950	147	103	144	111	106	1123	208	204	676	769	319	313	300	382	105	381	274	726	192	464	1072	602	268	385	329	52	1164	1098	952	615	371	435	575	1178	1088	913
14	644	641	909	1041	135	868	971	1112	289	315	218	68	429	167	15	78	455	324	843	1048	779	373	818	91	257	593	723	154	640	238	642	741	638	470	811	576	361	635	118	89	27	748	306	646	828	388	1077	1150	187
223	251	1137	806	466	379	926	970	21	487	691	16	9	683	998	958	871	214	1159	623	481	1040	890	451	529	302	1049	812	225	10	919	397	316	866	387	887	598	1032	517	1066	534	178	1136	443	462	283	1167	548	1129	119
809	55	899	1106	815	673	930	799	763	423	808	122	82	169	226	773	94	434	604	948	146	431	269	115	20	859	128	295	733	1134	685	199	26	760	440	1081	1176	609	735	1180	717	224	512	182	975	248	592	1086	1162	857
654	672	693	1132	754	197	965	861	1076	1039	567	383	127	49	1114	1019	284	165	402	393	645	928	1187	852	985	490	789	568	156	339	375	583	833	32	649	1056	439	374	1038	18	243	1144	824	770	935	988	317	369	239	945
881	675	407	542	704	338	1182	70	848	768	802	104	956	31	152	206	874	1148	577	832	794	1071	701	1111	1101	414	160	906	599	139	980	976	863	518	743	527	554	492	665	790	939	752	801	412	1138	1121	829	184	1008	471
220	168	54	1028	505	255	352	1020	771	141	612	173	1000	1070	953	288	661	48	937	954	331	129	719	1067	804	96	679	524	297	586	157	695	981	426	1139	659	709	305	135	1171	1102	443	559	432	1055	279	463	551	487	126
531	288	449	957	99	575	1034	1182	50	213	608	750	94	833	917	168	278	1015	29	84	129	432	117	952	846	1006	506	636	1071	346	895	282	58	751	361	975	743	1171	840	1032	998	34	735	4	287	267	644	909	1112	330
63	207	533	196	394	7	831	823	558	463	705	311	56	585	135	1131	700	649	475	1104	477	570	669	678	1121	273	942	919	1051	1090	470	366	9	322	684	931	529	208	713	487	1093	390	461	51	520	185	740	897	156	491
542	518	832	710	842	652	1016	857	757	52	106	454	847	100	133	538	204	1132	560	960	36	760	78	1125	924	659	64	882	268	673	754	1024	755	383	118	616	654	413	1025	1000	254	145	263	1094	647	621	540	1068	928	1067
247	938	231	553	776	44	870	703	886	314	409	901	722	1107	864	415	653	725	704	1140	900	181	1029	686	358	12	364	48	874	66	172	702	767	412	1023	138	378	49	784	224	43	488	810	20	793	484	910	61	727	855
308	438	384	130	1082	505	190	761	452	416	883	563	422	940	828	1009	746	93	987	1108	444	729	1089	1039	197	747	367	706	691	829	601	813	91	677	430	692	939	974	1102	26	5	184	789	599	690	357	862	150	803	1169
238	1083	811	407	1092	180	670	778	502	959	1165	871	905	189	977	119	341	950	404	81	797	33	436	526	629	31	344	124	817	298	597	109	236	374	116	1027	297	1159	1135	662	381	152	709	1174	14	429	1155	112	1072	528
377	90	241	577	1012	689	151	697	587	339	827	726	730	541	836	758	908	2	514	161	866	1020	158	929	170	632	856	788	32	27	790	958	19	521	609	237	188	1098	342	973	242	1097	186	915	774	573	1162	221	272	501
1052	1099	363	873	834	1001	911	424	1046	1137	294	1181	1117	711	1105	1178	525	114	350	665	637	544	323	603	40	60	141	1043	1163	8	166	557	1096	860	753	567	191	35	15	592	16	679	98	1054	22	351	1173	824	969	1146
371	195	88	561	943	1045	978	310	736	972	1136	140	868	1026	270	926	1095	159	1091	1019	999	80	13	134	1048	82	295	923	362	473	625	464	791	1059	1154	769	889	734	511	1123	638	203	675	556	1115	402	183	798	537	74
955	108	884	467	626	896	146	930	163	500	565	674	921	164	1126	6	258	605	431	3	466	389	228	655	907	968	369	890	420	765	872	333	462	631	979	848	340	771	971	595	386	993	127	411	687	92	1116	741	300	1075
1139	613	994	547	516	1087	1058	149	698	497	317	920	328	1002	435	566	984	474	445	385	302	155	428	304	469	912	666	545	1184	588	1010	23	65	844	749	869	1166	1101	160	336	1081	97	513	893	209	1151	309	594	894	1177
515	356	291	280	110	918	634	1084	1148	549	922	701	786	252	696	612	372	906	614	1150	997	664	1014	559	536	875	283	688	1156	641	162	822	956	667	450	95	455	468	457	941	277	319	1144	656	248	1185	854	194	266	1120
154	453	293	772	1078	38	482	945	157	443	707	173	980	226	193	976	490	962	251	325	198	1063	937	779	1133	851	693	398	992	1018	239	439	576	731	1037	1109	816	21	724	131	472	395	562	498	30	233	1134	370	199	373
903	348	582	792	289	835	660	111	338	345	260	105	223	493	47	483	71	28	880	863	296	57	244	243	262	682	676	408	1055	1128	1138	264	1147	825	1060	668	812	1143	414	275	781	177	18	738	550	1080	235	153	1008	210
399	1056	1113	745	1111	214	885	269	10	720	37	777	633	716	55	914	622	782	59	534	852	368	382	126	640	1077	628	591	41	944	768	1017	205	128	479	290	1041	427	552	953	72	380	1040	723	465	799	1013	240	728	246
355	892	661	1160	234	619	902	961	1175	175	1124	178	946	320	983	539	663	67	306	69	580	471	714	1028	446	250	201	683	1033	286	658	54	995	68	933	139	569	441	125	96	307	1179	717	1035	970	349	376	763	85	887
143	715	546	353	391	347	574	121	271	966	1057	1073	523	610	284	1030	527	17	927	805	324	801	785	600	216	249	147	423	253	87	639	327	480	46	630	1103	123	102	947	794	904	1145	489	285	783	495	530	192	458	442
456	752	433	718	876	255	77	775	1172	762	1153	73	459	303	1118	590	935	478	671	0	787	1157	571	838	555	967	694	867	397	486	954	1142	165	807	144	218	202	815	217	830	393	1164	62	499	70	365	507	1070	410	635
1106	257	417	212	24	642	845	256	171	695	1119	877	1053	1088	1044	593	1042	103	568	1005	83	598	113	596	447	618	965	375	115	315	643	849	406	265	359	524	826	606	766	627	1186	331	583	996	1180	617	122	814	232	1076
401	949	1187	418	101	672	708	936	200	75	858	861	584	1183	821	770	532	316	645	615	245	334	76	437	485	1114	841	1110	492	602	982	1152	1064	519	136	780	1062	888	744	132	623	460	963	481	1031	400	795	891	850	916
1176	1086	120	229	176	512	42	1127	739	572	737	1036	318	292	45	581	651	648	1061	39	681	259	837	899	773	543	440	879	388	712	1168	503	448	215	806	1079	169	403	392	820	25	564	925	337	211	1049	604	425	1170	1074
732	1011	1004	451	881	1022	535	657	522	913	699	1065	312	620	517	174	261	476	764	759	1122	1069	611	11	396	1007	510	321	985	554	86	53	335	148	578	800	421	964	107	276	142	818	167	354	839	607	222	227	748	1050
853	274	299	1	1085	1129	1047	104	379	551	988	586	1149	326	808	187	804	650	343	1167	332	721	948	313	504	405	1021	220	1130	419	281	305	990	898	206	279	387	756	179	89	329	137	508	182	1141	219	859	579	981	685
733	360	809	494	796	230	79	589	1161	624	719	991	932	1100	802	646	426	865	1158	986	1038	951	1066	509	301	878	742	1003	548	843	989	496	819	934	434	352	225	680	996	591	610	985	1	431	17	500	287	317	1067	51
76	462	858	715	1096	434	584	671	794	925	1035	665	1061	898	957	1065	951	788	1053	229	511	143	673	91	587	557	267	568	59	772	232	300	578	544	1155	166	830	523	521	771	71	649	675	865	368	877	533	507	464	439
1132	475	904	916	873	63	18	679	354	530	941	47	692	389	795	1015	990	602	200	53	654	686	610	16	689	1011	78	160	719	586	258	920	562	695	745	493	1133	274	834	724	967	20	624	821	156	66	482	193	168	337
448	1100	793	576	534	862	391	901	765	450	1054	77	492	378	754	735	669	1143	766	539	1178	296	687	922	191	314	272	854	283	81	407	116	149	660	600	915	181	552	256	290	548	747	397	579	1144	1067	436	396	5	606
716	592	958	934	847	487	1124	190	1099	362	136	758	234	575	820	148	1126	1169	881	818	125	167	239	360	1161	375	740	61	720	422	1051	49	25	532	128	69	663	29	201	939	639	335	1036	44	104	147	909	88	1108	501
1106	140	998	273	1032	208	1175	1097	1045	984	861	899	246	743	40	454	489	495	444	955	1014	270	1101	329	211	815	1138	919	4	1009	415	1123	874	500	929	811	642	923	2	623	96	603	1125	159	1088	860	413	638	9	176
980	855	1134	979	1141	992	593	828	307	1064	1112	981	238	693	388	760	70	499	656	841	827	757	723	268	327	98	577	21	408	347	1091	942	1113	37	369	321	674	517	484	986	119	977	1160	819	628	825	655	1029	769	1157
169	377	838	632	933	1	535	520	173	418	1004	367	787	722	781	376	242	189	643	85	139	566	183	515	1047	1130	595	964	1102	1152	145	330	567	910	342	621	353	1098	545	604	681	224	237	260	442	496	607	438	1059	737
295	678	1048	421	426	882	789	696	1055	546	988	32	809	570	269	65	734	802	659	349	868	1162	756	601	86	985	896	322	235	640	866	233	123	118	437	357	613	622	262	178	529	572	1116	729	750	531	1140	968	617	380
151	1016	1183	770	952	278	42	468	1094	19	130	905	832	1105	171	1052	1166	799	728	341	60	51	1080	1149	373	174	196	880	583	710	1082	1142	244	490	22	1057	1181	599	194	1040	1127	960	481	945	1117	361	540	732	292	1071
202	620	893	705	971	458	618	155	120	265	807	285	518	1081	58	172	324	48	637	627	680	1069	814	84	286	878	275	524	392	702	1093	589	843	293	700	591	97	537	662	516	808	1151	355	1022	302	927	352	706	987	187
75	1085	1179	1163	343	319	455	212	563	798	741	712	1135	1070	744	466	370	1079	936	365	186	41	852	965	433	871	950	1010	1072	338	879	748	1120	721	494	937	953	427	588	573	1044	1119	653	227	323	471	1109	400	467	215
461	1150	351	409	74	7	1122	738	491	503	768	779	291	889	508	452	50	348	708	129	857	549	764	1030	431	199	1087	255	219	1060	1170	371	1154	940	443	243	92	479	983	334	261	713	451	982	1104	684	755	1103	823	364
767	685	150	416	559	619	1136	856	1033	488	1041	289	317	474	62	989	67	864	892	835	399	773	162	776	440	161	731	924	833	805	837	206	109	538	157	1003	303	972	453	844	749	1148	780	318	1026	264	1020	657	906	742
52	528	250	142	328	938	83	504	694	917	55	1159	1017	703	596	236	1076	829	411	106	11	381	46	935	730	39	522	105	900	885	526	404	556	970	144	428	103	612	778	605	331	711	228	425	204	525	470	718	276	114
1107	72	947	1115	759	1187	761	1031	56	1075	218	946	112	1062	146	976	551	95	1078	921	727	127	213	231	782	175	165	954	536	0	1165	480	195	38	646	913	214	897	79	664	310	1038	401	288	1028	1182	725	497	406	498
163	505	541	247	108	465	926	1092	569	320	598	299	888	625	677	35	297	43	993	280	472	672	1089	137	1001	64	446	121	949	884	8	1012	902	24	486	1111	386	1034	969	1121	774	463	974	1131	259	441	1018	412	203	1027
124	509	249	1008	661	542	133	785	432	182	15	1147	31	346	894	580	943	626	784	853	73	459	395	1171	394	36	1013	222	959	477	752	1173	1068	405	670	30	810	284	312	115	1039	1025	326	398	812	944	216	699	210	991
691	791	733	966	918	875	209	512	995	911	308	1146	527	33	385	1168	826	519	648	975	870	277	26	831	631	420	1006	158	332	188	775	429	707	485	851	597	630	94	356	908	800	257	110	558	550	1023	366	668	717	804
859	701	948	207	384	565	390	294	762	99	1114	652	886	345	962	419	907	845	311	641	1118	23	803	1164	997	100	614	1050	1002	34	636	824	57	1083	122	198	170	315	1056	616	230	869	456	961	753	1176	1110	225	849	6
1186	1043	736	1066	478	615	226	87	90	316	817	197	153	245	895	135	45	777	932	840	263	54	555	382	676	28	1139	1058	928	1077	113	783	132	683	152	543	138	102	184	131	333	1156	836	801	931	903	306	726	645	867
930	248	117	1145	111	667	647	850	502	358	704	1180	956	914	883	635	304	658	1024	336	571	154	912	1074	891	1005	271	350	666	978	1128	1153	963	179	13	435	457	581	973	629	806	1090	553	1137	325	698	473	1185	254	709
305	410	251	445	430	266	1167	887	739	192	547	506	513	590	12	813	177	363	514	185	790	594	393	688	281	82	1184	240	848	1049	374	205	1174	417	890	282	1042	217	1021	786	80	93	469	89	510	164	822	797	126	633
863	651	1046	582	1095	644	574	379	839	253	423	608	403	714	10	344	447	340	298	1007	1019	763	634	751	846	996	424	746	650	359	792	313	17	107	561	1073	697	1172	372	585	220	994	876	449	609	3	564	560	1000	1158
682	999	14	68	483	223	221	27	287	1063	842	1084	279	402	872	554	816	241	611	180	301	383	690	796	414	476	1129	1037	387	141	339	1177	1086	134	101	460	252	309	1038	1011	114	342	132	544	877	1180	260	302	756	603
580	364	456	455	210	549	304	162	56	1050	413	778	203	982	1117	597	753	813	891	79	965	1160	423	400	477	170	515	293	361	782	24	904	1102	278	719	918	781	360	748	445	511	854	649	472	596	140	638	670	785	555
643	17	583	425	1014	297	307	444	1186	408	374	46	1063	402	594	957	702	563	1047	208	86	12	833	610	579	346	167	710	174	626	383	901	816	842	351	1123	255	49	191	1168	404	290	994	798	756	1074	857	558	623	844
458	1083	565	449	540	181	808	292	72	751	5	827	998	27	628	479	615	295	484	997	334	741	931	651	21	832	406	633	996	206	285	1044	801	973	661	943	1136	838	807	366	941	861	893	91	76	485	722	328	645	867
1144	283	875	1162	815	476	87	790	474	64	602	930	412	61	968	516	1073	1057	917	1056	330	568	53	99	250	522	175	949	152	761	492	1038	789	308	617	421	365	525	322	1152	410	976	677	1016	1002	111	212	513	1080	327
676	758	794	305	1159	986	148	536	209	414	898	557	138	43	265	1039	185	288	418	301	434	416	73	253	907	422	804	531	394	13	876	1084	701	595	326	887	1156	1184	840	247	1165	1025	671	746	217	720	607	15	770	448
1006	825	432	1019	776	780	1042	178	238	82	1066	121	914	1088	96	7	344	169	70	350	62	977	491	385	562	688	646	459	950	851	552	44	124	582	93	726	675	672	964	55	991	141	396	560	1060	226	1092	706	575	627
1064	106	407	593	157	588	273	843	1003	158	899	128	1105	269	268	663	903	1115	717	153	387	926	553	945	561	831	164	803	354	510	1053	501	1020	430	289	923	578	176	103	194	222	200	1052	294	659	207	447	942	243	721
343	909	642	551	391	897	725	752	403	952	608	820	685	420	409	263	35	865	806	737	1129	237	1108	183	95	123	656	277	1146	11	372	230	67	791	454	630	739	669	102	902	1112	154	662	1035	187	1068	1177	542	411	546
373	1175	218	481	975	850	835	837	585	605	384	920	1163	133	1051	1153	514	339	764	775	118	995	526	1023	116	77	631	429	182	879	862	871	338	1132	826	249	878	446	204	264	625	537	829	159	978	19	704	944	855	819
427	1124	1049	624	922	100	426	600	168	570	389	487	241	362	1054	576	786	494	853	873	636	392	229	846	938	1018	1172	715	1005	788	507	1169	910	462	1095	500	318	771	127	689	1075	529	564	760	282	673	609	499	728	324
809	967	948	699	480	911	300	415	306	814	10	1148	195	503	312	947	225	90	1128	14	69	314	743	735	523	639	730	1118	939	1149	989	740	527	650	755	1099	598	270	852	1076	700	707	667	232	192	1137	296	1142	315	886
603	436	983	109	611	1104	2	466	84	378	632	1154	94	654	1059	992	331	1021	257	586	1094	1086	6	528	768	933	963	993	97	1078	215	165	356	1070	839	1071	23	988	302	1011	716	470	736	1107	1093	687	236	228	1151	535
810	1114	1096	769	310	894	254	242	9	1140	1081	811	1122	33	216	969	419	777	759	724	377	122	358	1185	179	98	812	762	613	85	261	584	252	734	155	767	299	3	795	240	749	352	319	1179	47	1045	156	401	905	348
620	970	171	547	567	984	616	83	774	1166	666	325	398	1077	1009	369	787	658	332	45	637	1004	1110	467	57	869	107	518	51	163	496	219	581	784	657	900	375	908	363	621	29	256	244	28	464	772	145	180	953	439
37	883	1103	1010	1111	1043	452	924	847	1061	25	245	1027	26	925	980	890	359	451	395	1079	713	142	618	497	929	936	371	863	731	81	1173	453	1187	368	16	54	606	648	913	962	1143	723	665	388	381	712	668	874	303
589	1062	792	974	490	1155	1030	932	1091	635	1116	126	274	189	733	483	1183	698	337	39	92	1171	799	443	1037	915	214	830	104	221	311	309	836	682	1161	574	750	504	66	619	1174	298	279	1135	89	919	928	1121	1158	386
1065	196	0	880	694	972	1067	634	74	286	653	818	655	796	848	1134	1069	773	173	802	1046	260	766	262	681	508	335	1013	1131	793	571	757	1097	475	955	355	134	521	38	629	341	987	488	132	489	592	937	884	4	856
353	590	495	146	271	68	198	538	120	281	22	569	541	652	892	1029	144	1028	718	765	63	486	463	284	333	188	482	1126	177	906	1	276	197	599	1015	664	1026	979	110	440	1087	823	1100	1031	821	601	1012	548	1182	896
711	101	457	40	1145	441	258	1082	958	48	686	742	468	956	399	160	465	679	131	783	660	754	233	940	1022	532	442	75	287	320	280	135	32	870	644	201	1033	779	691	393	370	1024	36	1034	248	438	190	1164	1072	714
960	530	1167	1125	80	640	460	805	849	860	431	572	859	246	1147	224	1170	150	545	239	34	885	800	1000	272	505	251	888	161	502	692	921	329	834	202	313	999	747	951	1106	223	935	985	340	1141	868	866	556	683	450
745	509	473	678	205	520	139	267	382	1181	143	1127	1017	8	336	151	231	357	591	539	1119	129	108	959	543	41	136	113	220	744	1058	471	65	119	981	435	1007	1001	234	512	858	184	1089	1113	1032	738	291	544	147	729
517	872	954	1055	641	1130	1085	946	323	824	845	461	622	105	934	345	1133	1101	895	31	130	841	927	971	680	166	1090	559	18	506	115	1180	88	604	213	211	380	59	1138	397	690	797	524	693	577	275	321	709	519	227
1008	674	266	1109	705	469	696	405	1120	566	367	822	695	498	71	881	882	1036	1157	20	390	708	342	172	534	1040	533	864	961	114	1178	235	614	259	193	1176	647	554	684	493	697	424	1098	349	379	727	437	347	42	433
417	316	125	916	199	1048	137	828	763	966	612	186	1150	60	478	1139	52	58	550	428	587	30	112	117	573	376	1041	912	50	149	78	317	703	732	817	877	889	990	104	824	175	492	269	117	444	631	952	1184	525	469
787	372	44	953	502	524	843	9	228	1034	73	507	578	494	145	1101	1173	866	212	1118	749	337	154	84	1047	254	556	1036	1136	489	340	492	501	348	832	353	917	637	262	665	909	967	240	831	1026	1121	1161	867	48	798
940	972	195	618	928	980	1180	851	774	1077	673	189	139	1148	688	771	360	746	849	204	119	1135	871	142	690	479	120	351	837	285	531	1069	903	776	140	454	918	1107	457	1044	839	1175	699	755	70	1055	1141	171	923	368
422	756	442	305	43	930	226	748	526	1076	355	11	187	149	374	709	829	762	825	399	885	528	172	686	263	46	660	1131	1053	592	326	595	1080	730	19	54	724	946	626	87	1051	919	444	647	588	1113	805	827	85	1068
365	117	939	483	800	648	1127	712	512	217	868	807	721	1116	943	364	633	182	992	1090	1091	838	901	231	912	49	861	585	852	103	1155	1162	521	36	1028	842	1174	864	222	1110	446	759	879	833	317	965	99	743	639	554
570	147	458	729	56	869	278	256	6	836	710	820	536	544	53	890	567	287	416	685	1019	232	311	704	303	1128	962	376	166	722	705	873	308	1096	806	334	1122	304	606	926	793	158	1063	563	14	473	350	791	1074	668
354	731	516	1124	40	27	249	1169	20	638	418	102	1177	80	1035	603	878	206	961	236	895	591	1114	367	1125	113	506	498	174	995	1065	1049	96	125	540	112	877	880	958	736	1033	235	338	615	1	1037	306	1106	180	1015
1052	323	768	947	976	539	855	219	370	452	828	1016	631	1031	169	28	1010	757	393	583	683	375	519	301	37	572	944	1054	646	999	971	580	1153	242	175	1185	300	18	955	373	988	415	571	1183	822	1134	157	130	443	651
477	33	996	450	72	81	1009	23	979	565	241	742	191	782	1018	455	260	658	17	122	569	777	391	605	392	173	1014	546	883	123	398	1024	432	601	884	76	482	42	150	327	493	94	1156	201	1146	672	678	1140	453	35
371	661	830	1112	964	459	29	1020	224	711	654	1075	146	30	982	577	510	924	71	237	61	409	342	703	596	394	414	560	1056	151	265	862	411	339	844	1102	275	1099	104	674	395	789	985	1182	922	1170	86	400	297	792
95	1142	725	997	624	153	91	186	933	550	207	332	280	164	396	715	283	998	1100	1087	253	1088	179	966	16	542	496	653	986	276	655	133	209	349	208	813	541	469	520	267	594	286	775	464	341	1171	1071	956	752	407
8	1164	67	904	1168	1048	425	656	783	1086	680	74	915	1067	1083	1012	1089	230	780	302	936	7	845	1139	1186	1017	468	402	664	509	1002	121	325	682	1059	503	532	769	192	1172	649	385	548	1147	733	273	1151	1038	491	32
387	193	949	79	1041	597	701	238	220	713	57	1123	289	784	645	564	1176	438	973	738	927	357	993	896	888	677	63	573	437	856	495	83	1129	196	534	931	390	617	470	1138	1163	88	801	969	127	229	1007	1149	39	463
397	874	576	579	737	1130	205	58	908	1079	504	124	622	316	753	616	1160	47	1045	751	406	744	467	1184	826	797	486	941	562	613	739	356	968	255	34	462	803	369	815	1181	1137	381	714	693	1145	778	108	983	1008	111
823	1092	767	905	328	264	488	602	561	810	116	3	581	876	1046	676	290	1000	259	211	773	1011	478	310	1057	126	834	97	315	628	472	476	863	319	1030	708	233	75	1179	1032	934	481	22	66	296	188	203	632	474	448
292	963	440	723	670	345	284	808	50	758	245	614	257	975	796	279	156	412	439	530	25	137	1154	906	250	1117	893	954	421	359	794	379	12	598	21	428	881	621	331	10	527	65	925	523	819	518	695	750	675	505
321	545	765	899	529	1005	324	52	848	734	989	499	786	1042	291	114	247	221	535	170	218	537	745	41	427	434	1093	916	309	700	62	77	288	420	202	1152	270	726	322	974	543	194	131	167	466	513	835	522	313	1103
484	706	684	1081	920	788	490	45	623	547	4	177	106	718	413	1115	817	429	181	740	318	1167	809	945	732	1126	252	346	475	152	1111	952	423	363	667	643	55	299	702	269	812	857	1095	243	707	1004	716	991	1043	553
366	110	650	671	559	589	627	435	107	854	781	68	875	330	162	932	161	735	727	410	566	214	200	465	698	92	970	132	31	634	629	642	816	811	887	761	461	403	408	277	764	225	178	159	307	78	1120	898	960	1078
657	0	26	401	138	514	551	24	239	1070	1104	451	430	950	378	183	244	508	417	105	929	197	268	1029	380	261	314	691	790	101	210	272	82	388	109	921	994	663	163	1158	1187	697	426	1025	741	610	382	1108	176	336
747	804	5	447	333	282	1085	1159	59	681	384	860	485	487	1062	134	608	795	847	89	424	136	692	343	586	227	907	13	480	619	361	497	555	198	460	515	984	320	937	352	60	1064	872	779	1001	135	957	38	118	115
1021	160	1150	824	575	1119	1040	143	669	294	128	213	347	1039	913	525	889	471	148	281	15	679	1022	886	687	386	558	445	1144	335	814	772	552	1060	1132	766	51	728	959	799	419	853	894	604	1109	295	659	582	329	100
144	168	1013	902	1073	184	1098	449	199	942	246	870	763	93	587	696	841	785	1082	802	266	389	1084	1097	190	1023	720	938	662	625	511	98	900	549	584	882	760	533	948	821	216	274	978	1178	141	1094	293	251	1027	590
754	897	951	1061	1157	935	377	358	404	456	1003	818	436	611	165	1143	1133	717	538	1072	1105	609	770	312	1165	248	977	607	517	630	636	64	405	910	69	344	215	689	641	891	719	644	258	155	185	1166	600	1066	652	568
666	298	1050	981	914	990	892	640	557	441	129	635	911	362	620	574	223	383	840	1058	90	846	850	433	234	1006	593	858	694	271	599	2	500	865	431	859	987	612	385	134	312	445	429	925	686	893	479	362	288	1179
386	653	320	796	414	1043	471	422	107	981	705	615	512	875	149	601	337	185	1035	771	742	484	448	576	589	546	772	173	21	303	767	456	14	138	757	693	836	808	237	488	1185	791	1064	157	734	255	123	596	551	1121
152	26	912	145	54	1123	401	279	736	518	345	975	843	68	122	370	80	93	1112	240	716	331	181	738	552	1132	1044	316	1050	30	639	305	677	681	411	1071	118	659	886	971	42	1063	346	153	1077	669	1171	1078	1156	997
1082	78	923	290	1093	1148	954	493	358	958	745	500	955	709	762	1170	794	751	39	1058	779	789	70	81	1108	231	451	907	259	180	131	675	973	253	749	839	516	262	1003	23	807	1049	340	939	925	957	396	1142	803	242
577	726	641	243	492	828	918	611	895	564	696	628	917	427	824	353	978	182	626	821	878	275	1127	724	1068	77	498	293	781	428	995	1117	413	223	1115	945	591	410	845	300	1178	317	725	2	1084	407	150	581	585	964
215	324	683	802	595	201	489	499	1099	1002	16	664	341	1166	815	356	1180	108	583	179	90	1162	793	390	46	260	318	905	544	379	660	961	937	1145	910	97	391	1164	270	400	754	982	930	208	983	199	1061	490	315	32
835	388	1080	399	987	1033	951	940	682	62	369	787	1130	830	679	509	872	523	553	759	377	805	810	667	889	481	166	680	1187	600	225	586	988	769	1046	4	519	439	643	1069	755	834	226	880	1048	642	365	75	409	229
578	972	986	144	261	110	558	238	495	327	536	766	1098	1015	598	877	809	873	121	363	248	50	898	1177	506	672	567	833	837	594	890	1140	111	573	1012	135	529	1017	521	715	445	608	604	887	53	1152	291	943	203	1039
648	98	504	383	478	1018	701	840	867	610	713	159	274	593	137	477	5	247	286	966	51	132	761	797	452	919	227	190	161	801	71	209	992	782	116	374	61	929	838	502	384	295	288	33	980	395	976	482	344	357
996	584	63	424	727	658	778	869	1088	328	52	926	750	717	735	155	1113	468	1167	487	514	785	1155	435	213	885	29	1095	1010	935	1173	635	378	819	241	1122	555	31	58	368	1057	901	784	267	630	857	483	1158	402	176
460	423	1094	952	154	1070	381	160	979	364	1182	799	416	1066	420	665	348	20	528	822	361	568	732	1047	965	272	855	613	548	927	100	57	526	178	947	197	676	219	417	733	748	134	603	700	297	858	825	1138	654	48
163	36	932	1087	645	1008	545	251	334	684	864	820	447	549	9	372	656	1091	921	1032	497	141	511	69	1045	40	1037	798	91	246	931	1128	1075	462	534	126	863	969	67	1181	695	850	874	871	207	739	783	283	22	990
202	188	211	140	120	592	10	1059	1020	508	367	7	224	147	602	984	852	454	651	1029	113	127	387	535	1153	1083	692	846	1151	1056	115	811	1053	359	119	706	234	1118	609	284	397	175	1054	1106	712	774	991	1184	394	1004
463	268	829	632	109	539	151	899	198	252	82	906	102	740	342	335	537	941	704	944	136	385	893	673	105	501	206	841	476	128	647	313	350	768	894	496	442	278	559	1019	1073	1105	520	1146	312	849	449	479	1103	269
524	719	148	298	8	6	64	640	812	106	587	689	282	37	470	737	646	133	517	366	575	349	1074	210	83	780	1014	459	276	169	644	431	1026	373	631	618	389	196	66	339	597	909	440	619	393	1034	853	1134	708	249
786	475	129	956	146	347	86	233	1125	538	12	620	718	741	1086	76	1000	112	45	792	622	426	922	453	326	392	1129	691	257	756	236	1065	164	193	688	1060	430	380	325	728	434	623	881	1013	214	455	882	1031	953	883
139	950	777	541	914	814	634	566	218	649	245	527	959	1024	457	114	1179	670	891	729	333	720	287	306	876	888	550	1006	27	723	250	764	25	636	1089	47	195	1126	319	217	570	458	765	436	1042	465	1081	85	220	851
1159	204	698	621	582	1133	522	1092	817	934	1168	1109	189	1038	525	256	967	1139	1176	731	232	1116	862	657	205	362	1007	896	916	590	375	1174	633	192	84	321	866	1104	1022	329	998	605	1090	1183	15	1172	177	915	1016	606
666	432	405	560	960	884	556	263	1141	747	13	41	804	714	73	156	19	474	721	330	172	124	258	629	95	311	1175	49	753	310	571	425	505	450	690	507	702	1163	415	44	1076	924	911	264	823	433	920	832	162	309
480	1149	244	443	627	949	322	962	844	897	403	1110	928	746	285	94	183	125	788	614	806	382	1027	1036	870	892	56	280	616	770	299	338	212	446	3	1005	59	847	1009	171	687	515	580	773	865	827	946	562	818	302
662	88	304	117	103	421	999	974	271	861	43	130	625	543	351	579	1111	165	607	760	187	191	60	722	376	336	92	408	72	1137	685	860	854	352	908	18	744	563	1143	281	170	900	599	547	913	360	638	186	301	1144
1097	485	503	879	565	404	473	1067	795	273	355	34	1160	612	1107	11	826	158	235	265	65	671	308	464	230	569	1023	354	1072	775	28	561	55	429	674	24	513	650	686	542	572	314	1001	902	1101	1150	776	540	104	637
289	294	1085	216	694	1021	697	466	1040	652	904	307	963	87	1102	1	707	752	292	710	813	800	438	1147	143	942	96	936	763	985	1025	868	790	222	970	574	1119	228	1079	167	977	993	1135	989	678	444	461	332	588	437
703	848	398	266	323	1169	533	467	469	254	1041	412	933	532	699	663	1100	35	99	1136	1131	1124	38	296	859	0	1028	903	668	1051	557	1114	994	968	142	711	1011	101	842	79	1161	816	441	617	168	239	624	661	1055	472
743	1030	343	491	1154	1165	1120	831	510	1157	948	406	486	184	938	194	89	730	17	277	1052	1062	1096	554	530	1186	221	758	200	174	419	655	856	418	371	531	494	74	254	369	586	73	485	853	1087	420	1029	520	785	238
775	901	148	558	79	492	508	896	206	1173	102	610	465	798	662	1001	999	544	892	344	509	237	63	524	676	528	612	1073	66	575	1037	208	977	854	342	439	625	399	375	708	2	948	9	343	65	24	865	318	402	1055
572	820	97	275	853	780	577	856	649	1145	1136	790	153	67	585	458	755	586	111	466	1040	523	20	550	821	723	129	485	543	1019	857	135	500	1016	495	315	947	33	502	183	359	982	93	743	618	131	801	81	784	679
661	290	1039	569	317	450	635	974	491	772	244	619	714	34	1102	77	664	365	316	806	1033	277	157	1069	690	1107	972	128	32	393	1009	1091	963	484	142	73	205	43	717	627	557	953	700	120	713	556	441	842	724	851
479	728	745	726	844	1089	879	1015	792	366	760	695	655	1121	1142	992	443	71	663	805	1090	1013	1181	1135	884	709	567	1048	311	682	803	1134	1034	184	337	715	1007	25	55	159	629	201	386	1120	199	436	1095	460	64	114
571	680	144	1093	564	645	1042	338	1017	59	886	456	480	223	446	166	271	928	278	1014	1157	591	961	1038	433	181	802	1032	621	1045	251	287	843	1166	719	1066	937	1082	351	322	512	836	372	826	54	110	88	426	910	969
874	640	812	1018	274	100	951	1111	125	323	437	1005	231	841	272	615	699	628	1071	890	782	107	762	219	243	757	31	809	1185	692	521	1000	96	498	727	428	962	163	333	1074	462	859	1031	212	447	942	143	294	216	848
990	68	419	888	1123	15	1084	1021	1085	549	150	220	282	667	702	810	940	461	878	235	925	246	469	445	238	1025	1035	872	451	286	750	283	186	905	453	448	862	787	675	413	904	668	424	377	793	363	991	1086	744	911
325	376	229	979	109	209	740	475	16	1148	291	320	398	722	1056	665	811	400	526	236	1127	189	729	156	256	672	12	1024	754	70	1183	1109	1062	197	930	35	305	174	850	721	644	117	600	912	1041	597	691	1143	335	1125
712	658	604	656	554	239	478	133	127	1187	1070	394	987	178	217	701	499	494	538	687	808	957	529	774	927	409	696	1175	996	736	1028	976	1046	766	417	880	434	167	1146	1184	1182	831	288	616	542	310	23	551	176	588
639	1147	250	1126	139	1059	546	768	1167	994	565	503	764	1186	331	1029	748	221	669	1155	593	1116	470	165	1058	553	871	80	949	1100	429	185	652	1068	17	116	786	145	613	395	382	971	149	215	532	1006	646	1140	1080	545
689	37	596	965	885	1098	361	813	758	590	560	993	606	541	392	474	106	228	330	840	260	198	379	779	641	36	328	29	914	852	795	1022	180	196	869	1010	861	783	362	360	21	158	589	522	578	86	607	579	916	685
504	855	525	177	548	1	599	1049	357	207	657	592	958	341	3	225	227	332	257	980	352	849	771	1137	725	1152	870	1044	923	730	747	989	486	950	141	1103	383	252	943	777	698	632	1047	14	1124	51	387	638	1036	673
785	397	190	983	998	932	121	105	130	46	50	214	89	173	666	829	1159	45	799	364	431	946	527	1114	340	967	919	559	1050	292	1003	118	218	1011	883	91	490	161	1096	258	1092	269	254	380	773	476	481	952	41	195
204	404	985	92	749	1122	898	637	152	827	459	369	778	1052	1101	936	62	515	582	954	339	347	1081	367	608	468	1154	929	516	440	345	507	211	510	752	253	405	697	566	103	648	52	530	678	22	230	263	868	623	941
511	534	113	313	293	594	1115	321	794	302	327	1168	602	1131	477	75	160	903	1083	0	626	595	1099	1030	705	1067	598	897	497	297	48	704	324	224	213	966	1158	686	654	746	401	49	242	536	1076	894	909	411	346	10
738	683	410	26	1106	182	611	918	519	906	259	984	4	247	935	276	418	233	455	415	741	642	609	169	1075	137	824	955	796	123	56	718	931	830	319	501	378	1061	633	83	781	296	1026	1179	329	517	452	1163	295	761
933	920	815	298	975	471	192	822	562	1133	1128	273	38	482	555	867	61	636	823	170	788	763	268	1172	430	1104	970	308	873	791	234	353	416	281	7	959	488	835	847	245	671	172	1108	306	913	384	917	300	194	864
800	391	1060	907	1151	858	688	126	915	973	463	845	255	19	1117	84	900	389	279	622	814	1180	681	506	1054	72	561	179	381	18	659	58	1138	385	1008	132	373	584	1118	403	1174	193	326	580	978	921	539	1012	924	464
605	454	533	576	716	119	563	581	767	147	427	1178	986	751	520	354	226	1064	435	1043	817	997	350	770	371	624	1160	737	1051	759	40	1110	303	349	899	816	630	1027	13	241	396	155	1169	944	140	720	414	968	423	650
839	1129	995	819	837	1113	1065	710	807	420	188	115	735	312	531	82	893	693	138	902	406	438	90	707	87	356	964	124	617	374	390	355	496	489	945	828	981	677	653	69	432	301	85	222	1087	309	769	314	956	1165
733	537	285	348	467	1141	1023	154	8	765	444	162	756	734	651	694	1153	168	1132	39	877	742	1094	1097	568	753	1072	1171	789	601	614	368	473	493	457	421	232	187	122	889	939	472	684	926	776	60	44	1150	47	1164
863	30	838	732	265	739	304	104	57	547	988	1078	505	540	248	289	583	513	1088	1162	1112	631	270	875	535	112	574	27	670	388	98	1176	1144	518	881	960	711	422	6	284	934	1130	552	358	834	203	882	76	151	191
146	407	42	264	240	876	797	5	938	1156	442	99	210	922	1139	1170	587	408	175	53	108	818	1063	483	1020	514	1177	200	804	261	1079	249	1077	11	299	262	94	1105	78	334	660	706	171	866	1057	860	487	833	1004	846
1002	267	832	634	74	370	101	412	28	307	164	1149	202	674	603	95	280	643	136	425	1053	620	1119	266	825	449	731	891	573	570	1161	134	895	647	336	887	703	908	688	270	616	226	1130	732	1151	622	61	189	724	566
694	477	1105	438	1089	199	646	1130	966	1181	306	1008	590	597	1147	1068	841	746	407	945	872	1012	817	479	940	159	924	347	310	1043	197	1138	1161	7	533	834	995	538	312	602	961	1022	592	779	48	933	170	433	243	155
1156	206	775	107	443	297	614	885	701	976	1123	555	172	1025	513	92	416	1090	1014	1017	463	524	734	302	963	1086	822	390	50	35	508	672	993	270	1001	147	130	777	1160	263	1163	580	1051	715	1091	576	1149	34	412	630
52	914	710	806	550	628	951	207	144	1013	948	220	552	1104	880	748	481	735	465	1182	540	1076	875	967	41	855	101	697	214	458	760	618	393	864	944	1099	870	66	511	1143	1094	629	639	476	638	1136	884	97	1110	815
369	1171	985	281	23	833	380	389	856	296	1166	251	122	1112	776	363	24	509	413	352	811	353	324	364	245	781	232	80	2	469	473	558	835	410	1061	128	956	319	1184	616	648	224	617	719	340	432	460	1148	905	635
1037	1152	1096	611	230	317	723	818	979	299	74	1129	485	427	71	625	375	683	685	16	799	907	521	26	557	293	194	1177	921	731	1125	22	184	894	491	11	774	1101	334	1134	223	901	717	972	275	136	175	658	925	146
213	65	542	394	415	210	565	419	428	294	140	406	581	205	411	277	504	316	729	844	959	761	45	151	304	501	1002	904	284	246	711	141	938	44	1179	311	883	1159	528	1021	619	700	372	345	1004	562	591	420	120	1102
1030	964	143	1127	391	454	383	330	1103	1027	567	997	377	338	994	942	886	854	1055	283	698	20	1033	82	1028	651	357	554	897	49	401	77	110	675	996	730	1073	502	932	229	358	720	131	402	359	839	350	1078	771	873
998	57	269	869	351	950	339	12	1098	659	1178	1011	1034	934	326	649	893	703	488	794	191	762	1146	560	354	1015	505	166	874	489	1050	216	788	242	795	288	1169	307	409	593	527	721	466	295	253	952	991	260	909	86
121	1079	970	913	239	702	1000	890	494	696	38	76	109	574	193	258	150	954	408	69	360	572	898	596	1062	59	987	1139	329	876	588	161	636	145	713	1151	663	887	490	94	1131	119	441	84	426	459	688	133	252	982
804	497	40	958	587	368	404	5	202	1172	467	946	178	291	612	156	238	1019	417	678	1120	768	831	55	849	801	978	797	1044	767	236	724	699	518	174	626	42	414	670	520	652	522	462	219	881	264	977	848	680	37
47	1187	1048	248	530	58	543	647	99	1117	535	585	682	325	1007	838	165	331	29	93	862	669	176	633	595	1070	30	273	1023	594	445	1059	274	442	930	662	1085	986	796	303	829	370	61	939	784	798	85	1081	127	1016
928	396	105	1024	73	139	397	664	578	974	456	301	525	1036	1065	1058	8	681	1075	769	810	686	754	568	969	968	1006	1113	1142	919	826	384	68	608	860	487	1093	235	28	918	830	25	912	988	832	755	56	1046	772	846
927	266	381	536	169	1158	879	827	233	791	547	451	457	321	108	695	770	632	812	957	177	857	78	13	861	332	1087	1039	103	308	179	917	116	847	947	691	314	1072	852	1106	728	356	388	741	757	789	787	335	878	802
785	1026	1176	1066	544	637	376	453	859	373	268	1047	892	289	240	118	679	666	871	1141	742	1109	983	668	573	17	1088	1162	1082	470	154	315	623	641	79	661	534	496	471	740	816	455	523	425	1042	192	532	738	684	571
613	916	478	480	279	803	362	725	309	365	387	515	163	221	609	424	690	622	823	346	318	561	228	148	405	655	117	546	865	300	553	747	1056	15	922	63	820	744	563	1032	43	87	1155	349	21	1009	282	1074	320	142
286	564	601	9	906	1031	18	973	261	1180	689	36	102	385	654	676	1168	486	106	677	355	643	1115	1108	650	313	627	539	1173	1118	196	70	866	186	1157	814	180	899	984	132	208	1069	749	712	222	447	953	499	1060	190
975	529	1067	891	753	1057	615	931	548	33	606	577	1107	673	265	449	482	134	256	1010	6	900	371	828	395	923	1053	598	201	903	1153	657	965	579	386	786	400	83	399	858	727	836	285	138	584	845	367	1095	605	439
526	1003	531	1097	100	971	1137	182	640	342	204	162	745	1035	516	255	895	437	992	759	39	549	203	807	1116	1164	990	1165	503	586	752	126	656	125	850	423	1183	589	272	1186	517	537	226	227	750	837	435	474	200	739
298	936	374	10	915	67	693	1	1128	692	382	1150	566	403	89	935	111	158	763	908	671	292	198	14	104	765	1121	305	1132	434	778	559	422	217	336	960	440	764	171	81	726	225	743	840	259	209	790	642	610	1045
464	1124	707	343	123	842	189	91	181	819	732	237	231	27	868	1135	937	1140	920	475	1185	53	825	323	551	448	1126	257	498	115	667	215	1145	575	714	949	418	708	1084	867	32	112	545	821	327	135	1020	888	90	634
244	212	195	46	98	853	149	137	398	773	653	1092	943	570	1040	461	249	751	218	805	929	113	452	902	644	1114	541	851	468	1154	736	962	187	1144	620	160	1122	877	808	60	450	1041	645	211	981	234	583	704	1133	599
1064	114	722	188	241	1167	980	247	88	705	129	1080	582	1018	436	0	96	1054	793	941	333	955	813	153	75	337	1052	472	506	896	889	62	280	157	164	19	430	484	569	1029	706	824	254	168	800	603	1174	780	95	278
328	674	1083	361	621	1119	709	660	493	1175	4	510	809	64	250	863	500	152	926	1063	1038	1111	173	271	431	322	910	495	783	507	631	999	792	514	766	348	54	665	421	624	276	366	444	600	782	556	3	1005	756	882
124	492	512	687	604	446	167	758	392	1077	1049	607	911	72	267	51	1100	344	183	989	287	1170	378	483	185	1071	341	429	379	716	737	519	733	718	843	262	31	290	1139	642	927	973	977	146	1045	1003	582	1125	851	337
975	85	790	356	1161	382	40	257	292	271	66	294	1152	86	840	454	441	933	816	751	394	1035	813	183	1070	969	420	1047	787	264	360	853	545	1113	1018	532	239	903	548	41	153	157	279	612	814	506	650	248	308	50
663	794	684	1080	692	806	388	1061	97	176	1160	972	1186	799	232	322	768	1	828	362	513	412	136	766	907	960	90	74	756	1095	946	286	228	495	229	833	473	508	859	837	447	333	88	1108	575	477	895	1077	249	710
121	1102	182	142	217	702	407	1006	319	114	910	897	368	611	1107	1098	902	805	256	565	61	855	328	24	666	1072	821	240	398	0	629	834	145	227	96	791	414	100	638	1116	898	10	574	381	99	1020	982	998	968	207
3	425	278	1031	1128	467	1055	151	501	852	1042	949	854	433	268	302	964	1066	645	225	443	951	167	326	343	254	894	49	137	1110	986	189	844	815	448	426	736	193	927	845	42	634	320	135	511	494	669	366	219	469
77	991	1093	704	803	351	1088	594	336	1005	330	762	535	496	1015	212	576	934	967	662	758	195	236	372	1019	499	502	270	1063	396	460	34	78	714	325	954	1148	208	89	912	72	35	722	838	885	646	728	475	695	231
289	731	1163	914	909	20	417	1121	138	680	405	79	517	1054	552	597	287	952	827	18	580	767	378	148	201	335	1187	1085	429	847	434	1154	966	220	365	73	131	269	110	655	1057	26	1156	825	534	246	206	1025	539	1162
1147	27	303	1138	818	255	1082	696	1071	163	823	1173	911	677	1064	265	1137	243	727	1123	892	1002	361	1036	321	262	1060	543	904	857	209	864	558	1130	186	524	401	173	1033	685	935	347	1086	1041	493	1021	547	668	719	177
69	1062	1097	866	274	1026	1115	80	462	591	1176	529	8	925	571	276	170	913	670	339	924	1183	28	1046	644	1099	418	505	1024	1146	775	1171	154	887	1008	371	526	415	284	500	313	921	179	617	640	342	65	263	1141	856
618	143	498	759	899	947	665	432	316	641	872	1089	62	959	708	1153	901	329	288	1111	91	1068	293	421	1145	713	801	400	297	888	989	598	1124	235	1069	929	997	586	808	150	726	826	773	602	377	346	247	474	994	1052
616	870	743	800	958	587	112	999	802	610	259	858	822	863	102	776	729	953	652	737	589	411	152	423	551	965	155	332	1185	241	521	631	1016	174	210	1075	584	745	258	613	592	260	1079	1139	1051	804	188	636	944	251
1058	883	272	568	948	253	906	700	30	1105	385	92	793	1180	458	971	980	642	370	509	194	125	161	658	962	570	796	446	987	721	712	550	93	797	890	187	296	1136	556	340	281	945	1172	489	130	664	507	116	223	373
846	1135	851	1032	449	463	740	604	408	140	961	1157	1142	386	750	1083	1084	915	717	334	979	59	868	807	873	393	724	1112	1126	337	324	860	17	106	379	765	122	657	1017	789	369	753	824	754	11	1106	451	124	748	21
171	928	156	701	516	771	683	769	746	881	510	850	168	688	158	101	427	14	531	327	632	1067	843	694	33	486	697	164	439	1129	1151	891	184	848	937	47	567	230	25	1073	348	139	419	12	922	1131	811	974	648	1091
681	387	1127	1179	280	1101	13	468	778	970	747	68	654	577	599	841	376	1001	455	1027	203	399	6	549	733	118	869	1114	450	1094	734	533	647	221	1149	413	123	686	141	530	862	835	166	315	572	1182	440	198	43	16
397	601	390	147	605	103	555	237	519	1117	738	588	267	476	709	224	353	1044	1076	1065	917	364	977	877	428	76	410	190	988	950	573	234	628	839	984	1014	181	285	266	620	1122	739	341	466	437	67	983	619	889	1119
608	1034	218	564	4	1092	345	579	444	992	126	874	233	978	1159	1007	309	661	169	672	53	557	676	955	1120	918	559	1133	111	375	940	307	607	774	943	674	159	344	127	780	55	192	82	916	942	357	363	678	1132	416
990	783	1030	763	144	120	275	785	160	395	197	300	1028	1037	981	38	71	538	295	723	537	1143	36	781	693	216	1144	314	792	566	643	795	832	471	490	691	786	711	389	896	541	45	354	200	603	70	317	109	581	1166
312	583	560	323	1000	310	514	923	491	749	690	518	653	464	226	985	809	422	798	623	185	1078	1074	95	976	1181	146	1048	544	9	480	882	936	659	1096	755	175	107	682	252	15	1158	1010	359	784	54	1168	291	277	973
453	196	779	39	1013	94	1109	172	1177	1125	956	215	788	590	311	349	931	178	939	350	528	861	742	614	639	625	2	29	1104	761	51	689	46	908	503	119	1039	523	273	744	716	563	900	304	1178	472	919	1043	703	481
525	884	1165	626	452	7	741	757	527	431	886	180	482	1004	706	383	436	213	5	622	1012	283	113	679	836	305	129	478	770	595	81	878	1056	456	1040	879	214	876	730	244	995	461	705	290	582	105	585	162	60	1155
764	831	630	83	483	880	624	546	84	367	660	487	562	1003	820	615	1150	671	554	134	299	920	488	542	817	459	553	22	442	735	149	893	331	355	1029	963	98	699	810	445	1050	606	865	675	777	117	222	306	656	374
830	635	698	403	1175	64	165	673	512	957	19	1164	1053	1087	687	993	871	1100	932	609	578	772	202	87	718	829	522	63	515	132	238	298	409	930	199	875	392	1174	600	115	819	637	1059	725	465	380	261	1118	540	430
250	391	479	715	782	849	651	1090	1167	1038	536	52	133	1169	497	1134	569	245	732	205	31	752	938	318	191	1140	760	484	435	128	621	282	627	457	649	104	352	1049	1103	211	402	707	58	23	633	1011	75	596	56	406
492	358	1022	842	48	44	867	485	520	720	424	1081	593	384	1184	667	926	338	242	204	1170	905	438	561	1023	37	504	301	1045	32	812	108	1009	404	57	470	996	941	207	258	7	784	994	27	512	847	592	955	782	919
1030	849	1131	369	938	743	837	518	974	23	271	15	1114	1105	1108	1017	430	424	486	145	158	589	1058	614	819	308	498	199	449	539	410	405	911	699	982	1115	94	705	311	1037	1125	303	596	300	691	354	1148	640	344	12
908	865	93	304	40	460	375	469	95	57	188	1110	484	976	74	989	125	190	1074	51	454	926	1174	517	988	1083	807	151	580	977	1120	1023	884	559	439	939	361	1054	348	415	1051	421	909	867	19	815	364	510	929	1127
1025	1050	150	173	1043	679	307	419	992	796	193	327	306	1072	619	72	184	1090	196	1126	1113	783	136	641	571	749	595	723	117	280	177	149	187	889	70	925	92	733	644	164	202	1080	444	704	482	237	970	715	840	685
1011	489	265	813	997	665	231	936	519	630	745	10	1171	211	513	139	1145	930	655	822	459	86	892	216	942	797	157	755	131	24	1116	11	207	1018	757	1089	1040	1062	670	434	1059	1153	162	245	845	718	1112	60	277	420
181	224	367	206	1169	1045	508	381	690	808	737	1001	1067	1069	708	1167	345	366	309	897	279	933	267	577	568	649	1165	58	663	152	556	3	532	370	886	1039	56	860	395	792	48	654	993	658	1111	785	90	37	229	500
244	735	218	396	1095	747	714	1049	446	881	919	901	549	921	89	203	372	1157	861	629	572	276	760	112	137	1076	1119	106	667	407	720	29	1150	55	425	85	728	133	639	810	493	870	578	770	839	515	878	452	286	847
894	53	147	689	360	18	1052	707	1158	1032	63	579	1151	392	944	322	1035	776	964	399	447	823	290	305	118	553	1078	721	329	75	906	1121	1185	490	1160	824	1087	828	408	453	416	562	225	1162	143	527	748	916	782	611
540	700	338	394	946	1152	387	356	324	566	871	337	67	1084	1008	899	65	1086	385	77	20	156	915	634	791	872	830	1036	1005	141	576	1046	613	762	318	1136	194	1149	109	615	903	978	751	535	981	651	680	455	135	438
104	729	283	552	144	814	179	178	1053	525	627	617	628	610	831	1041	842	710	198	154	538	418	677	802	631	31	450	1123	732	205	400	382	1144	509	339	833	1065	182	1091	1106	843	918	223	754	359	986	569	380	618	1038
779	119	6	428	254	113	1135	928	512	160	632	963	778	320	675	827	458	247	45	402	835	1187	393	107	671	659	127	879	597	880	499	554	435	83	342	201	35	134	217	524	1129	874	1021	522	890	588	69	241	477	626
945	251	1172	471	215	1081	433	1175	340	979	1182	971	606	563	648	242	172	893	1159	678	506	923	962	883	442	873	343	1142	740	349	108	257	798	966	888	422	702	368	258	832	153	891	1181	877	604	287	272	357	269	80
64	87	292	398	220	857	772	268	636	1060	764	91	507	282	234	1088	71	584	262	475	377	355	73	353	363	291	1161	1107	533	325	767	1163	146	727	719	642	537	492	227	591	423	910	1009	315	270	249	724	36	587	544
