1,0,0,1
194	813	235	411	701	576	237	705	181	746	271	349	27	402	731	203	124	799	176	586	536	52	796	732	579	451	85	484	153	678	633	615	345	167	629	280	638	261	43	651	295	171	285	211	335	252	104	195	392	546
45	191	217	222	735	632	242	244	138	68	577	509	767	370	548	218	121	773	361	590	34	466	491	92	765	647	537	315	190	797	307	318	605	311	768	442	354	64	379	518	230	413	304	131	499	458	644	358	584	745
334	763	513	250	173	467	298	565	152	188	660	737	223	510	31	143	469	702	339	560	573	646	500	192	196	621	140	508	643	94	766	57	704	598	485	711	694	479	486	387	264	495	116	497	407	562	445	386	163	417
293	284	39	424	197	489	438	100	525	80	12	84	341	400	601	157	602	519	325	177	35	736	587	631	778	447	611	172	30	396	448	78	132	87	559	292	274	544	482	507	666	529	193	175	802	240	501	305	699	22
161	299	613	549	616	614	120	260	233	323	7	681	476	179	262	1	575	183	572	102	475	300	294	514	378	564	667	676	303	33	126	588	60	309	658	654	683	706	539	456	431	599	6	254	429	56	609	636	20	220
16	278	142	594	578	405	473	47	697	566	383	410	600	593	169	428	351	277	374	641	302	115	24	375	65	712	76	398	276	272	367	415	202	403	69	710	97	450	457	814	96	273	224	426	487	151	441	329	444	322
110	580	21	170	504	72	381	520	105	419	811	785	91	688	228	259	372	708	619	418	742	790	452	443	777	440	199	685	538	722	257	133	282	231	236	109	692	776	744	238	682	296	592	612	596	541	229	107	253	70
800	483	570	659	333	141	399	761	649	703	626	724	118	462	154	569	88	788	603	136	50	772	114	377	686	680	384	241	245	789	98	215	155	166	524	743	83	748	791	449	61	146	547	492	408	249	59	425	3	581
661	522	390	164	639	628	139	119	162	210	617	11	571	266	798	28	129	279	317	10	81	414	622	635	178	306	739	108	511	620	437	684	679	435	550	111	567	14	214	786	327	160	806	26	558	700	184	531	99	740
494	25	716	29	389	727	326	481	49	674	439	38	336	759	248	762	729	610	779	656	343	725	312	159	37	66	205	719	698	226	353	130	289	433	148	756	478	301	751	174	227	604	149	212	463	101	809	287	696	769
75	332	225	488	675	147	780	23	585	113	582	721	665	308	771	815	808	812	365	750	726	687	63	517	693	219	709	460	58	2	208	477	720	391	505	275	348	106	625	198	17	637	281	352	804	775	532	359	187	207
165	555	734	269	634	288	642	251	512	36	394	297	19	310	553	267	112	568	291	723	189	247	5	563	664	145	471	204	749	738	397	316	432	623	533	362	752	753	127	561	650	695	314	423	331	552	404	474	368	669
787	42	388	117	493	270	324	618	0	9	55	663	747	455	595	758	319	385	556	807	434	18	717	783	186	86	774	503	46	168	714	221	436	673	803	672	718	258	137	330	376	454	158	180	521	32	150	263	103	347
551	540	350	516	782	213	465	206	810	542	255	412	328	648	583	346	427	707	805	607	421	470	627	459	373	48	792	506	589	728	82	355	95	446	67	608	534	422	380	201	357	671	128	144	401	209	286	498	268	90
41	757	337	416	234	366	53	690	243	79	51	526	730	338	340	515	535	640	677	713	557	313	554	232	741	591	185	801	62	480	624	523	662	597	246	134	655	461	360	290	182	364	754	781	4	645	44	472	468	715
135	430	657	764	793	71	630	464	770	15	393	216	74	668	795	760	606	406	784	93	530	283	543	321	652	89	670	342	653	382	409	755	13	453	77	794	691	689	200	545	574	122	363	344	54	395	239	356	528	371
420	502	40	490	256	73	8	496	733	156	123	369	320	527	125	265	48	707	364	404	565	108	311	26	721	638	102	278	784	66	35	37	610	473	389	691	746	296	90	619	143	64	607	507	326	329	657	618	710	510
616	189	724	499	351	219	303	447	725	332	27	176	20	424	246	685	466	54	781	457	197	659	370	420	56	350	0	392	16	617	269	575	38	610	530	713	52	28	409	110	245	652	389	382	66	625	268	520	359	502
386	207	789	706	783	88	40	375	224	534	732	769	136	721	316	708	237	182	92	25	193	624	497	568	571	241	758	547	773	380	139	678	321	492	324	297	97	42	458	431	391	102	757	501	278	179	121	749	560	171
76	529	746	166	167	589	614	469	493	210	515	422	313	256	802	151	169	730	510	190	47	79	385	578	152	326	710	289	809	225	141	812	477	606	282	684	507	306	356	168	383	705	430	561	433	249	183	154	365	175
218	161	262	667	13	642	623	305	393	155	717	478	98	587	390	395	731	105	556	263	555	317	782	641	137	608	357	670	250	364	341	285	58	336	540	22	275	584	573	230	780	125	793	172	68	722	216	7	33	160
712	481	545	1	664	567	426	661	53	475	694	202	656	673	135	797	214	59	508	482	619	799	700	745	329	339	346	331	804	504	753	43	132	427	49	236	192	80	223	57	272	114	96	462	358	640	603	150	115	191
174	299	145	649	604	333	532	195	801	815	439	286	240	264	474	522	693	627	795	777	715	436	78	531	293	511	759	467	70	116	756	434	559	201	464	669	72	103	454	583	784	602	77	674	234	127	130	570	750	39
215	609	232	340	330	196	631	435	533	292	372	490	452	791	612	298	48	18	527	153	342	173	34	645	688	647	728	294	345	650	788	683	111	75	352	489	680	228	743	548	657	360	17	302	361	170	15	574	807	551
401	611	144	90	544	514	50	5	252	199	404	63	798	198	666	441	209	487	328	498	124	737	211	486	296	140	131	444	119	270	388	366	200	443	663	253	163	543	12	541	311	280	738	23	295	691	526	184	44	128
104	413	41	483	742	146	739	592	585	776	411	106	188	646	755	509	709	423	258	257	484	384	593	569	665	419	222	134	468	726	74	629	658	343	288	539	242	471	644	212	460	159	766	194	203	205	503	453	689	281
347	711	698	735	89	636	287	479	410	765	30	565	588	368	208	695	378	113	9	729	768	403	221	686	676	26	553	813	362	440	71	761	349	248	273	8	398	455	65	476	243	133	810	760	528	450	463	554	94	500
162	181	794	309	690	301	11	387	494	654	108	4	505	752	120	675	310	314	425	558	491	744	586	158	204	747	581	727	32	714	177	93	371	315	363	69	291	638	549	109	19	699	318	157	580	21	622	36	506	416
579	187	449	415	247	605	736	290	217	648	432	814	35	284	651	259	319	692	37	552	85	582	546	180	519	538	590	597	126	633	566	99	67	451	719	696	542	446	524	142	790	405	271	84	598	767	428	101	355	10
327	672	265	521	46	81	3	73	720	374	702	320	55	557	786	637	323	496	261	537	147	417	762	338	772	353	322	564	138	260	472	14	634	402	396	480	100	82	535	595	95	655	117	238	394	379	668	591	266	632
525	354	165	397	601	62	279	701	775	226	381	83	300	334	687	639	185	718	227	123	495	465	764	91	523	461	653	60	400	751	703	682	2	233	412	630	596	373	517	716	707	6	662	442	254	418	244	107	376	186
771	594	697	774	513	255	620	304	239	149	763	24	31	806	621	628	677	562	787	679	229	267	445	148	470	437	344	734	274	607	473	231	488	64	377	643	704	251	122	723	778	613	572	600	369	406	156	348	308	399
448	681	803	577	29	599	143	307	87	51	615	220	518	61	785	213	770	748	485	407	312	335	536	277	86	367	429	811	635	235	438	576	779	808	516	550	459	741	112	408	626	740	414	178	563	118	512	805	276	660
796	325	337	206	456	618	421	800	45	733	754	164	129	792	283	671	720	112	656	159	390	262	87	449	173	121	479	803	227	541	290	59	376	292	5	563	430	458	101	570	280	798	472	364	3	355	217	617	389	43
384	271	183	506	119	56	278	686	287	301	426	401	91	423	664	485	754	472	772	395	582	599	558	653	133	586	759	397	284	422	770	391	4	147	797	470	514	270	328	588	488	468	615	100	97	18	444	237	88	648
22	224	320	298	213	146	279	36	557	365	374	667	113	627	807	603	656	303	429	336	779	443	280	338	293	93	243	345	565	3	339	235	286	168	407	607	510	571	7	700	593	711	69	333	668	109	577	581	552	403
532	257	400	205	201	741	666	148	635	785	64	132	297	680	721	244	766	764	39	537	42	461	349	414	114	238	299	373	548	681	430	313	611	225	98	250	294	359	527	621	428	538	252	699	158	194	309	180	791	192
788	483	673	544	52	330	798	525	324	641	802	110	758	406	476	251	676	10	726	253	341	643	46	534	647	605	733	679	175	255	260	20	276	436	37	291	166	597	344	622	761	693	128	141	96	353	242	787	78	393
17	47	160	321	433	281	694	283	781	334	322	139	399	346	188	757	261	310	547	624	53	467	29	178	727	737	111	370	810	771	631	478	329	535	730	650	90	170	792	138	404	176	563	748	361	800	149	59	784	555
617	477	789	212	159	498	408	814	12	809	222	115	561	438	813	347	528	559	701	157	375	714	413	21	460	702	136	592	94	672	574	156	805	765	796	724	491	274	644	458	71	72	522	685	453	661	598	698	639	606
99	379	367	144	200	256	28	746	290	497	241	364	455	186	662	131	793	418	549	8	371	486	722	752	507	579	151	640	454	589	432	649	670	77	24	747	60	216	193	669	780	215	794	543	420	778	312	296	657	634
580	674	490	417	198	795	107	163	129	118	221	55	732	177	58	66	604	775	154	614	601	89	566	368	463	708	620	40	356	529	86	596	502	734	799	396	16	419	449	124	516	717	332	590	725	265	389	117	481	786
63	572	308	108	663	358	738	456	723	41	690	520	410	105	376	208	187	145	774	492	74	38	92	658	762	269	81	578	335	362	451	769	184	135	226	706	13	742	728	392	351	731	318	613	659	218	217	199	564	811
272	651	137	76	637	508	116	523	49	749	304	127	182	551	424	150	683	123	240	210	715	386	316	415	197	482	652	671	34	19	736	305	82	489	421	618	707	172	398	1	101	665	209	743	267	585	445	431	2	169
709	355	493	484	288	179	751	385	411	245	595	471	323	710	760	773	705	27	319	354	713	718	504	756	254	239	427	285	259	125	174	768	348	473	70	753	134	234	220	531	268	464	167	437	363	394	357	777	342	173
719	545	75	744	494	6	84	515	85	474	190	340	311	655	416	691	231	645	576	712	513	612	688	122	388	54	30	783	140	317	442	446	203	32	628	57	120	745	562	314	803	196	153	369	14	553	521	509	720	350
755	61	512	660	462	554	496	633	44	687	325	626	610	457	503	185	536	692	289	801	87	390	102	684	682	211	106	703	696	459	697	567	155	50	171	570	130	33	526	518	207	441	583	95	602	263	266	677	300	517
73	11	248	530	533	546	227	161	228	67	519	480	594	556	695	763	409	804	295	642	51	550	258	750	619	524	103	315	232	466	678	273	609	326	540	381	246	587	434	790	412	500	505	0	35	181	112	439	654	343
80	440	306	405	372	806	352	282	68	142	83	646	214	377	62	48	126	307	591	331	487	219	366	162	378	292	450	191	104	402	143	623	600	815	638	202	435	501	195	380	495	632	223	560	236	31	383	630	360	767
152	704	233	573	275	230	499	541	9	26	739	782	584	204	511	327	808	636	575	740	539	262	465	616	608	629	689	277	79	475	425	382	302	568	43	569	448	247	164	165	469	387	121	65	229	5	729	452	447	15
189	625	25	812	206	337	249	23	45	264	675	776	542	716	479	735	759	566	483	2	552	58	605	255	549	30	434	205	546	370	220	635	627	616	446	230	581	254	202	124	229	499	528	632	791	648	9	689	182	31
377	551	100	651	783	58	180	624	273	145	412	411	36	12	440	549	787	719	419	133	396	381	278	726	792	797	516	416	422	660	565	63	594	43	607	364	625	357	611	505	230	641	29	386	582	449	48	189	402	812
537	172	170	576	361	548	667	106	608	563	648	263	387	394	329	93	525	56	148	558	181	779	390	658	522	204	52	367	227	497	777	78	586	562	628	729	61	299	208	605	9	675	661	26	340	506	267	654	150	337
677	450	99	754	560	7	664	457	49	33	438	44	640	31	66	715	109	502	755	561	776	84	116	207	750	335	463	745	231	344	612	318	806	637	118	689	288	238	749	452	112	540	188	553	90	591	14	604	559	407
297	130	135	424	341	184	366	50	369	771	2	276	151	774	566	142	432	158	221	650	710	712	638	32	693	27	51	19	444	294	529	461	743	588	496	802	761	736	609	4	404	730	688	500	557	430	186	426	268	545
655	634	526	242	542	346	287	114	487	379	701	511	778	620	707	629	696	60	706	141	81	581	8	241	389	237	815	310	339	191	295	35	769	190	196	690	491	436	362	16	714	166	601	98	119	22	428	124	409	668
484	616	753	161	195	88	350	520	791	786	700	543	279	704	665	159	509	741	80	13	134	378	785	477	298	814	622	513	322	541	203	187	183	405	354	74	544	342	716	301	766	146	371	314	305	626	454	164	259	6
258	738	585	228	724	756	518	467	698	127	775	92	300	813	89	474	587	431	676	579	149	317	746	788	808	805	272	213	384	470	138	302	155	313	304	167	152	538	466	311	333	434	482	140	720	65	782	570	633	686
705	169	670	363	274	790	646	336	168	53	97	117	385	613	91	663	691	464	209	360	309	163	328	673	448	488	723	809	82	737	718	185	3	383	356	291	280	110	547	807	20	577	748	23	490	330	252	104	760	595
473	129	674	156	236	372	735	702	475	197	592	34	247	415	45	536	682	709	614	283	556	79	515	162	728	575	619	652	445	501	725	374	762	531	270	763	803	277	351	455	319	468	137	413	429	95	649	528	248	352
392	462	666	194	266	332	154	469	453	293	578	687	38	703	157	789	308	443	224	420	653	358	173	5	226	193	683	636	599	251	325	198	108	254	476	734	644	94	684	678	727	282	160	533	40	398	722	323	758	174
239	439	573	222	435	64	521	810	403	39	15	21	514	131	472	395	498	30	233	206	370	199	373	732	348	800	289	679	656	111	338	345	260	105	223	493	47	483	71	28	713	699	296	57	244	243	262	408	681	281
179	264	669	567	659	182	414	275	631	177	18	597	550	86	235	153	747	210	399	535	326	603	214	717	269	10	764	37	55	740	632	59	534	692	368	382	126	321	41	765	621	205	128	479	290	564	427	552	772	72
380	25	465	647	292	240	246	355	721	234	731	697	711	175	504	178	767	320	794	539	67	306	69	580	471	388	446	250	201	215	286	54	804	68	757	139	569	441	125	96	307	685	554	784	349	376	85	662	143	546
353	391	347	574	121	271	796	657	11	523	610	284	801	527	17	752	324	600	216	249	147	423	253	87	639	327	480	46	630	1	123	102	733	219	489	285	495	530	192	458	442	456	433	255	77	261	494	73	459	303
343	590	759	478	671	0	589	571	555	781	694	397	486	773	508	165	144	218	202	217	393	62	499	70	365	507	768	410	635	425	257	417	212	24	642	256	171	695	451	107	211	593	751	103	568	811	83	598	113	596
447	618	375	115	315	643	406	265	359	524	606	627	225	331	583	799	617	122	232	510	401	680	418	101	672	708	200	75	584	770	532	316	645	615	245	334	76	437	485	798	492	602	793	517	519	136	780	312	744	132
623	460	481	503	400	795	742	421	120	229	176	512	42	220	739	572	615	581	9	672	265	667	506	375	590	505	508	304	120	51	439	743	766	217	302	46	809	664	480	245	628	535	127	779	378	280	23	97	496	358
561	772	43	743	675	119	471	711	333	262	237	157	214	8	693	690	407	111	687	389	506	258	309	492	670	192	646	718	228	6	581	798	133	458	4	771	812	169	232	338	543	113	733	65	291	583	56	230	680	197
535	345	461	797	748	129	558	307	658	30	566	547	306	329	570	649	181	287	200	128	182	554	403	66	468	411	617	788	387	676	85	763	517	608	212	753	499	341	764	224	276	46	756	124	21	251	493	447	398	622
320	274	151	248	1	662	374	305	51	524	767	467	785	706	420	240	293	749	343	629	74	395	501	360	418	707	173	482	605	393	486	425	793	198	529	442	440	179	118	723	755	191	615	655	769	38	18	765	526	325
257	490	580	266	779	548	412	314	91	621	385	463	734	496	125	294	811	16	174	452	330	206	691	244	663	600	63	513	731	525	246	109	323	437	491	162	10	762	84	791	416	745	539	597	462	208	587	215	331	372
67	103	618	344	449	17	304	20	117	766	515	49	185	584	269	336	674	426	673	774	123	647	108	193	740	3	720	567	697	544	414	578	592	801	83	397	661	773	166	809	536	704	405	427	221	27	480	217	256	424
639	165	37	555	216	537	479	235	758	633	225	754	194	384	786	542	413	392	255	285	105	370	383	736	652	436	804	62	563	101	421	631	760	275	377	434	175	562	121	560	530	724	154	716	591	301	432	288	531	696
700	159	739	552	780	466	602	135	520	311	502	455	565	541	573	488	41	444	366	802	260	511	532	242	131	213	120	807	354	207	642	168	620	722	672	315	342	507	679	694	98	319	177	142	664	254	263	538	586	534
107	406	308	484	557	310	784	204	39	752	163	340	746	665	648	577	782	750	160	435	318	628	611	781	815	671	549	252	278	603	719	636	500	68	388	77	625	619	523	233	656	268	454	654	349	357	651	170	64	429
433	686	267	522	404	96	438	612	481	379	419	559	89	298	757	153	678	519	751	596	209	778	147	684	789	279	376	300	556	102	45	347	606	116	178	289	322	365	69	369	601	806	497	202	5	249	186	516	145	470
457	28	132	223	24	712	464	728	730	790	171	346	201	692	364	317	371	610	222	794	57	504	13	33	402	582	199	528	292	367	144	494	229	795	152	510	657	521	234	126	644	729	94	551	54	439	363	110	448	714
75	35	236	616	624	800	47	149	355	218	702	239	726	783	196	553	356	741	328	805	187	189	701	643	12	302	715	775	324	299	40	408	579	626	742	127	227	31	247	106	271	677	744	460	545	48	400	87	738	474
130	326	451	211	281	569	73	630	368	533	238	588	735	134	635	485	115	483	231	410	280	88	568	297	141	456	645	93	508	156	814	273	473	699	286	401	15	810	176	79	52	799	332	614	264	50	613	78	55	813
540	727	477	717	172	776	423	682	76	22	509	334	361	391	476	512	792	265	339	316	441	95	53	747	382	688	219	394	770	2	337	518	546	150	277	188	681	721	220	375	327	351	604	705	594	572	11	312	245	575
668	634	803	97	226	146	61	683	607	808	99	576	459	190	465	609	428	122	42	659	373	362	138	632	143	32	595	136	71	203	19	350	348	82	527	250	564	164	417	86	708	283	139	284	431	550	184	321	475	640
453	503	638	381	90	241	270	9	36	23	415	104	335	498	112	183	598	210	737	352	313	148	709	695	353	195	26	25	80	422	478	158	590	777	100	725	443	72	489	167	653	445	140	796	180	667	7	637	137	92
358	161	430	641	650	243	446	768	60	296	660	253	759	58	390	450	703	359	0	378	469	698	303	14	666	571	205	585	399	29	396	81	472	495	290	409	505	487	713	114	669	261	623	44	59	732	295	380	787	386
282	761	593	599	710	514	155	689	34	272	589	70	259	574	685	627	510	181	329	544	71	339	748	107	200	304	476	403	591	455	771	574	703	578	149	437	735	638	17	588	239	567	772	745	780	466	418	572	47	104
792	214	551	719	138	146	497	747	796	132	608	543	782	602	487	670	811	261	41	700	198	582	519	745	331	177	432	71	180	206	675	182	188	267	414	806	622	221	319	663	639	200	419	137	377	223	30	386	218	586
215	140	756	667	514	635	149	544	815	814	696	343	689	355	78	644	601	770	488	765	14	368	665	411	245	148	128	631	783	442	459	345	332	657	325	157	605	541	5	291	38	726	568	535	794	27	342	501	290	714
750	349	491	413	269	390	595	716	185	300	401	546	798	625	320	802	571	382	492	445	316	569	727	120	717	578	255	143	655	98	135	748	297	246	204	732	84	233	618	100	333	273	805	464	607	29	134	367	141	318
486	375	338	434	28	465	557	272	518	341	725	699	790	66	540	201	190	24	228	104	385	125	397	121	749	742	131	379	592	697	253	399	266	506	556	279	553	97	237	609	510	526	513	456	715	108	311	373	336	431
115	70	561	718	42	280	307	524	67	448	759	243	309	380	74	579	722	791	437	337	315	263	531	165	668	762	317	52	549	31	175	352	77	359	746	751	94	362	114	156	168	731	391	241	766	614	103	478	287	105
282	117	136	396	469	270	142	426	195	523	169	93	538	238	81	482	677	698	79	298	735	575	406	468	109	471	452	409	356	130	636	176	598	370	580	418	86	208	686	463	46	768	217	778	193	0	90	61	264	87
810	251	504	15	369	422	10	739	244	62	360	53	39	404	461	597	563	328	417	144	366	528	629	347	723	277	650	235	774	222	600	527	626	274	560	51	330	737	537	252	576	539	708	259	705	363	174	707	788	797
205	466	18	776	534	285	395	728	75	54	683	640	110	127	55	164	407	275	7	804	392	567	151	570	610	68	632	286	649	202	152	308	326	669	364	276	72	166	779	427	713	771	758	498	327	56	344	741	353	472
230	16	389	80	173	219	507	508	278	637	305	211	163	485	604	660	702	616	322	191	641	775	454	346	786	69	181	158	733	475	119	757	451	691	477	679	515	785	634	378	470	209	590	550	648	324	398	588	376	20
12	58	37	212	803	32	769	489	403	357	304	415	423	672	438	536	439	584	76	638	753	421	589	617	361	281	704	594	186	412	139	552	620	440	284	106	761	425	170	1	207	690	45	664	145	301	294	662	695	591
480	85	82	752	430	268	509	612	760	179	229	133	340	533	388	155	225	547	213	289	365	83	262	47	574	288	740	611	572	483	795	358	171	335	248	467	460	479	505	240	493	685	496	199	455	621	43	473	154	773
236	720	499	653	101	36	754	231	348	242	224	167	48	302	447	91	295	107	306	118	436	444	299	192	781	724	239	484	619	410	293	656	40	684	624	339	25	226	402	429	63	123	8	350	545	812	112	33	721	800
692	772	416	408	529	520	799	393	89	394	435	178	446	599	35	474	734	566	153	462	260	247	807	673	203	303	476	764	813	674	57	250	701	160	777	95	646	606	210	628	678	22	334	457	500	184	801	521	710	113
516	234	583	525	122	558	682	50	522	627	787	21	643	257	651	755	744	383	249	458	443	581	116	671	323	596	220	711	577	687	554	296	729	310	381	162	6	2	603	351	194	96	372	147	780	321	172	126	17	64
652	405	559	196	312	19	187	481	354	587	694	784	615	150	613	60	387	371	49	374	645	13	564	314	736	59	512	34	65	658	99	161	709	227	730	676	441	654	681	503	424	548	183	565	216	292	265	420	743	428
688	517	254	809	197	703	3	313	511	793	593	573	256	633	189	283	502	9	530	495	4	329	384	630	706	111	738	789	159	562	693	659	129	26	400	542	555	23	767	763	433	258	666	585	808	661	494	490	449	712
623	92	647	124	11	88	532	642	102	73	453	450	271	232	44	680	297	121	294	621	663	726	754	732	86	691	764	811	68	103	195	132	490	815	97	174	587	106	804	240	458	70	601	594	708	781	217	487	360	588
409	203	210	459	740	170	463	795	689	292	474	266	56	604	473	425	385	370	623	105	86	555	507	612	417	493	638	188	174	431	390	442	101	569	326	350	667	650	365	17	267	394	792	131	410	190	753	632	46	411
402	583	800	265	726	702	304	247	328	591	167	12	804	172	568	468	585	420	572	79	288	769	808	586	403	364	162	49	322	539	399	521	765	782	538	400	346	737	208	709	212	577	259	435	529	814	72	557	5	812
534	27	283	770	224	787	545	456	475	379	640	21	447	724	135	361	65	552	140	602	730	703	391	801	344	412	418	24	38	191	354	458	558	563	91	76	285	144	450	206	660	295	175	181	481	697	87	714	515	64
663	444	651	61	430	211	540	745	445	570	53	99	234	404	220	152	748	524	477	671	297	360	407	250	593	767	125	615	517	810	554	334	111	731	251	115	525	664	696	781	413	520	148	305	280	505	691	513	138	43
357	255	185	278	209	728	482	743	73	705	88	408	308	271	560	13	676	213	639	343	487	137	429	330	231	500	41	503	700	217	290	15	757	434	139	548	327	562	784	491	383	734	178	238	82	626	121	580	754	596
646	96	469	608	7	253	735	169	70	301	62	110	605	372	551	351	746	329	307	579	293	44	124	768	93	713	448	457	336	55	201	141	790	549	627	226	514	438	564	645	633	106	541	341	544	273	132	666	158	786
649	455	269	268	366	40	276	347	153	374	546	542	424	550	744	164	789	601	527	50	486	20	416	289	611	643	176	103	194	222	200	80	294	725	207	476	36	243	701	48	631	422	522	537	751	739	446	58	597	805
673	406	707	263	35	489	662	595	114	237	683	183	95	123	582	277	423	11	230	67	778	440	776	387	672	102	760	154	396	421	187	590	454	494	397	588	510	501	218	414	741	353	355	512	772	594	384	636	60	133
449	706	499	339	720	762	118	502	516	22	116	77	777	465	182	258	576	471	338	603	811	249	177	432	204	264	614	526	780	159	161	19	488	248	68	788	427	523	716	617	233	100	426	531	168	715	389	472	241	362
630	565	578	479	146	284	625	392	229	807	679	112	680	511	775	492	428	791	462	275	485	318	758	127	610	166	536	553	747	282	661	598	484	641	324	794	150	75	687	480	607	300	415	306	799	10	42	195	157	312
478	376	437	659	128	738	225	90	561	14	373	69	314	654	722	628	717	813	393	433	684	727	609	742	227	587	270	495	678	688	695	647	232	192	543	296	519	315	136	592	436	629	109	600	693	2	466	84	378	677
199	94	556	669	313	331	129	257	575	690	380	6	528	755	63	246	340	97	18	215	165	356	130	710	656	23	530	302	382	704	470	729	405	809	675	236	228	316	535	642	71	321	756	310	806	254	242	9	685	78
798	342	33	216	239	419	764	624	711	377	122	358	533	179	98	644	749	613	85	261	584	252	721	155	686	299	3	670	240	736	352	319	149	47	658	156	401	441	348	620	34	171	547	567	202	616	83	761	52	797
325	398	559	317	369	774	332	45	637	205	367	467	57	752	107	518	51	163	496	219	581	771	657	699	375	198	363	621	29	256	244	28	464	759	145	180	120	439	37	599	566	143	719	498	452	108	151	461	25	245
113	26	532	692	59	359	451	395	506	142	618	497	320	119	371	652	718	81	117	453	223	368	16	54	606	648	460	281	349	723	665	388	381	712	668	333	303	589	622	779	272	490	147	323	32	783	635	197	126	274
189	733	483	732	698	337	39	92	30	785	443	509	160	214	815	104	221	311	309	134	682	186	574	750	504	66	619	573	298	279	184	89	287	708	763	386	345	196	0	1	694	674	634	74	286	653	803	655	796	4
193	31	773	173	802	291	260	766	262	681	508	335	8	235	793	571	588	216	747	319	1	103	135	165	784	96	664	43	336	730	425	398	200	513	50	338	613	545	735	585	550	41	260	231	437	748	265	110	759	637
771	170	379	120	424	119	677	164	505	206	6	577	296	609	152	262	263	127	30	28	8	392	198	9	355	366	471	19	17	247	357	412	421	460	473	687	720	230	389	32	564	791	532	445	535	500	635	565	587	203
201	227	702	71	623	110	396	302	603	419	809	399	642	304	669	613	801	736	449	243	49	455	759	29	131	333	618	53	403	102	782	694	280	783	703	250	520	739	314	183	349	682	44	395	111	775	472	282	630	803
748	299	41	568	765	47	526	467	653	194	428	573	68	142	277	106	402	297	159	772	813	728	439	404	599	678	364	808	666	789	499	117	187	341	196	310	807	798	295	651	0	176	351	423	672	742	10	646	715	195
648	12	686	358	174	58	22	655	339	82	290	444	626	337	151	495	691	264	724	300	126	780	746	610	488	453	340	665	59	430	221	521	134	200	27	240	89	463	478	774	572	74	139	226	491	249	544	812	360	712
790	546	283	522	435	707	406	238	580	233	115	377	788	734	381	63	810	700	394	708	504	330	385	466	769	442	415	245	365	636	699	15	167	563	175	679	209	615	189	432	79	443	448	600	713	433	254	149	456	543
806	657	52	530	480	225	482	792	753	92	781	503	317	179	481	144	232	168	557	137	458	323	576	732	709	675	235	475	621	104	50	370	93	758	569	184	275	273	266	305	371	321	534	94	291	359	793	85	683	113
570	409	575	270	329	673	350	335	605	239	701	815	216	607	417	518	303	70	191	285	293	795	663	3	515	78	745	729	116	566	446	548	668	99	165	486	166	205	811	16	638	48	138	722	411	601	696	604	740	397
452	342	95	214	5	386	754	514	124	192	647	21	536	178	344	215	643	752	483	550	207	132	258	681	762	768	398	633	628	796	140	56	741	298	26	584	469	128	749	172	644	723	362	670	327	108	490	479	656	497
220	328	750	726	597	538	468	324	760	311	410	81	269	555	346	13	506	496	271	517	87	766	763	457	777	375	353	561	162	100	272	160	477	121	764	622	735	761	507	797	367	155	145	608	508	464	786	413	46	35
529	268	684	77	658	18	474	625	319	537	562	629	11	620	158	244	91	671	757	380	814	57	67	23	286	649	188	374	136	617	542	429	718	519	246	640	373	157	639	485	523	516	154	602	182	217	531	383	332	554
743	103	591	590	614	611	598	252	498	51	654	36	237	804	210	73	107	731	141	408	197	259	260	501	219	361	368	43	426	431	193	690	65	289	190	14	69	704	334	459	487	441	287	645	634	551	60	805	306	484
719	422	778	616	612	436	695	313	292	560	447	581	465	356	594	659	37	224	146	637	98	641	420	738	326	674	199	112	202	387	400	347	524	55	585	470	571	528	451	363	147	596	301	388	661	545	251	776	716	785
4	354	384	391	454	627	181	274	133	378	800	83	171	278	284	539	156	62	336	660	733	241	462	725	135	779	652	281	88	574	434	401	2	288	527	236	343	588	493	345	308	186	756	177	129	105	489	64	582	698
33	261	153	476	204	101	416	38	372	414	276	589	510	161	710	114	606	405	787	20	331	770	39	72	61	802	632	512	257	685	218	705	320	150	248	689	773	7	86	130	494	593	253	525	255	680	97	727	706	25
163	693	84	265	461	541	697	212	540	294	751	502	169	40	96	393	223	437	509	407	667	721	784	123	619	1	90	318	558	143	592	173	549	267	382	376	438	418	692	583	312	492	24	664	730	242	80	228	578	45
34	553	390	231	118	352	125	338	75	631	234	211	185	595	747	440	369	66	279	31	586	547	650	744	180	662	54	427	307	676	229	425	799	222	148	688	579	109	450	567	714	322	794	208	348	711	42	315	325	559
511	717	122	76	767	513	316	256	552	556	533	624	737	755	213	309	323	746	592	689	311	429	254	313	340	554	217	258	729	370	106	651	499	808	723	624	473	414	141	293	422	434	666	274	456	152	40	745	646	450