-1,-1
24	116	197	454	261	515	100	345	269	194	183	307	65	383	264	282	154	489	68	98	391	142	114	146	291	358	334	404	287	78	43	161	253	413	107	91	277	47	7	217	530	444	504	252	228	507	411	172	305	314
262	410	434	211	455	299	379	387	231	408	193	372	392	195	164	376	175	479	526	375	163	184	416	302	495	533	370	457	276	238	297	326	131	329	514	72	341	309	152	88	472	471	173	157	260	102	520	167	394	212
151	225	368	354	335	513	452	534	317	16	295	361	483	139	303	60	226	6	423	223	440	245	119	500	222	192	536	1	447	230	236	467	129	279	61	10	81	278	316	50	34	108	499	190	389	385	488	111	35	419
188	367	529	26	296	281	179	99	521	25	266	469	333	70	458	331	308	218	80	482	485	181	315	126	241	56	398	37	66	386	12	97	130	33	210	470	84	432	412	174	149	101	486	498	336	493	505	76	214	147
456	426	249	113	176	240	405	52	27	436	177	64	109	155	381	110	38	105	484	476	442	166	227	242	75	390	257	121	288	325	219	69	160	417	138	293	58	339	2	208	57	87	170	332	473	399	274	92	199	106
29	327	191	421	59	17	362	63	535	124	501	20	187	207	318	374	384	104	280	422	304	311	36	431	19	491	377	523	120	312	450	275	132	202	439	189	198	247	5	148	418	414	475	204	425	21	359	127	49	351
427	400	525	294	251	310	396	438	117	270	323	0	433	343	300	55	511	349	429	83	324	205	319	466	481	301	186	86	46	522	162	298	221	465	506	378	258	137	403	330	524	196	180	9	259	32	448	263	537	103
347	39	28	350	215	480	169	510	365	206	153	532	30	255	328	213	136	463	346	435	397	168	528	229	224	171	388	267	115	437	373	48	516	492	451	443	82	355	95	67	322	96	22	254	380	244	474	357	159	428
144	401	209	503	445	90	41	233	337	415	449	366	508	53	178	273	509	441	51	14	446	338	340	272	285	3	23	402	128	165	201	424	45	460	353	235	497	237	42	232	459	79	185	62	220	268	112	11	150	234
85	246	134	143	461	271	360	290	182	364	306	462	477	478	4	133	44	352	250	468	289	284	203	135	430	145	487	517	71	118	464	494	15	393	216	74	531	519	248	94	407	406	512	93	18	283	292	313	31	321
140	89	158	286	342	348	141	382	409	243	13	453	77	518	200	122	363	344	54	395	239	356	371	420	502	40	490	256	73	8	496	156	123	369	320	527	125	265	17	459	109	344	485	146	11	188	210	461	219	267
338	81	215	339	233	369	425	449	125	95	101	44	456	342	357	376	218	77	450	341	35	201	473	307	165	116	74	366	277	310	424	243	410	212	92	519	352	299	195	102	220	361	235	470	191	337	148	58	31	253
36	221	120	495	323	113	182	466	430	401	329	42	505	312	356	130	301	418	90	474	55	314	56	205	231	373	203	115	184	508	452	66	67	446	264	0	213	496	123	317	2	429	135	273	276	234	535	97	348	267
5	528	336	34	388	17	108	143	343	391	248	406	65	532	332	372	87	426	89	308	107	315	462	344	26	173	64	374	280	483	167	467	500	166	492	38	106	85	168	12	15	82	458	207	416	419	407	399	364	286
334	318	140	408	291	260	30	415	420	255	346	69	131	217	244	411	249	189	351	297	183	517	25	345	413	409	431	311	395	133	63	84	453	397	263	371	412	309	239	7	158	6	434	70	487	292	521	480	193	335
105	437	96	136	502	109	383	171	360	303	330	1	27	117	287	219	41	146	86	262	145	153	119	296	400	225	144	414	476	126	162	19	10	204	404	270	417	464	18	53	16	358	282	48	389	224	52	359	316	349
454	380	75	246	510	378	394	29	482	278	185	45	392	190	306	533	99	486	257	489	196	494	62	370	169	436	509	439	524	180	355	150	112	530	71	28	497	128	421	163	328	498	367	236	518	375	402	124	435	269
175	499	444	252	522	176	475	79	288	298	423	279	245	132	94	240	43	403	327	247	228	294	155	463	275	194	441	422	237	379	440	114	238	507	459	443	362	11	265	350	73	488	254	261	50	222	129	469	149	506
93	428	289	384	209	525	390	21	451	214	258	290	159	32	33	471	199	398	491	198	181	127	515	223	23	118	61	340	523	465	516	256	241	455	39	141	206	188	266	386	396	268	472	78	179	142	103	300	161	202
226	481	187	9	121	72	88	448	385	110	134	8	302	460	250	211	138	251	227	484	154	324	320	76	512	216	319	503	534	493	170	54	325	490	285	139	427	271	284	353	147	68	46	526	13	354	37	122	511	283
520	200	242	382	192	281	445	174	387	477	51	305	160	47	156	3	208	457	83	331	393	137	447	432	60	321	322	259	368	326	537	104	363	24	40	100	531	98	433	501	347	57	4	485	111	304	91	20	504	59
529	22	164	377	49	230	274	152	478	333	381	293	14	151	514	461	468	295	365	313	172	513	229	178	80	438	157	479	186	442	527	210	405	232	177	197	272	536	446	455	264	16	378	498	449	473	96	320	322	314
376	470	361	182	476	523	390	57	205	206	94	268	293	260	281	329	237	414	273	341	145	388	8	333	275	189	462	373	38	316	90	285	233	20	415	317	162	125	231	405	52	218	503	204	511	423	110	321	272	456
392	308	340	294	465	397	330	250	235	391	515	326	107	16	81	532	140	133	29	128	245	53	478	484	338	488	339	88	533	178	485	466	380	344	40	102	520	454	108	37	239	238	519	194	283	311	531	67	474	144
84	137	279	439	45	136	332	132	28	224	479	367	421	425	27	161	383	176	9	490	179	216	105	402	494	200	419	124	226	498	66	188	56	2	455	190	174	181	360	433	30	82	230	434	253	80	142	0	505	104
525	92	31	152	528	126	399	310	442	163	119	65	247	106	378	47	58	471	446	521	429	346	424	87	139	95	121	507	15	42	122	417	335	401	246	6	438	156	114	97	284	347	241	304	99	168	134	54	382	159
220	225	236	3	35	141	303	512	331	504	372	222	171	496	475	263	229	149	497	185	169	186	337	473	290	25	286	420	276	32	165	398	219	322	248	36	518	167	12	256	413	312	323	157	183	98	213	280	514	365
115	147	197	264	100	101	277	529	412	61	198	79	463	76	384	43	267	324	73	210	431	493	416	526	460	175	207	527	522	151	64	374	129	10	259	356	483	295	530	353	458	74	348	166	13	409	451	154	443	325
459	432	385	254	349	427	117	49	255	343	23	155	291	307	461	177	300	262	379	244	386	334	513	62	359	477	261	59	278	352	447	508	193	517	19	22	430	400	180	172	68	221	363	499	7	33	160	287	487	21
1	44	537	41	404	83	506	26	395	202	436	91	135	480	214	469	288	187	69	209	297	148	249	482	11	271	457	368	357	299	305	192	336	223	313	426	370	96	351	350	150	371	191	472	355	46	516	251	195	509
258	212	407	448	369	240	282	450	410	408	184	396	358	289	501	492	449	502	269	118	406	375	364	164	138	242	78	418	93	464	4	422	51	113	70	309	116	143	389	453	266	441	437	201	428	208	445	123	72	393
318	306	103	89	24	394	489	452	510	366	265	77	440	381	158	234	127	130	85	315	60	354	39	215	296	232	120	112	342	196	403	387	467	14	109	495	486	377	292	211	243	444	131	71	55	298	345	48	18	362
481	203	153	17	173	34	435	270	314	146	536	468	491	274	524	111	75	86	500	228	327	534	302	535	170	217	301	227	320	319	50	5	252	199	257	63	411	328	112	370	18	439	471	173	219	367	195	23	504	326
458	180	305	122	221	266	36	20	327	362	77	81	307	271	314	76	298	135	220	123	53	109	170	476	241	339	497	140	225	141	133	276	172	374	344	525	110	294	188	317	397	413	469	148	19	488	528	535	357	453
383	235	471	435	250	331	507	472	176	137	248	345	354	231	500	268	246	186	85	427	315	139	326	198	101	474	190	93	270	349	261	1	60	136	399	105	4	436	451	526	443	434	193	360	194	207	310	222	444	299
433	32	47	287	182	132	402	323	325	316	457	338	144	524	41	513	410	64	168	196	86	253	405	89	274	328	531	147	286	379	215	42	155	174	288	66	69	306	510	98	527	438	501	158	450	242	256	102	292	521
185	313	154	504	387	366	381	218	426	14	13	6	416	145	530	3	517	384	243	322	465	179	503	414	422	502	73	380	11	201	279	515	454	532	392	106	161	301	452	7	157	529	376	238	153	94	39	92	240	378
51	10	516	411	38	2	283	522	485	408	103	377	224	430	359	169	442	280	199	210	166	17	187	401	97	70	209	468	125	389	505	390	356	156	456	35	18	424	393	417	340	254	87	80	184	50	455	149	116	129
131	337	358	68	142	83	418	439	441	278	460	423	437	162	445	251	407	303	143	419	88	494	126	369	195	429	120	336	48	236	31	482	296	367	192	481	461	520	230	29	9	26	227	355	335	329	124	63	228	506
293	398	262	104	96	341	177	396	79	302	56	43	57	247	368	536	361	65	348	5	409	15	492	113	25	334	206	496	491	463	332	163	432	388	333	204	352	473	324	490	183	412	320	40	343	363	75	290	229	351
446	259	489	128	295	72	237	244	291	203	353	121	74	22	164	511	245	514	447	202	509	319	173	107	205	30	44	59	130	234	150	58	167	420	90	479	82	55	375	289	178	24	385	394	181	519	277	382	27	78
462	281	151	498	311	232	440	191	12	217	347	312	117	216	211	309	421	112	134	111	478	197	284	308	400	449	484	200	91	257	415	16	264	146	477	499	54	219	318	470	480	466	406	99	258	252	214	364	212	386
495	523	67	431	342	282	0	269	475	508	272	61	213	45	233	267	62	273	28	300	350	404	263	304	84	114	518	226	119	372	8	370	118	46	33	493	138	459	428	223	100	23	189	487	467	403	249	321	159	115
330	391	371	127	239	346	537	512	534	464	160	373	37	260	152	21	175	95	255	395	275	448	365	108	533	52	483	297	486	425	71	171	34	208	285	49	165	265	134	436	306	213	424	488	412	48	354	355	473	391
193	46	107	87	481	462	524	479	85	229	457	290	365	257	157	16	385	167	264	474	463	202	97	444	201	387	40	527	340	380	25	431	181	31	42	534	192	37	133	419	38	470	523	76	406	311	104	519	458	242
372	520	513	307	321	83	347	218	448	437	182	23	65	34	471	415	20	516	101	36	280	537	9	528	134	207	279	389	514	376	54	517	484	440	422	499	255	293	189	90	125	453	413	261	222	530	136	120	327	360
49	334	135	511	74	254	382	354	249	363	428	504	69	325	438	70	366	509	286	248	126	362	58	93	88	60	160	55	535	346	121	399	140	278	227	436	206	313	282	412	465	377	408	459	451	166	57	326	48	138
330	117	252	464	41	171	433	6	127	118	532	302	178	506	367	276	155	492	418	329	161	12	359	483	19	502	94	98	348	356	300	128	53	142	342	425	333	194	322	190	416	11	488	137	27	29	100	289	319	220
401	66	15	267	475	485	536	476	132	283	292	169	335	28	285	81	510	487	378	394	338	368	531	146	217	75	95	245	72	108	265	304	246	102	351	515	435	43	388	110	424	403	2	79	143	355	395	91	439	269
47	308	310	445	158	364	237	505	352	71	454	45	212	208	68	33	456	188	427	129	493	375	24	116	115	397	339	452	228	518	291	103	260	230	306	119	314	210	353	184	407	183	374	80	196	272	287	473	350	232
284	371	277	21	231	141	213	179	496	99	486	299	490	256	379	84	533	114	32	316	381	168	275	443	77	224	214	262	343	331	501	56	432	259	67	396	251	503	344	266	216	525	235	324	234	152	244	170	281	414
332	223	0	130	370	239	82	64	123	3	198	442	258	44	469	26	148	441	204	467	341	357	17	482	296	62	247	50	384	317	404	174	149	219	8	529	361	150	233	434	405	337	450	508	323	498	392	131	241	164
466	205	420	478	250	92	526	109	336	165	5	318	446	430	96	328	61	172	175	402	429	159	7	386	145	417	1	113	472	225	268	303	309	191	139	297	203	298	468	122	163	491	447	512	240	105	497	263	156	409
173	383	59	398	391	153	195	10	460	320	243	209	186	522	147	315	500	63	86	106	185	400	301	73	124	151	411	30	358	521	197	288	78	226	294	393	494	221	390	423	4	39	495	200	211	274	253	51	271	477
154	144	489	112	421	373	187	369	236	89	111	410	349	461	176	270	13	295	177	455	345	312	22	14	507	35	180	449	52	215	273	18	480	162	238	426	199	305	466	355	363	522	166	188	224	525	146	322	389	226
100	281	126	181	402	210	43	58	396	145	241	106	62	12	205	376	177	133	397	381	512	215	255	227	36	314	411	427	366	383	406	371	382	363	386	432	390	369	63	355	73	29	238	337	48	189	184	438	42	172
341	365	499	424	143	436	474	279	364	496	178	242	204	265	240	417	56	537	263	153	389	385	11	86	475	52	362	102	276	75	78	354	480	387	452	61	295	312	357	9	407	253	26	511	237	121	343	148	353	46
230	99	207	18	7	17	409	49	33	165	44	536	31	66	249	109	477	391	208	448	84	116	201	442	180	457	422	221	340	445	150	200	494	118	188	243	284	268	320	112	535	179	90	500	14	288	466	344	433	130
135	419	292	170	510	379	123	2	322	151	298	142	217	158	491	377	77	459	125	32	245	27	51	19	368	428	524	521	103	41	490	192	315	171	4	335	250	517	271	425	186	421	264	327	267	375	285	232	465	342
415	114	481	257	529	505	67	454	488	60	132	141	81	59	8	231	384	214	306	307	191	35	504	190	196	437	278	431	287	16	489	166	25	98	119	22	423	124	404	216	470	122	115	161	195	88	346	514	93	290
305	54	394	76	273	234	339	57	275	418	485	159	503	473	80	13	134	426	334	471	294	107	69	507	318	299	203	187	183	447	350	74	244	455	144	297	412	146	367	310	301	441	449	164	259	6	258	446	378	228
361	401	513	408	453	127	182	92	300	220	89	468	329	515	321	211	149	317	83	479	120	136	272	213	444	464	138	302	155	313	304	167	152	533	460	311	333	495	478	140	388	65	520	326	68	393	0	169	147	492
274	486	85	336	168	53	97	117	380	175	91	522	451	458	209	360	309	163	328	87	461	482	70	229	82	261	202	185	3	356	291	280	110	502	416	20	37	113	23	405	330	252	104	246	235	467	129	96	156	236
372	256	519	469	197	128	34	247	484	45	531	24	316	430	283	414	79	509	162	139	10	534	347	440	434	501	374	225	526	270	331	497	277	351	450	319	462	137	413	429	95	262	523	248	352	392	456	324	194	266
332	154	463	293	55	525	38	506	157	399	308	443	224	420	269	358	173	5	226	193	219	487	72	251	325	198	108	254	476	518	349	94	532	286	410	282	160	528	40	398	530	323	359	174	239	439	218	222	435	64
516	176	403	39	15	21	508	131	472	395	50	498	30	233	206	370	199	373	212	348	400	289	1	527	111	338	345	260	105	223	493	47	483	71	28	101	303	296	30	191	197	430	214	318	251	412	252	532	418	24
451	161	183	417	66	400	204	165	487	266	498	431	76	343	43	51	245	35	189	120	307	475	397	377	412	175	136	191	382	145	414	239	435	105	422	394	182	17	308	85	298	21	84	467	388	370	118	297	108	20
527	518	237	121	184	441	128	67	288	410	360	22	485	418	203	247	489	387	372	481	255	362	64	63	98	366	187	315	429	218	10	150	32	83	374	71	75	516	348	82	529	241	269	52	99	272	359	198	152	492
455	11	355	28	484	149	294	502	402	531	503	223	364	90	234	167	113	458	9	36	23	31	349	79	346	112	215	252	396	213	419	457	436	170	97	195	449	520	78	171	100	265	530	334	211	443	7	125	139	404
532	490	186	447	415	138	405	325	299	302	148	309	134	471	416	122	491	176	14	338	430	73	488	29	216	367	196	179	296	201	154	295	392	5	536	111	129	44	59	194	209	333	327	450	284	261	81	440	2	231
363	474	390	316	70	456	62	173	115	267	116	361	310	477	496	197	318	126	448	323	342	188	68	69	469	528	18	219	356	130	220	253	391	106	222	479	324	146	77	144	13	46	465	251	177	523	368	151	438	283
351	426	275	317	335	74	143	279	88	399	423	287	314	320	521	432	305	442	453	384	1	500	33	444	472	55	478	300	393	217	395	226	61	159	243	353	281	26	101	163	385	102	221	326	434	114	371	258	192	40
427	413	127	501	227	259	508	109	6	420	91	277	65	248	331	347	322	461	329	160	328	254	424	80	507	60	499	124	25	140	123	304	293	260	321	141	276	24	180	313	208	463	433	240	37	525	235	476	246	104
117	403	358	178	509	133	0	495	42	506	205	174	200	244	15	58	206	480	30	142	376	153	282	45	8	462	306	337	406	242	268	207	526	233	378	379	511	515	470	87	437	513	157	168	162	439	535	210	407	169
94	273	312	285	466	164	494	401	95	172	341	408	110	381	373	524	230	486	319	224	365	301	398	421	280	250	229	505	446	89	464	12	350	228	357	517	482	16	340	238	468	289	39	190	41	147	512	132	214	263
19	185	504	264	533	522	460	96	278	199	3	155	249	107	292	193	137	411	232	369	354	497	344	236	380	135	131	452	274	181	50	409	345	257	454	53	158	425	256	473	291	47	303	330	445	38	510	103	202	34
72	537	56	156	519	534	352	339	459	383	428	483	386	389	290	286	514	311	54	86	225	332	27	93	336	57	48	4	262	493	271	212	92	166	270	49	375	119	228	205	8	191	295	319	224	418	338	414	288	65
242	378	309	199	409	487	232	349	19	361	443	354	424	223	12	365	60	227	405	75	17	486	166	398	151	174	519	416	480	278	362	168	20	407	76	400	66	65	330	342	4	211	193	379	235	81	32	254	21	139
107	406	321	258	128	425	220	269	429	274	488	317	238	201	461	97	141	307	527	116	415	494	69	377	236	233	63	173	40	479	196	77	150	493	25	74	295	301	467	503	507	437	256	183	120	217	202	49	290	50
286	458	253	387	485	268	180	186	126	22	27	363	51	289	37	243	212	532	71	9	89	18	91	431	454	376	255	474	372	287	92	447	219	147	325	428	185	70	123	329	303	338	413	191	159	167	276	5	215	334
61	239	171	410	320	58	67	418	229	397	421	469	190	293	143	169	318	162	411	130	520	161	364	237	176	371	343	344	401	435	181	194	270	517	404	515	157	98	526	464	489	47	470	368	340	537	341	200	62	348
323	59	267	453	145	393	80	16	310	142	324	335	302	83	509	206	327	55	109	78	370	266	208	472	88	84	446	101	192	282	388	106	510	246	448	531	11	125	535	468	296	275	440	105	391	414	14	234	148	44
430	399	144	172	491	476	322	93	244	228	204	331	403	355	72	261	482	353	56	82	218	112	1	146	402	39	95	380	452	127	392	231	375	175	386	260	505	389	42	412	352	134	455	426	79	516	460	533	41	213
163	29	247	108	457	465	264	86	299	514	536	165	500	35	297	508	280	160	137	524	64	121	484	8	492	466	381	285	24	283	96	13	373	251	262	523	511	313	259	433	203	462	249	149	367	133	273	182	394	48
31	346	481	68	477	114	272	396	73	36	444	222	495	513	369	2	408	30	451	284	351	463	115	459	155	326	300	471	216	187	210	434	179	279	522	528	449	209	442	0	432	441	308	52	15	33	385	475	314	7
136	512	529	277	26	319	119	501	158	332	188	506	195	530	85	118	94	356	438	288	257	110	46	38	534	366	156	205	292	347	189	483	207	504	384	53	390	294	250	99	10	140	374	345	498	419	395	521	427	311
129	298	23	291	360	214	100	518	496	525	445	34	124	312	450	57	417	122	198	170	315	490	104	230	357	439	456	497	241	436	359	423	225	337	6	473	252	178	224	177	478	103	226	87	90	316	305	197	153	245
383	135	45	265	420	328	263	54	43	499	382	164	28	240	113	132	152	138	102	184	131	333	221	306	248	117	3	111	502	358	339	304	336	154	281	422	271	350	339	331	223	103	490	91	434	56	106	273	403	291
354	511	245	430	161	535	88	115	311	71	291	165	472	156	143	272	187	142	530	449	357	423	132	377	148	176	190	391	440	488	5	406	103	34	286	244	373	60	412	479	309	536	259	114	341	458	193	275	44	27
120	319	308	370	169	49	42	140	318	466	328	125	218	276	382	24	246	104	208	84	134	398	421	427	182	31	425	185	175	504	481	492	296	475	172	128	369	392	269	138	198	375	121	131	473	320	78	98	38	64
386	14	498	26	67	443	352	41	146	93	117	217	141	4	404	345	468	79	157	283	366	327	136	81	444	252	480	401	188	273	305	353	499	326	130	389	514	59	390	66	233	177	86	282	77	6	97	277	349	180
506	385	513	0	324	90	61	453	510	445	346	15	338	129	274	431	62	241	53	39	355	329	456	46	347	144	484	455	195	415	362	300	343	360	253	200	336	74	109	365	265	3	222	368	220	310	9	249	100	290
18	433	102	279	470	280	29	534	417	75	356	489	28	204	110	127	55	214	164	441	174	94	19	183	7	11	256	414	537	285	312	68	371	235	30	263	524	202	152	52	70	503	496	317	108	424	238	72	215	166
467	221	278	243	452	438	333	463	464	364	16	80	173	219	411	163	491	344	532	403	486	191	527	111	297	395	490	181	487	227	119	363	96	307	2	367	512	304	209	448	432	434	20	12	58	37	212	124	32	316
337	436	76	515	73	413	281	379	186	139	388	494	284	447	420	170	1	207	194	45	526	145	301	294	321	450	85	426	374	268	331	179	229	133	168	155	51	116	225	267	213	289	65	378	409	83	205	270	251	262
223	380	47	422	361	288	264	149	508	206	454	419	533	358	230	528	171	335	248	483	258	159	56	240	254	314	162	199	228	485	507	43	396	151	154	509	465	236	478	520	461	471	330	298	101	36	197	460	348	201
418	315	332	242	237	497	451	442	48	287	302	211	437	295	107	306	118	351	493	299	192	340	505	255	292	266	82	239	150	410	293	10	387	40	523	381	502	91	339	137	25	226	167	359	402	482	429	106	63	376
123	105	428	469	477	350	459	271	112	33	231	13	501	372	384	416	518	408	17	8	439	393	89	394	435	399	407	178	325	397	446	322	87	35	474	519	99	158	126	54	400	313	153	462	260	247	261	224	517	135
495	69	203	303	476	189	232	342	323	57	250	405	160	95	529	210	22	334	457	500	184	92	521	147	113	516	234	525	122	531	50	522	23	21	257	196	216	383	318	536	169	114	344	412	128	124	171	95	183	54
123	518	344	145	313	434	299	94	76	393	188	363	222	507	267	343	240	496	256	289	192	14	10	156	516	359	69	487	276	378	72	165	468	93	418	83	255	339	225	504	103	433	127	503	124	82	320	106	46	177
245	164	19	134	254	514	520	3	325	214	229	141	111	246	86	203	362	319	39	395	459	95	163	412	423	301	247	169	414	121	493	413	62	70	241	446	427	482	23	51	56	381	109	189	208	158	170	209	453	475
298	210	198	133	354	467	528	116	146	142	195	341	201	278	244	293	340	265	35	138	306	6	272	355	260	107	403	291	456	173	511	300	466	277	85	200	307	212	4	97	441	118	187	68	261	26	485	25	390	308
517	140	252	304	63	28	522	392	492	509	457	87	506	152	273	303	536	55	430	53	89	336	207	218	101	40	2	329	221	483	174	155	262	384	249	335	131	515	148	309	480	268	429	228	206	64	532	405	284	451
132	409	495	455	425	394	271	36	239	182	190	422	419	248	322	435	525	80	128	375	37	81	389	486	431	438	91	224	440	150	33	34	445	290	257	391	323	472	180	153	73	66	315	57	194	399	364	294	223	491
292	84	437	502	98	44	171	302	318	205	461	139	143	521	151	510	79	27	462	397	108	282	41	136	490	113	386	232	385	334	119	120	312	45	535	0	358	8	226	219	505	147	217	479	286	297	129	398	333	408
9	269	233	465	372	105	356	250	311	401	353	243	31	476	130	368	168	533	166	337	47	331	18	360	122	432	49	454	270	88	92	213	96	211	59	387	238	178	285	373	346	181	65	275	321	410	283	500	7	161
227	411	253	162	345	266	361	402	184	326	374	388	157	310	183	99	424	448	202	71	144	369	370	12	281	204	420	20	230	357	176	537	396	179	447	342	463	407	54	330	22	531	21	352	114	382	196	296	452	235
102	259	193	449	497	530	473	172	185	470	74	349	379	215	347	42	415	242	295	512	426	125	404	199	24	137	316	251	100	186	513	60	115	52	526	58	38	367	288	477	75	327	30	383	112	464	61	160	376	17
314	499	488	149	78	317	258	191	498	305	365	263	471	458	117	110	436	442	67	529	280	523	351	416	77	527	421	428	534	5	328	474	484	48	406	236	175	324	469	478	264	167	380	237	460	508	348	159	220	400
197	332	439	216	350	32	274	43	519	1	231	494	417	126	104	15	450	29	371	11	444	287	481	377	90	524	154	338	489	50	135	16	366	443	13	234	279	501	284	446	226	362	427	111	294	271	344	27	323	536
223	529	48	536	510	396	150	436	465	455	393	208	309	514	456	179	121	272	284	464	78	247	342	402	480	533	129	30	243	524	375	520	215	429	114	199	89	426	166	484	169	93	90	72	123	443	50	135	428	521
290	442	356	260	224	316	157	512	209	76	82	335	80	401	108	111	315	293	493	310	336	448	509	424	255	394	126	430	3	24	212	416	131	308	528	104	351	1	237	491	296	474	106	355	198	42	128	235	341	83
117	132	230	358	534	469	461	227	115	220	189	297	144	222	392	181	288	273	51	261	46	303	262	350	353	77	152	245	9	86	67	180	58	173	64	459	161	22	250	88	435	467	360	95	246	142	109	391	125	140
205	264	40	170	253	357	390	431	462	515	190	160	49	295	346	319	149	479	325	349	17	326	434	276	475	59	507	400	252	441	231	203	263	460	468	98	193	233	282	490	242	16	8	414	39	139	495	300	7	201
20	206	165	278	127	138	407	141	69	120	449	210	85	229	344	305	102	516	496	302	101	285	280	94	338	100	19	192	232	13	472	314	437	21	145	397	110	418	292	275	4	45	422	411	236	172	52	53	361	476
218	96	518	225	331	289	473	376	74	55	370	531	498	483	34	299	133	327	508	175	506	348	147	186	323	183	427	519	15	75	359	73	488	466	377	450	182	60	513	517	298	387	478	244	404	367	70	14	413	159
