1,0
139	924	822	230	276	511	537	697	60	74	580	109	22	11	429	179	866	949	576	375	1067	832	1087	43	298	790	546	1031	325	778	997	953	173	964	1044	598	378	800	815	1051	744	273	809	524	861	817	29	225	124	513
983	657	685	410	498	891	858	726	510	361	754	647	867	284	519	218	482	687	554	1061	329	845	886	448	461	64	703	1107	234	443	603	473	618	615	664	578	610	957	1065	345	177	131	447	52	1116	426	305	27	125	16
967	373	528	629	387	761	244	217	544	437	358	1085	980	704	601	1101	767	203	486	172	475	271	1039	121	896	299	750	1016	278	126	593	1091	700	442	403	788	731	915	420	793	196	334	565	911	514	998	1068	326	639	646
831	386	120	383	716	592	1086	191	890	444	663	1081	363	932	669	354	222	414	1066	1050	937	104	24	82	349	795	1120	613	31	617	837	463	1000	188	590	1074	791	418	249	854	20	6	253	739	734	804	1112	1004	635	679
558	392	411	133	492	539	228	555	143	95	1092	153	445	41	970	562	369	846	155	479	765	529	887	910	151	775	484	986	211	1093	520	307	602	694	808	1099	959	693	892	450	759	75	341	774	705	1040	88	752	702	976
142	323	274	1095	1	261	938	250	264	779	927	223	722	769	491	304	10	873	545	712	370	45	342	233	372	452	899	53	51	922	631	623	195	643	171	773	518	68	417	943	374	147	1003	467	675	525	591	421	138	1071
501	1110	300	844	1028	92	559	699	584	730	202	115	638	425	823	1119	318	567	907	216	302	176	114	1035	564	852	181	909	499	277	939	495	413	441	487	978	673	885	881	384	285	973	969	85	163	1025	888	34	658	955
337	76	235	1098	248	860	946	878	39	287	240	1018	193	548	843	743	1094	729	430	229	1113	192	353	649	654	194	294	871	48	57	963	745	581	572	12	504	900	1069	169	848	859	1019	393	585	33	259	588	947	174	1015
691	190	252	399	622	1043	140	942	901	485	820	568	869	849	940	94	637	1058	1005	684	547	197	419	335	805	440	941	152	483	903	819	1017	508	161	116	573	738	416	408	695	863	862	339	987	280	507	571	167	69	295
30	906	995	1059	37	609	100	102	245	80	1042	882	84	577	7	721	816	799	242	918	157	122	1084	982	839	1121	802	758	35	770	322	1008	366	293	589	260	933	428	988	772	315	99	78	132	87	292	56	321	415	381
237	786	108	840	851	175	431	728	916	628	67	438	1010	531	833	254	500	569	141	1012	183	912	1115	934	621	379	850	184	309	855	262	792	604	842	220	1054	398	389	756	159	47	1033	166	709	1045	688	757	351	582	864
456	536	65	951	996	894	889	272	596	666	311	28	164	883	97	935	1122	130	402	698	367	96	838	489	1030	224	303	994	612	619	740	110	21	170	344	1075	72	821	449	215	920	962	105	706	566	91	874	811	1011	243
776	317	614	742	633	538	608	199	926	497	1114	829	1022	396	257	282	231	236	457	462	625	1038	948	407	1079	803	238	1024	296	678	470	1023	672	466	1104	692	834	768	954	107	377	70	707	718	390	424	1007	333	435	794
990	641	668	1009	118	336	154	879	600	200	966	1046	136	782	50	626	784	594	908	241	841	98	735	1049	451	807	1013	83	751	405	634	61	146	400	661	162	59	306	3	893	836	676	975	956	651	119	814	210	509	523
880	266	570	992	129	279	522	81	965	723	469	178	1077	620	719	526	579	1109	720	936	111	468	868	14	214	753	327	160	476	8	458	26	789	1056	696	1064	611	182	748	25	824	945	828	781	764	49	439	38	1088	586
931	382	1001	343	904	312	1037	549	66	205	494	338	226	481	642	289	433	148	478	301	686	227	724	149	212	101	156	1041	605	587	332	737	488	1108	659	1103	23	898	113	1014	308	1096	265	913	689	320	365	667	560	550
897	135	1062	1034	682	63	517	144	219	1090	79	650	460	58	960	2	208	1083	599	477	857	391	1052	505	275	348	711	106	541	952	198	835	17	1006	981	827	575	281	352	1118	636	1100	532	359	187	207	165	1072	853	246
269	616	968	288	872	830	979	251	512	36	394	701	297	19	310	553	267	112	870	632	291	1053	1070	787	644	714	1060	189	710	876	247	5	660	563	1047	895	145	471	204	515	1076	397	826	316	432	950	533	847	362	1002
1089	127	561	991	209	314	423	331	656	552	905	404	806	474	763	368	925	1036	42	930	388	117	493	270	324	971	0	1055	9	812	902	55	1073	989	1082	455	677	595	1029	530	717	875	319	385	556	496	434	18	813	977
453	186	86	993	503	928	46	168	674	810	999	944	340	221	1080	436	1026	1102	1117	627	1027	961	258	137	798	330	884	376	454	158	708	972	180	521	771	32	150	263	777	103	347	551	540	350	727	516	929	681	1105	958
213	465	206	665	985	123	542	877	255	412	328	725	648	583	346	1057	427	357	680	73	741	736	984	683	607	917	459	506	1063	923	355	446	534	766	422	380	201	671	128	1020	401	286	268	90	464	1048	921	690	785	797
535	914	640	713	557	818	865	747	313	749	232	364	185	62	480	732	780	624	662	746	597	134	1021	655	856	783	360	290	71	4	645	44	472	762	801	796	715	630	15	1111	760	606	919	406	1106	93	283	825	543	652
89	670	653	409	755	13	77	1078	974	574	54	395	239	356	371	502	40	490	256	1097	1032	733	527	402	477	1056	0	290	748	299	1012	248	579	188	47	263	1038	306	1122	1065	509	1030	1025	342	602	417	404	934	436	956
219	547	1049	1032	755	185	935	891	217	307	781	922	80	172	5	883	982	732	618	235	923	617	1094	1105	639	605	51	342	992	497	873	1107	792	885	42	943	633	263	145	877	216	810	309	929	3	176	614	193	621	838
991	851	625	495	35	519	914	349	112	509	126	993	236	1002	1023	822	886	188	499	706	59	584	301	58	229	408	290	124	390	427	1058	503	101	1072	698	692	396	1088	25	796	304	413	120	181	620	377	113	988	56	88
968	53	404	658	530	368	150	1060	265	259	164	536	1078	749	1	858	543	325	494	454	1027	857	941	765	741	594	597	678	406	438	931	372	99	624	896	130	572	386	1040	911	703	800	776	938	869	496	437	901	718	17
855	532	650	365	276	746	84	1026	737	403	405	940	690	563	33	138	522	1054	999	65	956	472	74	628	456	1022	655	888	459	445	917	1052	37	1061	341	421	358	728	376	460	758	0	670	711	535	1116	916	143	292	333
807	108	969	513	812	1021	137	839	41	1108	1071	272	395	764	416	653	1106	826	29	253	1057	1038	1012	477	862	286	904	179	965	364	539	345	346	215	643	237	780	910	573	449	1018	682	231	881	556	367	275	777	730	750
486	264	285	816	751	651	745	510	398	133	1079	588	207	327	713	1044	970	613	989	161	83	798	767	194	418	898	260	132	664	252	258	712	1069	934	523	363	278	432	142	677	996	76	805	515	63	1087	400	797	541	1067
909	1042	282	775	994	762	6	411	1020	389	787	430	24	872	1098	815	40	280	116	458	1001	963	1047	549	506	990	1064	585	81	998	700	320	742	98	86	245	250	241	865	441	166	696	473	228	511	747	246	344	205	211
60	546	791	769	607	726	267	326	817	820	343	1029	209	686	979	148	230	600	203	708	50	616	579	287	360	1085	410	158	213	1045	355	540	1006	175	984	960	391	516	870	840	370	668	45	125	674	1008	394	109	1112	273
892	1066	806	1037	955	8	448	64	422	177	821	163	212	731	478	962	903	890	694	1033	392	950	39	401	637	591	580	312	976	921	131	601	636	2	734	684	1109	420	788	479	676	1015	1093	876	582	919	476	362	566	210
630	1081	759	508	707	514	322	136	849	986	811	951	739	606	425	565	93	926	186	95	841	270	446	330	622	656	504	353	162	468	356	571	474	1046	480	1090	465	859	347	92	828	1118	557	834	281	107	550	134	201	30
608	293	467	332	1014	447	786	90	85	772	444	336	502	647	648	528	947	28	66	340	879	1092	366	864	232	1097	38	744	1050	493	73	784	1084	34	705	247	57	334	610	560	378	961	183	296	895	189	1082	632	256	966
753	233	1005	102	123	1004	485	171	846	827	627	559	847	971	323	314	311	729	36	174	221	738	1114	756	277	825	687	860	1055	1065	688	417	552	1056	521	740	384	498	720	723	196	1011	1110	882	551	569	200	795	180	908
190	973	442	596	294	1028	271	945	22	240	453	520	501	463	452	1117	507	845	359	1095	12	140	321	151	983	900	110	100	778	147	103	144	785	106	887	208	204	319	313	1059	382	105	381	274	192	464	843	602	268	385
329	52	871	912	615	371	435	944	1000	831	856	644	641	667	779	814	680	289	315	218	68	429	167	808	1030	455	324	373	91	980	593	154	640	773	793	638	470	1007	1062	635	118	89	27	306	646	388	1041	948	187	1103
889	928	466	379	715	21	487	691	16	9	1104	736	214	964	623	1091	451	529	302	225	1036	397	316	387	598	766	517	818	534	178	927	443	462	283	978	548	920	119	55	673	423	122	82	169	226	823	434	604	146	431
1051	1010	20	308	13	128	491	939	295	1077	925	657	419	575	685	199	26	760	440	564	946	19	997	238	609	735	1017	717	952	932	512	757	182	959	482	111	248	592	852	721	710	310	875	1096	669	884	915	693	328	619
754	197	702	335	469	716	837	835	15	153	567	383	936	127	1053	424	1083	893	284	165	897	748	652	94	1009	880	266	393	645	67	1013	671	813	490	318	949	568	156	75	339	853	878	583	830	833	975	850	649	1031	298
32	489	439	375	374	380	14	18	578	243	484	930	626	149	824	770	475	1086	317	369	799	958	675	407	234	542	1024	338	303	70	561	848	254	409	654	768	802	104	222	1115	977	348	31	152	1043	428	894	402	279	399
206	907	1068	631	577	699	832	874	1121	47	570	924	701	87	77	1080	414	160	906	599	139	863	121	518	725	743	527	554	492	634	665	1073	224	242	1120	801	774	257	1016	412	114	97	829	761	763	1039	842	967	220	789
611	168	1100	54	1075	505	159	681	239	255	1048	352	771	803	141	612	861	471	589	173	689	1019	683	545	953	844	288	661	48	697	937	954	1089	727	1034	537	782	129	719	544	933	195	987	43	170	804	96	679	524	483
297	586	574	157	695	354	981	576	426	433	115	659	709	1101	868	1076	227	1003	1111	46	61	198	918	79	1102	49	555	202	722	71	78	663	957	11	331	436	10	899	526	1122	562	836	500	457	854	525	629	666	985	450
590	269	117	135	23	155	291	819	866	300	262	1099	361	244	488	809	1074	337	1070	62	905	261	461	790	531	4	357	733	1119	7	672	581	533	1025	44	553	595	995	538	1113	714	481	603	69	660	249	642	1035	783	299
902	305	704	223	972	913	351	350	662	191	942	1063	867	558	587	251	415	974	724	72	752	794	184	792	659	983	212	894	754	840	1116	937	1031	149	347	933	732	862	1041	133	1117	607	1066	409	1036	121	175	696	107	777
953	247	862	141	416	1106	300	302	1052	785	874	463	263	574	238	891	925	469	63	1082	668	996	43	530	536	744	692	309	1017	56	652	420	864	181	727	596	488	807	81	189	859	981	1068	544	150	106	398	4	9	863
827	814	558	906	844	221	761	757	342	482	806	617	58	51	33	1080	204	356	799	1043	267	430	622	241	31	195	627	1048	159	628	999	8	161	960	878	112	29	462	90	325	308	180	1008	452	513	1010	642	825	166	66
291	994	710	794	407	1004	1071	734	555	477	1120	1059	1101	1115	118	738	852	516	6	2	632	268	775	213	678	658	1122	873	196	209	838	1000	344	706	328	84	78	1102	771	412	1016	135	364	44	762	1018	1085	570	885	679
723	399	1107	124	317	637	836	792	514	155	942	48	152	330	1118	893	272	529	802	287	140	270	65	895	897	839	533	1075	170	1112	616	277	358	294	843	853	952	428	1041	635	97	767	413	436	429	91	954	866	1054	869
228	693	988	718	1007	958	539	168	82	357	612	443	185	3	511	851	35	414	381	714	908	819	487	472	571	366	445	427	726	755	129	465	745	531	849	538	716	662	197	644	370	791	470	621	1014	763	518	278	970	590
1060	848	395	1040	162	674	497	736	1070	832	319	801	704	764	95	339	691	248	608	918	266	154	653	1111	599	157	1028	1025	173	5	933	193	626	803	576	1030	198	108	254	575	872	924	964	831	160	569	777	298	917	1011
371	709	64	740	613	888	665	21	779	50	30	816	871	377	896	995	1095	920	1019	619	515	464	640	560	1078	184	894	702	1031	1110	961	1084	824	542	534	296	461	244	243	1045	444	164	600	748	471	759	1069	935	972	776
378	980	156	821	766	275	1022	177	968	363	404	38	690	235	153	210	724	731	720	696	214	546	506	675	842	10	37	1086	553	450	598	384	55	409	1020	260	1049	22	368	725	382	884	758	686	116	782	934	582	449	603
468	128	694	52	865	939	72	380	645	566	670	408	919	1105	246	355	990	149	661	1009	565	528	559	592	641	283	346	369	932	175	841	1119	711	845	27	540	151	67	945	966	610	1073	457	749	483	631	446	250	890	438
563	636	911	286	146	54	609	68	527	577	139	976	441	125	367	96	936	521	205	615	1066	349	376	251	85	1038	861	143	203	34	353	967	391	347	550	121	1003	20	835	490	681	943	284	606	815	15	17	573	293	502
324	289	341	1056	88	216	249	147	423	253	87	127	327	480	46	737	123	676	561	659	489	1076	495	991	458	442	741	683	255	77	673	778	1083	459	854	784	770	478	0	593	938	486	772	765	900	144	218	630	217	867
1109	499	70	365	950	591	410	655	810	417	944	959	1002	171	660	703	651	103	568	717	83	113	447	1036	115	666	406	265	1053	524	817	1097	605	122	907	730	813	743	101	200	75	584	532	316	245	334	790	437	485	492
998	671	962	136	669	132	1094	481	634	830	922	120	229	176	1117	798	746	1006	1100	318	957	732	940	1032	39	259	898	431	543	1079	202	1089	728	552	503	1046	1039	13	809	828	1035	403	708	963	392	25	564	858	100	337
1067	211	663	390	604	425	797	682	1121	768	451	207	931	657	138	805	315	672	119	1058	620	979	174	1081	695	760	1103	45	362	611	1092	1044	396	433	264	1114	321	882	554	752	992	549	99	53	290	476	985	335	148	892
909	421	105	107	276	142	167	354	607	1005	227	320	904	448	1061	26	1074	614	274	989	1026	1	61	834	23	383	104	379	551	946	774	326	677	187	650	343	881	1077	804	273	1024	456	983	418	1042	405	220	424	751	547
419	281	305	386	206	279	729	387	756	179	269	903	89	901	948	508	182	117	850	1087	579	130	588	240	685	733	242	781	912	131	230	360	79	589	978	789	833	855	719	870	887	479	1033	875	288	426	134	14	42	509
602	1027	656	742	562	522	548	1062	434	688	257	280	647	401	567	947	233	225	1021	252	595	680	525	556	28	333	883	500	169	753	400	282	975	1012	750	145	664	1116	921	822	580	916	860	191	411	7	484	16	158	1013
1037	951	36	474	303	624	222	372	846	133	350	493	32	526	1090	40	698	393	190	314	172	1096	94	793	902	646	639	623	811	510	973	332	537	271	126	687	501	76	937	232	201	1050	578	747	385	914	415	654	905	322
165	329	109	491	808	1088	422	1064	638	823	389	348	494	927	297	587	178	877	194	913	837	625	701	71	700	475	889	773	648	523	261	535	955	226	41	597	307	788	397	707	987	292	439	98	212	306	586	1093	137	820
507	928	80	338	432	435	974	971	310	24	689	1055	519	926	453	1091	336	829	956	373	60	941	857	301	18	997	57	969	735	984	1113	49	323	1015	517	74	311	581	163	1063	812	192	86	69	345	982	454	304	601	114
186	713	256	826	93	856	572	1047	183	769	19	1108	633	394	699	295	1029	340	498	840	1099	949	455	643	1034	977	299	880	224	236	473	223	667	780	313	965	375	219	697	215	629	915	504	12	11	262	1001	585	467	59
715	1065	705	1051	541	923	1072	388	312	929	712	1098	496	787	1023	359	594	466	910	684	795	899	739	993	92	649	285	721	868	440	986	930	402	1104	188	722	199	234	800	1057	796	111	520	352	460	786	754	331	351	110
876	545	231	102	73	505	258	847	239	62	47	361	618	237	879	818	886	512	783	583	557	208	374	590	51	32	81	797	555	382	915	116	85	97	451	598	798	1111	502	575	808	1036	373	855	506	481	961	64	581	28
1073	66	565	19	632	1020	116	427	278	851	969	498	631	789	530	191	466	70	398	63	888	1003	652	1025	416	142	323	582	399	692	562	1027	1054	1068	981	493	593	92	588	1067	395	850	675	650	987	818	318	693	750	874
378	293	598	912	151	570	590	577	526	74	748	65	9	617	875	610	321	916	91	258	37	1064	21	940	310	808	768	193	237	354	405	208	909	992	600	891	484	713	856	143	1091	1074	342	677	816	926	542	433	147	128
206	720	1082	200	1051	429	616	246	699	1060	898	77	169	139	320	1116	776	109	785	1070	779	232	513	307	952	84	966	807	524	936	303	212	11	125	878	332	174	438	695	455	612	44	308	532	516	983	860	75	471	262
678	20	625	707	283	72	1002	705	681	285	777	725	800	274	712	56	523	83	446	167	112	502	615	703	950	95	367	930	486	744	51	670	481	601	4	984	855	215	1055	42	58	1001	810	548	329	563	1008	747	1022	444
823	32	813	459	157	150	896	465	322	428	108	1100	349	715	389	698	674	539	717	884	348	397	1115	658	255	345	499	665	463	162	390	261	462	727	160	67	953	137	784	190	900	121	369	915	8	947	16	773	295	882
29	780	763	1040	343	814	96	704	645	478	723	691	792	1089	353	249	490	1007	1024	182	642	943	426	1077	834	844	114	531	848	963	1104	602	222	584	2	366	30	1105	979	351	788	360	216	697	766	1118	452	673	924	385
209	803	341	425	868	738	33	965	752	938	520	782	897	119	384	1120	972	388	759	85	118	985	432	288	257	529	46	38	436	977	1009	846	908	491	684	461	1000	443	741	739	1111	407	627	129	586	23	291	413	100	775
1106	538	34	511	312	858	1083	198	783	742	578	1119	230	357	380	682	845	480	964	6	1006	794	224	512	103	781	946	1112	1042	475	951	1072	1092	694	559	45	265	904	1039	482	43	1029	550	839	820	755	847	113	515	132
171	976	934	605	786	1099	131	333	619	863	827	1037	306	214	133	355	248	547	606	111	155	135	487	472	496	655	1084	371	521	304	146	437	336	467	442	621	522	961	1057	937	1097	244	833	552	596	181	411	396	556	1065
662	145	179	1081	505	194	927	457	828	228	117	787	544	41	668	325	835	760	377	663	518	735	933	259	197	305	960	618	251	902	225	809	919	430	893	479	266	338	636	1061	1017	719	330	709	575	296	192	53	1016	886
932	576	1	418	78	315	435	914	954	243	311	124	870	796	880	439	989	154	905	185	393	603	1079	1098	791	240	1107	819	1080	881	1028	272	680	1031	245	1036	173	840	757	441	890	18	973	294	838	591	756	469	801	671
555	837	99	1108	1053	164	126	347	812	421	464	901	22	1011	528	806	653	799	1063	711	269	253	1085	613	158	500	824	865	931	754	403	10	873	344	447	340	802	583	204	597	424	579	359	313	17	574	276	1086	740	561
49	372	585	123	872	449	3	1102	560	256	629	595	14	166	770	982	346	352	1078	221	27	945	217	551	370	519	165	549	543	287	978	235	60	1050	402	554	975	743	941	685	842	301	696	383	749	1048	314	105	706	387
580	202	991	710	365	1041	394	805	62	971	101	1034	728	942	611	275	722	765	826	309	175	510	1018	633	968	923	869	666	55	687	374	811	488	922	497	866	184	159	679	331	540	853	507	857	832	647	440	907	767	887
1095	895	648	990	553	5	13	862	260	239	925	242	412	458	643	213	120	1103	958	207	172	168	406	392	1076	535	1087	689	661	1094	98	319	177	654	854	254	470	263	1010	929	107	795	454	664	290	716	39	822	974	414
468	163	7	534	997	797	859	1045	358	672	59	450	81	362	790	252	1030	415	419	885	68	774	589	993	1071	793	492	233	903	268	24	1069	1052	170	64	504	821	825	420	700	267	660	409	404	939	581	361	1114	879	379
928	89	298	0	876	153	1093	708	161	1075	659	920	815	434	626	506	477	279	376	300	962	102	557	956	1032	628	178	289	69	537	667	622	714	517	761	186	657	569	80	28	1012	223	536	335	852	948	292	546	683	494
201	651	364	861	317	730	734	571	57	525	545	1004	199	921	804	144	566	229	1019	152	1088	594	701	234	1110	264	422	94	955	54	363	110	448	501	624	587	35	236	1059	382	282	47	149	867	218	220	751	26	495	196
957	356	445	573	328	514	913	187	189	503	778	241	883	641	12	302	183	541	623	1121	988	324	299	40	408	999	690	558	1046	140	127	733	227	758	31	247	106	271	136	608	764	180	460	944	48	400	87	489	592	620
630	474	688	130	906	326	451	211	892	281	986	567	73	656	1049	368	843	533	238	1013	195	134	1090	831	485	771	676	1044	1015	115	917	646	483	918	231	877	410	280	88	568	297	141	456	899	637	894	572	93	508	156
1101	273	996	995	473	1062	724	286	401	967	15	1014	644	176	79	746	649	718	970	52	935	829	386	817	1021	669	1038	50	25	889	210	205	423	76	614	509	334	391	476	635	949	339	316	736	639	417	219	769	1026	337
1023	871	277	737	762	998	188	864	841	1122	772	375	327	604	1035	726	634	599	97	226	980	1109	1113	61	910	721	830	607	1058	959	1005	702	609	122	1066	731	373	138	732	729	1056	745	753	71	203	1043	798	350	82	686
527	250	564	86	1117	284	431	640	453	911	638	381	90	836	849	270	1033	36	1047	104	994	1096	148	948	466	235	515	605	346	825	832	772	968	253	115	654	148	588	696	874	125	378	349	1036	815	78	950	633	193	771
748	95	335	614	822	86	170	831	548	1022	937	764	145	311	581	298	847	619	390	355	564	479	142	793	14	800	1098	103	502	798	520	670	472	755	1037	133	760	604	386	696	942	422	1105	929	957	212	940	389	301	527
192	46	426	1021	606	19	855	595	1116	116	3	684	209	1097	1077	1091	807	879	634	164	94	898	633	109	919	411	297	106	587	1096	1010	601	1099	254	257	829	70	313	773	84	414	1111	51	56	918	1095	195	1072	832	339
177	506	1041	289	261	783	262	1122	674	1056	598	216	127	463	547	687	123	612	1086	299	954	239	747	189	1044	718	839	124	307	582	659	1031	1108	715	134	306	445	240	85	207	225	210	766	761	1079	218	1033	146	682	693
1103	277	26	915	25	865	757	528	140	221	646	762	28	485	461	255	1050	971	965	267	754	276	309	1043	55	518	53	89	827	1083	630	951	625	2	649	645	496	174	155	265	392	820	1051	131	593	148	493	273	594	577
868	714	64	731	413	626	565	132	201	563	508	772	434	402	1026	36	248	182	190	412	851	999	804	531	830	80	128	671	37	719	678	953	440	447	91	994	867	572	33	34	1012	592	260	399	1013	576	815	770	972	960
859	926	636	194	903	372	290	599	44	171	846	789	843	710	139	143	294	151	231	79	653	385	651	108	566	769	1107	872	113	914	905	358	341	119	665	318	1059	767	698	664	677	1092	226	891	427	1061	32	147	1069	1100
286	303	129	495	1087	484	1078	269	233	810	378	640	759	864	878	409	1118	243	785	1065	130	854	557	549	935	166	344	702	618	560	656	122	963	712	464	270	802	600	213	711	211	59	395	725	763	685	966	724	181	65
275	321	730	283	591	7	990	686	419	253	700	345	978	368	639	1024	690	403	881	157	775	310	183	695	433	384	202	71	144	369	943	12	982	643	1008	746	679	357	176	516	894	179	456	342	921	425	586	330	795	542
1052	352	114	382	196	296	462	896	900	983	193	459	842	652	689	172	185	533	74	349	908	1038	420	561	752	635	562	295	733	435	911	404	199	1000	137	316	818	100	995	1114	60	115	52	537	58	1030	367	808	488	75
327	30	383	112	809	567	160	376	812	17	314	513	788	149	1023	947	814	191	870	902	365	263	1036	716	458	869	110	617	642	836	540	280	765	351	416	77	538	916	688	944	1025	605	539	991	474	589	48	1089	236	1070
324	469	917	264	1057	962	607	460	530	727	857	862	505	781	984	197	332	590	840	350	43	1	1018	417	126	104	873	450	29	681	11	735	287	481	377	90	920	154	338	777	826	1062	655	889	699	13	669	813	501	168
1115	475	288	470	281	931	979	1090	1060	8	602	347	242	1016	988	408	361	1080	251	694	466	278	150	47	532	105	356	732	939	648	553	525	784	692	364	778	54	927	734	497	743	816	405	526	271	448	874	768	492	223
92	1113	1071	615	805	738	83	237	632	880	739	597	1027	837	188	923	291	436	486	323	968	585	203	771	158	40	241	135	184	169	936	329	21	622	779	787	1110	1082	246	706	575	892	657	204	974	1029	529	491	980	336
1015	302	541	27	897	16	512	948	555	997	756	559	904	494	1074	850	803	88	1073	558	93	550	118	222	899	552	229	580	337	907	438	1117	817	175	76	758	227	375	428	556	326	628	1067	359	603	99	884	736	546	443
1068	906	573	1109	235	415	1081	660	478	1054	1093	96	952	967	214	1032	465	205	6	853	331	845	875	848	824	238	18	1046	993	534	583	703	680	523	1094	444	708	1045	941	713	138	893	249	1102	998	543	20	841	1009	627
610	751	961	256	152	200	1049	252	1005	811	624	4	63	178	333	1088	1101	776	272	41	180	446	1106	981	1076	887	930	489	871	432	394	400	909	453	876	1028	379	801	647	325	641	877	454	387	78	22	970	62	72	1075
10	1085	1064	111	938	742	901	467	675	551	476	363	1063	1034	258	638	515	672	1084	509	504	482	955	230	353	371	50	1003	245	750	535	833	165	932	886	1007	67	45	844	519	439	35	510	717	925	167	308	228	928	480
120	662	616	81	320	933	883	159	721	66	726	39	220	451	620	398	517	449	888	117	514	161	503	15	1001	366	471	821	473	69	1112	396	697	658	346	98	744	623	498	722	1047	219	483	1104	431	882	1040	247	861	401
102	292	305	1042	958	232	24	737	950	348	421	125	578	666	780	1019	910	895	723	1004	524	468	608	49	73	300	741	1011	437	629	613	661	354	720	852	1048	806	304	631	507	611	849	570	370	545	5	362	317	442	989
786	101	569	1017	574	82	654	790	477	838	924	42	380	441	374	87	650	797	975	259	136	198	996	1039	945	250	668	890	1006	424	956	455	554	969	511	285	23	828	206	705	621	596	973	745	992	186	153	544	536	268
701	328	187	1058	885	985	266	959	429	293	388	584	792	284	0	381	423	499	976	244	753	912	913	794	691	644	274	397	31	676	709	173	373	334	279	579	791	987	215	224	704	156	407	282	312	823	782	866	391	163
521	393	1120	319	38	217	863	858	977	835	234	934	749	522	667	430	568	418	162	1055	683	860	728	663	1014	1119	107	673	9	97	61	410	1121	487	1066	609	208	340	729	406	457	588	856	946	1020	571	1002	740	343	1053
490	141	819	68	322	774	500	796	1035	964	57	986	949	315	834	452	799	825	360	637	922	707	121	549	968	72	106	856	797	309	936	1087	514	792	209	247	531	847	46	336	779	852	1033	407	350	890	190	800	477	1113
300	909	554	571	526	342	715	302	939	1033	875	825	351	495	506	28	874	478	445	159	1027	426	772	275	794	497	196	30	964	689	706	891	327	968	1086	681	232	245	1055	612	530	82	538	742	797	514	115	647	430	615
519	410	777	949	392	938	710	240	263	175	931	668	1115	1020	477	22	890	616	131	613	471	194	297	380	290	358	744	703	385	904	119	464	433	521	507	841	683	746	27	360	89	743	8	555	867	976	1065	821	836	1026
375	700	239	423	273	41	581	444	174	152	929	324	599	402	1104	545	32	1106	690	63	1007	187	179	457	498	0	238	834	994	645	295	203	441	861	209	590	1000	227	435	520	621	686	762	667	573	52	472	793	359	126
92	796	803	1110	795	522	417	753	537	594	460	958	1067	887	1076	684	504	421	110	328	104	912	398	93	1081	501	362	19	878	285	814	446	885	584	201	198	94	1017	869	1015	717	648	853	113	610	487	479	486	1062	678
792	1045	985	249	609	704	364	1068	432	591	934	975	314	1024	1014	47	70	191	29	230	386	646	832	396	922	340	635	183	1084	459	474	925	366	296	908	943	959	102	262	264	811	235	50	787	582	988	675	724	165	379
714	166	415	543	508	617	971	1058	864	310	469	523	283	303	337	95	214	5	737	935	788	991	823	776	868	431	178	845	560	299	709	940	132	1072	569	665	463	831	551	1019	1005	140	1102	370	26	789	748	652	172	561
1013	108	473	854	458	220	395	733	517	663	442	269	13	786	1025	271	941	87	972	921	957	1001	160	121	857	346	664	927	1046	155	145	528	373	749	1120	763	1041	596	990	18	947	544	319	1085	349	466	406	781	158	244
1044	481	1060	708	57	67	23	468	565	188	136	536	429	383	246	557	157	960	906	397	154	826	969	643	453	876	722	1012	928	835	751	412	903	51	570	997	237	726	534	304	840	766	702	942	247	653	73	894	250	1098
419	141	846	259	260	622	11	818	993	954	981	361	518	1069	368	820	43	216	880	1006	193	588	482	488	403	720	899	804	399	439	277	838	782	117	642	334	731	1032	783	287	562	765	1078	712	1036	542	306	799	374	422
723	1082	535	1097	870	436	266	598	896	151	759	111	873	1111	658	467	1095	447	1080	500	978	356	577	575	37	224	329	146	626	98	901	634	65	420	604	326	847	611	289	716	953	409	682	330	1064	605	982	387	499	1083
347	12	55	120	1096	470	1038	59	16	881	363	800	147	866	780	388	919	677	844	758	4	354	384	391	454	1052	181	274	1023	378	902	83	171	730	284	156	62	736	576	639	944	462	858	135	550	568	281	88	434	401
727	288	527	236	1056	1094	345	967	186	1048	177	129	105	489	1093	608	33	1071	153	476	204	961	416	38	1099	414	774	510	1040	618	114	405	687	1028	331	897	72	862	768	512	257	597	218	614	320	1010	248	601	636	843
1073	130	494	923	253	525	255	1053	633	25	987	711	265	965	541	212	540	294	654	973	1031	739	96	393	223	437	509	905	815	123	619	1	90	829	558	1035	926	173	549	980	382	785	438	418	583	312	492	805	242	732
228	578	45	34	553	390	231	118	1022	1039	1037	75	631	1004	211	955	963	440	369	66	279	31	808	547	917	721	911	54	427	801	984	229	425	697	222	1089	718	822	450	895	322	693	208	348	807	1047	1075	559	511	122
1092	513	851	256	552	556	533	624	1108	309	149	84	449	848	784	602	719	930	579	199	651	180	103	679	99	839	669	2	671	1091	278	661	80	1070	701	456	888	889	207	40	637	587	995	333	833	952	6	893	128	850
3	531	268	176	483	261	163	827	600	292	46	524	280	769	267	15	877	325	699	35	933	695	1090	44	1122	389	1074	484	1002	650	809	860	293	691	480	376	381	620	623	353	585	674	1034	728	413	529	649	49	1087	627
778	307	71	884	14	1016	69	977	586	301	276	200	1054	133	58	1066	1103	205	992	567	1100	225	1059	713	367	164	1121	830	109	318	791	775	750	950	1003	1050	106	134	872	60	638	937	966	7	707	215	197	741	192	428
490	316	311	443	411	10	407	757	680	241	539	852	1118	491	628	760	945	317	21	85	812	168	936	606	773	344	452	607	17	951	332	451	1119	170	189	855	970	1112	336	291	254	424	913	754	107	819	313	39	916	190
1018	142	698	252	404	856	641	566	167	475	286	662	574	76	630	355	234	779	206	251	948	920	78	593	1063	448	816	640	589	1030	666	298	305	842	339	657	806	226	907	1088	738	849	210	998	859	516	9	357	1061	882
1042	185	673	956	219	879	548	100	144	1049	705	101	394	595	68	461	64	308	996	217	148	48	341	502	632	270	979	1113	465	74	989	377	202	729	676	580	828	756	127	764	1079	124	932	408	692	496	233	36	1116	79
999	1114	656	350	898	694	221	1009	546	184	150	81	734	629	871	883	24	335	213	745	918	1021	352	813	655	371	572	365	20	116	696	169	455	747	863	143	725	338	195	125	161	752	644	272	91	672	771	315	1057	323
515	485	1008	1105	817	321	343	659	138	986	660	162	282	790	112	798	685	802	53	503	974	755	258	86	564	1109	137	900	1011	77	910	625	1117	400	983	824	563	735	946	886	915	1029	892	770	493	1051	1101	532	740	372
761	505	56	592	243	1107	603	97	1077	767	924	670	837	42	1043	688	139	914	61	962	865	182	810	154	693	519	1119	265	1	354	557	76	1039	906	140	17	217	572	172	1082	355	1068	436	31	968	757	40	256	254	445
291	301	955	918	229	120	708	1122	929	988	553	568	590	957	277	1071	37	106	288	922	1010	153	901	972	672	83	391	679	264	204	381	622	900	50	674	819	539	694	1119	623	146	774	276	777	335	544	559	495	1027	179
641	566	651	504	827	1024	361	49	937	692	240	656	511	658	881	281	582	601	254	693	30	499	710	720	450	607	387	824	685	971	343	837	395	296	669	1044	998	729	904	369	436	360	897	782	1020	445	186	370	592	810
995	746	201	480	293	405	943	680	965	872	206	486	594	534	415	606	1023	78	23	378	760	537	438	750	719	657	24	1015	507	1094	646	1	496	976	100	22	58	62	132	681	905	589	1031	1089	55	119	659	208	826	909
167	968	56	546	885	632	673	80	609	479	831	1005	328	924	217	452	517	588	377	20	451	959	76	558	433	190	727	233	347	649	379	796	1091	0	32	564	135	373	934	952	871	365	1115	156	90	587	661	987	732	1014
484	509	736	350	324	776	1107	655	820	189	10	1018	932	1103	761	421	145	978	907	547	1113	914	985	636	913	317	213	604	1116	945	299	491	140	353	533	830	138	133	775	248	966	357	272	1029	865	742	744	462	665	787
8	4	1006	242	160	340	676	926	18	1111	561	471	290	1108	527	312	764	722	1090	526	424	1076	230	1060	686	441	596	991	1079	798	117	1105	228	237	605	1000	1012	368	886	168	816	134	689	951	677	838	502	102	320	1121
1053	432	548	857	498	196	200	554	845	483	1025	615	802	187	380	812	1041	1007	227	682	318	110	1092	721	1106	1017	1104	192	1039	868	786	283	805	70	19	52	13	1099	928	896	434	975	1062	169	979	690	947	397	519	419
626	40	940	461	151	973	439	150	158	715	16	977	757	423	34	467	1082	222	180	1110	420	510	99	1032	466	473	892	696	797	927	560	440	241	767	850	529	844	556	205	839	852	44	862	557	407	726	799	300	431	870
1067	666	88	996	316	1114	166	986	906	521	294	271	671	794	418	908	214	1036	398	784	514	105	142	412	199	954	144	273	435	282	848	856	29	779	630	501	232	21	148	72	285	981	287	1084	1078	593	344	35	834	289
337	60	730	1008	847	700	93	85	528	410	889	627	218	771	392	809	983	45	733	115	617	756	969	867	453	877	211	843	302	718	161	513	481	813	602	475	1081	611	374	224	751	990	524	949	1077	403	98	404	738	663
177	1040	1100	74	59	624	859	492	944	428	939	75	354	866	458	116	508	188	69	113	304	541	620	860	307	476	610	961	855	429	152	259	770	879	633	216	741	925	695	25	704	890	506	193	613	759	183	408	253	322
266	716	603	600	463	449	411	426	327	873	207	274	67	1093	942	691	65	82	2	841	86	197	1052	362	923	893	278	339	122	79	319	910	159	731	523	329	163	967	950	490	1101	894	364	385	783	654	265	175	389	804
530	919	579	270	688	255	275	584	1002	817	108	137	616	578	640	1068	71	1109	308	469	576	17	999	178	621	1075	48	1065	1059	825	599	310	444	1097	280	485	941	157	535	33	888	457	875	371	792	97	256	854	597	182
267	711	367	618	773	555	822	653	109	94	1046	114	1069	500	474	472	413	935	974	772	634	1074	223	1037	652	758	356	1083	570	41	749	61	697	962	702	292	960	698	149	1072	763	740	668	769	209	38	1030	1063	334	73
1054	984	372	994	437	470	494	446	409	1088	107	311	916	487	505	938	51	497	823	970	383	583	503	141	1033	155	735	36	920	891	239	828	1120	454	643	448	542	980	898	788	219	1050	194	27	807	465	915	1019	625	136
26	359	829	400	1086	518	306	394	128	586	569	853	234	684	263	399	81	390	861	124	7	884	127	931	765	752	645	11	930	247	963	147	250	333	1026	243	1042	414	1004	585	1073	562	184	709	212	808	1058	43	129	846
670	1098	687	1102	538	331	489	384	785	899	1028	351	874	629	9	551	778	84	191	637	295	1118	745	631	53	515	525	800	989	430	642	753	173	286	675	464	493	258	1087	91	262	887	1095	660	574	780	326	352	442	342
375	706	766	31	591	550	540	728	66	382	456	396	598	162	725	170	1048	89	707	92	235	956	176	814	1096	1066	1070	1047	902	96	683	3	705	993	269	911	552	863	313	325	425	619	416	321	667	1064	28	12	174	1034
315	882	215	388	363	567	638	68	789	226	762	406	422	522	87	131	386	635	139	790	298	1117	5	203	572	15	42	953	714	358	520	417	723	46	664	543	112	393	260	864	878	678	563	401	251	130	64	195	447	210
165	220	743	549	123	164	345	712	1080	1016	768	748	252	628	512	1003	349	912	581	851	933	903	455	842	532	198	648	488	608	1057	1035	795	803	1085	964	982	531	101	402	459	806	1022	246	791	314	14	575	118	268	427
261	612	39	244	181	883	577	305	647	341	336	77	713	468	858	639	231	811	303	171	111	125	279	54	876	703	662	376	573	644	346	297	1038	323	895	460	225	172	724	443	478	126	701	835	482	836	221	47	238	833
1056	95	249	832	821	154	536	849	737	958	946	948	869	614	348	245	63	366	781	754	1009	332	880	571	309	840	1011	793	104	330	103	815	1045	747	545	921	739	936	355	755	1049	1043	284	516	580	338	997	818	1051	734
257	917	595	565	992	236	185	1013	143	1112	57	477	1001	6	801	1061	1021	121	699	202	650	717	1055	365	678	861	579	799	750	240	1084	812	1005	542	1055	739	573	737	315	123	42	996	577	336	132	452	305	300	108	181
326	448	1027	21	275	546	332	900	345	1071	1041	1115	60	238	62	1047	255	971	924	37	496	260	827	940	869	569	289	16	1049	709	177	1044	766	1119	3	925	692	501	355	796	941	7	386	500	394	801	729	806	519	38
810	185	59	764	929	1032	756	1007	319	841	250	254	249	313	663	8	420	413	126	309	872	216	894	728	863	409	237	1006	443	927	190	202	383	39	221	647	625	923	658	596	300	951	838	266	1035	723	825	46	1048	974
648	712	1097	461	989	540	516	1055	400	438	719	933	466	103	86	1017	142	276	587	904	200	431	205	219	122	14	456	1094	43	312	28	360	672	51	189	30	885	572	372	1067	680	29	898	950	545	536	908	694	469	307
137	134	292	656	913	230	119	649	140	607	855	622	441	665	342	843	813	444	689	32	10	211	361	138	104	390	408	265	874	467	247	347	899	188	1082	84	780	305	1104	768	783	511	621	197	311	820	299	274	87	453
381	5	446	330	73	707	967	778	963	706	530	1105	568	512	432	1008	40	335	518	389	677	253	376	1	911	493	35	12	704	382	509	67	53	504	991	256	454	285	1016	455	68	812	112	1110	529	75	852	632	506	624
743	212	111	544	1068	748	725	901	52	937	116	952	435	631	1012	742	826	473	130	771	612	669	947	316	315	273	78	703	1085	782	366	1076	156	236	217	476	411	693	462	865	912	860	398	866	978	539	458	269	687	22
532	168	510	306	399	893	318	884	1108	157	196	528	472	99	181	1061	1103	115	127	63	233	1086	961	337	842	481	270	11	526	146	942	1010	1023	918	592	484	440	823	815	479	585	153	629	805	401	334	775	0	1050	192
226	497	161	637	1056	681	429	331	136	542	1100	657	833	97	639	956	921	936	760	74	174	889	559	1042	1043	954	832	938	749	293	147	682	1046	277	686	917	1015	1003	143	799	958	606	831	652	604	907	1088	2	555	671
779	451	1098	739	110	220	301	55	582	245	218	258	72	184	1034	983	791	428	988	662	155	915	685	352	1118	673	396	578	962	71	362	623	828	777	567	321	804	284	759	851	586	1013	364	47	868	839	145	449	48	1021
762	69	919	675	645	767	210	325	351	821	890	296	375	972	877	946	279	674	1000	1020	9	42	522	173	984	507	1060	491	1026	4	471	992	930	897	1073	131	348	482	734	955	736	329	387	94	549	589	278	920	881	380
708	909	374	15	41	785	215	802	170	80	711	583	1078	560	485	424	66	659	1122	846	800	379	879	13	132	397	406	442	720	570	369	1116	976	861	1057	1102	489	928	985	1064	558	755	910	213	525	556	718	77	1069	721
769	867	368	314	25	650	33	283	617	902	616	906	795	404	1005	939	646	599	114	288	987	149	163	209	520	754	579	494	344	1101	655	425	1095	244	248	705	521	418	666	1120	267	89	752	628	508	178	834	688	227	750
239	125	1062	139	395	171	45	151	1117	642	550	259	733	160	206	856	373	1028	272	883	757	638	603	1112	822	873	280	882	388	609	1079	595	1052	948	271	474	475	92	193	903	713	414	371	195	737	527	457	847	367	817
365	144	407	1014	234	636	1084	763	150	452	634	534	436	740	896	593	724	120	565	566	1072	480	615	758	730	600	618	286	887	477	871	953	1087	776	714	1063	304	121	459	643	573	1001	263	1045	726	350	543	98	340	859
774	198	786	50	302	700	64	690	336	1091	194	626	88	789	980	1089	857	814	31	1070	57	162	133	243	630	225	977	886	1036	268	100	994	610	359	605	619	204	811	575	298	377	982	416	824	981	696	773	415	320	303
597	370	853	660	1114	83	391	252	176	118	91	90	242	410	864	470	19	108	486	135	423	1093	588	531	49	353	548	580	358	338	998	76	450	240	794	1040	513	433	85	934	837	576	969	970	676	1090	468	790	854	926
109	761	702	384	932	966	698	914	349	465	722	241	1066	524	158	308	829	208	888	180	182	417	322	128	808	1038	224	261	667	498	514	598	1074	1029	102	701	357	679	633	499	601	105	999	490	107	175	793	437	727	447
235	809	58	426	20	747	478	166	1031	1018	745	61	1065	875	968	751	551	439	402	341	738	287	715	492	165	1030	1121	412	191	716	290	613	608	251	264	678	421	552	996	653	695	24	123	34	945	807	36	574	1113	23
1083	343	1075	850	1011	1099	346	183	710	445	262	957	246	997	965	995	113	81	117	788	333	535	96	201	223	172	354	784	845	792	818	732	1059	1025	483	931	18	95	70	291	858	553	515	419	93	973	870	1051	232	798
434	905	895	731	848	594	378	670	916	641	836	746	611	835	295	148	207	935	584	463	229	503	581	571	1096	840	393	892	294	862	79	1092	781	203	602	661	557	533	590	979	214	651	787	54	152	684	154	753	772	222
124	959	668	664	517	640	770	392	944	231	339	106	880	1058	1080	591	1111	65	562	487	1054	564	635	324	993	561	101	169	949	964	1033	363	943	141	297	644	26	27	986	405	1053	554	505	735	960	257	356	310	1107	228
975	1022	744	1077	878	323	488	1009	538	129	691	187	620	922	186	1004	164	830	1002	422	819	1039	990	816	281	891	541	614	179	577	844	385	717	495	17	765	403	627	523	803	563	460	654	56	502	82	328	537	6	317
849	1019	159	282	547	1109	427	1081	697	683	167	430	1024	199	741	797	44	327	876	1037	1106	464	699	315	153	966	687	1085	93	915	359	102	80	434	786	5	1095	337	696	1011	1078	451	879	63	727	94	754	458	808	970