2,0
862	849	1106	273	1151	989	349	623	889	157	539	808	444	675	729	1131	933	883	679	323	911	861	1084	1008	139	27	60	429	970	768	981	211	691	934	967	1030	589	988	191	673	1123	11	487	815	1003	461	244	440	663	647
67	940	450	568	403	43	213	882	955	913	1096	228	142	131	895	798	657	546	1122	74	271	495	22	869	499	735	831	602	1150	1089	56	426	857	681	741	234	329	421	7	125	264	565	896	87	582	803	786	953	80	782
392	991	723	29	779	261	805	222	1137	617	375	791	64	817	740	381	69	513	16	868	692	548	721	910	393	703	447	417	109	800	492	757	834	386	361	230	880	334	305	102	698	1005	951	52	1146	764	613	203	994	299
414	443	1048	537	255	1114	1051	427	704	428	342	124	225	121	173	326	758	126	143	1058	637	628	904	1071	874	767	425	702	668	30	629	180	383	179	373	932	789	1128	217	1135	770	888	672	608	870	807	120	374	318	520
730	378	839	833	859	1066	997	486	1109	504	769	369	196	177	562	748	569	274	411	963	614	1115	1042	104	172	24	82	920	977	1001	858	592	218	1057	345	508	31	284	554	521	41	410	445	1142	900	819	665	188	151	1112
20	6	1125	775	619	501	718	363	835	133	78	567	794	153	633	278	95	413	590	510	155	722	358	1082	525	366	996	618	649	1031	467	547	1093	840	852	253	1085	249	529	1113	75	325	88	242	708	604	971	1	709	250
307	448	1116	223	341	609	483	531	354	10	276	418	573	387	753	1087	687	45	939	233	572	1038	947	53	51	132	1029	1154	372	899	298	195	1040	171	811	957	68	836	304	442	431	147	700	518	924	744	948	484	138	1099
828	1140	300	887	1054	92	479	975	751	964	463	245	202	115	669	697	175	959	584	938	596	384	216	302	176	114	437	593	987	181	580	752	277	558	292	475	1100	491	37	370	555	615	420	936	441	285	1024	638	85	163
965	935	34	1061	631	976	337	76	235	571	248	931	498	524	39	287	240	707	193	576	886	773	1124	685	765	1077	229	1143	192	353	683	688	194	294	511	48	57	1012	781	625	601	12	1046	454	793	169	891	903	73	452
664	430	588	33	259	514	995	174	1103	612	190	252	950	399	1059	980	1069	140	990	716	949	260	863	898	322	893	603	94	35	1086	123	473	695	726	197	419	335	846	866	712	152	528	564	853	795	357	739	161	116	1072
774	416	408	731	507	907	906	485	339	263	280	482	842	167	295	954	1070	321	100	1068	84	1121	544	578	966	122	841	591	293	816	315	99	415	237	108	720	438	1045	559	738	254	500	622	598	519	141	844	183	945	1145
982	654	545	379	894	184	309	873	262	832	635	885	220	585	398	389	705	159	47	804	166	745	824	1011	577	351	772	908	456	536	65	999	854	942	937	272	1018	693	311	28	164	581	1039	97	983	1153	130	402	734	367
96	881	489	1056	224	303	962	643	1129	776	110	21	170	344	822	72	864	449	215	968	1010	105	742	566	91	610	750	699	684	761	243	814	317	646	778	666	538	639	199	1138	497	1144	872	809	396	257	1013	282	231	236
457	621	462	658	1064	855	407	1107	845	238	1050	296	915	470	719	706	466	792	728	1043	960	1002	107	377	70	743	754	390	424	986	333	1016	435	725	1034	641	930	1044	118	336	154	922	600	200	1015	969	136	821	50	626
823	594	956	241	884	98	771	851	678	451	848	583	83	788	405	634	694	61	146	400	661	162	59	306	3	941	879	676	1025	1004	651	119	1102	210	509	523	926	266	570	1036	129	279	522	81	1014	759	469	178	1105	620
1134	526	579	1139	756	984	111	468	1073	14	214	790	327	160	476	8	458	26	829	909	696	1092	611	182	784	25	867	993	871	820	802	49	439	38	1117	850	586	979	382	465	343	952	312	1063	549	66	205	494	338	1094
226	481	642	289	433	148	478	301	686	227	724	149	212	101	156	799	1067	605	587	332	737	488	838	659	1133	23	946	113	860	1047	308	1126	265	1022	689	320	365	667	560	550	890	135	1090	1060	682	843	63	517	144	219
1120	837	79	650	460	58	1027	2	208	1111	1127	599	477	901	391	1080	505	275	348	711	106	541	1000	198	878	17	542	1023	827	575	281	352	1148	636	1130	532	359	187	207	165	1049	897	892	246	269	616	1017	288	916	830
1028	251	512	36	394	701	297	19	310	553	267	112	1079	632	291	1081	1118	787	918	644	714	912	1088	189	710	876	247	5	660	563	1074	943	925	145	471	204	927	515	1104	397	826	316	432	1019	533	847	362	1041	1119	127
561	1035	209	314	423	331	656	552	905	404	806	474	763	368	973	1062	42	978	388	117	493	270	324	992	0	1083	9	812	902	55	1101	1033	1110	455	677	595	1055	530	717	875	319	385	556	496	434	18	813	1026	453	186
86	350	503	928	46	168	674	810	958	944	340	1007	221	1108	436	1052	1132	1152	627	998	1009	1053	961	258	137	330	376	1006	158	972	32	150	777	103	347	551	540	727	516	929	1037	206	985	877	412	328	648	346	680	736
607	917	459	506	1091	923	355	446	534	766	422	380	201	671	128	1020	401	286	268	90	1065	464	1076	921	690	785	1075	797	535	914	640	713	557	818	865	747	313	749	232	364	185	62	480	732	780	624	662	746	597	134
1021	655	856	783	360	290	71	4	645	44	472	762	801	796	715	1095	630	15	1098	1141	760	606	919	406	1136	93	283	825	543	652	89	670	653	409	755	13	77	1078	974	574	54	395	239	356	371	502	40	490	256	1097
1032	733	1147	527	1149	0	632	293	1057	68	759	230	1008	707	1038	150	152	1145	168	974	317	877	105	933	828	1034	236	47	945	28	296	1055	427	929	166	173	911	1106	942	436	298	590	97	449	1151	169	862	522	1010	141
913	1083	176	610	1077	488	109	901	1040	1080	396	1145	611	936	355	394	742	553	767	838	42	344	885	782	416	476	350	418	503	85	1013	445	483	301	756	185	236	376	395	1024	398	670	617	999	1084	367	172	279	745	537
759	574	193	1114	400	579	1113	454	1025	69	892	1009	386	364	785	475	41	405	404	1147	17	1110	662	209	739	101	886	674	290	293	125	53	234	558	80	253	581	692	1120	389	349	987	958	413	948	499	764	281	531	504
938	195	582	368	982	966	342	495	1015	658	634	60	690	88	215	570	51	1026	560	1	648	120	734	856	566	843	449	4	819	1031	286	145	511	1055	1124	29	755	865	532	201	93	924	591	177	261	124	259	846	332	343
403	1151	915	871	188	421	79	1115	765	56	750	43	816	262	946	834	636	682	65	5	803	113	817	731	1061	601	246	351	912	872	1036	222	77	917	995	571	1004	839	330	64	478	1056	87	437	229	994	390	1118	3	902
546	72	35	1137	97	121	74	805	164	930	1079	903	333	655	1125	688	1146	952	751	1087	775	513	30	637	59	130	150	58	237	1041	235	528	341	1049	668	299	509	920	468	1097	1099	181	1039	708	126	826	1122	365	650	791
25	900	348	944	550	494	479	191	744	217	1154	216	211	477	112	134	656	866	951	584	851	878	810	845	264	1090	410	1016	1043	219	572	522	99	974	910	430	549	345	736	515	0	896	307	327	272	514	213	45	1005	1012
895	603	618	766	263	972	84	114	620	438	877	1094	1022	1032	33	138	950	1072	23	1139	908	159	897	964	780	362	778	358	1054	37	1048	292	472	907	814	621	175	448	1152	800	473	595	408	143	684	108	325	357	377	137
781	786	978	1127	929	943	749	406	285	967	971	724	265	486	1069	1119	337	179	446	1001	1023	356	606	580	519	585	210	420	1052	231	916	827	1142	432	372	1148	411	807	870	963	783	1092	891	729	541	276	346	133	7	705
415	207	304	1002	850	228	761	698	275	441	309	161	456	83	536	792	888	194	459	1109	624	422	538	260	132	793	252	706	258	535	849	62	667	898	630	1143	1053	556	996	278	762	142	530	1101	76	697	616	63	1105	1044
461	714	858	508	47	893	282	909	170	1132	539	6	875	1117	1019	1111	689	510	24	614	883	1096	605	931	458	409	841	1095	40	280	116	1006	496	890	651	711	660	607	242	647	506	589	427	81	740	1140	320	887	98	86
363	737	245	968	391	840	250	686	241	926	326	166	680	205	787	905	613	1068	1033	267	969	544	587	148	230	460	203	50	608	694	287	360	158	516	540	643	633	588	370	798	399	681	273	543	1131	8	39	894	163	212
1050	919	772	523	392	713	401	1021	1107	312	1091	131	728	2	1047	769	186	746	847	664	725	1027	678	1141	696	873	825	497	322	136	962	1128	727	425	677	631	95	997	270	747	784	353	162	961	474	480	465	1017	347	92
795	990	107	940	730	467	447	934	90	597	444	336	502	1126	776	557	1058	1075	28	66	340	547	1038	715	565	366	1059	232	1134	38	563	889	707	493	73	932	949	44	864	34	842	247	57	334	732	632	1030	378	1082	183
296	1086	428	189	796	533	758	256	594	720	1051	1150	712	233	354	102	123	831	485	171	1003	979	753	559	777	46	323	314	311	869	36	174	221	879	1035	600	573	904	277	977	821	1018	155	818	960	822	417	552	628	291
521	884	384	622	498	986	947	196	788	1037	700	254	703	551	569	200	738	180	882	190	823	545	442	596	294	718	862	271	653	1073	22	240	453	520	501	463	452	625	1078	507	627	989	359	249	12	140	687	321	151	639
867	1046	110	100	835	147	103	144	933	106	1042	208	204	676	319	313	300	382	105	381	274	726	192	464	983	602	268	385	329	52	1029	837	615	371	435	911	1104	1088	1089	1014	644	641	797	927	965	853	820	289	315	218
68	429	167	959	1129	455	324	779	373	91	257	593	723	154	640	921	941	741	638	470	811	576	361	635	118	89	27	973	306	646	828	388	992	1076	187	223	251	1065	806	466	379	984	21	487	691	16	9	683	876	214
1085	623	481	925	451	529	302	942	812	225	1135	397	316	387	598	914	517	970	534	178	1064	443	462	283	1144	548	1057	119	809	55	815	673	799	763	423	808	122	82	169	226	773	975	434	604	146	431	1153	115	20	308
859	13	128	855	491	1071	295	733	1062	657	419	575	685	199	26	760	440	564	998	19	1102	238	609	735	1106	717	699	224	512	757	182	1081	482	111	248	592	1010	721	710	310	1034	642	857	669	654	672	693	1060	328	619
754	197	702	335	469	861	716	993	991	15	153	567	383	774	127	135	424	1123	955	1045	284	165	402	748	652	94	433	561	266	393	645	67	928	1112	852	671	860	1149	813	490	318	789	568	156	75	339	1011	303	583	830
923	833	844	1007	649	1130	298	32	489	880	439	375	374	380	14	18	578	243	484	1066	626	149	824	922	770	935	988	317	369	239	945	881	675	407	542	1121	338	1108	70	848	768	802	104	956	31	152	206	874	1074	577
832	794	701	414	160	906	599	139	980	976	863	518	743	527	554	492	665	790	939	752	801	412	829	1138	1008	471	220	168	54	1028	505	255	352	1020	771	141	612	173	1000	1116	953	288	661	48	937	954	1133	129	719	1067
804	96	679	524	297	586	157	695	981	426	659	709	305	868	227	244	1070	61	198	918	1103	704	1100	49	555	202	722	71	1063	78	663	957	11	331	436	10	899	526	184	562	836	500	1098	457	1093	854	525	629	666	985
1136	450	590	269	117	42	161	443	1031	633	344	793	1045	678	809	166	484	620	971	816	542	1121	812	832	938	900	615	279	987	572	406	758	960	671	725	46	322	510	1050	222	449	753	206	142	536	981	228	958	227	459
1015	48	367	278	573	752	12	268	221	78	339	531	336	369	341	828	409	1046	263	713	533	628	996	1085	346	541	1075	714	1007	684	36	364	1022	267	43	905	29	63	151	629	170	462	785	706	683	58	1089	664	710	861
133	1023	585	845	1106	813	626	765	56	402	605	231	384	180	333	511	363	704	550	181	52	1044	1140	186	1136	947	407	834	922	529	670	9	378	702	912	999	691	883	109	344	915	1087	851	189	540	7	641	971	1141	33
939	44	497	31	66	652	821	204	597	84	145	432	342	901	565	488	841	467	847	449	389	118	805	665	150	897	528	632	521	112	871	950	90	473	238	890	514	422	880	988	135	482	634	1061	1074	889	849	2	601	1093
967	914	412	717	799	690	616	1070	475	27	51	19	317	954	777	976	1010	566	1043	361	4	1001	936	666	678	621	720	726	740	1008	1120	995	464	835	1151	454	377	1027	723	429	461	60	567	141	81	559	8	920	869	831
582	191	35	477	745	196	536	612	949	16	774	166	987	98	241	22	909	124	563	757	444	594	970	161	195	88	1033	487	1153	1145	1082	538	908	990	595	188	560	640	902	394	159	855	649	979	463	80	815	736	469	134
298	1123	1102	863	116	106	453	445	1129	644	653	1029	619	203	938	183	718	888	679	1056	692	631	300	146	404	294	287	416	960	164	892	6	258	1019	357	228	340	592	763	966	127	962	913	786	977	667	1097	891	771	557
149	722	698	781	770	272	213	1036	438	850	302	155	1049	900	152	518	766	311	957	450	140	366	65	1055	870	371	682	790	647	430	918	675	919	168	884	97	983	468	591	91	501	1024	1131	209	309	163	328	940	544	455
663	782	82	1051	694	185	3	356	291	280	110	381	696	20	933	724	925	1125	330	252	929	928	542	758	129	779	156	236	372	711	673	443	197	570	34	247	603	944	516	659	686	1034	283	1032	162	613	553	725	655	1086
457	474	374	498	701	270	1146	470	277	911	705	319	436	980	413	95	1071	502	248	1073	824	1069	731	1101	266	1014	154	762	293	893	505	38	836	157	789	308	224	420	575	358	173	5	226	193	660	882	577	251	325	198
108	254	515	622	1077	668	608	703	1121	160	513	40	398	832	1142	734	1016	239	490	997	904	1148	64	506	783	825	798	15	21	688	1000	472	395	50	30	233	776	968	370	199	439	1030	1128	1028	348	852	558	289	738	452
791	656	946	1037	930	338	661	345	428	885	190	184	260	895	223	1068	47	483	1105	28	1122	830	296	57	244	243	262	408	658	961	1094	875	1021	545	636	1150	414	275	609	177	1119	881	235	153	576	210	399	848	1038	994
214	693	866	10	561	37	55	716	637	59	534	669	368	382	126	1100	1111	741	599	205	128	1018	886	827	427	810	906	72	380	1152	465	1052	792	1005	246	355	697	1026	707	674	687	175	1127	1099	743	973	769	539	67	306
1149	1054	471	807	446	250	201	814	286	54	778	68	917	139	569	441	125	96	307	662	817	943	349	376	85	795	143	546	353	391	347	574	121	1080	755	872	1108	610	284	775	527	17	728	324	600	216	249	147	423	253
87	1079	327	480	46	630	921	123	867	709	842	489	285	495	530	1147	458	442	953	874	255	77	860	998	73	459	1065	1130	590	1006	478	671	0	1139	571	555	1050	397	486	749	1035	1090	144	218	816	217	393	62	499	70
365	1117	864	410	635	838	257	417	1114	24	642	256	171	695	1067	896	833	593	727	103	568	784	83	598	113	596	447	618	375	115	1013	643	406	265	359	524	606	627	1041	331	583	801	617	122	1095	876	401	1042	955	101
672	708	200	75	584	532	316	645	615	245	334	1133	437	485	1053	492	844	768	858	1124	136	1062	744	132	623	460	481	812	1047	1058	894	120	229	176	512	42	958	739	572	737	899	318	292	868	1113	937	648	854	39	681
259	1107	602	431	543	440	202	388	651	931	552	712	503	910	215	13	806	879	1045	1126	403	903	772	1083	392	820	25	564	1059	100	676	337	466	211	840	390	604	746	425	14	873	208	984	732	1020	862	451	207	1109	657
138	522	699	315	985	119	312	620	1138	174	261	760	829	887	764	759	975	102	45	362	611	520	11	396	433	264	510	321	537	554	978	86	549	99	53	751	290	476	74	335	148	578	1088	556	421	105	107	276	142	818
167	354	839	607	1066	227	748	320	761	1039	448	351	26	92	614	730	927	1103	274	1009	299	1	61	963	803	23	383	853	754	104	379	551	1115	992	326	952	677	808	187	804	650	343	767	1025	793	332	721	562	948	273
313	747	959	456	1143	418	504	405	220	1057	424	964	547	419	281	305	386	898	206	279	729	387	756	907	179	269	1092	89	965	1091	137	508	182	117	1063	859	234	579	130	981	588	240	685	733	794	242	1002	809	1096	1072
131	230	360	79	589	1012	1137	1011	633	624	719	1076	991	916	945	932	797	1135	479	780	802	1078	811	288	426	865	986	951	509	1132	878	742	1003	548	843	989	496	819	934	434	1116	225	680	525	500	169	753	400	282	304
972	750	1118	822	580	350	411	935	1031	484	1040	158	1154	219	1060	303	222	846	493	924	32	526	796	1064	942	314	172	94	646	639	271	76	1112	232	715	385	415	654	800	322	165	329	491	638	974	823	494	297	587	178
877	194	837	993	625	71	700	773	523	535	435	41	788	581	212	586	352	507	1104	1134	310	1048	689	923	519	926	111	956	373	1084	941	857	301	1017	18	1081	969	735	1144	1004	237	49	323	295	517	1098	787	192	1110	69
982	114	826	93	856	108	765	782	713	960	585	744	1090	1040	51	47	601	636	624	419	320	18	553	1041	844	949	1135	778	387	757	382	234	598	46	215	470	1102	134	165	376	522	966	392	501	982	976	650	968	838	783
436	518	898	728	342	871	98	857	1034	1038	1070	321	1115	233	949	1042	844	640	1103	200	781	764	793	967	484	733	742	719	20	293	812	881	889	499	613	196	1092	286	1061	278	455	807	875	489	368	1027	677	952	864	1006
1030	351	4	578	656	104	119	713	396	77	712	193	1150	32	442	515	978	840	990	65	522	940	562	600	66	607	81	617	927	91	532	596	913	505	262	274	176	337	863	818	755	452	1101	744	704	1137	665	749	118	576
855	329	934	1051	2	684	892	653	1007	1147	632	128	803	1035	887	51	1012	826	147	1087	357	362	151	174	116	660	969	915	726	563	954	355	981	482	237	1069	425	696	909	720	928	143	353	1001	9	589	931	431	48	273
474	1146	76	19	136	772	375	972	814	602	97	546	190	901	693	1010	846	232	296	490	75	691	538	1083	670	63	407	258	960	754	701	481	977	493	194	780	813	371	612	265	785	705	479	466	335	1139	160	649	1064	702
21	721	516	388	1080	295	753	1096	828	791	874	707	758	1123	498	323	575	391	171	503	552	1062	794	948	586	1093	167	139	703	380	191	556	96	941	1089	731	1095	1133	461	215	367	61	630	444	893	74	7	369	471	917
886	283	285	905	907	408	246	50	739	58	433	343	462	783	155	822	37	397	1081	1028	322	765	715	1073	504	620	533	623	729	861	711	92	619	416	1058	850	671	902	399	377	774	854	1047	70	743	1124	1109	150	736	1129
212	603	428	349	624	572	1127	1049	389	695	1100	542	987	802	530	786	67	378	593	1097	330	699	741	162	169	130	161	692	125	717	860	845	475	775	588	348	109	1025	255	821	787	157	1032	129	631	303	508	723	467	622
544	900	521	501	805	1132	1131	1111	224	52	511	16	250	142	599	1135	621	756	83	438	206	427	487	947	809	78	531	819	208	360	227	426	84	724	1148	747	980	106	270	668	11	381	46	825	520	443	604	1026	140	85
866	950	44	189	974	808	103	897	914	769	1086	710	228	835	824	577	570	709	683	838	114	770	72	341	261	1068	817	760	494	935	956	687	1090	56	833	669	218	291	627	112	1	146	548	1019	95	567	437	610	127	559
411	480	307	231	523	936	832	539	993	524	354	529	0	42	910	1142	38	925	605	214	795	1053	652	1059	766	878	401	288	740	41	1000	413	932	1039	597	29	797	247	108	465	655	771	310	782	320	1119	1002	955	829	686
678	318	880	985	1125	777	986	725	43	537	280	673	472	526	137	1018	1067	446	121	694	837	8	823	568	24	486	386	847	463	839	259	762	592	997	1022	1045	124	509	249	862	133	432	182	15	31	870	625	569	73	459
395	904	921	36	606	222	637	477	738	405	30	284	312	115	1121	398	216	210	659	642	810	584	209	512	598	308	1102	527	33	385	961	681	1065	26	420	1151	332	188	429	1037	94	788	257	752	558	550	676	366	718	384
565	390	831	865	815	345	639	419	730	945	23	100	1108	663	34	1107	761	122	198	1066	315	716	616	230	456	685	859	722	225	6	933	732	478	1015	226	87	90	316	197	923	1043	135	45	1141	54	555	382	28	851	748
113	132	942	882	1013	1085	959	131	333	873	306	645	248	117	856	111	975	502	358	920	635	304	658	336	700	891	745	422	271	350	244	943	776	885	181	638	963	868	145	179	912	727	457	1029	629	768	989	848	325	698
1098	970	929	734	496	254	305	410	251	445	680	899	491	430	266	338	916	1003	1004	192	53	547	1060	784	513	418	590	435	12	243	311	636	177	361	363	439	1149	154	1136	185	675	1117	393	965	688	281	82	926	240	1023
1084	327	110	25	272	951	205	245	334	173	968	1046	441	1128	18	1005	646	294	80	1138	1044	469	1074	937	779	799	99	453	263	164	126	601	939	347	1079	421	464	651	1134	22	79	582	528	71	644	918	841	1072	853	996
269	253	319	1130	158	500	1088	750	144	919	608	93	403	674	1094	10	1120	344	447	340	298	583	763	634	204	618	751	615	946	591	1016	1077	424	979	650	579	359	1033	773	313	17	574	276	373	107	561	49	697	1075	792
372	585	123	983	449	609	3	984	564	836	560	256	1011	1106	595	682	14	166	1055	483	346	352	223	221	27	400	217	551	370	519	165	549	543	287	39	842	235	60	1082	402	662	737	1021	554	706	816	1056	930	180	958
536	301	976	767	383	1063	690	796	414	476	314	105	991	387	580	202	896	141	1145	365	339	394	888	1116	62	134	101	614	1020	460	611	275	1008	1099	178	309	175	510	195	633	238	1154	152	666	806	1041	843	55	708	962
895	374	88	811	488	1153	497	800	1114	184	735	1113	159	1091	679	1040	331	540	1014	789	1104	876	507	571	999	647	440	1140	1054	982	1126	470	988	220	648	922	297	924	746	553	5	13	199	260	239	156	242	412	458	643
213	120	86	149	207	971	172	168	406	995	392	667	535	138	908	827	689	957	890	884	661	872	203	759	906	654	1122	1105	992	581	454	820	664	849	290	557	1009	485	468	163	852	1031	534	757	525	964	417	672	801	830
59	450	252	790	415	68	1057	1143	1071	492	944	573	268	1048	869	277	170	64	628	267	409	404	379	219	89	1024	153	903	911	506	434	626	279	376	300	102	966	451	423	994	289	834	877	69	714	517	186	657	973	1052
364	292	858	201	1110	317	883	57	894	545	473	1152	804	879	566	229	1076	594	234	264	1118	326	1078	448	587	35	236	148	282	47	867	1050	495	211	356	328	514	1017	953	1144	187	778	938	241	641	1036	302	183	541	798
998	1112	324	299	40	221	245	1094	710	1103	708	41	71	359	1123	148	574	157	432	263	370	128	344	30	1	77	609	691	892	485	1110	1057	705	170	297	336	827	991	823	229	907	861	646	294	442	880	553	464	94	936
194	1036	164	484	734	852	699	93	265	928	528	555	966	64	739	579	863	646	510	575	908	447	578	301	192	987	91	95	738	318	53	785	1080	1067	299	412	269	704	73	70	411	1009	1046	365	803	582	86	344	798	314
496	407	712	535	1095	434	779	932	633	181	185	373	209	277	1148	724	187	581	1015	951	203	116	422	737	148	282	1094	174	1123	931	451	414	836	721	522	398	268	958	253	285	191	82	789	902	79	964	111	1150	527	283
1085	358	791	619	959	558	467	889	391	648	327	677	413	594	157	1098	531	204	859	773	601	372	562	1107	118	905	653	255	886	459	183	885	552	1100	19	868	881	996	127	322	986	430	518	1141	453	152	226	666	1151	10
1048	56	682	890	830	913	592	175	691	297	308	363	217	1104	756	1030	445	293	485	360	896	304	121	212	1109	396	27	571	138	865	369	606	634	914	306	979	14	768	551	7	250	385	421	706	1063	919	1002	339	218	425
856	2	103	862	1076	420	449	814	1033	384	133	487	343	788	567	630	479	652	402	1012	722	590	232	124	389	811	44	871	378	102	998	289	84	870	980	215	165	97	100	864	334	720	718	911	257	76	1127	854	46	409
967	427	208	514	300	456	207	984	236	228	23	802	941	1072	860	565	210	809	1019	1147	1132	736	610	33	1053	1115	426	883	746	805	464	1087	692	98	312	563	410	549	85	476	72	1134	1140	195	155	392	3	331	240	954
861	394	948	395	723	835	547	597	171	1128	537	55	765	429	1020	820	1082	273	516	292	45	686	782	1049	735	1111	843	51	1133	949	225	69	230	636	681	627	362	513	1038	109	305	923	1129	244	960	28	847	145	925	615
596	37	87	1070	325	936	216	917	946	319	25	1058	491	637	26	848	1145	825	1093	503	975	142	106	569	574	899	140	799	81	1064	607	406	1065	678	94	540	1004	368	731	354	670	153	388	660	200	156	991	303	855	542
651	598	664	639	589	1050	640	123	1005	816	274	189	1118	858	404	416	962	499	337	39	570	1097	1011	827	1032	599	747	214	490	937	918	221	311	309	294	904	170	972	815	62	757	66	1149	961	710	298	930	307	655	89
665	568	823	600	386	352	679	778	605	1073	927	182	824	162	701	1041	650	1143	477	745	620	1001	1060	654	784	685	261	173	290	661	260	1078	254	262	169	335	675	504	1077	978	663	245	538	934	128	355	1047	454	134	907
9	38	832	341	781	844	132	920	725	910	755	1091	4	882	353	495	146	1000	68	198	1074	698	22	595	676	638	1139	1057	1054	284	333	1027	482	775	177	981	888	276	1035	624	635	602	110	440	643	618	667	621	548	101
943	1039	441	258	707	48	468	593	399	160	1110	131	233	576	631	970	758	75	906	688	794	1089	32	201	644	393	370	645	36	248	957	190	818	588	530	999	80	460	431	572	1052	1135	224	892	968	545	239	34	1003	1056
963	1142	502	329	689	313	611	1010	340	793	556	897	880	473	205	520	139	267	777	842	143	626	658	336	151	231	1130	591	539	759	129	108	649	1144	351	136	806	113	769	1059	387	829	65	753	119	632	474	403	435	1117
286	1034	557	971	1069	1043	717	1108	939	219	1106	662	1138	884	147	517	901	641	780	767	711	323	310	521	461	849	144	973	990	733	715	783	876	845	243	31	808	130	320	202	375	1121	766	166	903	945	726	950	741	506
419	122	819	488	561	1016	270	88	604	213	608	211	926	869	59	1068	238	397	831	690	915	693	577	275	321	586	709	472	519	988	1088	796	674	345	266	744	705	469	696	1090	463	938	997	764	771	669	367	695	1096	1125
761	807	498	714	71	656	12	716	851	1126	742	508	357	176	390	1037	179	834	342	220	172	566	330	534	924	533	114	382	196	296	839	1101	1017	259	193	837	159	955	647	554	684	493	697	942	280	74	349	379	727	437
952	42	433	1024	754	295	1136	316	125	199	1099	137	763	976	909	186	893	60	866	115	52	916	58	1075	935	428	587	30	383	983	112	462	117	573	1084	376	458	17	826	853	149	78	317	1025	1119	874	817	263	629	1045
436	1055	67	921	1120	77	850	977	982	5	1018	840	560	748	1031	324	1112	264	167	380	1021	1137	1116	1007	732	505	400	511	197	332	994	439	728	350	544	786	43	523	1	743	494	417	838	126	104	887	15	450	29	1083
11	668	750	719	956	444	287	481	1114	612	617	377	900	90	821	524	154	940	694	338	1152	50	135	898	16	366	443	749	13	944	279	501	168	452	475	288	470	894	281	947	564	804	424	457	234	1071	877	8	1131	659
1013	616	347	242	965	423	657	813	206	408	361	61	760	251	1014	683	466	278	150	47	532	929	797	105	356	833	438	507	673	879	1061	553	525	471	1092	1081	364	1124	1153	1113	54	584	1122	497	509	740	515	405	526	822
271	448	328	272	1103	492	867	671	642	625	223	92	315	18	49	249	841	614	480	953	83	237	933	1044	1102	1026	770	188	291	486	912	687	993	585	1146	878	158	708	772	40	241	795	974	184	21	622	1154	609	1079	57
1022	163	246	483	995	442	875	1029	229	873	529	247	381	302	541	774	1051	1040	790	512	989	559	700	0	120	550	222	401	580	801	1008	812	969	371	672	776	846	1023	227	922	326	628	418	359	702	603	99	346	546	24
374	235	415	857	730	478	1062	96	752	1086	465	6	1105	828	810	1042	348	543	583	703	792	680	256	713	985	536	20	1006	35	992	762	751	872	1066	252	800	891	895	1028	63	178	787	729	141	41	180	446	500	455	107
623	613	489	161	432	188	232	405	50	958	473	1030	386	428	141	605	576	914	67	121	1052	574	123	381	754	850	745	1076	309	43	959	1149	922	788	1006	245	135	371	212	727	104	72	1122	75	485	678	484	458	787	335
835	715	504	853	317	399	664	262	139	29	1053	1057	874	982	201	686	786	711	9	44	872	19	529	909	591	505	1013	230	1096	1082	495	76	911	1092	409	618	1121	474	1078	562	520	773	99	503	610	325	854	682	1113	992
941	27	232	149	1083	166	537	164	975	95	373	956	518	375	415	598	283	972	882	30	906	581	740	397	583	8	675	790	217	1015	637	189	1065	466	881	810	457	782	777	597	242	1068	71	427	880	446	718	285	1129	264
639	979	207	531	174	355	488	226	548	1051	602	119	1126	821	903	741	678	440	667	940	349	993	1018	323	448	687	858	867	142	714	894	708	32	310	807	425	273	80	1103	871	79	1098	580	978	338	1089	833	633	1058	1050
534	1088	1006	752	348	151	496	187	296	87	1076	351	830	416	575	797	406	855	196	1025	706	464	1144	477	990	843	555	745	16	544	522	859	756	476	1021	28	229	968	542	455	127	901	56	353	506	794	561	918	1029	742
429	370	943	914	364	124	1150	516	209	379	443	719	933	703	726	834	923	256	981	819	238	963	432	84	573	453	604	58	254	1095	315	737	532	472	1033	530	883	738	113	1067	1099	850	290	1036	418	930	603	458	766	53
108	554	1142	302	784	1106	175	394	208	359	499	240	739	49	947	806	613	594	701	961	649	765	360	849	1136	769	305	126	758	705	658	97	116	925	303	439	671	1035	536	831	40	328	22	832	371	428	120	910	316	158
203	824	622	775	350	570	245	102	1060	642	385	1139	820	783	365	995	1094	250	280	751	205	442	1143	1075	12	1010	21	473	526	934	661	576	965	519	11	1145	6	509	339	341	1149	695	33	357	1118	17	72	324	781	601
1100	222	1152	638	543	337	291	1049	247	221	677	23	263	170	907	1080	233	467	815	760	309	188	879	444	1028	945	319	605	270	1011	960	322	74	469	392	572	167	1012	423	10	908	478	194	724	1071	514	1004	45	111	35
974	1037	402	106	206	1091	983	827	938	748	297	665	220	550	483	346	152	753	727	875	1066	922	1009	131	951	475	631	684	300	381	651	243	395	195	63	1022	1134	452	41	366	110	498	486	47	77	811	564	435	942	688
746	68	1123	330	862	162	950	656	712	704	744	970	702	200	1105	92	840	1115	132	31	1116	1056	117	1061	304	299	551	249	878	403	479	808	277	984	225	178	159	900	78	556	491	1086	1062	145	0	720	1027	892	679	754
1054	24	646	627	569	998	430	617	1052	183	1005	508	417	624	521	848	268	713	1008	1041	626	1043	916	839	82	964	109	560	1081	986	932	382	668	176	1002	5	774	333	282	976	59	977	485	898	134	89	424	136	1030	227
13	480	856	497	198	460	515	320	1132	893	565	1014	588	118	115	160	825	681	1090	128	213	919	1020	471	148	772	15	804	920	558	445	710	335	552	731	802	988	889	38	52	614	1093	481	51	231	419	669	468	104	295
582	329	179	396	100	144	1119	168	1084	450	1130	137	184	771	449	1151	809	235	1007	380	616	50	398	93	884	275	314	266	389	643	655	873	94	1079	85	895	321	625	989	340	966	936	549	584	757	1117	239	699	386	216
985	846	70	191	293	822	161	3	585	590	1111	628	897	924	413	722	377	358	404	456	621	905	611	165	709	647	1063	538	48	138	507	660	81	691	836	312	994	780	342	607	214	517	412	140	630	1023	411	192	64	533
405	877	690	344	215	689	641	644	258	770	1137	463	734	600	42	652	421	568	666	298	26	482	640	557	172	887	129	635	362	331	327	620	812	1024	971	818	732	1125	490	1109	566	433	1135	311	410	891	269	1074	826	694
271	685	599	369	785	500	1059	674	612	272	510	672	803	121	1122	788	376	723	252	367	155	657	645	332	915	913	946	46	1141	865	1097	967	372	18	800	1016	935	792	852	779	1039	670	244	91	698	725	57	1031	67	535
286	1040	700	374	648	1001	888	837	847	246	157	1032	615	1107	154	182	729	868	383	683	1120	103	962	659	997	595	857	764	563	204	36	237	1138	796	816	653	609	828	210	1128	546	73	107	762	1112	866	141	408	197	259
260	608	523	817	501	219	361	735	952	368	904	43	728	426	844	431	733	193	1070	634	65	289	673	190	14	799	789	69	1085	805	629	885	334	459	587	860	487	441	287	105	527	1072	899	60	513	306	484	1101	1047	422
1148	1154	1000	991	717	436	778	218	313	663	292	623	767	791	864	917	838	447	1038	949	465	356	959	1044	37	224	841	146	958	98	654	1034	577	420	1073	326	1140	596	801	199	921	937	842	112	793	202	387	400	912	347
524	55	632	954	470	707	571	528	451	363	743	147	969	301	388	870	929	1046	545	251	1146	223	869	86	4	354	795	384	391	454	1019	896	736	181	768	274	1077	133	378	511	83	171	716	278	845	761	747	284	928	539
156	62	336	749	1045	787	1114	241	813	1102	973	462	1108	999	135	1042	2	153	776	281	996	88	829	636	574	434	401	1026	288	236	343	493	345	308	186	750	1153	177	798	489	1110	261	926	101	414	276	589	886	730	114
606	20	586	763	39	61	122	944	512	876	257	1124	150	957	248	953	823	592	7	130	494	696	593	253	525	255	680	851	1017	1087	25	163	693	265	863	461	541	697	212	540	294	1127	861	502	755	987	169	1064	96	393
437	407	955	721	927	931	123	619	1	90	318	143	173	1131	267	438	692	980	492	1048	902	1104	228	578	1069	34	890	553	759	390	1147	814	352	125	75	234	211	185	66	279	1055	547	650	948	180	662	54	1003	307	676
559	939	579	1133	567	781	211	586	48	1074	902	925	71	491	99	785	1025	252	933	804	614	757	917	765	680	142	67	366	401	1128	571	1103	674	993	906	957	58	174	920	459	1030	566	417	1018	250	1146	176	831	720	393
733	782	639	32	1048	46	755	512	526	303	1096	1052	1023	845	166	1003	1113	602	249	1081	553	384	657	691	538	694	159	773	761	484	213	515	231	706	237	654	784	62	326	701	999	523	537	127	97	590	414	286	268	1017
956	391	487	768	416	479	144	52	1036	519	30	1032	820	1136	880	185	422	717	832	80	226	779	752	498	524	81	1082	361	542	632	153	759	61	943	297	160	470	962	664	305	442	1000	970	368	855	120	14	665	1024	1010
1125	362	460	463	613	151	347	932	36	852	610	39	767	1097	650	448	807	341	811	1009	201	290	131	983	427	735	141	916	987	605	517	964	961	914	896	1074	363	481	908	140	135	415	82	580	227	482	529	568	604	802
575	957	1132	475	157	666	648	291	350	1146	57	267	507	839	138	903	432	561	372	22	375	9	616	447	953	328	1108	436	949	818	1067	551	924	293	148	42	8	795	720	931	1109	1077	75	762	1047	37	1083	134	709	888
5	1008	374	40	1100	718	594	229	582	23	535	317	581	203	20	169	673	132	871	969	774	283	119	106	449	682	669	66	327	544	626	357	792	279	107	934	939	714	584	318	846	922	874	1045	729	465	546	859	1050	539
947	53	26	917	12	925	623	1007	518	658	255	936	1084	440	110	592	344	179	257	547	731	433	164	929	176	630	1137	776	111	100	615	844	395	392	139	1058	927	423	611	1040	54	942	137	377	644	272	556	674	527	114
339	521	389	409	208	902	457	631	637	211	250	741	25	743	598	47	881	599	397	748	217	58	253	536	85	1029	356	204	997	109	786	1142	10	534	1145	443	920	1072	189	702	566	256	810	647	700	1078	954	677	431	912
858	240	685	1066	333	78	765	825	192	84	873	386	1064	525	1060	596	935	15	979	708	1105	424	571	866	618	399	402	263	606	659	793	41	565	202	1153	156	19	1147	330	1123	124	785	462	876	968	49	241	960	1073	178
190	978	861	991	455	420	264	1106	865	320	162	827	244	1144	1110	848	471	854	919	975	541	698	234	850	94	183	125	276	1039	965	549	676	528	560	358	740	56	1094	545	258	299	589	884	450	514	984	335	1044	636	1069
3	68	261	353	315	809	50	952	909	150	88	1002	730	760	421	804	502	1037	349	43	780	1001	661	351	1043	621	165	562	548	872	1025	60	210	376	336	781	1034	576	800	629	946	342	352	396	18	232	966	892	281	170
721	801	483	558	808	401	608	651	1149	301	862	607	1095	503	977	473	603	1120	829	837	11	158	235	725	65	1087	464	230	992	981	567	693	1018	595	199	1021	387	24	513	233	83	314	1042	1046	540	918	146	736	248	294
868	1119	1026	466	742	824	1107	1004	87	612	577	1022	875	345	609	292	435	869	1138	407	143	154	1016	679	643	1049	696	1	976	445	627	833	1130	413	574	504	703	573	186	338	688	102	732	206	989	55	509	112	167	428
187	495	823	1140	312	1104	461	1061	360	1056	1028	851	772	891	323	690	945	467	672	254	689	1115	789	1117	76	921	879	805	642	750	1122	695	296	0	288	4	910	27	355	830	821	1118	90	893	816	488	101	79	497	994
901	749	1141	1133	906	617	168	239	745	522	145	31	295	324	472	493	251	6	343	756	491	452	1088	1076	707	130	986	480	687	96	787	928	133	898	406	486	184	194	843	796	277	520	822	798	242	1027	972	554	1038	716
958	1071	738	419	655	441	418	381	371	764	400	727	74	734	373	620	895	379	366	77	64	388	777	246	915	1068	641	494	783	129	117	236	228	383	967	180	923	680	754	646	380	1135	220	390	171	624	1151	770	1057	126
173	905	298	340	174	365	196	200	1011	944	103	628	766	147	1128	1154	207	118	468	638	739	332	622	284	378	697	813	758	1090	791	675	803	955	817	331	439	70	394	531	885	564	426	505	13	938	667	985	1131	28	926
907	971	198	92	681	840	195	300	625	828	1012	890	1091	552	215	1127	941	663	369	913	662	670	260	853	16	842	863	883	900	34	1013	973	370	222	692	569	446	778	430	990	99	835	121	89	214	1150	555	393	322	719
285	753	860	1092	511	282	1035	1129	205	91	593	44	897	878	1126	838	1079	21	1089	438	405	1139	600	1054	316	95	477	1051	771	728	123	806	271	1121	212	889	841	726	225	398	1111	937	105	142	412	711	635	656	273	1059
434	794	287	501	911	29	247	550	451	996	744	533	660	72	797	243	998	163	104	385	856	35	640	289	337	572	496	751	510	1031	933	864	585	506	1148	93	1102	1143	499	410	325	245	218	963	269	904	348	633	45	454
115	583	306	974	601	453	559	723	221	302	310	161	993	1112	1053	1101	51	649	886	224	359	489	819	1070	867	403	98	404	686	980	177	478	769	1006	59	17	382	492	763	940	155	587	354	238	458	116	959	508	1103	188
69	113	304	834	1015	1030	586	278	1124	645	456	307	476	557	814	1086	1080	849	262	757	266	429	152	259	7	1093	216	38	437	775	425	193	815	1055	408	715	988	857	530	411	1033	704	274	67	516	563	219	737	2	836
86	678	197	1116	321	122	588	319	459	1014	329	826	490	1114	746	364	1075	417	265	175	722	1019	619	579	270	1099	149	275	1063	812	108	1134	578	1098	948	71	831	308	469	747	1041	48	444	191	280	485	712	33	313	1005
63	591	597	799	182	870	311	367	671	653	713	181	500	474	543	887	995	532	894	634	982	309	223	172	652	877	128	930	788	882	570	1065	136	705	1085	252	899	951	1152	724	683	684	847	1020	950	668	710	209	1062	790
346	614	334	73	699	174	1085	182	9	1149	267	534	206	145	266	637	53	683	478	130	33	601	1011	10	397	1144	1044	343	823	593	784	366	215	1113	710	700	874	882	1074	385	488	188	251	277	851	721	412	718	1012	606
711	501	337	905	342	956	197	189	153	1128	1057	846	706	697	520	523	1029	1005	1060	177	238	419	1144	16	389	750	340	645	989	504	398	32	766	920	302	263	517	347	354	528	979	810	1104	228	117	1056	161	993	790	345
243	981	674	1120	237	12	375	775	524	1054	260	434	382	635	702	960	205	80	250	1093	462	959	332	15	116	383	441	211	120	798	663	34	684	839	1071	2	714	617	500	868	432	869	1085	67	1098	386	785	803	642	184
538	453	435	1018	217	323	415	737	135	935	306	675	661	832	590	1011	1040	335	88	366	36	283	627	133	144	814	1087	593	215	1116	209	374	59	1007	1147	480	888	103	1075	676	858	190	649	1110	111	630	276	844	1133	463
37	360	882	65	691	46	479	610	274	585	353	1150	75	781	440	547	883	796	361	990	310	574	465	201	86	224	988	720	1067	879	907	447	1061	650	472	400	142	743	767	286	145	710	1045	1064	308	555	341	670	490	10
889	1096	848	732	464	185	26	371	662	800	535	473	384	114	890	571	3	344	786	940	1108	256	616	275	980	519	97	769	605	594	558	957	1055	254	613	403	493	1142	724	651	763	395	654	681	1146	469	734	399	1109	537
14	526	545	531	196	106	1073	644	914	692	50	1149	467	43	1143	367	964	1125	828	268	1026	819	941	7	245	818	1112	339	321	543	385	372	317	736	176	614	902	318	1100	84	311	925	859	169	1053	911	49	454	18	1083
838	560	401	1001	841	540	1123	660	836	1002	391	93	21	744	204	564	51	891	255	726	1136	912	498	226	477	330	305	867	1114	1115	653	802	451	247	40	1141	705	978	539	1000	728	155	598	1047	1134	346	362	1038	1027	821
476	439	478	1065	295	188	1059	729	312	19	864	753	611	90	458	87	915	509	105	602	316	165	141	69	301	85	1118	309	919	975	806	221	25	285	450	820	402	683	8	253	953	1068	768	139	182	618	168	495	544	853
230	322	861	881	943	1130	532	488	542	277	647	423	102	368	443	801	416	735	232	1036	909	752	429	1080	377	140	319	172	282	122	730	414	982	529	281	1014	60	1017	851	325	901	47	91	123	411	167	576	1094	742	1074
945	30	791	515	973	860	949	265	1129	991	227	304	104	1152	35	180	491	508	126	438	497	834	575	1124	1066	704	578	1069	589	71	143	1	717	73	830	826	931	119	749	903	776	23	112	549	62	27	287	158	606	835
746	219	131	563	474	513	1016	292	38	927	448	199	422	6	216	326	896	551	358	932	908	390	721	1095	191	773	876	631	741	264	240	5	970	296	659	1103	210	788	664	408	615	553	108	625	39	1051	646	200	261	690
758	847	582	53	873	572	677	952	713	840	694	974	804	1035	600	792	1063	566	880	270	822	875	299	1081	733	28	444	357	307	164	1091	202	249	923	971	797	916	29	95	289	266	449	626	570	137	134	273	652	343	407
755	774	787	194	825	936	824	1153	288	522	640	138	1024	421	468	612	967	698	512	333	596	203	712	77	381	764	1050	1106	313	223	22	599	913	267	954	328	320	136	198	64	96	723	679	349	552	622	852	1043	997	214
918	291	865	1037	565	965	481	235	568	780	68	420	624	709	587	58	234	300	799	212	1022	707	765	225	207	428	52	607	628	376	148	121	246	872	173	130	502	894	56	870	1072	1031	668	430	78	562	460	1077	242	1097
671	1030	156	236	725	461	269	258	257	506	591	315	290	174	510	297	782	505	456	1033	740	984	294	370	186	985	499	511	405	778	466	633	1088	922	1025	314	567	680	977	1023	127	854	351	546	760	855	98	157	708	569
998	99	878	181	187	900	762	961	1105	115	639	392	355	63	777	233	556	1058	222	1079	899	11	951	146	72	1101	363	324	629	850	1102	160	293	446	128	455	4	1121	561	665	619	1003	470	1145	334	604	0	637	484	192
394	738	673	1122	947	152	963	331	648	1032	906	866	1139	1117	747	815	503	378	1021	530	603	1034	74	686	1084	107	536	718	251	877	793	996	70	303	805	147	413	356	789	816	81	601	548	655	113	557	739	1127	695	183
525	409	514	365	42	338	910	518	298	110	220	813	55	921	82	757	218	770	584	696	809	715	154	771	779	641	667	79	431	608	352	1070	396	946	856	1099	583	874	54	486	632	934	1154	917	833	129	284	118	76	995
1062	1020	364	559	1010	657	942	48	621	754	1052	992	1090	620	722	837	863	417	350	808	887	425	412	1113	955	279	100	124	703	9	554	678	685	1092	976	926	950	101	986	471	433	666	994	958	643	348	482	171	682	716
329	387	94	1039	496	939	278	845	672	380	507	336	445	886	1132	41	206	1082	885	170	592	280	756	179	794	893	1046	1086	897	1012	485	1004	904	424	898	972	516	772	66	669	1148	1048	597	229	109	379	962	748	166	701
13	132	397	719	1028	406	588	595	442	924	892	829	928	57	1076	1019	369	44	393	61	231	159	1041	489	175	534	541	842	857	1140	83	933	262	213	983	1042	31	579	699	162	895	623	33	1135	20	24	1107	586	1049	404
573	1126	581	457	1089	533	149	163	784	759	580	783	487	731	494	638	944	843	244	248	1151	823	966	521	418	1119	968	929	427	827	89	937	727	426	388	178	1009	658	987	459	239	125	1111	45	849	151	1137	327	550	259
359	938	1008	751	795	817	948	373	1044	272	693	252	1078	1006	700	492	811	609	761	577	271	475	92	193	871	1138	483	862	745	195	241	812	527	437	208	999	1015	656	969	807	831	687	1131	636	17	884	410	150	452	930
634	688	1013	689	436	972	1043	117	408	826	919	689	280	488	925	72	603	709	490	1135	0	1139	43	501	67	614	1097	145	462	562	407	435	245	536	810	1008	835	46	351	1086	965	927	336	937	867	685	968	248	477	1077
854	1079	441	1116	865	615	743	832	737	242	923	230	7	975	604	649	549	349	1114	733	501	291	346	79	1045	8	462	1031	426	1094	678	1005	40	538	705	131	696	300	767	821	106	1010	663	796	833	78	507	646	61	1103
272	731	311	165	527	709	867	223	228	102	1008	248	547	558	584	1056	473	1143	1027	1071	207	939	930	786	662	334	1098	667	979	332	415	199	1110	136	120	760	1037	627	863	55	50	957	246	622	1035	474	718	707	264	407
367	487	578	1099	771	921	964	372	834	598	236	1151	1085	1142	299	752	803	1117	1095	1069	814	597	973	644	191	870	1036	924	103	233	1029	763	94	403	317	1013	1113	425	836	480	6	573	269	1046	1104	943	621	907	1044	347
719	793	448	805	139	408	1028	1107	858	962	1092	1049	824	565	275	221	866	730	827	1093	728	336	1150	884	385	128	963	966	315	445	354	1090	702	801	186	645	533	745	577	535	74	779	954	125	640	526	77	16	555	1124
1064	69	342	608	294	661	1128	409	451	258	67	1038	1	1075	476	563	1051	715	630	89	440	439	798	140	654	665	393	885	691	1058	917	307	877	759	166	642	80	556	184	652	825	365	692	856	636	794	515	675	331	1076
777	541	459	931	844	175	285	857	516	524	1118	770	764	434	27	552	625	688	257	115	155	1091	587	63	710	196	968	946	503	683	135	948	684	970	741	826	394	768	695	1033	739	990	412	1062	890	782	813	639	1009	132
746	198	606	20	736	508	583	178	189	602	224	187	245	270	108	160	471	624	296	772	60	585	903	29	323	308	174	839	356	977	1067	493	460	234	500	71	12	1014	43	1054	484	969	1115	68	265	619	981	766	188	241
787	304	864	528	976	1141	443	88	518	227	159	994	1077	819	428	81	992	70	712	1011	1042	629	845	374	249	1000	1138	1012	130	436	1097	880	333	1132	1002	593	239	195	75	895	28	486	1074	686	886	914	401	620	753	157
554	435	580	591	1140	1088	999	283	804	949	326	312	790	915	339	1083	987	936	33	530	672	523	268	1146	95	986	278	769	23	328	722	21	906	59	231	1065	361	1003	1034	846	358	463	148	1108	935	4	520	118	18	170
502	1139	485	938	756	881	875	64	561	351	152	1125	1016	1152	716	133	978	495	14	87	993	173	477	431	727	550	1021	271	545	466	481	119	643	574	2	254	202	156	920	614	795	967	762	209	559	145	904	588	200	1137
310	289	513	112	1135	680	276	725	49	800	1070	568	306	456	222	3	773	124	618	638	1006	1081	669	898	631	1022	167	252	392	599	1153	735	72	267	916	734	1131	344	183	747	883	947	815	711	831	47	341	433	429	379
519	818	262	1060	1080	31	290	742	203	542	37	250	420	126	32	788	117	902	505	959	1123	570	353	205	1019	30	149	475	453	586	852	295	39	450	335	498	656	44	153	208	461	830	197	497	572	816	1129	509	370	279
878	424	92	206	635	937	324	562	256	698	517	582	840	778	48	758	147	965	492	422	494	292	355	266	633	897	928	780	274	0	1020	417	375	357	58	1048	911	927	322	557	82	110	217	534	327	560	913	240	259	313
314	567	284	496	955	668	940	329	590	337	65	42	107	809	1084	319	1041	1059	729	305	952	1047	544	129	848	806	194	531	802	427	387	704	19	418	383	210	1063	887	1120	701	713	1121	214	154	280	576	226	104	984	932
1147	868	755	682	211	161	288	41	277	213	455	281	613	338	182	490	282	891	405	738	398	922	808	45	634	641	926	380	402	360	596	376	421	381	761	25	539	896	151	261	138	212	1017	253	775	11	799	287	951	469
38	610	700	454	235	529	180	127	1111	510	369	51	482	714	991	146	685	84	1052	655	784	66	36	325	177	73	676	797	114	1030	410	225	386	1148	860	879	651	220	411	835	452	945	838	251	532	595	958	829	158	899
366	748	918	687	776	389	201	950	243	750	514	851	823	218	1026	483	1086	540	263	1043	1119	388	123	302	740	171	511	548	609	22	934	185	1112	340	811	362	99	1122	703	666	219	810	681	1101	589	1089	111	491	382	244
46	607	637	404	699	368	1057	822	143	137	350	720	98	150	997	603	648	632	757	321	204	1145	659	657	255	1144	438	10	1050	414	543	1109	1061	765	837	468	1105	229	650	653	1130	457	872	121	1134	892	909	419	933	521
617	862	105	1040	689	594	162	467	1149	908	658	551	390	34	664	168	919	571	996	352	348	52	1082	1127	841	853	995	1024	363	628	944	674	525	869	660	478	91	910	983	690	605	960	134	176	566	318	564	378	90	447
384	470	732	13	972	679	169	888	303	293	807	1066	874	86	774	791	432	708	1007	989	849	673	871	905	894	56	247	465	611	873	57	843	601	297	912	430	371	697	925	749	726	237	395	442	193	141	953	1001	693	5
96	1072	301	109	1100	35	512	400	723	1136	101	612	850	9	192	216	956	569	479	694	616	861	446	575	792	1068	581	26	83	396	472	1126	600	1053	1018	1096	298	828	260	929	626	17	1039	847	1102	744	998	316	489	812
377	751	901	859	982	1073	783	781	522	671	1087	116	988	941	677	985	190	842	647	142	444	464	537	122	717	15	499	971	97	1133	164	458	113	423	62	437	1106	330	980	961	553	215	343	286	320	546	817	1023	506	397
232	855	309	1025	413	1032	54	974	359	391	882	172	789	942	754	179	449	579	181	373	876	416	623	504	406	785	889	900	238	93	820	76	1055	364	536	24	721	670	399	1004	724	488	163	85	1015	144	706	273	893	345
100	1078	592	53	1154	456	1135	27	564	471	976	701	107	1121	506	689	433	749	704	1009	295	535	390	330	260	1120	523	190	862	99	601	195	903	723	530	485	213	50	108	144	638	986	873	34	617	292	77	875	139	941
107	786	1125	1089	752	811	566	570	700	181	526	53	1020	853	333	616	151	471	177	1009	890	739	135	771	262	419	990	449	639	667	1151	773	597	569	1097	171	681	490	36	822	74	316	821	916	999	689	448	95	339	153
486	297	621	541	136	1066	988	1042	479	718	489	1106	911	531	357	284	736	323	434	277	469	6	1080	834	418	226	590	38	996	568	777	336	812	1048	259	858	1024	907	799	539	231	157	47	977	517	720	592	709	1062	506
855	962	730	509	1098	427	611	782	197	292	884	770	1075	985	39	610	1036	194	296	951	1111	18	1134	591	451	1101	943	100	1131	1044	936	844	16	430	634	156	1007	169	258	315	1074	1118	140	950	11	17	779	1005	491	742
805	116	989	774	15	182	696	209	444	860	983	1146	1147	1099	129	502	823	630	749	660	274	188	845	1122	308	524	322	488	551	932	724	631	235	552	185	967	34	298	1003	148	233	866	103	159	216	495	612	152	30	633
41	1027	389	167	71	705	960	1070	413	854	1026	98	122	393	676	45	42	254	404	894	567	20	914	163	870	229	1102	27	9	1053	117	741	351	731	428	735	693	62	376	728	969	147	1013	815	636	1046	425	624	69	615
1035	363	925	913	1107	648	19	324	762	467	783	175	309	94	550	956	1015	416	698	964	980	87	446	678	219	313	662	1067	628	63	1019	253	565	252	424	864	112	587	575	931	714	839	692	869	758	1085	680	876	608	571
327	1126	331	862	972	961	787	892	747	789	426	1084	875	66	651	14	1103	52	644	378	82	684	105	880	650	775	865	582	205	979	1104	240	318	191	1021	903	717	1017	519	1154	564	1023	1058	1016	1100	599	79	211	620	622
493	806	1022	127	406	708	84	56	525	906	1011	1094	788	239	895	763	663	607	829	208	1001	808	722	540	780	155	836	242	204	368	971	574	767	847	743	867	677	886	654	1119	1152	732	32	830	108	1136	304	856	697	1002
484	132	150	902	872	198	874	974	959	755	344	394	365	842	234	1083	897	386	445	184	576	686	604	362	993	952	920	1073	584	713	456	49	358	303	345	750	340	338	162	170	321	537	694	547	168	542	206	976	558	12
224	535	878	193	1079	496	93	603	1113	332	13	682	1028	146	809	397	948	523	915	675	804	40	832	90	213	975	687	1105	190	840	72	227	635	889	57	281	439	1114	1129	143	1121	364	545	933	1060	337	179	341	366	138
75	955	1149	841	703	295	658	1093	8	751	443	269	312	113	701	245	61	901	898	266	172	392	740	926	987	516	207	390	261	255	1140	1137	857	659	1068	868	887	78	114	409	613	617	546	1143	769	438	96	306	158	1109
382	492	833	754	1081	683	562	991	461	109	817	1117	478	578	970	589	299	263	257	790	377	690	422	672	0	1018	585	800	161	785	877	120	917	1150	791	555	1037	737	264	401	641	217	1008	200	460	381	618	223	824	417
734	275	1076	647	498	369	606	602	873	385	166	665	561	850	1025	411	210	820	319	666	326	130	504	307	744	910	1038	311	928	1050	371	279	511	679	477	1127	792	35	501	33	410	67	938	934	673	354	580	661	196	453
370	189	549	220	214	126	753	1000	1082	408	909	819	287	475	201	251	595	529	723	522	347	965	121	1088	793	670	1039	25	1033	632	1130	544	1063	174	593	375	320	60	58	232	1124	947	497	325	759	268	353	835	442	349
664	46	228	986	1054	149	141	215	500	310	688	64	776	388	1138	111	828	128	733	452	1123	396	973	73	572	727	270	712	507	627	655	838	21	596	1116	118	748	395	1090	164	768	891	230	37	904	543	187	813	334	738
719	192	273	267	65	924	995	536	795	849	7	908	29	601	843	391	1142	998	831	706	807	85	335	945	760	1006	115	373	288	51	1043	797	765	810	594	165	278	154	330	462	26	930	246	513	893	637	24	1148	685	968
711	464	882	1031	383	784	23	482	81	619	560	922	1	1132	588	614	101	470	54	518	499	997	483	183	896	1095	794	958	70	508	992	510	436	83	86	953	437	629	494	88	512	119	99	941	487	249	236	431	1071	669
280	818	290	106	5	145	361	1040	521	946	942	605	28	861	485	110	757	285	583	888	22	272	441	356	293	957	548	1096	97	380	342	44	450	642	772	178	1065	981	638	415	557	921	203	283	640	48	609	412	918	879
1014	92	520	248	766	579	1086	291	581	447	367	91	1069	50	1056	1072	900	653	1108	1145	256	994	244	721	352	317	343	260	10	899	144	402	476	387	329	826	1133	532	186	1135	2	1010	556	221	346	59	1059	814	131	1051
503	707	577	238	142	125	435	1061	527	463	645	250	379	1144	671	927	802	286	1141	883	282	533	1077	1078	851	881	846	643	139	457	852	935	80	481	160	1087	195	1041	124	704	954	1110	300	398	781	89	405	982	657	691
825	374	173	715	940	472	515	247	440	77	1029	432	966	384	944	123	104	1055	885	465	764	586	939	725	702	695	1032	1128	623	423	289	912	827	1120	241	1052	466	399	455	746	803	716	984	400	55	626	905	305	554	1091
202	798	801	176	538	134	265	328	137	4	598	978	859	1112	729	710	1139	1049	1064	302	625	1030	473	407	458	963	355	699	1047	1115	848	756	243	480	656	474	433	745	133	403	348	649	761	530	3	372	294	468	1034	276
237	271	421	796	359	102	871	314	31	1012	429	534	863	929	505	454	222	43	514	301	553	1092	225	1057	528	350	937	778	652	668	180	218	726	459	76	573	199	212	837	420	646	360	563	1045	414	949	674	68	600	1004
816	1153	923	919	559	590	72	35	131	486	39	844	1097	19	388	953	237	607	542	727	110	201	474	293	965	822	437	459	1142	148	157	758	785	345	212	82	383	300	236	309	70	612	946	20	545	1024	1025	862	495	826
1152	1080	842	15	749	951	1010	196	111	51	273	542	349	346	839	245	876	490	23	481	469	992	865	183	25	66	203	927	703	725	818	782	307	264	333	617	1007	391	938	359	443	645	341	155	381	411	1043	1015	485	1
140	873	355	1020	435	604	944	826	638	27	611	401	100	106	397	991	361	1013	179	73	958	870	145	1153	711	583	271	498	597	79	917	312	198	884	235	973	727	975	708	505	97	982	1092	980	680	1139	932	748	434	851
1028	452	247	959	430	1146	550	1039	942	256	363	377	1025	573	243	906	581	472	350	1091	227	303	701	871	98	781	442	364	1141	808	525	719	309	265	1046	352	1024	448	65	933	663	923	624	1131	484	315	207	943	1117	3
1111	916	511	849	431	887	38	68	1031	57	84	632	971	454	1112	295	1001	146	328	1126	848	584	150	847	714	446	380	477	302	682	482	637	1000	86	373	732	335	811	89	760	776	1016	636	702	233	759	948	531	713	1066
52	8	588	419	574	677	656	538	141	193	33	1082	37	524	1123	366	54	571	300	532	1057	768	215	809	867	1143	400	429	40	31	751	1148	267	491	761	1047	189	695	963	734	1037	212	1116	783	1019	599	44	1033	123	470
357	716	274	956	238	968	874	1072	941	1115	512	322	28	817	135	922	554	806	55	459	148	129	754	965	205	210	18	502	389	706	159	911	170	78	399	521	493	466	1135	655	254	433	151	688	39	800	726	889	665	648
903	691	61	788	269	758	445	830	305	1027	920	964	460	19	828	841	974	1150	925	898	1053	962	488	899	47	984	686	1151	1107	88	1004	955	330	219	130	58	914	22	883	234	1089	843	184	494	804	565	715	456	752	75
199	518	464	1049	229	591	432	468	320	81	46	336	987	1095	947	241	7	946	649	1124	669	1129	43	325	175	6	465	779	252	1048	112	834	50	756	1125	378	1154	2	815	59	197	723	372	94	282	590	718	653	895	1136
995	313	126	192	85	1006	410	607	913	720	351	631	9	640	339	30	408	833	1041	787	413	67	764	200	547	158	569	473	661	700	36	1084	168	1042	1070	563	650	905	157	216	613	610	757	1002	1040	451	342	500	35	802
789	510	74	526	393	296	376	1101	353	774	297	298	1122	231	80	506	966	863	747	608	105	318	601	147	877	1078	882	785	921	83	909	117	438	827	740	1127	492	1142	340	329	738	699	577	562	807	533	901	1051	615	53
628	421	1032	1065	174	374	997	1104	190	575	1045	888	311	223	996	116	540	854	1133	564	697	195	337	733	940	567	1011	289	119	836	762	668	555	551	1106	332	580	87	258	593	480	736	850	1077	474	866	993	897	549	176
127	308	156	880	385	976	937	998	107	746	900	912	209	561	1113	1005	558	29	348	268	188	741	859	360	605	136	953	582	821	1079	99	487	160	780	696	926	602	1120	837	457	986	735	319	772	382	403	406	1103	90	167
