0,0
7	31	1071	225	74	305	233	109	125	1369	955	961	954	887	126	798	304	603	120	949	1205	1109	1126	1173	326	604	267	323	261	625	707	993	1263	247	767	1145	539	558	102	580	685	971	334	782	649	855	370	372	937	56
907	440	16	1090	960	384	124	679	683	420	437	821	358	218	647	897	217	1286	1348	529	87	751	270	228	554	301	203	854	145	1153	1016	1017	811	512	1284	973	1035	442	1181	1315	1115	995	1310	245	832	341	426	35	1281	1108
482	131	1082	881	1133	369	486	454	1175	951	431	1209	234	471	373	1182	67	725	1257	691	48	414	123	514	452	354	1303	223	375	682	43	143	1370	365	348	735	799	999	1293	112	617	916	11	202	1207	411	565	742	359	633
75	845	1202	1336	904	708	212	593	190	1104	1345	857	481	1225	1176	1304	906	501	483	1300	1152	1174	573	461	1045	1019	613	417	779	307	1031	550	909	1061	1189	39	1334	827	1333	366	665	891	672	795	179	142	1228	1318	1079	912
273	418	618	1102	1239	299	528	1193	958	1307	809	244	1120	591	1144	817	894	222	870	1223	729	64	1171	445	387	559	688	121	619	913	666	1259	867	69	1100	29	139	171	643	841	188	846	748	68	1314	684	1273	739	278	191
1269	807	318	521	675	27	298	1069	1030	339	174	271	833	822	805	589	963	1117	1279	616	60	658	325	104	758	859	1055	1201	803	879	447	931	555	842	439	770	498	22	332	1089	230	274	1172	1191	562	151	1116	361	172	1260
1	229	85	1287	1268	1213	381	1042	329	80	576	1076	157	1364	450	1244	1183	463	1083	718	1352	1028	177	533	36	800	861	1135	24	494	479	1034	1187	1290	392	1188	839	211	1292	970	756	1059	980	427	520	1274	920	986	194	52
754	1151	1301	699	1132	1359	711	1320	1002	425	20	712	152	612	383	264	1163	41	702	1250	752	345	950	1291	1360	173	850	792	1084	51	1296	1361	598	838	860	722	1024	646	1096	1056	814	895	1068	30	204	1356	180	1227	1086	1177
910	1251	776	1346	1005	213	564	363	255	34	106	73	413	706	1220	1365	596	723	882	1026	1049	374	6	994	226	896	397	300	1332	419	196	475	1178	524	378	1080	1200	1272	1253	721	428	280	82	924	577	878	544	784	567	287
335	495	416	491	869	660	774	1355	1222	957	786	1158	903	1313	537	952	525	1131	37	1009	1012	518	1015	1023	403	1057	745	115	703	133	78	804	863	153	1185	511	399	95	284	815	441	794	1154	843	492	510	421	155	1018	582
477	808	730	175	930	101	880	922	1226	467	140	507	773	410	79	1197	253	249	893	205	393	636	88	242	1000	349	513	1339	250	744	968	1237	1165	601	1353	1252	10	276	193	835	611	504	819	700	434	936	443	45	526	1323
385	1052	1236	1294	53	342	132	953	734	829	1099	195	1148	1087	772	508	689	657	147	1008	719	474	57	285	1007	197	138	23	1143	1134	1351	92	731	789	163	1001	448	946	531	1044	709	1074	1312	695	216	302	176	114	964	484
429	386	989	181	1142	654	277	962	292	1139	705	693	1199	716	1164	992	1218	1156	546	1262	900	9	834	337	1041	408	76	235	1203	248	33	628	967	1230	240	943	1048	823	1335	8	696	192	353	966	1326	444	294	1054	981	487
876	569	499	1211	49	622	12	942	668	1027	169	1141	548	585	496	430	886	781	259	530	1067	874	252	458	1234	602	1340	940	1311	260	1121	322	94	1246	635	473	629	820	1105	704	1004	505	664	738	1321	1198	1278	357	763	161
116	1050	1070	631	19	1238	485	263	1297	608	167	844	295	1194	423	764	584	549	321	100	775	592	1271	84	866	768	720	908	42	669	122	135	692	831	883	578	547	571	293	987	615	1306	726	315	99	590	1324	1256	858	415
237	1285	108	743	687	935	828	438	1241	673	698	1322	810	254	750	500	1184	899	519	141	965	812	769	183	517	614	1358	1025	568	1195	1111	545	638	639	572	778	379	1140	184	309	198	579	1342	262	816	1325	1101	905	532	220
1124	398	389	996	159	47	609	1302	790	1081	166	1003	1155	1040	681	1367	890	623	1308	1245	351	990	1129	873	1215	1150	456	536	791	991	65	186	588	460	1169	1167	788	272	1138	979	311	28	1160	164	581	563	97	1196	1368	130
836	637	402	1029	367	96	352	489	1275	1255	224	802	303	824	872	663	1053	915	948	1166	1062	110	997	21	170	344	1093	72	1122	449	215	388	1210	697	105	1036	840	1242	566	91	610	740	1125	868	771	988	969	1051	243	853
156	317	1248	1063	1064	941	1157	538	939	911	199	1190	497	1357	86	1085	396	257	1212	849	282	231	236	457	621	462	884	945	1265	1114	407	1316	1261	238	1247	296	1221	470	1014	1266	1216	466	1277	312	1219	932	1128	478	741	503
107	765	934	377	70	1235	933	1046	1013	390	424	1162	793	333	1214	435	1022	728	898	1229	641	862	976	1328	118	336	154	1161	600	200	1249	1186	982	136	1092	984	50	864	626	753	1094	594	1179	241	757	1341	98	1232	1058	667
678	451	1107	583	83	983	1073	405	956	634	694	61	146	871	400	661	162	761	59	1011	306	3	316	759	1130	676	651	119	210	509	523	266	570	1231	129	279	522	81	926	888	14	469	178	947	620	1349	111	677	468	1038
214	1283	327	160	476	1363	26	1329	1299	182	1039	25	275	1123	901	1276	885	38	848	1088	1327	586	1192	382	465	343	1264	66	338	642	289	433	148	852	686	227	724	149	975	605	587	737	488	1112	659	1047	113	1118	1243	308
1337	265	320	560	851	63	889	144	219	1331	837	928	1282	650	58	1208	2	208	1338	599	938	251	391	541	1350	959	17	542	1217	1010	575	281	1113	1137	187	207	165	927	892	246	269	288	830	1060	394	701	977	297	1043	978
310	553	1136	291	632	1288	1305	787	918	644	714	1295	189	710	5	1170	925	515	826	432	453	847	362	1330	127	561	209	314	331	656	552	404	806	368	1066	902	117	493	324	556	0	1033	55	1309	1127	1319	455	595	1254	717
875	319	18	813	1110	350	46	168	674	944	340	221	1317	436	1343	627	998	258	137	330	376	1006	158	972	1204	32	150	777	103	347	551	540	727	516	929	1037	206	985	1366	877	412	328	648	346	680	1362	736	607	917	459
1072	506	1298	1106	923	355	1119	446	1091	534	766	422	380	201	671	128	1168	1020	401	1233	286	268	90	1065	464	1280	1258	921	1077	690	785	1267	1103	1075	797	535	914	640	713	557	818	865	747	313	749	232	364	185	62	480
732	780	624	662	746	597	1270	134	1021	655	856	783	360	290	1206	71	4	645	44	472	762	801	796	715	1159	1095	630	15	1240	1098	1354	760	606	919	406	1347	93	283	825	543	652	89	670	653	409	755	13	77	1078	974
1224	574	1146	54	395	239	356	371	502	40	490	256	1097	1032	733	1180	1147	1344	527	1149	1289	148	1111	1271	53	794	1245	1205	1340	424	298	886	1027	216	1120	809	915	219	29	641	110	871	1171	976	404	174	992	849	1341	649
1046	192	1368	454	374	333	582	745	1061	346	1040	914	1127	97	957	823	877	718	734	791	878	510	859	281	88	135	309	147	655	114	237	1224	56	339	245	665	955	482	430	433	391	146	39	17	760	1226	815	411	933	963
429	1082	276	365	759	896	775	811	1300	1049	329	832	607	592	286	669	923	42	1251	922	1023	1139	792	974	961	4	1291	344	91	544	468	238	251	566	895	93	141	559	18	1016	705	1070	936	748	613	1322	851	1311	644	1330
1315	872	634	1319	1268	795	1329	708	1051	283	82	1101	696	400	901	100	502	1157	1215	109	578	423	761	294	1270	782	3	754	113	991	1103	700	824	585	1245	840	1221	7	589	1222	69	605	598	1029	1093	119	881	415	926	278
826	486	330	1095	64	179	762	1301	1156	1250	719	854	444	338	781	188	742	133	924	132	1092	235	659	463	420	98	1323	1204	1297	1064	458	351	1247	647	1279	686	864	1282	341	839	652	1191	601	1136	1178	892	1071	371	1119	890
1310	1326	692	201	271	1287	920	168	407	96	367	253	397	128	967	345	1	728	1174	52	257	599	535	555	139	1309	1262	110	822	1284	418	419	280	850	301	1003	1110	863	670	1125	952	1047	730	1007	950	46	579	490	1164	547
857	175	1202	279	20	1034	651	1369	1344	166	408	812	522	752	78	426	1363	160	771	753	432	828	1000	176	399	1009	225	53	123	29	178	261	1353	917	313	1183	537	1273	580	1364	940	242	170	1042	478	422	867	1249	59	299
1068	1370	212	549	483	1235	287	720	538	1246	697	222	1001	1275	790	879	293	392	349	572	975	523	157	1131	774	492	1060	1225	1137	364	825	136	904	1289	1088	727	1354	156	1248	622	968	421	930	274	424	1367	529	71	72	288
788	76	969	543	1209	577	413	1266	99	1349	798	144	1321	1138	1316	453	290	1140	1146	431	548	186	733	131	894	498	1118	373	1006	353	1324	1081	470	328	885	455	1052	960	688	1280	1229	516	379	561	723	77	384	1172	359	691
60	1312	193	1175	1276	215	861	835	1011	1306	1162	1348	709	785	1151	1115	1356	672	1274	198	1005	929	163	129	1277	1039	221	1021	648	641	177	58	847	1317	182	684	154	799	649	89	888	368	1107	1150	668	1166	1086	875	1240	1179
565	396	606	650	866	1206	16	679	1053	210	124	449	807	1054	332	588	787	265	389	117	1019	1261	1189	1087	1233	1359	1067	461	694	358	800	994	488	783	999	451	41	491	489	1350	564	410	105	376	456	1069	187	145	1075	209
74	38	1298	889	710	476	1058	1059	1025	737	1212	472	1255	335	362	525	1106	1283	766	13	1302	711	199	660	272	702	137	707	1167	49	304	127	617	240	1017	316	1218	1102	19	1105	1307	666	1123	172	398	618	101	1197	445	2
169	985	355	484	1027	385	323	1258	945	1263	765	954	992	1265	773	639	886	1089	1171	239	427	1078	900	125	174	998	817	348	995	1320	621	1338	868	234	1084	531	268	1238	938	437	363	394	357	1314	1022	173	1090	545	948	808
494	1144	84	515	85	1293	1099	1318	962	706	416	750	231	721	604	624	772	1241	513	997	747	122	1135	1002	30	849	140	1267	1194	446	1207	32	676	1342	120	809	562	1281	870	1332	153	369	14	553	521	509	780	350	819	1252
1024	1057	462	554	1121	941	1337	935	325	674	610	1048	958	185	1242	751	289	1325	87	390	1362	1096	741	973	106	786	756	459	1217	567	155	50	171	937	130	1237	526	518	207	441	946	657	583	1285	602	1033	266	1203	300	517
73	662	1152	1173	530	1352	1192	928	227	161	228	1020	519	956	942	1259	1085	1153	1163	871	905	695	934	51	713	1219	550	258	814	918	524	103	1227	722	911	681	1351	466	1185	1109	699	609	1184	1196	1360	246	587	434	1190	412
1269	505	0	35	1028	1211	1260	439	1142	343	80	440	306	405	372	1256	352	282	68	142	83	646	214	377	62	48	126	307	591	331	487	219	1200	162	764	1345	763	292	450	965	104	402	143	978	600	1055	638	202	1290	501
195	380	990	495	1343	1181	796	560	236	31	1278	630	1214	831	1232	704	925	573	1065	1205	499	541	9	26	739	1239	951	1335	511	327	921	636	575	740	1347	805	539	262	1296	616	1143	891	689	277	79	475	425	987	302	568
43	569	1066	1341	916	1080	469	387	834	121	65	1130	5	729	452	447	15	1253	625	25	880	206	1083	1050	1045	1133	45	996	675	776	931	845	1141	479	735	1111	504	324	1044	481	1346	1041	1169	552	860	1201	1305	75	802	229
902	1199	259	1243	640	295	467	584	749	244	803	715	865	633	586	1148	164	438	619	1112	664	1015	714	1365	507	233	906	319	685	1303	717	542	556	571	642	746	150	570	167	980	90	1100	594	1264	375	1120	690	536	897	181
693	907	789	382	27	1230	1294	213	1010	793	1098	159	311	744	520	191	12	217	347	1271	312	629	216	211	821	1165	112	134	623	457	1037	197	284	1304	912	898	33	1132	712	603	769	944	1355	959	1208	473	264	658	993	1036
1108	115	54	731	830	862	1038	1154	986	406	503	611	770	1129	726	876	724	386	915	620	1145	1128	342	1117	512	269	626	784	725	1228	574	273	404	263	596	767	738	631	8	118	558	1134	138	223	612	23	701	1018	1161	403
249	671	627	1288	858	797	37	988	804	1158	1340	255	395	1008	628	1116	448	108	837	1077	1094	297	1231	778	910	1244	1339	208	285	1073	165	1188	224	337	220	755	356	63	1104	983	779	477	989	1328	1295	260	1313	204	151	190
884	635	1076	909	94	305	184	645	506	1031	10	816	757	653	1176	964	275	1149	595	593	801	496	194	1035	893	1193	1004	736	943	252	899	443	953	846	971	1366	532	514	1357	414	913	1254	654	608	6	67	241	47	534	794
768	682	11	1223	1030	61	1126	1091	838	24	508	1361	970	409	1168	981	40	116	298	320	464	254	1358	248	1182	939	81	1327	1122	86	366	903	250	291	326	678	36	848	806	758	856	205	546	882	442	310	540	267	152	1014
1234	855	1286	732	148	230	460	203	528	1074	1299	949	1308	1177	360	614	158	919	703	687	843	334	493	827	908	887	370	315	557	637	590	873	1198	833	1180	1032	576	1063	1170	1187	1236	1079	947	1043	656	1216	966	551	401	149
361	661	1155	189	716	1026	1072	381	1012	932	1210	836	869	581	55	354	218	317	874	500	615	417	597	1113	497	322	1160	810	383	1334	527	314	984	1331	698	95	303	270	842	321	435	829	1186	474	480	663	465	243	92	976
180	683	318	107	1333	22	844	1272	1114	336	818	1292	972	743	1220	471	28	66	340	813	70	200	1336	1013	643	673	982	232	436	1062	563	226	196	820	680	1097	841	44	977	34	21	247	57	632	1124	378	183	777	296	852
428	1213	533	111	677	927	667	256	1159	308	1257	979	102	1147	853	883	388	485	1195	1056	393	695	1257	1145	56	961	989	1008	1284	723	950	1004	1333	468	925	674	1094	43	196	1348	884	1362	267	449	1151	1313	81	161	591	427
592	363	877	382	1138	1036	316	263	916	1045	66	645	1137	1238	374	410	1032	648	1237	1149	433	1291	1335	607	930	222	84	1056	482	51	1327	331	358	809	1217	234	838	388	423	326	767	798	1218	439	194	425	1278	1350	18	1266
939	572	1148	1040	1097	432	790	946	632	1165	839	757	1233	245	676	857	216	149	1135	1082	841	663	1242	1326	394	47	265	650	766	799	820	889	989	387	223	861	463	535	610	156	46	528	717	1298	337	707	145	310	812	1314
1173	984	108	851	500	876	481	657	507	462	1000	362	1289	746	567	405	1328	596	627	965	1038	1047	791	833	1310	67	330	1166	601	793	895	775	926	1205	577	252	424	1120	1127	1129	1034	703	1309	957	1022	1046	175	1150	79	681
558	585	581	1223	826	912	546	170	429	783	1099	28	722	121	1267	966	1021	452	1060	1071	620	896	691	320	123	378	1102	1208	785	879	988	947	1274	928	1155	778	276	784	1108	1231	523	165	922	1146	103	554	1092	680	1191	188
1354	448	94	614	964	471	1351	390	1049	752	570	1241	1029	702	63	1370	1273	1324	1321	1253	544	979	385	68	992	418	813	881	899	827	85	692	994	1215	64	745	667	239	209	751	97	1094	122	1124	670	871	419	1069	824	1007
1122	318	814	120	936	399	32	863	83	136	734	71	203	1157	82	1362	1300	986	1154	760	288	1236	139	456	980	128	750	90	1062	903	1015	9	1110	23	1254	1033	215	294	747	867	491	376	738	1073	183	195	625	759	537	583
893	1043	100	1098	422	167	1041	496	349	908	357	7	125	1116	1123	807	129	797	938	437	487	693	1141	915	714	686	1178	191	1234	186	461	701	154	347	205	852	1063	1199	353	341	1153	649	1221	792	261	854	1188	1042	1359	1261
1343	1050	552	81	1200	933	1358	1160	874	414	1346	77	70	451	808	1061	115	1272	116	898	604	372	126	640	1252	1156	325	890	427	219	1113	1195	991	106	1232	1089	1209	144	13	302	1083	177	1184	1088	1276	522	1258	1054	748	143
749	837	309	289	864	322	556	872	834	441	472	1058	392	856	1340	883	1131	597	605	555	987	1331	72	33	1132	794	55	727	502	858	217	842	447	975	1282	159	351	1147	1363	178	983	845	509	1014	334	101	163	710	301	1249
1319	416	1185	700	1044	506	1361	925	1196	258	1225	891	192	40	1316	590	764	725	403	127	910	1019	227	259	199	395	1317	321	1128	58	756	277	1130	971	1285	304	1115	467	765	501	1126	485	473	697	327	413	140	576	160	536
762	786	542	1145	521	1220	636	1308	755	641	348	677	1248	563	1053	780	450	529	24	1161	489	688	208	904	240	435	235	446	470	464	104	285	1091	360	1270	133	512	373	633	1349	42	661	465	369	1026	1031	732	30	142	455
1345	1257	1176	846	478	575	819	242	744	664	444	1277	626	354	1125	761	168	162	238	961	805	1048	923	312	164	147	985	401	95	408	1179	381	1281	811	1003	224	365	421	280	229	674	894	929	12	1119	1105	1301	39	1315	1338
132	214	655	185	654	264	673	658	611	96	278	901	875	1118	292	137	232	1198	1318	380	135	1302	917	181	562	690	952	687	158	1224	291	1151	445	38	1192	615	34	584	678	56	598	1024	352	853	699	742	1348	588	1312	796
286	514	1283	962	86	831	921	1297	27	806	924	642	336	57	978	1303	1076	262	493	1168	1171	769	92	1296	270	49	375	848	119	672	150	504	1020	480	781	741	1005	1084	1284	295	803	8	359	505	944	520	942	782	1332	1305
221	14	308	996	709	1251	513	1086	972	1353	958	647	484	1107	1213	1219	1087	669	1074	844	713	257	1075	560	157	328	1255	866	110	1066	949	80	50	1012	279	255	1259	579	1170	959	955	1292	772	1269	268	494	1142	488	74	968
371	1203	541	1206	582	696	91	830	1366	519	953	595	254	246	207	370	1367	342	511	1352	543	534	483	233	612	1028	343	458	1018	213	260	1364	868	396	956	269	660	1211	204	547	508	878	724	608	37	666	1143	927	652	202
1365	1280	873	409	1299	477	93	161	62	712	319	1275	1144	377	510	498	293	171	442	466	737	659	449	196	415	117	526	578	1183	228	346	698	1222	580	267	1169	272	850	1243	1323	356	763	568	885	969	743	716	638	1228	324
88	1193	970	383	111	303	397	527	566	1064	1059	43	69	1347	932	931	622	1163	155	65	1096	1051	366	282	391	1295	298	823	355	1290	1140	431	307	825	1190	5	1104	1304	10	368	548	954	1136	78	646	1112	603	1067	870	1325
218	993	379	241	829	249	941	41	997	564	1016	1159	804	736	53	960	606	705	516	1369	3	1256	840	998	711	114	715	651	720	1197	1180	61	1214	198	1287	855	400	1201	1336	900	243	338	586	317	902	290	1109	469	389	613
44	1025	721	982	443	1167	967	206	1207	166	934	1080	54	1175	665	193	76	315	430	525	73	869	237	138	1079	1133	384	974	1134	735	1271	1013	574	281	305	411	884	999	1320	662	777	776	434	920	99	599	911	180	273	1330
888	1246	1265	810	459	1210	220	1010	668	16	880	909	1023	211	1244	634	770	977	976	847	474	22	393	935	768	617	244	1229	407	1121	1322	15	182	1039	1313	1052	1177	723	1077	897	533	1081	59	335	412	1001	266	75	169	314
802	1057	284	816	495	428	176	815	499	102	300	173	630	1070	859	29	629	1333	118	818	1065	105	1260	913	565	297	532	758	937	531	675	1268	438	589	718	1103	31	1194	789	146	60	417	231	1264	832	4	1357	754	1245	708
995	1216	990	148	719	1009	404	914	1226	287	36	694	1187	0	283	621	951	274	1250	1239	828	639	643	1279	540	87	795	1235	6	329	594	492	907	226	48	862	1329	367	350	538	656	835	179	945	200	731	906	940	113	420
600	559	549	201	52	618	1189	740	963	460	1008	1337	1286	210	950	981	882	19	271	296	323	212	256	1072	1311	25	774	453	1360	728	98	21	45	486	821	860	1139	1174	1164	1263	250	1181	726	1068	704	1356	550	89	1355	1100
1011	616	299	190	1186	518	539	1106	440	333	247	490	684	1342	1227	524	1204	551	788	476	1090	457	172	569	1172	454	1162	571	561	887	1085	251	623	20	892	573	436	843	339	345	130	11	1202	1078	733	779	1037	517	1158	557
107	1117	729	187	1002	644	225	1306	426	197	730	689	1111	1293	253	530	361	475	141	26	773	184	787	822	1341	628	1344	1262	1035	679	948	230	865	311	313	248	587	1230	1152	189	1004	1030	631	849	918	905	739	332	593	515
545	340	131	1095	174	1055	695	402	124	17	1334	817	801	1368	943	503	706	109	236	406	468	624	800	35	1247	364	591	152	886	619	1114	1	1017	112	685	653	973	497	553	602	753	1294	1093	275	151	153	836	771	386	1212
134	344	671	306	609	635	1240	683	2	1006	479	919	1027	398	1288	1182	1339	682	1307	1101	637	77	1038	397	910	1022	567	802	493	601	1240	927	548	983	577	1312	1327	333	1173	422	71	974	1300	166	655	602	1174	583	1090	1016
1062	1161	194	1242	512	129	527	131	875	486	221	349	253	166	351	984	55	119	1209	275	686	146	1106	555	243	1293	1248	128	1143	28	1051	368	1285	692	955	1302	600	94	794	1349	1317	26	386	1094	176	552	1126	1232	193	1155
170	469	84	1044	1344	1278	1021	472	602	1283	702	891	727	324	988	36	140	808	538	263	79	332	1144	484	879	928	1086	212	856	1206	622	64	754	195	1066	1049	1348	738	959	1159	440	1067	132	640	550	108	562	653	1004	1170
818	758	265	946	580	762	660	748	210	990	267	745	427	53	1222	19	65	756	885	619	419	1259	1281	181	1197	1288	1309	463	1290	1012	1255	770	404	1000	192	420	294	461	1266	1050	1129	847	157	276	1267	177	311	665	445	134
1002	1030	287	920	747	344	478	114	185	836	840	341	750	872	1057	849	927	395	74	425	1274	164	1061	828	255	603	314	183	1139	1272	1268	137	878	286	273	464	775	115	1369	277	779	426	417	1269	974	75	501	30	1073	1280
356	211	1311	1286	624	924	58	144	225	149	553	303	1123	889	1244	861	1076	1276	977	1084	610	377	1112	696	585	651	466	1336	1318	752	77	1024	857	172	708	1164	793	233	1142	860	1212	1092	309	742	1198	823	213	855	1124	539
1113	369	385	261	1040	1038	900	197	876	605	409	700	1	231	126	297	614	1320	505	1282	1235	781	318	100	1260	848	1134	1219	290	182	1179	659	769	832	800	1083	1300	807	1118	881	52	1331	757	8	589	548	435	104	1321	627
145	858	956	561	859	251	937	1201	887	1095	1154	1333	902	918	759	542	533	995	638	540	491	54	557	506	595	3	14	1128	1041	1199	532	601	130	1065	223	1327	851	1141	352	657	1343	1229	83	237	376	481	347	567	85	1052
907	403	645	938	641	537	1312	1306	664	1091	646	1265	953	867	711	458	355	780	241	283	135	1326	169	560	329	761	1013	931	1226	1132	434	1178	411	246	528	204	357	526	661	1055	541	361	971	327	831	870	710	302	833	262
27	628	260	976	892	1101	278	470	1192	1252	32	523	960	625	871	949	598	559	336	88	151	1246	46	508	392	1183	829	1245	880	677	1263	307	229	841	289	337	648	666	1156	1054	576	1227	1150	954	1175	980	342	1313	1224	227
1069	546	838	44	896	777	785	359	1270	190	1237	1039	694	34	1352	1043	908	812	1351	235	415	1140	345	148	218	765	1210	1115	1319	1223	850	556	214	730	465	205	6	599	331	1187	616	316	1064	575	662	965	298	18	698	547
689	71	191	280	951	846	520	784	196	685	597	201	138	626	1350	771	1133	590	1292	672	783	906	200	755	795	718	921	4	1026	1341	926	839	272	41	835	1296	1233	877	1018	489	612	1347	1291	975	803	1070	1236	726	1172	325
1204	454	387	78	22	680	62	1089	1033	111	655	970	551	947	1068	1305	733	258	515	782	509	504	482	669	1166	1099	371	1339	607	245	1109	1335	917	652	916	778	45	1103	519	1149	35	1111	647	167	1085	228	649	480	120	925
1253	985	66	1211	1362	1105	398	517	449	1090	943	1079	161	503	1028	701	895	471	1323	69	396	346	809	498	219	1196	1225	431	1215	1022	102	292	898	746	998	1310	24	1230	421	125	578	1231	524	468	1122	49	73	300	815	1008
629	613	354	936	737	801	507	611	1121	932	1354	5	362	317	442	101	922	712	574	1169	654	477	1330	380	1257	374	760	650	1355	716	903	198	764	1117	1314	668	703	1193	455	1366	511	285	23	206	621	596	186	153	544	536
268	328	187	266	1271	1261	1176	584	284	884	1264	1031	499	244	1171	175	259	271	714	912	644	1034	274	432	63	397	1188	1074	1217	173	888	950	1295	279	389	1184	579	304	215	224	1160	379	1131	156	495	143	894	957	312	70
1136	453	674	391	565	163	1328	393	942	319	87	1127	59	1035	697	38	217	997	234	1315	749	1368	744	1338	433	60	893	1011	1102	725	430	207	1207	256	1114	418	81	492	179	1370	31	1363	248	683	788	1053	399	751	728	301
663	1027	1003	802	632	1243	979	905	1297	98	97	1241	61	410	103	915	487	1262	609	208	158	1174	1015	1036	497	982	406	457	588	475	571	1181	1014	29	390	180	367	490	428	141	819	1098	1195	774	1325	1072	1029	530	1082	408
1346	993	320	96	1110	452	999	582	1182	792	1289	1301	360	805	637	1130	121	820	695	874	456	188	485	776	382	945	216	994	447	1190	222	1163	962	366	1020	923	1256	563	373	502	572	620	821	1078	407	883	326	1145	1108	42
992	67	1200	136	935	830	152	586	1277	414	451	1019	1088	986	545	882	587	165	105	948	699	564	569	543	687	1048	333	822	961	768	862	110	370	412	168	673	753	338	291	615	1005	873	269	117	904	1075	1152	476	142	798
1324	952	934	448	973	270	693	282	707	413	47	681	1010	93	972	238	593	1173	886	1100	1203	17	591	1025	1006	1358	732	209	1023	1345	1151	1001	109	623	37	159	890	978	1189	853	642	824	604	315	688	13	322	1077	1016	930
1058	459	86	864	1353	720	968	845	437	518	865	1337	558	1342	343	729	1205	1120	1247	705	0	1007	401	90	573	264	1137	1119	15	11	450	897	636	10	310	39	843	814	488	1299	656	1063	1194	789	734	1303	1218	178	786	51
330	1180	122	252	239	531	639	174	1168	9	1162	1148	422	1185	868	1332	1042	1367	363	375	797	56	1158	127	676	787	7	1096	667	514	68	1104	987	493	202	308	80	364	494	72	983	678	1238	1250	670	150	133	1167	1080	353
230	16	901	592	731	910	1279	790	305	535	834	510	534	1138	1249	1228	1093	739	281	631	313	1135	608	1365	1165	1316	378	1153	721	1273	958	236	1329	20	12	570	549	724	124	1056	813	991	513	869	816	423	1356	438	460	439
715	76	722	1097	933	139	1147	772	796	106	704	1361	719	1009	706	806	1287	321	635	82	254	691	741	1157	340	1294	388	155	964	1322	365	1214	1239	963	1107	717	763	966	735	1071	1254	811	288	424	1251	996	483	1045	358	939
634	171	335	467	913	1357	479	568	240	766	826	1186	496	199	740	1304	43	709	473	154	57	630	837	1208	525	842	810	1125	1060	1221	348	713	827	844	242	967	1275	1191	48	799	723	91	295	107	306	118	436	863	1307	444
989	299	1216	852	189	767	804	441	594	462	1017	293	1360	40	381	1308	339	25	226	679	402	429	618	1087	123	617	940	1032	690	350	112	33	743	1037	372	384	416	969	529	1298	89	394	911	919	1202	909	446	1059	474	99
566	825	1177	1284	247	773	736	581	203	1213	232	854	1359	1081	250	405	160	633	95	1116	606	1234	1364	1046	334	500	184	92	521	147	817	929	113	516	1258	583	866	1146	1340	50	522	1047	21	643	257	944	1220	1240	383	981
249	675	443	941	914	684	116	671	791	323	899	682	220	400	577	2	554	296	658	1334	162	1102	726	948	1229	611	756	637	889	1295	1333	72	832	1326	1200	388	293	46	510	121	297	683	400	862	729	1080	653	568	560	1337
1137	1120	1149	32	87	29	429	594	1045	757	149	464	1268	262	521	891	1344	473	1215	1261	753	442	1252	19	958	495	1176	1188	27	597	604	682	1000	758	430	1327	993	800	44	328	723	642	780	310	796	424	550	850	250	1116
95	1017	30	296	826	119	1223	710	833	1258	324	617	1061	240	385	71	1364	944	499	560	940	622	99	1236	397	1335	16	992	1076	620	518	1036	1338	979	474	1363	469	1343	1247	303	457	337	913	658	1209	950	777	1040	508	351
174	626	166	956	719	1300	603	1163	575	953	319	1256	809	1026	1014	203	1242	263	305	840	933	842	392	58	1153	706	1212	1270	703	452	1183	113	486	209	1121	1228	1012	675	108	688	694	226	453	1272	581	349	8	756	627	49
551	1326	381	196	399	998	497	238	788	610	230	427	975	681	126	273	522	359	290	1249	406	941	1067	417	769	1102	714	661	1197	201	1233	534	686	187	506	22	687	471	164	744	580	120	544	1324	1143	526	158	925	415	28
1278	633	256	102	458	1024	379	1097	677	1046	647	264	514	346	366	576	835	1369	205	1042	217	621	1106	1347	678	1238	964	12	847	1164	935	409	1199	1264	1150	1240	970	722	1203	1213	11	616	1079	646	245	698	537	1136	936	645
614	17	751	605	1056	934	536	222	884	247	221	23	1169	784	930	1244	322	1113	373	188	989	570	1358	1362	1231	1207	446	670	285	561	478	827	309	10	1202	194	601	822	375	821	799	111	35	797	883	1144	206	848	803	705
297	1201	220	881	353	152	924	402	945	131	1142	1250	531	403	300	1217	243	1285	444	684	432	638	41	110	364	1290	47	1241	439	423	1303	68	982	330	1214	1221	905	618	844	792	762	1286	825	491	132	31	895	117	901	304
299	249	277	635	225	178	159	1361	1195	712	906	145	0	598	569	1050	1357	987	543	613	1251	772	183	651	477	689	929	268	754	864	728	962	812	868	690	1161	82	887	435	151	1005	996	1328	466	1269	229	1198	611	1085	985
520	874	5	333	1319	370	59	949	1185	348	732	134	952	283	467	89	136	1028	843	74	227	395	1315	932	704	1093	198	1211	1080	425	1010	731	1013	360	911	602	828	479	1304	115	460	160	715	504	63	893	488	555	669	942
128	1263	928	724	838	13	472	961	498	15	167	630	175	1196	1194	445	591	1262	529	302	1099	951	1155	519	1112	254	873	727	1021	870	52	1271	481	51	691	1071	639	665	419	341	977	92	1179	562	468	104	295	785	542	1329
329	179	396	1220	573	144	232	1053	168	708	702	1004	450	530	1337	184	554	449	804	668	235	1316	380	50	398	93	275	314	266	1257	1047	811	94	1353	1165	733	1311	808	340	1001	766	565	801	239	584	386	216	805	695	70
191	1109	679	878	3	971	1117	1084	1114	1237	358	404	456	742	165	590	781	538	48	1314	507	81	995	984	607	1077	342	214	517	412	140	1154	192	860	1049	1354	718	344	215	1331	1075	1018	463	700	1322	421	568	298	26	482
557	172	896	1171	362	889	327	1089	793	1206	997	1131	967	1187	433	1088	1152	410	1239	269	921	271	599	1190	1366	500	643	612	1294	877	1356	121	994	652	978	1339	367	155	332	748	1297	46	1025	709	1178	789	1260	18	1317	834
765	1162	1069	1210	244	1295	57	845	67	535	286	862	374	648	854	908	683	917	246	157	1108	615	965	154	182	711	383	739	1074	786	1299	815	1019	1350	867	36	237	1023	653	609	210	1254	73	1177	973	141	408	197	259	260
608	523	501	1219	361	831	368	43	426	431	193	916	634	65	289	1078	1182	1123	1291	937	1259	334	459	587	487	441	287	880	841	1057	1325	1146	513	306	1107	1167	422	1032	1037	1308	969	717	436	991	1180	663	292	623	820	447
773	1234	356	783	1038	37	224	146	782	98	654	1253	577	420	920	326	909	596	1096	1321	202	387	1346	347	1094	55	897	1118	470	707	571	528	451	363	743	147	1141	1128	388	1173	545	251	1030	1090	1119	4	354	795	384	391
454	832	736	181	1055	274	133	378	511	83	171	716	278	1134	1020	284	1159	156	62	336	749	875	787	976	1158	922	462	966	135	839	1083	776	281	88	829	636	574	434	401	1065	288	527	236	1312	588	1359	345	794	308	186
1265	750	1340	177	818	129	1323	105	981	489	1101	582	1145	33	1086	153	476	204	101	416	38	1365	414	807	746	1104	1200	510	1289	943	857	990	830	853	114	1352	405	1135	1273	331	1127	1009	1181	72	1160	122	1063	1230	512	876
257	1342	218	938	320	879	150	248	726	894	1355	823	972	7	1333	130	494	1275	1204	593	253	525	1130	255	1157	1307	968	720	851	1035	25	1309	693	1054	858	265	1280	1224	541	697	212	540	294	1248	866	903	988	1229	1052	1276
923	40	96	393	223	437	509	1156	955	667	721	1227	927	931	123	619	1	90	1140	810	558	1281	1132	173	549	1006	267	382	1305	438	418	692	980	583	312	492	1360	1124	861	664	730	902	242	1103	228	578	45	34	890	553
960	759	1058	1218	390	1148	814	231	118	763	1266	1288	1284	75	631	959	1192	211	1216	595	1279	440	369	66	279	547	650	948	180	662	54	1138	307	676	1043	939	1062	1133	872	208	1298	957	1232	559	1091	1349	316	552	556	533
624	737	1330	885	84	768	1110	919	1193	199	774	666	579	1283	103	2	671	1274	80	701	1002	1007	869	207	1064	637	1243	1292	673	6	904	483	1151	865	1027	176	261	163	1016	836	954	912	600	1306	524	280	1189	1039	325	699
1059	1147	1191	1068	276	389	1334	484	846	293	480	376	585	674	413	649	1073	1351	778	1345	1095	852	1170	14	24	69	42	586	301	200	1267	1082	1370	567	1367	1139	713	888	1003	109	318	791	775	1301	106	926	60	1225	1031	741
428	490	311	443	411	1034	407	680	241	539	61	628	760	317	21	85	606	1041	394	170	189	855	899	1172	837	291	76	107	1287	819	313	39	190	142	252	856	641	566	475	1100	1022	355	234	779	1186	78	1320	448	816	640
589	947	339	657	806	907	1033	738	849	1246	859	516	9	357	1318	882	185	548	963	219	100	1332	1125	1092	461	64	1015	148	1072	502	632	270	1235	1066	465	1098	764	377	1226	729	127	1341	124	496	233	1060	139	79	999	656
350	898	1245	1255	546	1208	1174	1105	734	629	871	1048	335	213	745	918	352	813	655	1044	371	572	365	20	116	696	169	455	1175	747	863	143	1126	725	338	195	1129	1205	125	161	752	1293	644	1310	272	91	672	771	315	1313
323	515	485	1296	1008	1111	1070	97	817	1087	1222	321	343	659	138	1277	986	660	162	282	790	112	1282	798	685	802	53	1302	503	974	755	258	1168	86	564	1081	767	137	900	1184	1011	77	910	625	1122	914	400	983	824	1336
563	735	1166	946	886	915	1029	892	770	493	1348	1051	1368	532	740	372	1115	761	505	56	592	188	1112	312	35	178	413	370	788	848	841	1356	265	1303	867	463	76	983	177	884	563	1117	846	1212	1143	1069	1325	1182	391	947
123	767	539	153	54	81	754	318	39	969	1281	1300	751	941	487	891	402	1000	1168	1224	1110	838	14	1056	741	149	1208	462	523	427	253	1061	1167	138	231	1103	42	495	925	107	609	328	384	658	667	420	946	587	80	512
327	901	611	723	1177	798	320	1198	1085	698	483	1268	1161	21	370	388	536	131	93	1135	377	286	647	215	1073	242	646	745	452	358	922	630	1019	519	581	876	845	293	596	303	182	225	26	1194	78	1087	950	145	608	1047
576	705	150	1156	315	853	208	724	1365	594	1335	809	927	1195	279	840	1202	727	1182	1057	68	960	604	712	955	943	1148	726	521	1233	1271	615	223	324	290	688	356	651	803	46	552	626	1228	828	781	97	201	958	1050	1146
374	229	32	238	237	1193	819	361	695	1338	645	644	639	62	653	555	417	892	1080	591	1276	226	2	896	508	677	728	822	957	832	1234	240	460	166	1112	559	4	683	181	261	179	731	30	830	992	1240	833	602	720	481
921	1350	691	70	855	75	783	1227	864	255	839	488	144	401	110	1314	1128	589	1010	1323	341	818	424	344	423	665	875	409	305	759	915	1247	1107	1210	275	1114	793	558	50	917	1023	1133	1242	898	1164	719	642	1257	772	895
518	111	545	422	386	810	708	135	416	877	967	619	528	654	1312	497	203	889	851	1130	482	568	1191	1238	363	578	1278	909	159	1060	750	137	535	729	1263	577	51	132	414	689	871	1079	190	1298	1211	71	209	1029	676	116
61	920	295	1189	33	537	843	368	812	63	725	551	911	914	1333	1178	395	905	1043	785	1219	448	357	632	887	1162	679	1082	1066	213	595	29	534	779	718	241	1214	31	1270	1362	1025	786	1152	1282	1204	755	176	353	1230	820
972	160	846	456	613	1289	20	548	544	477	1084	924	1316	272	823	964	100	57	451	178	934	484	918	635	648	134	865	734	749	706	713	885	48	163	36	805	1119	1188	1046	251	546	549	1118	709	447	1269	9	372	762	267
399	1026	1095	400	796	894	937	141	916	1325	53	1044	40	1259	740	1232	1122	899	5	498	592	986	1244	618	471	1370	684	157	502	696	1313	761	780	756	58	926	390	227	836	52	1157	971	1009	1098	283	22	270	854	999	202
1324	1364	493	140	120	516	10	1070	567	880	1089	1343	1339	1304	147	90	514	1092	396	737	317	659	1291	1293	297	185	966	656	935	881	113	553	996	23	197	1222	381	1215	340	1239	732	890	603	211	391	669	127	1285	1292	526
701	932	359	1081	119	897	643	234	291	379	1106	987	529	1166	397	175	601	852	1353	778	1109	1180	463	268	672	109	151	777	198	252	82	784	1004	1274	342	335	1160	610	747	136	385	774	1279	1252	1261	1006	1199	1235	1336	313
350	735	1273	496	442	1329	879	944	1036	520	312	449	479	1034	269	524	1124	148	1151	8	6	1340	768	106	598	1229	37	470	858	133	517	1115	575	349	1022	210	1185	1172	874	459	276	169	431	883	373	389	1153	66	339	1283
440	393	738	979	869	249	1138	475	1155	824	923	347	86	906	1054	538	12	1074	872	76	862	1013	45	975	622	1171	1267	453	326	392	928	257	1131	1260	164	1349	782	1218	380	1355	1213	623	982	1248	1223	455	998	893	821	1150
139	976	541	1024	1367	634	566	1287	1134	1203	527	1174	1121	457	114	1104	1139	333	287	1360	1102	802	550	945	27	250	25	636	1014	47	1197	888	319	217	991	1321	436	863	465	85	981	736	717	204	621	582	835	522	951	807
1093	1040	189	908	525	256	834	1067	1101	232	1031	1015	1368	362	792	590	375	1099	633	192	84	321	748	1035	947	329	963	605	844	1108	15	1027	1310	791	1012	666	432	405	560	827	766	556	263	13	41	714	73	156	19	474
721	330	172	124	258	629	953	311	1100	49	753	310	571	1348	1186	450	690	507	702	1088	415	44	978	787	264	433	162	1212	480	1077	244	443	907	817	1225	829	403	912	801	746	1226	94	183	125	788	1221	382	1303	1318	56
280	616	770	299	1002	212	980	3	866	59	870	1143	687	515	580	773	562	1264	973	88	1327	117	103	421	861	1250	271	43	130	625	543	351	579	1042	165	607	760	1020	1341	60	1216	376	336	1173	1354	983	1184	685	352	18
744	563	1071	281	170	599	547	360	638	956	301	1201	1076	485	503	565	1308	473	954	1337	1256	355	34	612	1038	11	826	158	235	265	65	671	308	464	230	569	354	478	965	1347	1192	1334	847	561	1326	199	808	429	584	1129
387	716	674	24	513	650	233	627	1309	542	83	572	314	1369	952	1032	1170	776	219	693	540	1272	1265	146	637	682	1136	248	294	1065	995	288	1342	694	697	466	1142	1209	367	1330	1288	1154	1206	837	930	1295	87	882	1366	984
152	707	902	1241	752	345	1200	700	292	873	435	710	813	860	800	1237	334	407	939	1302	143	1021	154	1196	1078	664	673	108	96	1097	446	936	1317	1266	1	1307	445	1048	868	790	222	570	413	970	913	574	900	504	764	1105
573	186	338	1091	102	1332	206	325	55	733	509	631	606	112	167	657	977	428	1243	1017	187	1345	993	1063	989	678	444	461	1165	588	1356	703	848	1181	266	323	1319	533	467	469	254	1190	1254	933	532	1159	1126	35	99	1064
1149	1344	296	859	0	1028	903	668	1051	557	994	968	1253	1255	1011	101	842	79	1086	816	441	617	168	239	1144	661	1055	472	743	1030	343	491	1090	1328	510	948	406	486	184	938	194	89	730	1315	277	1052	1062	1251	554	1363
1111	221	758	200	1301	419	655	856	418	371	1158	1125	74	997	620	366	77	742	789	1005	64	884	246	1169	641	494	1175	129	811	804	985	236	228	383	649	180	1275	1141	680	1361	174	1008	220	171	624	614	1163	126	173	1299
765	298	365	196	307	1127	628	207	531	699	962	118	468	739	825	332	284	1296	378	942	974	1183	675	92	850	663	795	331	439	1094	394	398	564	426	929	910	505	1037	1284	931	1041	364	28	1305	1116	681	1220	195	300	476
1001	1072	1280	1286	369	1096	662	670	260	16	121	919	1246	1258	1058	990	722	692	430	155	1123	1145	1113	214	346	322	285	593	511	282	1357	205	91	1068	771	128	1045	438	878	600	316	95	961	1003	1147	806	309	1236	959	841
1249	1205	105	142	412	711	273	814	434	794	949	501	1053	247	1297	660	72	797	243	799	1352	1018	104	1059	640	289	337	1007	1217	585	506	490	1117	597	499	410	245	218	904	348	1069	454	115	583	306	1306	1245	302	161	1320
500	1322	1359	886	224	489	867	98	404	686	1311	177	769	586	1083	17	492	763	940	1179	1262	458	1140	1016	188	69	1137	304	1331	278	652	831	1132	849	262	757	1358	1176	259	7	1120	191	216	1039	38	1049	437	775	425	193
815	122	1187	1207	408	1277	1346	715	1290	1075	1294	988	857	530	411	1351	1033	704	1231	274	67	390	219	140	21	1013	312	479	305	657	529	142	255	462	932	875	1066	16	757	789	1266	884	361	315	1017	134	456	736	266	1341
458	906	876	399	213	640	647	1180	975	581	345	277	606	712	1267	376	112	460	689	184	1359	1351	1284	1183	259	557	67	127	992	318	1095	102	962	466	1355	936	77	139	175	28	449	80	1090	439	1031	1033	97	1285	323	231
1103	342	822	742	909	719	1155	1234	101	43	451	45	1039	356	891	340	46	295	824	1124	868	131	701	197	56	929	39	708	324	450	920	785	1143	212	1229	1159	767	1091	941	1222	219	950	480	358	716	1265	206	826	722	582
431	892	875	1072	597	205	673	365	1122	441	462	669	1120	888	41	1132	610	87	1368	757	1272	338	344	216	543	747	24	171	317	766	433	5	325	1161	919	1014	886	976	532	215	1144	813	688	273	1341	1068	1016	577	275	497
1024	65	904	593	797	391	1034	696	35	562	291	714	159	375	147	244	116	335	1040	793	1048	144	203	1066	983	373	258	79	514	680	1150	129	363	1281	142	1112	72	1051	319	612	911	565	93	153	1101	66	1211	448	928	1149
730	135	398	1203	854	185	966	1205	1363	503	1326	1319	893	1201	795	402	905	927	973	974	953	1011	1202	59	599	32	183	53	801	1181	193	1167	655	1295	1318	1247	18	521	1292	777	915	306	1053	1261	934	1335	1358	877	8	567
809	765	990	427	930	52	994	54	202	870	790	136	170	1294	856	1130	468	999	1065	1185	96	409	528	1336	1083	574	274	235	1282	699	879	1227	1151	343	498	94	1114	490	423	1328	884	81	968	1026	1259	848	322	509	63	658
237	1224	1240	1287	559	586	955	551	223	731	627	1338	542	1346	554	282	266	1128	311	778	1146	1177	25	1197	393	584	1332	1354	292	1115	1184	553	1320	667	1105	632	1062	1323	339	1021	42	940	885	128	960	262	695	137	1172	794
1198	9	1148	1081	815	786	1098	240	120	1204	34	248	1293	1238	715	2	414	110	851	1173	71	1266	847	587	1087	83	510	1088	957	665	88	1279	635	1348	881	1089	1274	413	933	479	1307	1061	148	923	1092	1030	1041	511	748	495
201	1270	374	91	84	710	537	154	579	372	952	446	434	843	971	500	33	239	536	799	1200	386	1153	73	290	717	1352	280	883	1158	1316	195	544	99	1138	752	618	173	872	313	1086	902	442	1047	867	381	638	1075	1340	1126
426	1004	1313	692	853	1213	437	117	806	20	784	780	296	596	351	746	917	773	483	849	1232	1342	249	645	583	95	438	1169	1029	163	1306	301	1106	1097	502	675	1288	572	646	1140	75	492	424	278	157	220	337	512	1082	1221
912	445	359	1009	882	1280	662	475	666	1225	111	984	720	970	208	1127	271	796	558	11	1283	546	1314	787	890	315	443	1099	633	529	115	1190	552	485	650	743	840	299	428	729	1046	1012	980	575	465	478	774	1331	735	1268
871	1253	580	1006	967	818	1344	453	534	866	644	972	1242	1050	166	1296	1094	1134	898	641	134	455	997	1356	1067	1210	869	607	1025	1362	724	1078	679	251	55	744	199	108	1104	463	272	64	114	998	447	400	515	873	802	118
168	250	989	571	284	23	660	852	286	1017	900	378	649	181	307	1329	942	1312	419	1241	754	366	1275	616	643	725	723	456	377	429	109	1252	946	600	1357	914	949	550	1315	659	100	916	125	1290	700	810	287	172	4	1174
682	461	155	1264	1263	761	1175	107	1036	243	829	31	523	653	804	1121	687	608	861	1027	541	1008	1244	1324	1278	417	832	1070	246	823	830	1117	143	294	556	68	469	1369	1223	388	987	15	1168	995	316	1109	333	1129	1330	188
150	1364	113	152	499	385	1345	831	759	857	850	238	508	538	320	783	1334	283	1304	186	631	833	820	255	726	798	178	672	130	1235	736	703	648	951	954	524	229	621	209	979	1360	842	16	1302	191	924	1018	899	236	200
432	189	436	156	256	12	969	642	70	613	663	709	1260	491	1365	305	174	1010	1045	629	549	1289	484	1273	590	412	564	1022	404	878	702	664	1142	1057	1044	751	1131	133	639	745	210	394	897	217	903	1317	858	1216	961	604
1350	405	775	1001	1152	1056	595	1145	1347	1060	167	145	336	353	288	932	487	310	535	1231	176	652	770	281	762	705	1311	560	937	422	1258	1038	61	825	331	221	370	526	1000	470	165	569	1005	760	592	1123	146	697	6	17
494	628	657	685	395	382	149	727	913	588	459	98	598	615	37	594	1074	1226	151	361	1166	1049	959	222	1023	931	589	591	392	474	106	228	1305	330	698	1069	764	681	656	1059	1230	260	198	379	123	269	36	908	668	328
1245	531	901	29	1248	860	711	1118	918	545	92	1170	1194	180	196	691	1141	855	690	782	1291	527	444	1116	384	1163	362	713	360	769	21	158	1215	522	985	1058	86	105	896	986	811	1249	1079	504	1209	578	1271	525	177	548
585	1367	1	1154	1015	1019	1218	357	207	161	1007	1186	341	768	3	750	225	227	332	257	390	352	938	1214	254	625	841	561	1286	416	819	555	676	839	1157	49	1301	411	69	486	1228	1156	1337	622	734	1343	141	264	383	1208
252	1269	803	1254	334	948	218	285	14	1220	51	387	78	1333	1321	1071	501	397	190	489	289	661	303	121	749	1193	50	214	89	943	1064	910	1256	619	894	364	516	19	865	1303	792	947	1309	380	1135	169	476	880	481	1300
1298	808	204	506	1013	1133	1370	1236	637	1361	1189	369	407	996	62	821	772	728	1276	347	293	367	74	440	507	211	827	1160	1137	253	805	566	103	1076	530	678	22	230	263	1110	623	812	321	302	327	864	1165	602	477	160
862	1243	518	0	836	626	721	1327	1195	1262	958	513	982	763	1237	834	1206	297	740	48	704	224	755	1052	686	654	771	401	1073	242	1233	1277	346	10	991	738	683	410	758	26	182	611	1020	1250	779	519	1028	247	1182	276
418	233	415	978	741	609	1136	1251	1297	1353	1080	718	993	1191	1325	781	859	1322	570	329	517	452	874	674	965	298	471	192	1035	38	482	389	1085	636	1187	788	268	1077	430	308	791	234	887	844	7	1003	488	835	300	245
671	1196	13	194	921	800	895	267	963	354	925	126	845	1043	408	1108	279	814	846	1096	179	1042	58	1102	977	1308	132	907	1199	403	1217	1239	326	617	539	1310	371	1366	464	944	605	454	533	576	119	563	1171	573	520	226
435	1188	817	1299	350	624	164	935	737	1054	40	349	816	630	1037	241	396	1179	425	140	1339	1162	261	837	922	807	420	1212	1139	312	82	693	138	406	90	707	1111	964	124	355	496	945	828	981	677	1093	85	1246	309	314
956	1119	733	348	467	706	76	1178	1032	162	756	651	694	634	1192	27	1063	1100	568	1257	753	1125	270	620	789	1107	601	614	368	473	493	457	421	232	1055	187	122	1113	889	1164	939	472	684	926	1084	776	60	44	1002	1349
1255	47	603	1147	1207	863	30	838	732	265	1219	739	304	104	57	547	988	670	505	1176	540	1315	713	684	712	1167	425	1312	1135	7	207	880	997	61	78	365	120	136	756	1273	786	857	578	8	1317	106	597	672	1057	836
1180	50	791	98	744	728	1025	522	199	480	967	820	1179	1	1030	225	1235	1283	548	835	526	953	684	107	510	500	1057	651	1164	34	1278	980	1200	1347	1334	516	737	904	948	893	209	1356	894	701	695	1189	1023	1173	336	677
282	590	977	723	207	1226	646	1008	734	339	190	692	1303	959	756	505	767	764	969	108	27	55	795	793	145	359	115	248	1134	243	532	1233	777	1311	214	1271	804	593	1253	851	788	762	746	916	1239	221	266	1100	191	293
644	343	924	1181	1270	530	827	772	1177	722	63	1218	826	1290	872	928	288	729	848	921	1282	99	198	541	985	576	1015	295	689	141	217	451	871	1128	1325	632	486	1350	92	932	400	601	128	676	406	986	745	418	363	979
147	840	604	1370	408	427	785	698	1040	1359	837	1154	629	562	250	908	1111	1082	617	459	345	497	1088	573	213	312	33	579	836	920	328	509	616	930	587	377	834	354	597	898	1079	433	278	1101	271	1288	739	466	59	469
437	18	1063	104	51	993	608	998	880	1153	158	181	956	443	702	0	371	320	382	1332	344	1241	1329	755	1299	455	1360	388	571	923	364	886	891	1143	1002	1335	144	77	709	1232	329	626	277	1183	300	69	114	519	954	735
1009	263	117	1044	680	269	628	325	829	647	719	710	774	12	1206	935	1175	391	1146	38	210	721	546	1174	946	143	139	22	463	358	887	596	726	1171	831	605	560	462	375	1142	422	507	1141	775	951	6	1199	101	852	659
988	1094	938	1091	1065	361	1120	614	620	21	1362	465	1126	907	409	1074	1316	1336	1071	159	48	805	1168	123	1121	1257	1139	428	832	915	292	943	297	1029	474	556	298	458	238	374	456	71	234	815	1248	52	867	642	578	350
230	511	1269	1326	1035	983	155	205	1160	1251	1013	635	535	1010	310	857	491	148	905	1087	564	841	854	922	35	195	24	1151	284	15	135	105	268	705	78	675	275	401	1217	957	963	440	287	751	1291	648	1355	1187	718	672
1247	187	1301	407	1184	1267	429	1273	319	438	1201	859	1095	715	1262	1318	1020	53	163	431	570	559	471	990	1274	1127	228	102	1138	1305	342	1194	1297	360	41	1170	1337	1260	1295	838	412	110	875	1240	122	324	550	442	1272	1307
176	865	341	634	411	65	394	817	260	1328	1060	506	11	152	552	1119	520	866	164	245	537	367	212	1207	882	623	807	1285	1229	592	1357	1131	1169	1112	85	1166	803	460	800	286	658	173	39	528	424	1264	934	931	699	1130
302	761	760	9	498	517	1312	28	184	241	192	1018	1342	461	508	897	100	720	543	819	1152	485	304	403	1135	824	423	393	944	1244	656	1099	130	313	1022	299	1281	133	621	613	730	355	1302	37	960	340	175	1294	976	925
227	685	16	330	523	663	351	468	577	995	808	619	1046	1078	732	1276	743	913	1243	825	945	691	2	434	66	662	1114	776	1176	206	224	855	316	478	514	1361	1051	742	1006	749	395	349	545	1245	1149	239	97	170	1048	1050
1284	447	162	630	714	259	420	109	390	606	1275	1324	759	1047	879	757	911	347	671	682	80	1310	1066	1042	524	1081	811	134	1004	352	512	724	862	704	220	917	95	1073	1156	273	353	14	665	1333	188	281	885	955	1367	311
362	501	146	1103	172	542	435	70	7	68	8	3	276	296	697	43	1076	572	874	910	111	914	869	448	850	237	1323	992	1205	873	185	40	1158	1224	903	787	1348	950	1026	257	1031	809	941	633	694	1147	74	982	1363	670
1353	1136	1230	232	584	203	270	1055	679	654	197	196	627	936	551	464	906	553	539	949	892	215	1191	303	778	790	521	256	1256	67	495	1110	258	1327	174	1254	419	768	235	847	45	631	786	818	1061	167	290	171	346	76
396	763	72	846	487	940	452	30	189	1308	1108	253	849	180	1069	89	62	1072	216	492	357	574	1289	489	183	1366	1028	575	625	527	1098	643	1296	681	975	229	1195	327	454	640	555	168	1107	262	1344	17	49	1124	322	779
204	317	926	1341	752	638	54	417	736	798	252	609	4	140	186	901	1314	416	1287	845	961	748	23	858	369	1300	1349	991	94	321	504	801	828	1045	536	599	740	711	1246	533	971	194	780	582	1075	799	218	1007	770	86
1369	823	558	436	294	211	31	1000	1059	1280	138	222	773	380	538	251	372	1058	607	1038	387	1084	1090	1070	473	563	1227	1005	1165	595	868	1286	927	883	981	586	594	472	430	839	878	208	75	970	1352	513	32	26	479	1214
962	1331	771	843	83	1237	696	753	972	1220	267	984	649	1116	223	1208	334	782	1106	136	687	131	1185	402	833	1203	929	600	581	1039	987	652	244	645	717	338	1097	1144	912	806	1077	1221	201	496	1190	1204	272	414	1330	36
884	557	151	1001	603	899	707	639	968	246	598	653	1340	1321	1202	1263	1315	44	1157	1068	1014	379	125	1236	856	1306	57	113	91	1231	415	413	306	822	895	515	1234	610	502	939	529	25	1096	120	157	381	966	909	432	518
1252	1364	655	1277	264	441	1225	747	754	690	254	1122	46	1137	784	499	490	842	166	200	585	1089	1368	713	612	283	591	449	366	1034	1298	1172	20	82	1345	1125	383	853	1219	561	1320	589	622	1322	386	153	373	712	741	318
1358	1085	467	410	255	602	1319	624	90	1133	1036	1346	219	398	766	1293	421	389	326	1155	1145	1338	1027	1159	58	503	678	1167	1162	289	242	1118	1113	307	274	1016	933	813	1215	112	1043	121	1117	331	126	1123	1062	588	860	193
150	1093	1104	56	1083	309	978	476	674	1056	540	161	481	450	657	488	733	178	1261	900	119	84	426	494	958	378	106	1033	1196	392	1064	368	404	5	477	202	890	1021	291	457	156	750	247	792	1213	1238	453	567	439	1193
154	1011	1309	727	554	236	405	1304	1053	1317	42	493	731	688	1150	769	1351	47	802	137	445	81	335	1209	664	738	1037	997	1161	877	399	165	29	93	994	1223	686	781	1198	231	1222	333	1054	1266	937	1017	483	226	19	580
1242	10	370	61	716	1343	1105	261	129	611	812	1109	1086	127	706	249	142	1129	565	73	1163	397	999	636	444	301	889	525	1197	1024	88	1032	337	124	1258	669	844	534	618	425	568	475	1354	650	700	149	64	794	952	1210
942	1212	384	1268	1092	1228	660	888	1192	1259	1052	385	861	1049	566	1188	348	1255	973	1080	583	160	797	305	947	169	919	964	1365	233	1249	661	547	708	725	615	1132	1339	1216	783	1003	1140	1115	177	182	1102	13	1186	332	484
60	103	308	179	1182	116	693	796	314	549	531	965	765	365	1279	356	673	996	810	87	974	683	323	132	1211	1265	1019	821	667	265	96	544	637	376	789	918	876	816	703	814	1292	279	989	902	1250	863	1313	240	870	118
470	666	446	285	668	1041	569	1148	896	280	1178	830	1012	315	641	881	79	864	1067	482	758	771	852	1258	534	555	278	1205	831	183	157	1279	631	742	1240	599	151	1015	1124	587	773	731	137	432	921	451	1113	411	686	604