1,0,0,1
559	705	500	218	836	318	1025	499	879	625	372	294	584	694	858	11	444	195	925	326	568	846	274	456	16	799	593	230	196	414	1019	567	172	580	131	901	837	754	658	513	153	375	978	775	335	438	748	855	601	240
768	261	429	703	277	139	179	43	64	143	307	287	679	428	617	467	264	142	171	695	641	27	120	304	899	1002	381	22	379	626	739	249	536	892	675	177	253	721	637	75	972	572	520	990	88	1029	877	976	622	986
795	706	248	686	349	874	769	802	743	558	585	284	852	387	728	353	191	719	155	921	225	45	370	485	447	329	109	1	786	384	750	687	334	121	647	452	52	217	473	211	566	850	991	546	68	661	448	235	781	298
305	740	354	634	806	977	138	867	744	857	958	871	92	244	961	903	544	922	853	415	519	463	104	203	482	620	577	596	222	233	173	437	323	943	181	417	582	223	6	491	895	870	300	484	940	299	875	929	250	774
814	501	85	163	361	897	34	124	712	859	176	537	698	419	440	997	285	790	39	31	628	646	193	411	1008	410	985	547	878	358	495	643	192	507	374	548	188	378	194	524	525	998	271	896	57	487	805	621	609	325
12	486	984	820	403	824	718	854	504	483	794	174	623	946	190	252	518	894	140	923	676	684	709	94	720	841	927	197	886	639	564	152	664	345	408	116	787	590	578	722	826	280	789	442	167	450	295	30	339	619
37	100	840	245	80	893	84	742	704	426	835	242	823	157	1014	979	821	700	443	947	633	35	571	441	843	293	562	260	782	649	603	315	99	78	132	87	292	369	992	237	767	108	531	788	175	445	581	882	475	614
398	161	418	386	399	254	588	663	511	7	141	889	492	183	738	102	322	902	967	56	672	33	126	883	60	848	945	184	309	693	876	965	262	392	707	600	939	20	220	761	993	635	765	302	159	47	793	726	278	166
955	770	930	169	479	538	1023	413	351	147	615	900	115	723	24	651	872	65	917	76	573	276	383	272	638	764	311	510	28	202	164	69	908	968	97	425	711	130	776	125	514	367	96	699	273	873	224	594	303	529
431	612	151	982	812	229	752	402	110	592	21	170	916	954	866	851	72	685	449	215	772	989	669	105	10	845	555	1006	91	654	228	489	1020	259	114	1012	604	906	341	539	847	317	508	29	389	913	1021	618	610	981
932	199	778	497	1022	692	935	396	257	133	898	282	231	236	457	462	822	887	678	407	956	995	238	296	565	861	569	757	466	631	576	696	642	800	107	377	70	869	598	390	424	735	333	435	1028	829	667	844	118	336
154	734	1011	808	773	136	809	50	241	702	98	613	451	673	83	811	405	61	146	400	162	59	306	3	960	697	816	963	119	210	509	938	737	266	570	831	129	279	522	81	807	602	469	178	949	909	579	1013	682	111
962	833	14	214	629	327	160	476	8	458	26	659	724	934	611	950	910	25	688	792	1007	49	439	38	975	586	936	1000	838	343	759	312	549	66	205	494	911	226	481	289	433	148	478	301	227	149	212	101	156	891
605	587	332	488	666	1001	23	753	113	849	308	988	265	880	320	365	560	550	966	931	881	63	517	888	219	907	650	460	58	803	2	208	599	477	716	391	918	505	275	348	106	541	815	198	17	842	813	575	281	352
1027	636	994	532	359	187	207	165	730	942	269	616	810	288	731	819	251	512	36	394	701	297	19	310	553	267	112	729	632	291	920	941	644	714	928	189	710	247	5	660	563	904	751	145	471	204	915	948	397	316
432	964	533	362	839	969	127	561	830	890	314	423	331	656	552	404	474	763	368	827	884	42	388	117	493	270	324	791	0	9	55	944	828	959	455	983	595	1009	717	319	385	556	496	434	18	817	1004	186	86	832
503	46	168	674	912	221	957	436	863	999	1026	862	1010	258	137	996	330	376	454	158	708	180	521	771	32	150	263	777	103	347	551	540	350	727	516	681	1003	213	465	206	665	123	542	255	412	328	725	648	583	346
924	427	885	680	73	741	736	683	607	779	421	470	627	459	926	373	48	1015	506	589	758	933	82	355	95	446	67	834	608	534	766	422	380	756	201	357	671	128	144	401	209	286	498	268	90	41	973	745	337	416
905	234	366	53	690	785	243	79	51	526	937	338	340	784	797	515	535	914	640	677	713	557	952	865	747	313	749	554	232	951	591	185	1024	62	480	732	780	624	523	662	746	597	246	134	655	953	461	783	360	290
182	364	818	856	970	971	4	645	44	472	864	762	468	801	796	715	135	430	657	980	1016	71	630	464	987	15	393	216	74	668	1018	760	606	919	406	1005	93	530	283	804	825	543	321	652	89	670	798	342	860	653
382	409	755	13	453	77	1017	691	689	974	868	200	545	574	122	363	344	54	395	239	356	528	371	420	502	40	490	256	733	527	872	339	603	545	58	655	8	848	835	105	42	412	119	971	353	36	962	134	512	864
125	610	913	617	447	659	629	136	732	812	334	740	570	878	176	634	731	172	843	233	849	911	637	885	992	588	989	514	286	417	304	997	459	881	609	293	764	2	641	626	766	753	29	480	1002	1014	845	250	322	413
582	355	614	817	474	148	592	830	675	855	431	465	396	552	902	25	408	6	872	901	37	791	778	900	213	219	835	235	850	101	571	395	241	460	427	397	45	779	398	916	174	200	654	3	600	780	323	986	237	494
51	446	873	387	138	866	356	216	727	272	857	861	698	210	737	799	405	367	285	605	150	185	622	789	554	547	183	311	800	388	280	564	263	651	346	898	933	893	353	519	918	98	102	212	801	363	95	275	690	479
773	246	790	905	550	189	607	496	643	58	577	419	938	404	540	945	88	568	513	798	429	85	952	635	623	914	990	264	341	230	762	35	771	863	333	292	566	515	324	53	718	432	574	730	313	636	897	828	579	57
630	489	759	400	403	276	451	33	870	84	326	38	701	936	775	329	470	934	330	955	961	1005	972	772	507	957	73	278	454	686	40	559	196	371	837	869	422	175	981	613	733	682	512	941	110	282	100	466	532	28
904	147	891	240	180	510	144	435	896	495	809	927	726	657	105	325	482	90	268	694	473	103	365	307	458	132	549	691	705	833	951	218	68	373	664	586	267	91	1024	81	756	154	359	456	392	229	126	64	683	722
741	27	895	134	437	633	379	376	360	294	21	179	16	9	171	819	832	985	385	956	797	822	627	225	593	316	814	453	836	418	22	178	42	283	546	36	978	119	557	763	442	161	472	783	854	874	82	169	226	638
865	92	707	882	599	20	308	347	13	128	921	295	963	231	145	871	543	838	26	386	52	443	19	167	1006	528	692	394	205	677	522	0	245	182	667	810	248	80	953	1016	1011	868	130	841	668	804	517	181	696	666
107	818	197	190	335	975	1026	912	591	15	462	55	383	628	127	926	424	502	284	165	620	236	140	991	487	266	719	984	67	416	653	340	536	499	827	752	277	56	156	811	339	781	484	578	709	713	321	332	757	137
151	298	32	687	970	375	374	380	777	18	66	983	995	825	498	312	875	648	83	423	959	1025	658	539	372	619	1019	867	407	449	234	928	192	338	303	469	736	768	336	254	409	142	256	420	290	104	222	704	149	348
444	31	152	604	744	1023	439	742	382	1001	279	399	1007	47	87	735	968	160	139	121	877	492	224	728	965	565	412	114	97	644	949	973	168	54	655	924	929	239	255	548	352	141	471	173	787	611	48	589	537	129
987	706	43	876	96	860	908	680	157	769	426	433	115	689	649	673	858	46	61	198	79	76	49	1012	575	202	674	468	786	700	847	265	947	207	829	317	78	576	684	331	948	436	464	1000	950	848	621	526	695	562
663	815	703	925	457	678	166	525	862	743	112	676	979	917	1018	681	864	117	421	561	937	135	23	155	291	886	177	300	262	688	361	892	488	645	337	805	62	774	261	1009	59	430	747	193	598	531	534	1003	776	357
758	761	1010	580	842	672	7	545	944	581	533	1	853	1028	960	679	595	966	702	794	738	603	647	748	214	767	922	187	69	209	297	889	249	765	11	390	751	368	299	305	920	503	223	729	370	608	351	350	662	191
39	401	558	587	851	980	195	802	258	711	72	749	714	1020	919	358	289	795	977	393	665	269	118	455	406	364	164	650	242	590	504	93	158	516	563	625	70	309	116	143	389	89	441	201	964	208	445	123	584	1021
306	615	942	939	784	511	211	452	501	366	77	381	1027	746	639	642	597	315	572	354	551	215	232	1008	808	342	708	14	923	486	1029	852	755	497	1004	894	71	567	345	560	530	969	883	509	481	932	153	17	685	34
270	1013	940	844	1017	274	806	954	624	745	111	75	831	553	86	500	228	327	999	834	839	529	302	840	170	527	1015	998	699	884	320	656	602	319	632	50	5	252	199	887	63	788	710	697	411	671	721	943	328	606
124	251	723	44	296	652	131	203	631	782	524	475	712	931	846	485	253	163	669	12	186	823	391	792	122	535	807	518	99	184	1022	640	616	508	227	41	976	903	146	660	434	271	244	478	856	618	106	188	739	10
661	907	770	257	273	384	596	281	483	820	734	646	438	958	344	74	467	450	260	879	448	343	288	109	754	988	906	724	30	159	824	194	715	717	996	238	60	793	859	24	888	750	601	612	287	971	410	725	477	542
259	716	880	720	930	974	378	113	521	585	490	8	915	221	428	909	538	415	414	362	506	440	583	220	493	349	760	785	520	910	967	65	476	243	133	541	594	544	962	463	247	94	993	162	693	796	821	816	301	523
899	402	108	4	505	826	935	206	120	461	890	310	555	314	425	217	569	491	994	369	803	318	556	946	573	982	204	670	813	377	335	880	411	4	444	537	735	271	909	648	296	276	64	832	714	53	600	235	811	1024
561	515	46	607	780	143	108	734	422	205	181	107	1011	566	638	999	974	836	673	454	464	404	429	493	81	1005	913	101	363	774	483	554	386	691	123	95	639	697	828	790	816	728	294	568	292	951	30	516	495	548
724	813	31	840	760	892	120	87	851	276	582	487	609	629	65	124	996	678	355	960	70	742	37	1009	342	764	229	146	300	788	731	588	370	470	72	425	207	715	348	475	856	248	559	435	662	140	182	802	269	1010
1020	1029	653	222	738	591	980	286	9	783	333	430	573	67	862	382	245	362	157	887	396	621	993	689	611	311	592	418	104	79	1025	353	346	552	218	835	34	141	765	994	97	918	1003	42	90	979	540	1012	594	879
770	524	744	679	147	623	135	806	803	991	330	903	714	578	660	896	681	984	698	753	708	882	1026	518	646	560	652	581	775	54	922	831	683	325	924	279	16	1022	1002	88	339	843	433	815	468	643	593	389	319	839
1006	725	414	240	580	814	800	190	58	368	360	440	792	134	807	915	43	452	398	762	15	562	631	76	20	537	344	371	771	600	981	413	159	142	838	650	622	755	904	235	40	32	166	314	126	206	921	133	376	830
249	424	267	938	781	833	194	735	189	704	873	264	136	338	261	23	686	41	85	866	290	434	453	289	511	527	282	467	945	633	406	302	736	57	322	958	439	49	944	74	310	946	544	192	719	894	89	545	977	201
531	758	60	340	482	893	907	801	121	703	716	930	412	473	327	845	420	307	224	955	849	705	223	971	587	852	474	313	702	219	161	808	676	939	117	546	640	12	614	543	384	964	864	647	641	778	193	949	648	29
372	966	978	484	829	259	583	275	655	132	889	98	1018	823	28	459	53	729	630	995	283	444	227	817	870	11	605	137	27	577	632	757	668	356	688	66	597	947	986	497	576	948	553	890	388	859	169	923	284	491
606	959	707	584	595	988	450	274	402	242	331	785	110	328	925	969	231	624	1021	73	529	233	366	401	911	884	1014	456	722	872	853	122	385	47	436	528	888	897	579	237	547	589	306	952	645	476	0	271	71	403
616	787	45	212	208	374	399	750	820	661	841	637	335	129	304	200	805	24	116	525	115	505	432	880	502	555	303	427	658	228	895	375	794	293	556	103	285	876	230	463	521	906	347	394	832	291	711	1007	354	130
184	620	506	183	569	378	498	956	80	196	272	377	287	919	990	334	972	277	927	701	937	213	179	490	975	612	99	508	694	1016	692	256	536	84	443	329	114	316	599	494	168	752	854	262	324	613	776	784	485	251
603	726	709	1017	782	910	397	457	615	727	152	860	244	170	492	826	350	627	953	837	586	364	239	797	3	198	943	486	868	846	538	148	551	411	204	63	865	357	17	827	445	296	574	861	50	8	857	772	618	174
149	520	732	361	478	619	337	323	241	164	818	672	408	690	481	358	1028	472	250	92	109	336	165	517	318	696	268	96	510	61	172	175	225	891	145	417	1	113	309	139	799	968	298	441	674	718	908	163	693	448
617	563	477	263	156	810	768	786	59	834	824	844	983	798	1001	667	905	243	209	186	534	659	154	575	86	106	185	400	883	987	151	542	723	197	796	78	855	746	390	423	496	500	4	749	211	253	51	666	809	489
112	886	373	187	369	899	745	111	410	349	461	532	176	270	13	706	961	177	976	644	345	602	572	312	22	847	507	35	180	535	751	933	215	642	273	1013	759	480	162	238	804	199	720	305	934	601	756	10	252	39
68	449	777	26	321	590	989	665	93	18	773	188	25	91	150	216	295	462	173	700	848	570	867	125	395	902	56	567	171	721	936	1015	628	963	367	351	383	932	278	409	635	226	598	48	503	1004	288	982	954	914
998	941	381	246	926	62	730	127	793	144	789	822	260	446	881	869	519	748	737	203	33	451	649	82	153	929	898	685	530	626	985	254	965	501	391	677	214	512	608	392	740	931	460	36	195	739	675	14	909	533
791	885	957	763	77	850	712	317	466	415	912	247	2	100	604	341	365	447	44	821	596	670	858	877	741	625	812	387	863	747	131	733	160	585	258	509	421	301	550	94	1024	7	38	257	69	717	202	158	1008	940
75	232	743	83	255	320	119	19	634	1023	266	379	431	1000	297	992	842	64	523	526	671	55	557	656	167	571	426	308	479	343	754	761	769	52	970	21	901	935	900	779	236	871	874	419	5	610	514	916	942	471
682	499	428	332	469	654	405	155	393	416	118	766	875	997	217	928	950	6	819	458	962	973	917	442	565	695	455	669	465	539	713	699	438	504	220	1027	680	636	352	221	825	541	280	128	920	811	513	664	407	564
549	1019	138	380	234	488	651	210	281	878	265	967	657	710	767	178	299	795	359	522	105	102	437	191	684	558	326	315	663	687	788	777	263	866	549	666	735	276	496	358	133	231	204	118	247	505	674	575	531	4
357	746	18	954	898	883	536	251	424	485	970	46	429	528	553	66	912	772	51	731	614	865	473	663	390	145	535	489	700	594	215	755	465	113	1014	47	1025	904	632	420	624	984	542	344	845	732	506	752	949	194
992	593	17	537	475	786	413	497	583	134	320	388	798	739	108	965	782	406	265	222	788	440	316	552	450	761	931	435	517	866	263	861	741	482	419	576	677	763	633	962	216	152	953	769	203	252	834	955	910	339
737	615	796	481	245	156	392	67	479	103	382	791	914	21	326	976	239	745	713	806	358	20	84	590	828	376	744	299	655	310	792	11	754	63	803	149	544	463	188	349	165	288	725	85	587	892	703	64	209	122
971	942	973	702	1003	120	879	32	83	136	71	657	512	938	347	963	990	456	52	509	426	170	706	699	797	669	551	692	28	175	362	805	387	128	318	611	234	90	68	947	416	9	36	23	350	433	79	817	325	496
294	223	685	609	398	653	592	183	454	97	195	394	329	640	852	540	518	801	753	100	331	446	187	811	927	167	418	694	189	395	601	522	462	7	125	550	139	822	596	448	853	452	129	686	353	341	841	351	905	563
930	600	374	820	635	707	775	191	823	186	623	154	500	961	764	978	385	201	432	491	261	766	851	940	903	275	920	81	664	837	2	915	654	330	749	77	968	584	722	974	115	333	116	693	824	748	126	839	641	472
691	219	799	130	106	556	1022	144	13	302	1015	177	618	625	151	423	682	864	143	673	1009	309	289	501	322	372	747	989	727	916	363	891	821	591	670	471	988	1	72	33	812	427	55	555	667	492	217	929	875	890
1011	842	439	882	701	650	334	101	163	301	605	774	644	437	447	829	464	258	192	40	410	944	636	643	127	933	567	227	259	199	109	436	6	457	672	277	529	780	248	414	709	681	399	925	923	569	160	557	678	523
648	422	1023	957	124	521	740	348	573	863	487	140	123	946	304	994	695	321	939	276	24	813	610	208	1018	742	240	708	588	235	554	679	405	104	738	507	1024	403	878	178	360	478	133	0	690	367	373	814	999	42
570	205	795	369	726	919	926	58	858	649	30	142	502	848	153	936	714	647	546	626	928	728	461	909	242	661	680	1013	688	425	378	444	467	751	558	577	729	354	87	899	575	642	168	162	238	451	893	794	441	778
604	951	455	94	827	470	952	285	1020	164	147	885	401	95	408	645	381	230	1008	724	224	934	421	280	229	598	676	833	12	345	906	340	39	503	132	214	684	977	581	264	597	585	545	96	278	807	785	107	292	137
232	236	380	135	131	627	181	941	924	158	256	291	559	445	38	572	34	674	56	781	352	765	621	734	386	830	710	286	514	311	862	86	620	826	332	27	1027	336	57	877	1028	1002	262	493	271	212	92	1021	270	49
375	760	119	150	504	932	480	696	983	637	313	295	717	8	359	505	808	520	844	697	874	964	221	14	308	959	658	274	513	1017	872	306	998	484	819	1026	476	1000	756	257	1001	560	157	328	889	110	985	850	80	50
767	279	255	197	579	323	860	856	631	687	26	268	494	179	488	74	868	371	190	541	539	582	91	757	602	519	854	595	254	246	207	370	342	511	671	543	534	483	233	612	921	343	458	876	213	260	549	779	396	857
269	660	490	960	547	508	787	608	37	666	846	831	652	202	45	982	783	409	515	477	93	161	62	950	319	628	200	377	510	498	293	171	442	466	659	449	196	415	117	526	578	486	228	346	698	975	943	267	296	272
762	840	35	356	969	793	871	967	716	638	561	324	88	987	870	383	111	303	397	527	566	972	43	69	771	836	835	622	210	155	65	1029	366	945	391	900	298	355	901	656	431	307	250	5	719	174	10	368	548	855
619	78	646	603	986	364	218	825	379	241	249	843	991	894	564	911	460	804	736	53	838	606	705	948	538	3	225	895	711	114	715	651	720	89	98	61	571	198	1016	400	616	873	243	338	586	317	290	287	469	389
613	44	917	721	881	443	19	867	918	404	166	1007	54	25	665	193	76	315	430	525	73	869	237	138	1006	226	384	48	735	184	908	574	281	305	411	884	896	468	662	777	1019	434	99	980	180	273	283	888	935	530
810	459	247	220	907	668	16	880	211	733	634	770	847	474	22	393	768	617	206	244	887	407	159	327	639	800	15	182	337	1005	402	958	995	453	365	723	1004	897	533	1010	59	689	335	580	759	282	412	266	516	75
712	169	312	314	802	121	886	966	284	816	204	495	809	82	428	176	815	743	70	568	499	1012	102	300	173	172	996	185	981	859	997	29	993	902	773	629	112	118	956	784	818	41	105	849	730	913	630	599	979	361
565	297	532	790	758	937	531	675	562	750	141	922	438	589	718	524	148	31	704	776	607	789	146	60	417	231	253	832	4	683	354	669	369	438	1008	482	907	174	371	455	607	295	599	21	680	748	66	527	1017	916
826	221	730	200	666	752	945	477	993	782	535	164	157	377	368	346	918	235	904	933	488	934	253	615	528	104	665	900	103	14	86	546	125	879	464	363	483	41	438	362	395	128	859	589	958	436	757	812	78	567
913	333	902	328	291	916	67	840	79	956	245	639	143	654	81	505	5	803	582	136	348	492	497	607	31	485	553	891	565	661	985	911	810	176	193	878	750	821	995	870	1009	53	898	140	454	671	376	929	599	198
259	272	77	397	289	389	793	650	585	148	386	263	848	558	769	132	628	965	74	756	618	754	463	378	611	811	924	920	1014	572	100	276	18	788	574	398	286	29	174	471	1007	331	719	28	822	127	923	332	731	890
815	981	301	785	819	717	219	30	437	692	52	830	202	108	274	767	166	1012	243	355	217	180	486	529	252	641	316	97	241	16	982	80	998	827	544	952	758	999	462	899	701	451	675	66	191	748	841	284	188	90
388	561	906	394	356	770	317	781	1006	482	725	715	768	857	246	209	370	880	465	68	142	887	960	20	12	970	839	1015	845	409	856	294	645	401	1024	324	336	435	335	875	182	994	540	682	76	422	548	720	792	39
403	872	806	515	1028	156	457	813	604	1000	772	789	207	499	776	439	1001	728	804	687	308	268	273	809	229	944	168	1026	824	576	225	267	883	425	311	83	969	270	507	743	223	47	349	288	264	149	711	816	597	948
908	919	620	391	573	605	56	240	547	491	199	653	984	43	842	1019	718	412	344	236	430	1016	411	298	917	851	590	897	201	345	315	709	237	467	460	366	619	643	302	539	759	838	107	771	735	1018	927	820	340	408
255	787	266	82	445	780	606	651	696	434	406	496	466	137	724	226	622	359	390	106	63	755	593	632	476	431	854	587	112	33	745	556	935	612	510	8	89	178	325	874	87	35	480	534	158	1013	54	551	877	832
1002	261	224	545	135	470	1017	440	909	588	342	669	57	657	700	160	121	95	648	655	940	251	631	472	211	518	939	297	746	339	936	922	578	557	538	305	575	617	560	234	303	71	527	519	660	799	46	468	853	10
115	571	779	702	327	591	938	989	514	541	383	249	892	458	443	543	688	828	847	967	69	506	116	681	279	323	523	84	968	220	713	533	559	893	347	296	570	795	310	381	658	162	626	946	417	733	91	351	947	835
716	372	442	679	181	321	971	421	456	126	17	353	662	405	196	312	19	633	481	354	568	150	672	387	740	678	374	592	314	537	59	705	712	65	680	693	873	823	846	424	808	602	953	834	420	428	517	833	584	921
3	313	949	972	637	603	502	703	530	914	4	329	722	794	159	729	775	955	400	542	555	23	773	258	583	494	490	449	92	124	11	88	532	784	647	726	849	271	232	44	549	257	786	889	72	419	608	907	881	117
564	418	216	283	369	469	293	337	988	129	55	222	501	1003	415	24	664	113	865	978	1021	895	167	122	151	667	858	360	208	521	190	210	896	187	915	416	825	802	634	114	932	668	884	636	25	751	683	73	508	441
739	670	710	228	130	552	992	250	423	640	623	61	659	461	49	307	493	384	581	475	447	1008	652	579	928	393	962	300	616	147	99	600	627	1010	306	396	2	741	818	610	613	723	152	161	744	876	40	239	959	977
513	829	131	9	256	512	109	516	326	801	925	206	34	520	26	1029	96	800	154	685	165	265	625	15	1022	277	901	869	524	562	536	320	238	930	262	118	70	373	1005	404	941	595	937	734	975	231	498	474	866	991
459	290	98	21	407	123	943	93	413	950	961	146	37	446	951	807	586	594	1004	138	119	684	905	912	352	656	45	278	36	753	629	280	27	169	695	410	13	621	358	1	727	698	173	177	111	863	525	473	213	738
862	242	189	318	85	139	1011	50	183	966	691	550	144	281	484	979	526	145	429	330	192	522	831	649	926	638	185	843	646	903	736	749	260	254	721	194	704	860	295	762	766	563	931	479	580	673	503	976	448	450
367	778	511	765	990	184	32	694	1020	269	577	426	215	761	247	375	861	888	489	791	62	230	598	227	322	747	102	153	233	635	630	942	357	980	674	774	690	963	338	105	707	0	163	42	732	1025	385	380	663	304
134	453	285	214	790	478	504	452	444	554	974	894	983	531	495	642	957	1023	783	171	763	197	350	689	341	60	51	886	287	885	686	708	64	742	218	414	855	244	996	22	94	371	364	706	133	175	986	987	871	852
361	837	195	292	676	714	399	997	309	566	964	110	155	487	120	777	179	797	1027	205	58	172	836	48	7	677	764	697	973	596	798	844	275	433	392	737	601	334	910	805	379	760	609	427	204	882	432	365	867	796
814	817	864	299	614	699	500	75	282	141	402	343	319	509	455	212	868	203	382	624	6	248	644	101	850	569	954	170	186	38	139	508	581	605	273	528	28	736	26	211	585	488	564	240	797	303	311	505	980	942
290	749	253	624	396	455	22	17	64	667	594	904	468	644	49	552	978	1000	440	859	247	662	209	839	531	625	801	949	477	292	86	944	957	190	370	454	725	101	24	850	818	827	379	642	1017	53	1021	941	630	907
482	529	982	841	46	131	432	469	1019	1008	357	548	633	724	558	407	485	568	463	231	471	1018	474	579	776	100	952	220	706	1023	608	283	996	575	161	970	514	824	400	705	327	360	183	144	660	999	218	301	76	876
135	481	140	188	892	871	710	406	565	920	500	206	434	789	848	412	224	385	893	174	687	278	354	127	851	265	764	511	543	646	605	487	813	255	661	987	564	639	651	975	505	105	137	628	266	170	491	513	611	761
903	1024	830	308	561	365	868	1006	598	740	901	344	627	743	125	217	739	5	91	769	346	755	172	418	767	772	56	546	428	744	976	862	811	234	79	821	148	704	900	780	693	736	588	11	384	550	293	947	328	677
877	12	251	210	421	569	397	600	404	387	277	374	191	230	576	510	988	955	334	964	115	910	1026	181	288	402	601	250	167	816	585	408	754	555	686	280	544	21	351	212	73	445	473	447	520	972	1003	829	306	758
607	641	72	984	991	666	211	27	563	595	394	438	162	782	525	410	65	275	560	87	924	295	857	562	1015	721	603	35	403	484	554	726	906	43	541	267	977	486	675	799	995	112	68	734	203	577	435	61	873	507
417	330	479	795	921	350	99	263	175	896	152	918	731	307	610	602	697	860	631	556	111	689	835	962	383	208	551	914	430	872	536	138	828	678	185	414	285	431	409	329	833	88	927	465	930	545	13	213	980	75
596	271	691	41	812	865	669	738	15	932	615	139	870	983	939	867	549	537	178	238	82	259	121	426	683	985	96	715	7	502	442	169	305	70	444	424	62	446	110	745	297	778	1011	948	522	963	494	336	457	717
718	304	768	44	124	992	517	784	459	93	895	241	102	322	998	729	55	201	673	449	141	1022	679	347	720	226	636	883	700	760	781	106	448	515	364	945	157	716	273	1020	820	158	664	128	284	269	582	969	268	803
756	376	423	40	276	399	593	58	153	539	578	671	626	338	326	458	951	680	366	854	935	164	361	390	973	604	1010	450	623	50	391	150	20	416	413	647	748	289	540	703	176	103	194	422	222	200	80	294	437	654
420	786	798	425	411	207	476	248	36	699	243	897	343	48	777	956	915	856	879	908	553	1014	118	815	881	735	114	237	1029	95	861	123	874	429	638	372	67	958	676	810	526	842	154	472	572	187	730	456	583	986
557	663	373	182	353	1009	759	591	60	133	597	362	1007	339	942	938	534	116	77	258	807	318	249	177	204	264	1005	787	961	159	19	580	512	427	670	233	632	492	168	389	933	701	146	392	229	943	499	898	838	989
954	834	462	617	542	501	493	753	166	643	685	847	925	282	814	324	790	979	587	480	300	415	516	10	42	195	503	312	478	225	90	695	14	69	314	809	889	524	523	774	884	1001	393	433	844	894	527	997	752	911
227	727	270	650	495	836	1027	849	931	797	232	192	746	296	519	315	136	923	436	843	696	109	826	855	2	466	586	84	378	765	199	570	94	645	688	823	313	331	129	257	659	612	714	702	380	6	649	528	928	614
63	246	340	97	18	215	165	609	356	130	656	762	1025	808	23	530	302	382	869	470	890	405	840	719	832	236	228	316	535	791	71	321	929	310	1013	254	722	711	242	9	845	78	981	342	33	216	672	239	419	940
770	878	377	122	358	533	179	98	794	875	919	613	85	261	584	252	888	690	707	155	846	299	3	971	240	905	352	319	974	149	902	47	805	156	401	441	348	882	620	34	171	547	788	567	202	616	83	937	52	946
325	398	559	317	369	785	953	658	332	804	45	637	205	367	467	57	922	107	518	684	51	163	496	219	737	581	742	994	771	657	968	375	1028	363	621	817	29	256	244	863	28	464	934	775	145	180	120	751	439	37
599	566	837	143	886	498	728	452	108	151	461	831	25	741	245	113	26	532	692	59	359	451	853	395	506	713	142	618	497	320	119	371	652	885	81	117	453	223	368	16	54	606	648	460	281	880	349	866	723	665
388	381	712	668	333	303	589	622	959	272	490	147	323	32	965	899	635	197	126	274	189	733	483	732	916	926	917	698	337	39	792	858	92	30	967	1002	443	509	160	214	1004	104	887	221	311	309	806	1012	682	891
186	574	750	504	66	619	573	852	298	279	819	184	89	783	287	708	763	386	864	345	196	825	0	1	694	800	674	634	74	286	653	990	822	655	960	796	4	193	31	773	173	802	291	260	950	766	262	681	508	335
8	235	913	793	571	757	709	475	640	355	936	966	134	993	521	38	629	341	747	488	132	489	592	779	909	1016	912	590	198	538	712	240	805	237	363	891	721	265	624	445	478	220	878	250	574	543	898	257	373	947
171	504	265	267	385	570	283	166	529	418	901	777	560	934	875	980	80	113	122	792	742	486	569	302	263	810	714	1	571	349	594	217	256	830	692	577	806	985	43	989	736	598	701	195	415	422	993	339	930	149
580	969	1010	916	303	54	904	112	681	938	596	572	682	627	464	738	835	117	808	1007	873	300	28	145	414	44	119	519	613	14	219	573	254	588	495	583	99	437	991	935	174	998	350	142	702	829	123	823	886	457
53	871	852	539	206	483	803	633	364	771	949	278	869	728	477	795	789	617	503	472	17	592	530	851	354	697	632	479	650	868	567	371	769	399	785	365	416	35	706	614	542	932	631	29	334	818	72	768	146	444
87	337	947	308	711	554	391	863	454	521	747	226	9	867	370	671	394	19	402	992	180	139	860	187	207	491	395	492	392	470	189	95	950	761	912	153	242	186	597	467	76	618	750	841	23	27	686	236	978	651
734	16	526	381	752	438	393	297	952	209	758	534	357	276	406	249	512	576	30	325	942	772	469	902	1013	804	151	8	150	713	918	675	1020	169	232	164	656	715	74	626	537	603	963	955	654	230	532	305	944	642
373	7	976	71	304	733	1028	726	773	397	928	798	663	506	20	84	937	741	974	832	825	212	649	1016	622	285	565	32	446	355	193	498	96	79	931	273	811	238	220	658	488	968	927	262	289	637	536	602	360	516
983	222	815	954	710	920	939	63	781	323	561	591	83	857	196	478	520	638	348	125	88	458	338	883	664	605	127	229	793	56	453	847	684	970	351	201	579	667	843	58	926	1024	455	124	316	913	699	881	47	730
33	721	564	812	673	899	783	778	501	356	882	834	133	474	960	893	822	853	540	914	693	879	1004	452	375	443	709	919	757	108	676	845	459	646	550	175	548	208	524	915	390	328	240	264	661	895	49	578	531	774
807	745	724	898	147	864	509	409	290	425	1027	211	527	462	310	126	744	739	400	766	97	301	1019	315	317	116	518	368	224	432	668	319	556	677	233	75	341	911	1006	1008	40	496	22	1009	296	971	188	909	727	120
448	292	440	476	158	353	203	986	1001	111	755	802	964	245	102	257	695	541	279	1012	966	439	951	25	743	623	39	250	442	280	833	205	606	473	655	870	688	359	543	255	379	12	86	21	922	130	855	428	253	884
562	10	704	65	749	11	929	6	624	943	544	643	505	775	545	324	756	680	499	824	837	291	114	247	221	170	218	41	427	434	776	309	977	77	288	420	202	737	270	322	194	131	167	466	513	522	313	484	959	629
894	45	945	4	177	106	809	786	581	429	181	973	890	979	933	346	475	152	1014	423	363	55	299	905	891	794	243	691	553	366	110	559	435	1022	68	1002	330	162	639	866	903	1021	957	200	708	92	665	132	31	601
461	403	981	277	225	178	159	307	78	842	817	731	0	874	401	826	514	551	24	788	763	451	430	716	183	956	508	417	821	995	1026	268	712	753	261	1023	101	1017	924	82	388	109	996	163	878	923	740	707	610	382
813	176	336	5	1011	333	282	880	59	384	485	487	134	1029	89	424	136	343	586	227	13	480	988	361	497	555	198	460	515	320	352	60	1018	854	135	718	118	115	705	160	872	575	765	876	805	669	294	128	213	347
908	471	148	787	15	679	687	790	465	558	445	862	335	552	748	849	378	105	38	52	856	502	481	51	231	419	604	814	468	104	295	1000	582	329	179	396	100	144	984	168	426	450	767	137	184	801	449	199	982	634
235	703	241	380	616	50	907	398	93	587	696	275	314	266	389	784	917	799	190	94	897	720	85	662	306	321	625	511	340	98	751	61	782	549	584	760	819	281	239	848	386	216	274	910	141	70	191	797	293	999
161	3	585	590	754	143	628	407	37	413	877	377	358	404	456	621	436	611	165	861	678	717	647	528	538	48	138	507	660	81	839	1015	770	312	906	948	342	607	214	517	412	140	630	722	636	411	192	64	533	405
69	690	344	215	689	641	746	900	719	644	258	936	185	463	791	889	800	600	42	652	421	568	666	298	26	482	967	640	557	172	441	129	635	362	331	327	620	987	574	223	994	732	840	34	490	90	566	846	965	433
836	234	311	410	593	269	888	858	525	1003	694	271	685	599	369	953	500	921	887	865	946	859	674	612	272	510	672	975	121	228	958	376	723	252	827	367	155	657	645	332	447	961	387	925	46	547	431	780	248	589
372	18	972	2	831	326	962	838	523	779	489	670	244	91	698	850	892	725	57	493	67	535	286	318	700	374	648	62	287	941	1005	1025	246	820	885	157	345	615	619	154	896	182	729	494	383	844	683	156	103	251
659	284	595	735	764	563	204	36	237	66	796	940	997	816	653	609	828	210	759	546	73	990	107	762	173	408	197	259	260	608	646	211	563	48	146	901	961	71	851	99	423	741	252	737	793	307	832	282	472	358
971	783	929	23	229	864	131	823	507	965	513	32	305	443	993	886	428	75	856	840	326	1010	895	217	918	272	14	37	482	654	803	134	120	880	804	835	81	141	26	286	558	374	40	420	12	926	213	261	42	758
317	603	344	495	208	244	357	132	714	368	384	293	768	556	144	497	387	5	276	765	107	268	504	953	202	590	896	997	328	672	816	22	865	1002	226	445	111	759	853	824	911	643	473	811	179	935	297	341	900	717
663	320	964	636	733	80	540	257	475	785	667	110	860	869	592	959	462	502	795	806	890	47	303	651	607	817	976	842	932	661	844	85	258	961	595	975	483	376	666	377	211	450	250	153	947	106	464	546	78	623
279	628	891	658	999	772	945	52	858	471	1018	616	642	160	793	726	580	201	227	466	949	139	176	551	1021	784	1015	602	135	992	36	1028	455	19	164	542	981	735	527	525	897	350	192	605	54	843	169	509	402	912
650	519	363	657	375	923	695	741	8	845	906	749	318	808	594	290	771	567	46	66	299	416	554	581	697	241	925	399	807	545	433	638	237	447	861	562	615	392	1017	56	315	648	839	1014	834	670	190	884	414	753
470	781	629	423	872	3	68	50	349	88	644	881	534	43	727	766	487	829	862	931	701	745	982	424	210	738	946	848	637	18	232	739	751	281	335	351	692	756	358	479	53	913	283	898	631	100	11	718	235	589
833	855	230	57	263	707	1020	49	763	909	448	851	415	204	837	24	409	138	233	1008	944	30	83	60	314	952	875	264	832	617	526	696	148	146	125	170	560	248	294	467	386	574	892	821	185	919	627	140	549	150
395	87	544	1001	613	901	240	345	874	764	442	488	610	301	720	689	1006	484	143	431	154	974	782	734	777	512	819	493	529	1	984	440	988	770	978	58	62	994	998	186	338	521	102	632	206	888	55	539	119	962
481	167	518	435	956	166	609	158	830	352	312	943	626	938	948	360	796	685	787	336	702	432	675	730	323	937	659	254	972	522	460	421	598	20	664	187	151	76	996	498	1019	436	1003	461	679	820	980	528	296	347
0	288	4	391	566	156	27	355	744	291	885	90	773	677	622	199	721	101	330	646	850	761	568	517	767	928	353	687	676	168	239	112	189	10	514	397	145	31	361	401	295	324	970	251	231	6	343	575	491	342
407	452	907	969	537	130	755	480	1004	524	503	608	786	596	825	133	681	406	486	934	194	641	604	277	520	625	606	242	794	624	541	731	908	561	419	441	418	381	933	582	400	553	74	373	379	366	77	64	388	577
246	694	871	494	129	117	236	228	383	180	700	573	380	1000	220	390	989	852	126	173	748	298	340	174	365	196	200	774	719	917	725	902	711	1013	118	468	332	284	378	876	662	611	728	331	439	70	394	531	958	564
822	505	13	960	754	867	28	703	688	743	198	92	639	195	300	792	798	674	915	810	215	936	716	369	693	260	740	16	1029	669	682	34	776	370	222	569	446	430	1024	99	121	89	214	1025	955	393	954	285	655	921
511	282	1016	205	91	593	44	680	985	21	438	405	600	846	316	95	477	123	271	979	212	673	225	398	966	1023	105	142	412	789	656	273	434	287	501	801	29	247	550	451	732	533	660	72	243	805	104	868	35	640
289	337	572	496	510	802	708	585	800	863	93	957	838	499	410	325	995	218	797	269	348	633	45	454	115	583	306	601	453	559	723	963	302	920	161	760	967	762	939	815	649	224	359	489	873	403	98	404	686	750
177	478	769	59	910	382	492	155	587	354	238	458	116	508	188	69	113	304	942	586	1011	983	645	456	307	476	557	977	914	757	814	429	152	259	7	879	96	922	216	635	779	536	630	15	1022	25	437	736	775	425
506	691	193	548	849	859	565	183	547	408	552	253	322	715	266	51	990	620	878	463	449	411	426	327	9	704	1009	207	274	67	516	563	1012	65	82	737	2	162	780	836	86	678	197	249	362	203	321	278	339	122
79	588	319	234	854	159	459	523	329	163	422	826	165	490	924	973	746	364	385	333	1005	265	175	722	389	538	619	866	530	571	647	579	270	1007	255	841	275	818	813	584	39	84	987	941	108	137	903	578	809	986
742	665	147	71	612	831	308	469	576	747	17	427	178	621	262	48	245	103	515	599	310	444	191	280	485	991	157	712	535	33	313	457	63	371	184	97	706	857	256	591	597	812	799	182	870	267	311	729	752	367
618	417	828	889	893	555	465	940	671	653	713	109	94	221	114	690	181	500	474	883	472	413	709	543	887	532	127	894	634	309	223	172	791	652	877	128	930	788	356	171	882	570	41	136	905	916	698	705	61	1026
252	372	899	292	396	951	1027	149	724	683	684	847	219	827	968	950	668	124	710	904	778	209	38	927	790	346	614	334	73	699	984	555	223	42	983	108	493	869	41	307	859	468	689	21	1027	430	742	358	324	647