-1,-1
410	713	612	85	694	631	196	240	264	27	762	579	52	764	403	415	479	559	285	45	34	272	539	577	261	293	242	140	318	445	617	68	94	43	424	173	680	220	104	171	513	440	743	64	609	447	181	538	560	203
663	335	190	322	604	435	553	673	124	188	588	292	271	399	277	603	417	485	734	333	463	157	601	626	614	425	305	233	194	92	218	419	367	508	31	222	566	467	716	522	586	651	593	163	230	565	398	235	195	442
495	646	116	571	192	131	452	638	143	761	193	299	618	616	121	633	537	569	450	598	692	648	172	57	418	439	191	260	39	763	167	441	578	100	280	80	12	84	383	755	351	696	387	354	35	152	462	698	431	309
584	30	358	407	78	132	504	656	739	778	491	469	244	386	500	767	637	278	730	223	161	175	524	211	120	414	197	295	7	323	179	1	548	183	489	102	742	273	679	428	237	307	276	33	126	378	60	303	629	625
405	675	563	536	390	531	6	217	575	56	582	370	252	254	482	142	302	304	475	444	47	262	622	22	641	620	349	573	510	169	153	547	549	507	671	311	773	519	294	115	501	284	520	24	704	486	65	596	76	550
176	568	20	562	16	702	456	375	202	751	69	678	97	497	494	779	96	478	274	151	400	300	315	110	483	21	484	458	72	345	481	105	379	334	750	91	709	228	259	765	676	451	443	632	411	402	298	199	581	514
744	257	133	282	231	236	109	509	374	711	238	740	296	429	517	229	107	253	70	658	392	544	518	141	639	728	381	329	118	154	738	88	753	576	136	50	114	341	605	650	687	241	245	615	98	215	473	166	529	710
83	756	408	61	146	448	776	249	59	384	3	752	372	487	164	610	600	139	119	499	210	11	754	266	666	28	129	279	317	10	81	594	413	178	306	706	108	642	727	396	654	649	684	525	111	541	14	214	636	327
160	771	26	466	669	184	592	99	707	685	25	511	29	389	457	326	438	49	644	476	336	726	492	729	437	634	745	343	564	312	159	37	66	205	681	667	226	353	130	289	433	148	602	301	718	174	227	449	149	212
101	774	287	665	735	75	332	225	570	147	746	23	558	113	555	599	635	308	737	780	177	777	365	155	712	674	38	361	224	585	717	693	719	488	170	567	339	63	377	546	699	219	248	325	672	686	138	460	58	162
2	208	250	688	87	426	477	532	391	661	505	275	348	106	700	198	17	703	281	352	769	741	359	187	207	165	587	701	269	732	288	613	251	512	36	394	297	19	310	267	112	723	291	690	189	247	5	572	145	471
204	683	705	397	316	432	595	533	362	628	720	127	561	621	664	314	423	331	552	404	474	368	580	659	42	388	117	493	270	324	590	0	9	55	619	714	455	725	319	385	556	772	434	18	611	748	186	86	623	503
46	168	682	221	436	643	768	647	258	137	330	376	454	158	180	521	32	150	263	103	347	551	540	350	516	747	213	465	206	775	542	255	412	328	583	346	427	660	770	607	421	470	627	459	373	48	757	506	589	695
82	355	95	446	67	608	534	422	380	201	357	128	144	401	209	286	498	268	90	41	724	337	416	234	366	53	243	79	51	526	697	338	340	515	535	640	677	557	313	554	232	708	591	185	766	62	480	624	523	662
597	246	134	655	461	360	290	182	364	721	722	4	645	44	472	468	715	135	430	657	731	758	71	630	464	736	15	393	216	74	668	760	606	406	749	93	530	283	543	321	652	89	670	342	653	382	409	13	453	77
759	691	689	200	545	574	122	363	344	54	395	239	356	528	371	420	502	40	490	256	73	8	496	733	156	123	369	320	527	125	265	130	691	568	494	58	81	653	523	168	35	661	564	464	576	74	635	44	651	625
637	219	678	366	305	548	262	136	736	28	532	636	585	466	699	769	519	191	775	360	195	697	215	510	0	47	514	298	105	16	230	356	168	530	361	413	504	611	468	297	232	684	76	313	240	728	56	534	329	25
223	730	494	501	216	447	427	682	484	375	757	299	27	475	489	690	691	197	649	154	481	224	145	674	237	192	269	141	293	698	245	234	606	430	22	169	655	52	464	722	68	634	614	706	190	175	623	160	443	460
552	737	342	241	578	176	174	718	745	331	97	588	492	419	207	692	498	590	423	542	343	20	758	632	662	541	294	385	296	390	500	565	132	49	80	645	571	114	96	561	321	115	264	302	528	458	511	151	182	750
455	652	152	630	747	33	210	183	292	13	474	150	352	387	189	78	478	527	357	388	166	661	358	70	53	116	658	581	263	754	172	584	729	137	624	717	103	328	688	587	236	110	330	77	731	681	403	127	130	487
779	345	98	471	669	507	249	250	196	543	715	604	580	441	121	628	282	317	285	605	547	42	778	48	617	420	225	286	153	486	173	755	179	553	58	311	155	712	680	18	38	332	683	687	597	111	75	526	569	372
612	574	389	228	365	386	627	272	17	324	724	15	554	454	659	463	90	467	50	5	252	199	434	63	452	582	546	433	351	392	725	641	211	384	140	131	341	119	270	506	726	340	751	163	436	12	431	749	642	426
295	710	497	184	401	128	104	592	41	368	777	146	629	601	694	316	743	188	567	524	695	326	469	257	398	545	738	520	222	134	359	74	551	288	677	735	212	477	716	668	194	203	631	383	575	591	281	347	620	748
89	558	701	667	30	557	648	208	113	9	531	370	764	540	362	71	404	349	248	273	8	65	243	133	656	538	598	741	94	424	162	181	476	309	602	410	11	108	4	395	780	120	378	310	43	314	462	57	647	721
508	44	619	670	663	88	767	158	650	505	301	633	32	201	177	287	93	539	371	339	315	363	544	69	380	291	23	696	450	109	19	479	39	209	653	318	157	713	125	135	482	364	333	759	603	36	167	202	393	622
416	503	727	256	187	449	719	247	246	529	1	290	217	144	275	770	66	391	733	258	382	432	707	439	693	35	284	570	566	610	259	306	319	493	37	40	499	85	509	171	34	180	7	579	639	638	26	409	609	515
522	126	72	555	54	99	744	453	435	67	451	709	643	446	142	549	405	271	84	589	651	428	101	355	10	327	265	521	46	81	3	73	689	374	608	320	55	686	723	323	496	261	537	147	417	768	338	673	353	322
138	260	739	14	556	402	761	480	100	82	535	95	573	117	238	394	379	583	266	525	354	165	397	760	279	676	226	381	83	300	334	646	185	227	123	495	465	666	91	523	461	60	400	595	625	657	766	233	412	711
373	517	616	6	442	254	418	765	107	376	186	672	594	675	746	255	304	239	149	665	24	31	703	621	562	644	229	756	445	148	470	437	344	714	762	607	473	231	488	64	377	251	122	679	613	572	600	369	406	720
348	308	399	448	700	577	29	599	143	307	87	51	615	220	518	61	685	213	708	485	771	312	335	536	277	86	367	429	705	635	235	438	576	742	516	550	459	112	408	626	414	773	563	118	740	702	276	660	325	337
206	456	618	421	45	164	129	283	671	593	444	596	336	763	640	218	159	268	161	415	156	425	586	559	170	124	200	198	79	502	139	303	59	568	280	242	193	560	346	752	512	457	704	106	483	411	513	102	564	734
491	253	472	267	440	490	753	772	214	21	62	396	274	205	221	244	776	774	664	533	278	407	92	178	204	289	2	422	350	732	654	530	228	1	707	607	124	541	449	117	290	551	217	620	494	762	275	739	726	25
728	296	540	551	433	278	656	530	251	4	158	64	330	650	349	385	119	308	91	78	400	256	643	616	310	776	420	762	515	93	53	583	359	139	576	257	470	280	242	345	321	666	110	653	166	237	371	250	47	564
579	374	727	735	531	224	482	429	780	767	667	680	10	20	514	547	283	689	424	335	621	668	510	170	426	655	198	148	141	538	427	39	364	704	674	580	744	461	649	418	637	253	136	362	384	624	69	607	29	287
486	188	301	697	132	156	46	17	779	146	638	613	599	94	732	111	722	192	114	766	88	180	144	532	329	410	241	21	96	194	18	451	537	298	648	168	577	176	222	778	157	431	281	527	449	478	221	147	401	271
333	338	436	131	630	261	238	730	647	685	602	72	225	518	699	415	309	581	408	297	332	535	77	128	673	533	595	60	421	597	397	772	356	215	522	353	491	700	565	446	313	395	260	632	677	163	129	294	763	488
113	177	492	567	66	544	293	154	645	444	89	398	235	589	737	40	100	445	373	86	344	276	316	476	635	634	16	734	691	719	124	193	529	456	365	36	553	133	117	618	609	641	63	274	52	108	205	610	477	255
396	679	389	757	652	585	774	105	208	187	698	454	513	74	38	399	471	423	81	414	393	318	184	135	226	13	588	578	361	291	521	218	683	199	299	272	516	137	76	376	367	654	49	346	127	182	682	123	240	210
566	721	739	498	392	606	305	82	708	355	559	172	754	391	474	759	628	749	617	2	169	328	288	592	245	731	323	562	561	354	109	747	694	358	463	59	432	341	254	351	464	545	422	243	368	543	493	526	715	419
604	777	70	407	714	468	413	200	234	220	19	268	706	508	554	684	99	116	363	458	357	614	290	442	173	622	494	455	695	707	497	84	502	179	3	85	209	483	340	484	525	101	34	286	443	339	231	509	416	92
411	756	563	615	1	462	334	122	388	729	379	430	174	56	140	149	317	472	489	764	203	32	125	485	303	57	120	591	453	437	30	572	196	600	153	369	587	314	41	394	601	723	741	705	753	279	742	598	745	546
7	710	42	490	44	657	322	325	651	175	496	98	716	676	285	212	185	24	289	636	523	702	270	87	390	201	460	102	752	97	711	106	555	190	771	549	459	550	688	155	50	171	58	130	720	14	743	6	517	207
441	348	178	145	71	659	95	686	336	755	186	593	266	669	300	73	11	248	227	161	228	740	519	696	548	605	409	662	663	51	258	687	524	103	315	232	466	751	326	381	246	434	775	412	500	505	0	35	692	713
439	343	80	440	306	405	372	681	352	282	68	142	83	214	377	62	48	126	307	331	487	219	366	162	378	292	450	703	104	402	143	582	202	435	501	195	380	495	661	560	236	31	383	360	152	675	573	275	230	499
541	9	26	672	665	204	511	327	644	575	539	262	465	608	277	79	475	425	693	302	568	43	569	448	247	670	165	469	387	121	65	736	5	452	447	15	189	625	25	646	206	337	773	770	45	746	678	479	504	324
769	481	183	709	320	552	22	75	229	660	259	768	640	295	467	584	244	633	586	534	164	438	619	664	507	748	319	107	542	556	571	642	150	570	167	717	90	594	55	375	690	536	181	382	27	590	480	213	733	151
159	311	520	191	12	217	347	417	312	629	216	211	718	112	134	623	457	760	197	284	765	712	603	528	473	264	658	506	115	54	761	750	406	503	611	252	726	724	386	620	67	342	512	269	758	61	725	557	233	267
574	273	28	350	404	263	304	596	626	738	631	8	370	118	558	33	138	428	223	612	23	701	403	249	671	627	639	239	265	37	160	42	16	136	404	511	34	759	502	330	166	133	645	65	770	427	494	338	194	453
679	676	170	140	112	150	621	90	629	272	297	559	49	364	81	340	428	505	196	529	752	141	152	468	114	716	606	384	180	399	31	443	124	622	708	370	560	561	311	56	29	300	528	247	686	441	730	398	513	728
135	592	58	669	700	487	470	224	414	758	544	739	66	166	726	9	36	598	106	482	2	238	631	368	221	84	185	228	168	765	713	471	109	51	8	33	779	429	634	769	694	469	204	438	446	44	394	48	572	161
366	356	248	736	236	308	498	463	775	464	358	361	698	480	163	65	695	649	266	189	155	489	597	339	19	566	502	32	133	455	80	674	97	704	640	727	412	474	635	497	435	558	373	381	287	3	436	593	35	720
546	432	683	413	213	521	755	648	317	668	652	129	404	735	594	475	658	402	684	325	569	744	608	733	60	454	369	780	338	186	162	577	734	620	91	357	181	195	258	581	699	600	540	465	539	209	63	701	654	270
95	6	4	723	342	495	422	194	322	545	241	254	197	323	328	82	310	231	157	473	363	673	345	583	291	173	5	226	193	449	667	382	374	198	108	565	268	93	94	452	490	154	657	160	278	309	745	378	729	518
570	239	183	319	651	294	64	267	677	571	420	21	715	50	30	749	555	445	660	557	530	575	277	671	511	190	184	531	644	223	47	71	188	757	488	389	244	243	262	296	164	457	687	298	696	626	371	408	712	314
237	156	415	461	616	385	177	453	553	377	38	632	235	153	210	666	662	638	214	493	573	617	10	37	199	380	776	330	55	774	110	260	478	22	126	344	628	116	718	41	541	372	707	395	128	760	52	40	72	590
721	568	458	430	246	506	149	605	706	516	462	467	283	346	175	773	533	653	777	27	151	67	306	336	69	407	714	409	742	201	514	582	348	286	146	54	68	527	139	57	125	367	96	307	450	205	591	574	349	376
251	85	639	143	203	34	444	692	391	347	770	121	515	20	768	416	623	98	284	748	15	17	523	293	427	324	289	341	678	88	216	249	147	423	253	87	127	327	46	118	663	507	618	302	353	702	764	641	439	603
285	759	665	18	192	536	442	754	710	771	693	483	255	477	263	615	250	73	459	740	675	78	12	642	159	0	275	77	59	672	43	587	542	703	355	751	397	486	538	165	681	472	144	218	576	526	303	217	747	393
636	62	499	70	365	534	410	123	599	743	417	212	24	256	171	604	645	596	103	563	83	113	447	375	115	609	406	265	359	524	767	331	584	122	709	627	746	682	101	200	75	532	316	245	334	725	437	485	492	550
613	519	136	612	132	460	481	772	763	643	120	229	176	512	732	711	585	318	292	619	610	39	259	431	543	440	202	388	670	552	503	655	215	13	630	761	111	403	232	392	25	564	778	100	337	466	211	601	390	425
731	661	208	705	451	207	535	138	738	315	659	119	312	517	174	261	637	697	102	45	362	611	520	11	396	433	264	510	321	537	554	691	86	549	99	53	290	476	74	335	148	578	756	421	105	107	276	142	167	354
607	222	227	320	741	448	351	26	92	614	274	722	299	1	61	689	23	383	104	379	551	586	326	187	650	343	332	737	273	313	456	295	418	504	405	220	424	690	547	419	281	305	386	206	279	387	179	269	491	89
329	137	508	182	117	219	234	579	130	588	240	685	242	717	494	131	230	360	79	589	724	766	624	719	172	76	479	646	288	426	134	14	42	509	602	301	656	562	522	548	496	434	688	257	280	647	401	567	352	233
225	762	252	595	680	525	556	28	333	271	500	169	753	400	282	304	633	750	145	664	501	625	580	178	350	191	411	7	484	16	158	149	235	58	222	257	709	620	9	92	753	691	687	160	81	355	232	24	325	145
596	1	331	678	41	680	654	18	726	414	85	271	541	745	725	101	239	776	51	363	742	449	458	182	754	196	173	423	522	681	301	632	387	469	515	579	563	663	599	84	222	308	105	17	339	258	646	591	441	683
37	193	320	391	77	163	159	302	461	189	251	4	65	221	361	103	610	601	263	576	287	641	722	685	699	487	574	223	501	145	631	628	740	333	730	367	713	492	660	743	20	346	744	374	693	585	709	330	752	495
772	543	294	735	436	362	587	368	194	121	626	400	493	252	288	202	45	91	67	516	116	276	98	534	66	456	69	113	300	664	5	525	171	644	613	753	568	266	199	216	578	309	392	382	462	179	679	547	57	442
721	33	427	412	500	297	604	479	687	508	542	384	8	94	298	777	734	697	246	279	35	447	459	765	47	248	344	419	746	567	524	307	187	175	10	170	393	523	710	484	405	476	491	533	751	68	43	40	152	262
571	46	655	463	771	31	106	433	364	728	434	701	756	672	738	332	704	108	118	218	204	237	528	356	775	682	211	739	504	609	729	425	144	480	589	75	21	671	326	530	454	329	706	727	595	299	536	115	149	134
227	310	231	593	471	624	540	762	431	437	323	532	156	314	317	375	269	719	176	79	234	439	206	377	488	482	658	643	564	635	62	28	420	696	172	603	76	22	102	575	724	451	123	600	760	265	764	192	715	127
630	342	53	316	640	675	165	509	6	343	150	597	200	355	376	188	413	212	621	357	440	616	338	526	11	688	418	720	245	63	370	349	507	371	226	529	394	61	372	209	318	694	341	527	99	64	347	190	97	122
651	255	607	555	219	780	448	496	120	539	538	32	645	83	136	732	71	203	19	774	350	617	82	402	174	656	250	52	690	407	475	556	139	590	284	336	582	184	594	128	517	698	90	460	324	546	241	586	9	36
23	639	335	112	215	416	305	723	210	499	652	457	627	650	197	315	183	353	195	548	618	521	422	700	78	474	100	648	213	558	167	141	605	716	180	510	7	125	612	737	92	358	161	430	129	388	686	620	138	634
636	695	60	296	767	148	253	247	58	390	622	191	359	432	0	378	186	303	337	14	544	154	494	205	73	399	29	560	519	666	506	580	535	747	201	773	410	583	157	261	415	111	385	44	59	502	220	295	452	429
741	275	708	625	282	665	81	677	198	2	155	177	551	272	70	259	561	126	453	396	637	80	486	673	769	325	498	647	130	146	566	13	93	718	151	602	550	74	143	749	88	289	322	366	443	267	468	481	573	608
397	581	117	758	424	763	283	513	72	545	623	717	426	633	55	217	505	438	351	243	398	178	281	26	674	334	404	611	670	406	472	614	689	114	662	552	707	207	328	403	490	761	395	109	321	518	657	277	577	304
467	642	485	473	327	140	692	160	537	254	736	653	592	572	759	124	703	348	25	676	293	260	450	638	24	497	489	313	208	619	228	240	435	549	569	235	446	470	464	104	629	285	417	554	360	233	133	512	373	755
661	42	766	465	369	244	15	570	50	30	142	455	153	557	520	733	306	478	691	466	242	268	48	444	379	748	354	87	712	669	168	162	238	49	477	169	606	273	312	649	164	147	411	401	95	684	408	110	381	230
750	319	224	365	421	280	229	270	770	89	12	345	16	340	39	702	503	553	659	132	214	779	185	778	264	166	27	731	96	278	711	3	667	249	107	292	705	137	232	757	236	380	135	131	274	181	562	409	257	565
158	256	291	559	445	38	768	615	714	34	584	119	56	668	598	511	352	383	428	483	386	588	389	290	286	514	311	54	86	531	225	371	65	171	619	183	649	19	348	116	66	215	413	367	772	186	147	577	274	353
445	718	617	381	515	704	382	301	97	344	397	600	558	464	620	221	236	297	582	455	691	198	438	243	353	509	207	463	29	346	565	78	267	199	349	16	108	588	136	80	319	77	568	308	537	734	378	276	332	486
747	610	435	428	557	693	604	386	675	576	650	454	406	625	581	431	274	212	209	68	505	541	439	148	592	90	470	699	104	336	756	259	532	253	502	482	460	730	440	483	760	579	585	204	302	542	100	701	127	303
28	331	41	362	631	480	245	597	490	374	629	572	680	347	324	731	657	633	12	648	692	219	605	174	570	188	193	539	370	660	405	468	311	275	671	376	202	14	584	156	333	443	682	217	67	157	294	652	703	286
79	654	543	383	56	776	86	476	240	395	420	316	471	530	166	74	705	644	613	684	186	351	76	574	458	491	31	288	637	39	107	519	401	340	180	268	225	762	766	591	662	298	82	342	424	700	289	670	555	624
125	696	83	235	518	496	738	317	246	632	106	63	768	229	603	694	305	263	241	270	223	551	112	33	720	767	273	128	266	201	552	656	8	492	366	137	89	616	647	143	615	178	666	141	507	66	87	35	606	315
356	158	764	54	659	264	679	688	224	434	548	203	390	725	494	529	160	389	95	622	751	602	345	547	211	335	750	681	619	392	325	488	398	462	71	359	497	556	46	388	627	10	115	466	757	559	449	643	758	368
249	506	589	534	69	328	116	409	427	84	774	220	354	327	712	296	391	355	310	162	500	549	91	430	573	412	411	321	777	472	17	564	140	47	196	312	19	510	736	75	182	103	150	733	653	658	754	755	780	465
314	59	710	713	65	608	545	553	715	348	695	746	164	142	626	623	664	53	467	363	761	408	252	611	593	272	176	5	667	485	735	191	3	313	425	81	729	561	291	121	514	636	723	18	732	323	717	284	4	329
437	587	377	668	749	226	387	421	394	159	612	181	544	481	571	618	30	43	23	501	255	251	279	456	575	442	523	422	595	149	403	200	634	92	135	124	11	499	88	20	528	726	521	271	232	44	168	609	417	257
628	436	743	72	419	237	258	477	775	724	339	702	716	457	117	52	418	216	451	535	369	641	126	469	678	293	337	727	400	234	372	129	55	222	299	415	24	533	113	132	737	778	248	283	57	651	167	122	151	583
683	360	208	527	560	261	711	190	210	763	187	698	517	416	640	114	744	540	25	599	546	73	508	441	590	538	567	228	130	250	423	61	461	49	307	493	384	475	447	282	741	393	770	300	147	99	402	306	396	2
655	578	152	161	697	40	239	513	665	131	9	256	512	109	516	326	639	739	206	34	520	26	38	96	661	154	165	265	15	277	719	524	562	536	320	238	262	118	70	373	404	752	748	231	498	474	745	607	459	290
98	21	407	123	93	413	759	769	146	37	446	669	645	586	594	614	138	119	722	728	352	45	278	36	280	27	169	410	13	621	358	1	173	177	111	525	473	213	687	242	189	318	85	139	343	50	183	773	550	144
281	484	596	526	145	429	330	192	522	649	740	638	185	672	646	721	260	254	194	685	295	563	479	580	673	503	448	450	367	511	379	184	32	6	269	577	426	215	247	375	709	489	62	230	598	227	322	102	153	233
635	630	753	357	674	690	771	338	105	707	0	163	42	569	385	380	663	304	134	453	285	214	478	504	452	444	554	779	433	531	495	642	765	101	171	197	350	689	341	60	51	287	686	708	64	742	218	414	244	432
22	94	371	364	706	133	175	601	334	361	195	292	676	714	399	365	309	566	772	110	155	487	120	179	170	205	58	172	48	7	677	30	419	508	194	463	503	506	583	763	565	48	575	77	325	608	100	287	517	170
642	118	187	250	138	334	514	425	236	491	497	396	635	269	164	127	377	413	645	93	64	447	616	210	404	660	319	745	759	389	496	350	685	706	499	13	597	79	289	410	735	111	702	766	779	264	257	73	218	579
547	70	148	541	368	332	617	489	96	116	540	306	315	242	183	82	175	490	181	581	273	641	444	359	91	659	728	372	208	429	322	369	314	327	217	558	595	360	452	408	592	510	407	610	203	10	727	773	598	56
477	53	339	392	548	90	691	426	255	757	158	168	686	11	538	729	418	562	212	49	712	402	15	678	776	19	679	194	414	27	278	293	665	338	378	265	204	495	7	207	331	249	412	633	292	2	103	398	226	760
494	700	699	133	157	277	252	575	777	482	752	406	715	222	124	388	736	44	328	770	513	464	348	84	192	185	165	97	100	528	459	241	324	76	358	302	46	666	228	237	485	297	470	247	741	571	23	668	717	750
391	356	305	674	14	343	578	504	304	545	492	501	511	283	516	619	639	86	33	300	209	532	652	361	713	95	282	362	730	585	121	628	771	102	670	632	98	268	318	636	718	85	778	325	565	72	754	178	195	373
155	301	609	43	3	285	240	394	763	416	695	569	344	308	658	171	35	55	747	364	83	744	47	651	45	627	780	455	631	6	719	51	163	603	225	69	503	354	623	299	312	439	109	454	256	244	366	28	768	145
682	552	542	37	475	549	591	216	515	725	25	229	422	582	449	574	180	363	523	142	106	663	657	456	671	81	430	553	701	620	94	531	420	613	153	200	156	467	303	775	479	724	607	649	584	522	385	123	714	740
274	189	365	638	371	500	39	643	346	92	751	681	214	421	104	221	483	486	294	427	170	739	62	654	66	107	61	716	298	279	307	599	487	445	518	675	546	386	352	621	705	551	0	662	182	748	162	640	722	594
141	409	738	677	466	529	711	626	261	173	290	605	260	254	262	169	335	568	432	401	451	481	245	590	128	355	555	134	9	38	756	341	708	132	535	563	600	476	4	448	353	624	644	146	374	271	68	395	198	26
120	637	22	57	29	453	140	484	232	618	583	206	434	253	63	694	284	333	188	21	177	601	1	276	197	87	570	152	580	110	440	588	634	311	564	661	309	89	567	527	191	384	734	101	457	40	215	441	258	646
337	48	174	230	468	411	680	399	160	465	167	749	131	233	526	576	687	75	287	769	721	135	32	201	589	393	370	36	248	737	190	742	537	530	746	80	460	431	246	726	224	150	239	34	272	505	251	664	502	329
630	313	596	223	340	720	556	450	509	473	205	520	139	267	704	765	143	572	602	336	151	231	690	539	688	129	108	593	41	351	136	731	113	696	709	387	753	65	653	119	474	403	435	543	286	446	557	234	512	184
655	683	8	219	381	606	291	544	147	517	611	707	615	650	323	310	521	461	144	105	54	667	625	710	400	243	31	733	130	320	202	375	693	166	559	648	18	673	506	419	122	743	488	561	764	270	88	604	213	608
211	443	380	59	238	397	755	524	577	275	321	586	472	519	161	227	723	345	266	676	469	326	463	281	405	692	698	669	367	99	536	689	767	498	71	656	12	772	20	508	357	176	390	179	758	342	220	172	566	330
534	16	533	114	382	196	296	762	235	614	259	193	761	159	423	647	554	684	493	697	424	280	74	349	379	437	347	42	433	415	295	417	316	125	199	24	137	438	612	186	126	60	478	115	52	154	58	550	288	428
587	30	383	471	112	462	117	573	672	376	458	17	774	149	78	317	703	732	263	629	622	436	442	67	50	77	507	525	5	480	560	46	485	434	106	126	243	161	72	555	356	513	180	398	479	528	310	540	235	342
346	349	484	175	559	522	304	520	416	500	397	326	249	399	718	487	618	369	237	327	224	438	517	244	299	447	497	435	667	188	713	141	174	362	501	250	425	683	762	529	454	82	754	358	418	409	586	146	310	684
717	433	239	245	699	165	663	382	117	671	636	259	196	599	391	733	423	504	329	676	466	530	93	743	166	577	627	702	290	550	633	626	370	579	499	303	432	544	471	511	565	104	617	513	121	778	136	756	669	113
281	774	92	623	347	361	476	284	427	780	422	193	610	533	126	110	498	51	661	527	43	356	271	547	621	729	675	642	751	23	581	140	647	269	612	285	314	495	420	65	728	201	289	727	681	393	488	131	635	482
688	631	368	439	59	16	306	147	191	444	673	288	227	477	431	768	4	734	277	172	194	542	449	264	18	657	519	456	703	171	22	706	295	240	694	156	203	273	549	453	11	328	473	437	135	363	719	230	8	585
724	260	602	535	178	145	571	32	469	696	638	384	246	26	481	186	558	337	177	50	129	30	677	755	584	70	628	33	748	238	153	220	204	615	731	38	426	492	158	716	405	570	708	446	296	658	89	388	62	556
114	94	741	525	691	674	398	434	575	72	551	383	396	430	0	257	714	614	436	354	248	214	479	445	537	726	130	648	652	707	13	385	750	698	374	747	25	457	678	401	265	29	764	212	28	294	330	395	666	390
96	721	155	209	364	123	573	386	406	597	464	689	379	173	37	545	562	450	508	320	387	512	152	218	242	429	228	345	45	34	41	247	609	302	231	118	591	441	460	119	576	211	561	83	235	66	419	31	653	467
483	458	232	415	651	54	297	738	526	765	380	222	283	359	567	749	649	524	55	634	360	322	736	759	208	348	639	514	690	472	47	709	518	122	662	255	1	742	543	710	440	478	555	715	523	766	417	309	373	378
541	84	256	540	300	509	90	468	412	262	154	67	199	770	506	180	403	578	103	772	583	99	534	157	2	159	665	470	149	80	120	622	510	287	568	421	569	606	207	263	40	679	75	333	132	319	680	6	392	128
494	3	274	19	268	176	261	163	752	640	442	745	88	292	697	12	280	474	267	15	720	95	325	187	35	536	183	588	44	553	389	52	737	705	531	753	334	293	179	480	376	381	108	111	353	73	763	682	216	744
560	730	49	223	115	266	402	307	71	712	582	14	654	69	630	301	276	200	521	133	58	205	598	225	528	367	164	182	109	318	646	693	106	134	60	600	620	7	215	197	776	428	490	316	311	757	411	10	407	241
539	61	491	604	317	21	85	168	344	452	17	608	332	451	616	170	189	624	668	291	254	424	587	107	313	39	596	190	656	746	252	404	701	167	475	286	574	76	355	234	206	251	607	78	593	448	758	298	305	339
226	605	210	643	516	9	357	711	185	611	219	548	100	725	692	101	394	595	68	461	64	308	641	217	148	48	341	502	270	632	42	465	74	377	202	722	127	732	124	408	496	233	36	139	79	687	350	221	650	546
184	150	81	629	24	335	213	352	655	664	637	371	572	365	20	116	169	601	336	739	455	151	143	102	338	486	195	105	181	125	161	489	552	686	410	644	700	695	760	672	315	704	323	515	485	272	87	46	769	63
198	566	321	343	659	138	351	253	660	366	414	162	340	282	645	112	723	685	775	590	278	503	580	258	462	144	777	459	564	57	773	160	77	625	98	400	375	613	507	594	443	619	312	563	413	735	142	463	5	779
557	493	324	27	761	554	532	740	589	372	91	505	56	592	342	229	243	538	275	771	603	97	279	137	331	53	192	86	767	670	236	373	379	326	734	44	29	356	619	14	643	682	531	308	459	512	278	103	368	671
408	129	86	409	656	145	91	707	250	630	440	482	660	183	48	347	154	581	553	522	354	725	238	655	434	73	296	172	270	113	230	739	8	299	17	702	639	477	345	532	416	613	184	207	692	76	40	302	516	346
546	764	51	330	204	168	359	614	604	769	484	19	423	451	331	711	232	467	1	445	21	683	68	663	404	752	287	530	612	380	45	142	284	495	745	23	11	433	188	465	670	352	487	686	668	550	519	31	573	356
391	378	251	694	413	394	190	193	778	221	164	537	723	186	724	512	7	417	756	447	570	771	571	463	92	649	361	638	501	300	767	755	258	405	505	560	254	374	211	693	544	118	552	457	545	231	748	450	453	215
401	160	140	494	476	278	636	675	539	580	291	387	699	41	558	729	758	569	566	650	760	265	646	357	420	121	673	178	437	415	338	355	640	561	119	418	688	590	123	223	385	259	318	565	111	517	584	14	289	444
314	360	499	490	714	120	726	187	586	399	611	731	311	470	60	773	754	710	603	493	326	398	578	305	473	403	279	237	555	67	478	116	106	664	176	30	329	224	531	651	468	61	213	179	373	734	441	219	533	252
396	491	202	328	83	236	549	644	10	525	225	400	55	601	189	71	90	695	425	542	306	47	628	277	256	593	152	159	377	620	621	738	392	488	602	212	80	283	705	298	460	698	217	642	370	631	368	304	538	701
3	466	13	658	507	666	576	4	456	615	255	589	761	480	22	316	274	496	134	697	449	393	737	766	310	504	185	124	759	261	375	264	678	110	50	233	622	742	541	262	260	263	762	556	703	323	214	46	598	730
654	548	419	29	9	364	629	195	389	428	485	182	659	605	246	599	479	153	547	344	43	271	339	115	229	63	523	527	177	382	109	293	386	85	171	285	242	297	757	353	765	125	557	779	58	6	618	175	509	101
486	307	343	200	676	436	99	82	536	743	358	367	691	770	161	366	435	372	2	464	44	371	718	526	42	633	114	198	596	438	335	426	281	528	521	780	363	322	57	93	163	136	88	170	662	5	12	220	708	62
351	141	579	407	103	79	510	139	245	727	240	257	721	406	288	715	643	247	126	350	313	446	515	268	321	442	733	616	218	582	144	575	56	241	35	267	181	127	84	340	657	503	474	607	524	337	203	25	511	720
534	243	741	222	97	563	334	732	158	131	459	669	430	272	192	619	585	210	70	704	775	645	652	65	609	427	28	772	395	462	750	717	751	269	15	671	384	208	500	64	26	74	381	54	332	87	568	105	591	149
661	452	700	197	295	162	341	52	117	439	448	597	216	684	716	672	624	137	133	497	712	0	135	303	49	324	362	234	253	572	276	483	36	667	383	199	342	34	674	308	390	228	469	325	514	551	508	147	774	653
226	155	518	567	169	96	39	481	53	502	634	104	562	475	617	429	166	735	696	280	632	205	167	414	349	753	239	740	194	411	744	27	249	679	431	266	20	677	583	102	107	592	410	422	559	543	206	77	763	78
600	165	421	402	680	728	248	625	317	626	174	647	100	608	682	369	637	397	623	112	376	132	706	455	59	66	235	348	641	489	513	379	320	388	595	587	180	498	89	777	138	24	768	336	365	749	722	506	146	286
443	736	746	574	681	540	128	412	564	201	196	319	173	301	471	37	292	577	333	108	627	648	156	151	687	227	18	432	282	98	143	709	747	594	327	69	472	157	130	520	32	33	315	95	72	81	294	535	273	309
191	148	665	458	312	529	122	244	94	610	776	424	454	461	685	689	635	38	75	16	275	588	209	554	150	606	690	713	290	719	492	80	721	78	190	273	408	397	56	585	37	666	688	180	360	480	673	227	150	277
529	440	502	227	726	482	496	527	147	409	30	587	163	772	80	736	213	498	483	651	489	2	603	518	283	74	697	434	546	373	453	331	754	327	729	619	644	597	767	642	501	153	748	51	39	159	414	328	270	618
455	341	293	32	62	377	224	215	20	46	97	553	77	315	715	623	675	71	118	366	423	237	278	286	144	720	646	349	339	594	746	639	662	36	160	81	166	197	616	691	284	42	761	9	577	610	764	410	297	475
771	589	615	604	350	69	591	342	40	523	551	91	203	267	275	234	566	225	719	680	640	580	344	67	733	348	243	238	246	353	399	388	33	379	52	436	460	463	316	14	347	120	185	400	578	313	7	752	269	359
140	741	61	487	560	507	261	508	457	131	23	363	516	430	592	298	706	50	127	389	567	705	536	370	694	543	690	123	682	524	721	380	188	161	659	571	21	702	141	734	346	357	369	335	226	762	481	116	723	397
700	607	374	548	68	207	151	135	300	198	157	82	641	291	652	454	780	402	378	417	586	511	305	465	136	303	372	282	53	105	326	654	585	268	558	677	368	181	57	259	717	180	768	365	155	138	521	601	537	449
396	669	621	476	201	22	742	356	317	666	749	386	148	8	735	64	128	426	393	718	611	75	37	134	750	5	63	630	229	210	598	231	279	539	276	169	132	119	106	175	737	66	451	392	688	107	716	739	635	626
249	490	383	129	538	605	86	596	698	26	12	633	318	337	599	689	255	660	45	390	110	653	290	544	422	179	257	555	236	620	164	193	176	695	505	775	612	111	506	674	100	679	214	477	582	139	628	150	29	519
439	550	122	54	218	137	456	710	272	442	670	581	114	629	575	470	593	364	424	208	287	306	517	696	703	211	250	252	25	471	727	47	361	195	500	479	319	217	58	253	525	648	85	614	427	204	673	109	70	474
10	590	411	526	684	683	189	773	769	256	545	713	770	602	431	232	559	462	728	205	362	240	714	531	333	78	375	556	121	192	84	384	321	613	678	579	329	562	93	552	778	416	15	177	447	492	468	514	632	432
405	395	48	541	484	711	263	534	576	13	391	41	625	202	73	156	19	209	420	330	172	124	258	535	622	665	448	49	241	310	528	425	450	401	178	190	755	415	44	634	358	647	512	264	459	311	433	608	320	162
309	745	732	244	443	115	687	322	113	564	385	403	600	285	94	183	125	744	583	595	56	280	299	650	212	636	3	568	59	643	725	515	302	88	304	117	103	421	563	549	271	43	743	351	685	165	664	191	60	376
336	92	408	637	609	352	18	281	170	547	672	724	301	722	671	485	503	565	404	473	667	704	34	681	11	158	235	265	65	308	464	230	569	354	478	627	763	262	561	656	199	429	584	387	24	513	233	542	83	572
314	274	219	540	104	146	289	248	294	712	645	699	216	466	220	16	367	307	87	676	638	152	95	345	649	292	435	438	334	407	143	658	154	108	747	709	446	766	1	98	445	692	222	570	413	574	504	777	573	186
338	757	102	228	206	325	55	509	631	606	112	167	657	428	187	495	444	751	312	182	461	332	360	588	437	340	686	266	323	760	533	467	740	254	759	707	398	532	663	76	35	731	99	708	173	223	765	296	0	288
4	171	668	27	355	557	738	412	90	142	245	488	101	79	497	458	499	126	753	776	247	617	168	239	624	701	522	661	145	31	295	324	472	493	251	6	343	196	491	452	469	149	779	130	382	480	756	96	394	510
133	273	693	406	486	184	194	89	730	17	277	520	260	28	242	38	72	554	530	494	221	758	200	174	419	655	441	774	418	381	371	34	735	524	261	700	566	53	385	143	342	254	9	703	265	725	766	481	107	361
538	323	51	112	603	712	237	276	205	511	725	577	430	130	256	27	638	249	329	540	383	87	758	73	167	379	273	351	335	564	387	756	134	140	185	313	60	736	621	5	316	116	500	212	7	307	539	521	10	707
250	394	40	32	103	43	411	448	277	510	703	618	35	12	593	53	177	16	325	435	591	253	688	682	680	398	309	137	714	501	569	86	623	735	369	217	687	326	301	672	606	406	3	673	628	627	104	293	362	466
30	537	709	469	324	760	587	642	769	778	651	28	471	62	523	211	444	467	560	1	708	59	424	46	254	566	472	216	530	605	683	573	656	629	706	572	462	529	226	541	507	238	558	496	364	728	518	677	196	700
765	776	169	440	310	255	356	292	771	660	270	582	592	408	493	334	739	589	115	127	221	99	275	63	380	722	773	645	14	567	11	321	762	453	274	197	200	489	752	389	366	607	526	190	671	52	332	355	431	153
233	156	119	265	78	374	0	420	192	138	668	503	161	519	509	454	770	75	136	266	482	715	39	97	639	122	361	764	502	168	403	174	648	386	400	734	636	719	348	634	294	37	147	506	747	550	664	663	409	297
751	428	744	544	143	565	750	649	456	269	646	742	604	2	497	300	6	449	220	55	442	245	218	484	72	184	203	318	285	443	289	155	555	556	432	488	71	505	545	654	284	616	306	360	47	145	600	48	476	619
405	738	458	624	210	296	473	279	549	124	717	775	42	347	173	461	101	339	666	352	328	131	658	753	609	94	382	278	547	15	41	522	693	170	80	512	429	179	282	4	260	66	157	528	647	652	236	581	189	376
132	655	610	422	372	375	585	479	44	404	231	159	504	691	22	29	413	330	84	399	345	319	612	393	213	740	13	622	583	67	187	77	586	626	766	202	754	368	110	397	314	25	111	745	532	674	33	401	625	491
729	689	741	74	702	69	767	114	288	21	149	163	737	186	209	247	390	8	68	516	599	757	602	219	559	344	446	82	331	244	248	568	554	311	9	230	418	228	392	65	669	381	427	267	315	89	425	215	481	570
