1,0
1026	1175	608	120	323	961	363	784	1117	603	31	994	67	893	849	901	479	411	844	222	879	1045	613	695	841	722	375	299	995	980	244	794	273	807	1124	1195	326	142	463	74	217	1191	751	580	174	529	123	234	681	35
810	675	577	225	1073	228	1133	7	341	658	1183	788	1094	1088	1145	452	179	329	774	692	723	1185	218	373	69	769	11	43	369	278	384	414	190	1198	29	1025	87	932	964	954	27	601	931	546	966	64	867	803	817	131
1067	366	808	378	1092	820	666	229	687	1009	1051	770	471	544	403	937	325	539	60	884	230	821	448	1023	709	679	482	104	1181	840	562	909	635	559	139	495	738	1162	48	631	443	145	772	22	442	629	1071	1012	125	1048
814	56	151	960	1156	445	744	492	358	1022	1052	420	188	905	486	718	191	80	528	428	745	157	177	387	381	271	1030	1013	16	203	1028	916	1110	828	962	839	109	1066	484	567	413	1138	1158	427	172	1053	699	969	511	440
1178	264	475	261	102	781	194	274	886	1126	1063	617	693	52	1217	211	833	335	604	734	318	399	521	20	1172	152	618	514	1070	951	441	569	41	669	882	1125	789	754	683	124	904	24	307	173	520	121	585	537	859	823
1014	555	305	126	143	598	987	979	425	426	924	858	1186	933	30	752	180	1193	775	461	1044	339	1205	779	213	410	255	894	1208	1054	437	602	392	668	880	795	1015	6	1039	895	467	196	450	899	1136	705	280	82	491	533
619	416	504	334	1049	654	1100	1213	1010	871	872	397	507	1104	930	860	804	354	531	861	518	698	133	78	988	721	153	1031	1034	95	284	1005	614	793	345	155	809	1069	639	965	447	910	700	730	1093	140	612	756	824	955
888	253	836	249	593	891	75	434	88	242	513	1141	270	349	1	383	250	374	73	973	223	418	688	431	592	864	10	276	508	647	548	703	417	501	743	45	483	233	498	573	385	853	1144	53	51	342	132	1204	558	1058
1068	454	990	298	195	361	1057	758	171	908	953	393	1214	68	1123	304	672	771	147	740	576	725	1182	57	897	800	197	372	138	1168	922	1211	300	993	421	1118	92	1155	664	584	646	704	245	202	115	750	1111	175	1089	1036
1173	419	673	1000	216	302	176	114	524	1201	429	386	591	684	181	786	525	277	708	292	1001	1059	565	554	37	370	622	802	510	1035	842	285	1086	719	85	163	1129	204	34	1128	712	9	660	337	835	408	76	235	643	248
33	1046	582	39	287	240	748	1105	193	956	992	881	1194	1171	1151	192	353	765	444	294	855	778	487	499	1079	874	12	729	1008	819	169	1084	869	430	665	259	530	876	691	252	857	939	1166	260	967	322	94	915	473	649
947	564	798	970	589	633	731	890	357	1148	161	116	946	866	1018	1017	485	263	941	167	295	981	423	596	943	321	100	1135	84	685	638	763	42	122	940	657	578	547	571	293	913	315	99	590	615	415	237	1224	108	742
625	438	1107	628	768	254	500	702	815	519	141	764	183	949	1216	568	1064	735	545	572	379	1003	184	309	1019	945	262	791	1101	716	991	220	1165	398	389	790	159	47	609	1164	900	166	1210	834	1140	706	623	811	1199	351
1142	1083	1132	456	536	1139	65	186	588	957	1040	1038	272	707	776	311	28	164	581	563	97	1137	1225	130	637	402	822	367	96	986	489	1121	224	303	663	854	907	1222	868	110	21	170	344	1192	72	968	449	215	388	1207
697	105	831	1108	566	91	610	1116	782	767	1055	243	911	317	726	870	1154	538	720	199	1060	497	1215	976	906	396	257	1080	282	231	236	457	621	462	739	1131	958	407	1176	942	238	1113	296	912	470	805	792	466	887	816
982	903	741	503	107	377	70	832	845	390	424	1061	333	1082	435	812	728	1096	641	773	1122	118	336	154	1221	600	200	1115	1056	136	1029	50	626	753	920	594	1050	241	757	989	98	1099	863	996	678	451	950	583	83	883
405	634	694	61	146	400	661	162	761	59	306	3	316	759	984	676	1087	1074	651	119	1004	210	509	523	247	266	570	1188	129	279	829	522	81	1081	862	469	178	1152	1174	620	1102	846	526	579	1209	1042	677	111	468	1024
14	214	885	327	160	476	8	458	26	926	1169	696	850	1161	611	182	936	25	971	496	975	1114	838	898	49	439	38	848	1187	952	586	896	1062	382	465	343	1047	312	1130	549	66	205	494	338	1163	226	1153	481	642	289
433	148	852	478	301	686	227	724	149	212	101	156	799	1134	605	587	332	737	488	935	659	1203	23	1043	113	1002	1109	308	1196	265	474	689	320	365	667	560	878	550	873	997	135	1184	1127	948	682	843	851	63	889	517
144	219	1190	837	928	79	650	460	58	1076	2	208	1223	1197	599	938	477	1011	391	1226	505	275	348	711	106	541	86	959	198	983	17	542	1085	827	575	281	352	1219	636	1200	999	532	359	187	207	165	934	1112	1007	927
892	246	963	269	1016	616	1218	288	1027	830	1090	251	512	36	394	701	977	297	19	978	310	553	267	112	291	632	1150	1167	787	918	644	714	1157	189	710	5	1041	925	515	826	432	453	847	362	1189	127	561	209	314	331
656	552	404	806	368	902	117	493	324	556	0	1033	55	1170	1179	455	595	1120	717	875	319	18	813	350	46	168	674	944	340	221	1177	436	1202	627	998	258	137	330	376	1006	158	972	32	150	777	103	347	551	540	727
516	929	1037	206	985	877	412	328	648	346	680	1220	736	607	917	459	1072	506	1160	1106	923	355	1119	446	1091	534	766	422	380	201	671	128	1020	401	286	268	90	1065	464	1143	921	1077	690	785	1103	1075	797	535	914	640
713	557	818	865	747	313	749	232	364	185	62	480	732	780	624	662	746	597	134	1021	655	856	783	360	290	71	4	645	44	472	762	801	796	715	1159	1095	630	15	1098	1212	760	606	919	406	1206	93	283	825	543	652
89	670	653	409	755	13	77	1078	974	574	1146	54	395	239	356	371	502	40	490	256	1097	1032	733	1180	1147	527	1149	828	110	388	556	329	545	1115	297	1032	365	1022	1026	364	1059	868	1213	20	240	471	1010	1098	718	141
916	670	790	4	419	998	93	564	755	380	231	349	1126	351	109	479	1216	141	896	610	1224	766	446	858	64	1061	1140	476	840	890	736	1141	616	301	1076	771	696	422	996	376	391	505	617	1014	17	889	466	669	744	1064
983	657	1011	1116	1203	797	837	1012	518	544	1049	133	60	748	129	737	176	215	992	1060	345	879	892	876	1154	560	299	1132	803	495	994	410	711	870	924	77	1205	209	408	1023	207	53	368	1147	1171	798	684	920	329	894
880	179	170	979	1054	642	513	714	1217	85	591	788	721	84	188	76	101	953	611	469	1164	911	585	535	266	1222	325	137	1069	396	1	172	1136	122	132	823	963	1186	344	728	1050	1198	871	125	357	1004	1183	307	225	168
950	1080	987	358	775	578	41	524	1113	1089	795	772	489	411	966	970	261	42	193	355	753	800	69	455	1119	648	331	899	739	461	454	87	286	971	504	793	398	856	549	341	450	427	904	847	553	421	641	468	14	13
825	185	1197	430	145	910	3	539	424	280	235	731	633	222	1151	1077	198	969	1220	822	420	827	279	1181	537	961	660	1161	662	1003	525	1052	332	335	499	586	898	1128	426	416	276	328	1125	566	719	729	774	377	418	1193
530	51	201	587	538	346	814	1214	990	618	995	934	652	1104	367	445	166	187	97	515	246	917	682	35	1018	1122	1097	458	456	253	80	650	791	1041	595	83	459	606	487	664	671	959	510	765	1026	251	292	475	362	143
709	88	1179	126	666	195	472	120	1046	905	727	236	1206	522	330	405	712	834	630	864	810	29	9	1088	227	437	872	725	327	651	124	805	589	531	293	438	262	1079	96	1188	177	1168	79	302	56	43	831	929	1157	558
747	686	65	914	5	449	15	724	113	25	915	1165	562	1078	752	1137	511	1190	849	478	488	333	571	390	519	1044	835	838	1174	749	634	348	343	866	75	290	229	389	688	259	526	1114	1115	72	237	244	655	1194	764	121
74	902	164	413	245	536	494	202	579	1131	394	1010	173	778	776	30	826	59	130	234	150	58	167	1092	678	372	1103	708	1172	613	886	629	1034	1106	181	541	942	1013	27	1124	509	281	1202	159	738	1160	550	191	978	217
885	742	1047	117	216	211	309	740	112	134	846	457	1096	1144	984	580	400	946	780	441	804	91	1048	432	415	784	16	473	264	705	757	1110	991	219	1133	1158	958	62	767	406	99	603	601	1107	364	707	386	1210	1015	620
1109	342	282	0	269	114	556	272	626	213	1095	45	860	1201	730	799	350	584	263	304	1215	1221	118	33	138	842	1067	23	403	977	1191	1209	1075	1219	37	570	668	829	175	974	631	395	1135	448	365	108	555	702	483	1031
486	1143	71	869	1062	695	285	1152	1156	265	640	1036	337	220	356	63	756	477	1081	210	893	1007	982	941	1211	647	1025	938	1022	1028	855	94	954	697	404	506	7	922	1035	228	1006	644	275	142	161	844	496	194	624	690
260	252	443	258	214	574	867	532	514	850	1218	278	608	588	503	1030	997	607	878	972	912	241	47	1090	11	6	61	862	927	24	508	255	409	636	40	116	298	1070	1021	931	1001	785	242	1139	81	1055	320	883	98	86
363	1066	1085	1068	250	913	326	1087	205	572	546	960	412	792	310	540	1195	267	1153	1100	1123	1121	148	230	460	203	528	50	786	907	287	360	614	658	158	516	692	1212	819	761	370	315	399	1213	637	590	621	888	273	543
1169	8	901	39	689	1108	163	212	734	674	19	656	1020	523	392	582	1017	401	149	908	312	288	661	131	967	716	2	1094	1016	1185	758	186	581	895	891	1146	1027	1189	884	500	722	615	909	1093	787	1059	497	322	136	807
1150	877	527	952	425	882	605	816	698	95	303	270	1083	1029	353	162	1149	474	659	480	663	465	1182	347	92	937	1074	318	107	646	713	1196	986	467	447	1134	90	597	1009	444	336	502	1192	1024	557	813	1117	817	471	28
66	340	547	1200	1187	565	366	694	643	433	1170	232	436	1176	38	563	1105	925	720	493	820	680	73	482	932	619	44	598	34	21	247	57	334	957	632	873	378	352	183	1162	296	612	428	189	1042	533	1002	677	667	706
256	594	943	781	135	308	949	681	750	918	233	354	102	123	900	1142	1180	388	485	171	710	1175	1159	989	559	385	46	923	699	801	323	751	314	851	311	773	178	36	174	221	715	1098	1084	600	573	491	815	277	561	762
853	1177	782	484	155	1053	1032	153	1057	417	552	745	628	291	783	521	1102	384	622	498	845	962	1082	821	1086	196	1073	67	777	830	700	254	703	551	569	200	968	180	732	218	875	190	897	1058	545	442	596	854	294	718
316	1112	271	653	184	22	240	453	520	501	463	452	746	865	625	841	903	843	54	808	507	627	964	1166	759	839	359	249	12	140	687	321	151	639	1155	1208	955	110	836	100	921	936	796	1063	147	103	948	973	144	999
1223	947	111	106	951	1204	208	204	676	769	319	313	300	382	105	944	381	933	274	726	192	464	1163	602	268	52	1065	939	371	435	575	297	1127	429	940	1072	1130	868	1129	593	289	68	1148	78	324	779	373	818	257	723
154	238	741	638	470	811	576	361	635	89	1051	306	828	223	1226	492	806	993	379	926	1045	691	1040	1033	683	623	481	451	529	1005	1138	812	10	1199	919	397	387	887	1120	517	534	554	462	283	48	548	119	809	55	673
930	763	423	82	169	226	434	604	146	431	115	20	859	1037	128	295	733	743	685	199	26	760	440	1184	1043	679	609	735	157	717	224	512	182	975	248	592	1178	1000	857	654	672	693	1225	754	197	965	861	1167	1039	567
383	127	49	1207	1019	284	165	402	1118	393	645	1091	928	305	852	985	490	789	568	156	1099	339	375	583	833	32	649	1056	439	374	1038	18	243	665	1173	824	770	935	988	317	369	239	945	881	675	407	542	704	338	981
70	848	768	802	104	956	31	152	206	874	1008	577	832	794	1071	701	1111	1101	414	160	906	599	139	980	976	863	1145	581	422	752	146	147	676	511	319	823	1192	46	816	638	979	957	70	325	609	1117	1072	797	573	218
1040	416	989	378	1000	940	725	294	166	912	953	1009	808	63	916	449	1120	1173	459	94	932	475	911	1057	51	437	698	164	1210	847	181	1105	518	765	7	508	872	143	818	605	103	618	611	43	14	1042	298	1170	100	241
983	297	273	1103	516	1098	1039	1152	721	644	170	973	142	624	263	565	692	335	760	92	511	834	133	149	1106	84	1110	566	1174	789	783	168	371	1141	500	278	470	560	1045	796	441	203	529	843	1025	857	655	575	1147	942
970	880	801	407	1061	1193	1047	1079	358	46	411	1013	908	542	272	625	463	901	78	405	1108	769	343	1001	653	384	467	870	838	9	237	99	593	496	691	690	804	42	556	995	892	1019	537	540	601	279	265	1178	987	1165
827	32	904	424	571	1053	501	324	268	129	318	1083	968	756	717	254	156	1213	1023	731	1163	1080	58	34	1051	587	1062	825	287	285	1081	521	1164	750	574	56	224	914	401	1082	366	1145	185	762	91	992	29	208	413	412
117	520	1089	638	16	673	849	213	1139	145	118	374	961	848	609	553	959	22	282	314	637	50	438	815	685	545	993	875	257	646	944	1183	793	330	1142	60	161	231	757	64	897	660	24	4	171	557	1194	706	689	596
196	729	502	568	863	222	342	381	207	308	935	135	1091	36	926	390	1107	288	649	127	487	1211	454	684	860	791	429	1064	1172	805	803	971	1186	802	1221	538	972	1020	1017	592	144	917	204	907	656	1059	720	778	602	779
954	708	790	15	201	52	106	329	958	922	461	346	893	350	1222	1052	905	341	722	626	878	705	1179	979	738	710	842	1075	595	612	578	785	740	115	716	150	140	506	165	823	250	1176	379	635	946	44	1076	492	1185	647
1078	1068	76	301	956	104	1209	190	614	610	1029	27	623	514	409	247	1021	526	383	682	12	180	573	48	276	66	172	665	323	873	906	148	138	585	49	1215	1015	570	1024	299	1003	1153	20	753	840	741	797	61	677	800
339	446	130	163	975	1018	882	929	221	377	267	13	5	598	1151	1117	93	217	541	187	422	977	225	491	197	1175	859	947	930	1063	643	473	253	1050	931	477	841	419	1129	26	1085	184	810	1088	1184	354	890	561	116	746
238	404	11	533	167	436	230	353	775	367	311	1033	313	998	75	874	548	1224	322	394	189	651	119	822	509	1102	558	361	195	703	814	1113	81	547	33	340	867	707	854	31	899	183	402	124	531	563	17	828	305	883
777	957	654	415	577	812	1146	109	236	1122	1028	819	844	589	896	364	152	90	627	631	112	357	486	851	1065	613	632	928	151	1070	670	674	188	621	344	1095	1161	2	982	3	850	918	158	1121	784	1084	544	1207	1136	19
733	1203	1058	976	430	186	634	242	227	713	745	694	1181	363	980	996	704	1132	1055	855	974	159	1010	1044	1154	642	114	1180	1115	567	40	572	1030	141	1195	965	8	191	484	35	1056	452	667	478	528	98	966	351	816	1060
832	1007	88	512	735	349	1197	310	588	387	444	1200	636	270	788	375	1171	836	80	525	955	134	1189	82	432	295	362	1054	833	1140	1005	1043	1027	464	662	846	228	755	792	488	695	74	108	824	751	146	1074	678	910	813
259	6	258	943	431	923	466	389	886	1114	369	420	727	781	871	333	462	856	817	1077	386	1158	639	1198	1049	1225	300	220	89	885	743	693	505	701	1002	938	497	317	1119	328	120	435	771	1150	474	726	445	650	385	302
155	428	304	679	469	664	1116	900	1166	434	839	799	652	985	23	65	1014	68	1128	1092	426	681	659	1202	274	160	597	336	680	53	97	629	687	603	513	666	669	1104	209	360	309	675	599	809	70	229	594	714	697	515
356	291	280	110	1097	1072	786	532	549	113	941	776	252	616	758	936	829	641	608	924	748	372	768	495	831	709	981	1071	1223	898	1169	559	536	316	283	927	79	869	162	139	952	902	450	95	861	884	455	782	468	457
331	1012	277	319	1125	137	607	774	887	248	352	949	194	266	332	154	453	293	960	889	38	482	852	157	1190	443	736	1031	173	1148	226	193	1073	617	490	584	251	325	198	1217	1127	1160	606	1034	798	1109	794	1187	969	933
398	686	835	359	1214	239	439	730	734	576	876	688	1188	551	527	21	868	131	472	395	562	498	30	233	206	370	199	1093	373	1111	348	582	964	289	1167	1101	1067	894	111	338	345	724	702	696	260	105	223	493	47	483
71	700	28	1096	303	296	57	244	903	243	262	919	676	408	1226	281	921	179	264	579	249	754	939	749	668	523	182	414	275	1036	177	18	747	986	550	86	235	153	988	210	399	1208	326	811	994	586	214	1137	761	934
269	862	10	967	37	711	877	1032	633	962	55	1118	622	772	400	59	534	433	368	895	382	126	640	321	628	591	41	1130	1026	648	205	128	479	290	1192	427	552	866	1133	72	380	1191	723	465	1046	1168	920	240	728	246
355	62	661	719	234	619	767	417	1087	1157	1090	1159	1138	1008	1206	397	175	504	178	122	320	1149	539	909	663	67	306	69	580	471	1177	950	683	1182	286	658	54	945	569	125	96	307	245	376	763	85	1156	715	546	391
347	121	271	1204	1035	284	864	1041	853	600	216	147	423	87	327	480	630	1	123	102	937	1112	951	219	489	530	192	458	1212	442	456	752	718	255	77	1220	494	73	590	1123	915	671	0	787	555	978	1134	807	984	218
202	830	393	1086	499	1094	365	507	1131	410	1199	212	1048	845	256	865	1205	107	1196	83	447	315	406	524	997	826	990	766	999	583	1155	232	510	418	101	672	200	1099	858	821	770	1006	645	615	334	1100	485	1016	1218	519
136	780	1216	888	744	132	460	963	481	795	891	742	421	1144	176	1066	739	737	292	45	581	39	837	773	543	440	879	388	712	991	503	448	215	1037	806	554	169	1135	403	392	820	25	564	1124	925	337	211	1201	604	425
1038	396	732	1011	1004	451	881	1022	535	657	1162	522	913	699	1219	1143	312	620	517	174	261	476	764	759	948	1126	1069	43	743	182	763	611	864	663	66	1004	863	198	8	311	1078	764	696	338	212	1099	1034	783	789	1156
702	1046	533	757	978	607	424	811	879	578	802	995	193	377	1107	705	362	166	29	595	391	903	388	493	16	476	810	1121	376	953	543	1143	560	1089	156	296	775	286	1160	298	412	1029	421	464	562	575	785	1209	415	77
1214	780	663	12	324	353	950	224	626	839	378	1012	1041	610	579	1027	1173	418	898	274	900	14	270	546	1172	838	1151	631	535	1208	527	389	901	276	1079	136	245	890	778	860	815	273	875	586	1064	266	805	457	572	585
715	408	823	235	100	321	387	1155	1125	180	911	574	438	1077	368	833	858	679	633	812	267	1008	975	816	174	955	745	645	1106	297	76	734	688	958	515	639	1014	107	1098	482	845	259	354	544	1066	148	914	1213	240	246
462	229	125	501	223	434	458	288	268	730	1004	63	1166	561	747	613	517	789	510	112	33	997	762	1101	468	933	628	583	1218	920	89	908	442	143	669	178	202	1126	66	87	35	302	158	576	54	1043	207	808	648	935
1052	1201	1207	969	333	86	1154	417	363	160	332	95	1193	1162	1063	314	616	211	1137	691	763	78	201	1000	943	696	692	366	335	1195	1220	952	1206	340	485	931	620	506	419	1225	588	1163	1182	507	355	888	518	71	584	742
605	698	540	1006	989	1119	883	729	1144	945	116	347	84	713	220	492	621	1153	982	921	422	1120	91	871	532	922	349	716	397	17	857	653	47	196	19	1210	737	1191	1026	884	779	1022	430	581	695	876	625	59	656	1007
65	706	496	521	539	751	687	873	1104	623	619	599	53	490	1188	850	541	551	272	176	5	617	327	680	191	949	1114	564	81	1093	529	822	121	437	1135	671	18	799	966	936	4	329	545	618	470	226	1017	159	659	181
589	934	530	1075	923	1047	847	251	279	842	534	374	1176	149	200	977	886	766	568	1009	497	20	553	523	454	505	232	44	168	567	257	988	655	1110	237	258	970	714	339	651	403	117	1087	216	435	369	594	126	627	293
337	944	1175	234	372	834	987	222	1149	24	1002	113	993	756	980	750	283	1200	167	436	151	1128	632	360	208	460	519	868	657	190	1084	449	187	1164	445	885	439	593	1129	122	114	1003	600	686	481	640	124	25	889	896
744	557	420	499	1133	843	1115	548	855	606	228	130	514	97	974	1010	796	1180	128	1184	719	587	61	859	604	342	1095	49	603	307	1178	69	475	447	807	738	665	140	910	685	1103	709	300	104	1116	147	1181	88	115	913
306	396	2	981	1108	963	558	1198	552	678	776	152	928	765	40	239	869	615	906	9	256	1042	942	516	326	592	683	937	1196	520	26	764	96	591	154	1090	265	15	770	664	524	1056	1127	238	262	118	70	373	1021	693
1205	1051	959	904	844	1179	459	290	98	21	407	123	93	413	735	1185	1045	37	1071	916	138	119	837	673	352	1150	278	36	280	27	169	410	13	358	1	173	787	111	525	473	213	1001	242	189	1199	85	139	741	828	183
712	550	874	1174	484	721	1019	145	429	330	192	1015	684	185	622	666	260	254	194	634	295	563	862	1130	909	448	450	367	511	727	184	32	749	269	577	426	827	986	375	654	489	905	856	1081	798	322	102	153	233	1074
1170	793	357	710	820	1222	1058	1073	42	753	912	380	304	134	954	285	214	478	967	825	444	790	846	723	531	495	919	704	755	171	1131	1117	341	60	51	287	1097	218	414	244	781	22	1171	854	881	133	1053	1070	726	361
195	292	676	918	887	1040	829	711	915	155	487	120	1031	760	205	58	172	48	813	1086	1085	996	275	769	392	601	948	1036	609	788	985	1123	761	1082	1192	699	500	75	282	141	402	343	319	818	455	212	203	1067	624	1028
248	946	999	569	466	752	638	370	708	82	1202	365	186	41	38	941	135	672	675	433	1161	252	1080	393	338	1165	537	703	1072	743	336	731	127	494	1203	674	794	1212	427	865	1152	841	566	864	984	325	1044	976	227	323
1049	471	253	602	400	467	215	461	573	814	351	409	74	7	1005	1065	491	503	1092	1113	1112	758	291	1083	508	452	1215	806	50	1035	697	348	570	56	129	512	662	667	893	549	1016	971	431	199	649	217	786	255	219	547
907	1094	740	301	371	483	1204	443	243	768	728	92	479	682	940	1024	334	759	261	513	451	1018	132	164	1025	938	1223	582	635	383	700	364	1091	428	150	416	861	732	559	724	1157	1105	1033	1142	1038	209	660	179	968	488
80	289	694	317	474	62	131	771	832	1061	67	992	385	1136	867	110	643	30	399	924	1096	162	681	1068	642	446	440	899	161	480	1140	637	661	895	1138	1122	1194	206	754	821	902	956	109	650	767	538	644	157	1156	3
641	689	303	1224	453	809	646	722	31	498	1197	1100	318	271	264	571	836	1034	1211	390	1132	52	848	528	250	880	142	998	328	241	717	83	853	504	718	1032	1076	55	877	590	658	852	720	872	739	344	596	236	801	101
748	960	477	411	106	947	782	973	870	11	381	46	198	1088	39	522	105	652	1169	526	746	404	556	701	263	144	103	612	1099	331	425	897	204	210	1167	792	379	72	773	926	309	68	1168	1190	423	146	1102	1189	917	1020
819	231	1147	175	165	772	536	866	0	554	991	1158	1062	1183	668	79	310	1226	882	401	725	925	406	163	878	891	247	108	465	469	320	598	299	356	783	830	677	1148	1059	965	930	43	1118	472	835	1109	137	64	979	6
8	784	964	894	797	1048	486	795	608	386	1037	1145	774	463	313	441	892	350	509	249	502	972	542	432	182	1039	994	1055	929	346	580	1216	1069	73	395	394	1060	316	405	670	1054	284	863	312	1139	629	398	221	791	733
1219	1186	1013	1187	927	308	1057	611	826	961	28	277	1050	831	647	188	707	983	851	597	630	94	800	1134	281	804	849	1221	384	565	294	99	10	345	1217	939	311	990	1023	23	803	1124	614	305	1141	957	34	636	824	962
57	1146	170	315	230	951	456	359	225	1030	690	736	177	1111	90	817	197	1177	1159	45	777	932	840	1078	555	1011	382	820	466	885	1107	907	979	694	435	303	123	810	201	712	700	1196	240	1141	645	19	826	733	106	747
46	485	434	106	1180	243	161	72	555	1013	513	1043	1101	479	1000	310	540	919	1047	474	906	710	789	411	929	224	1040	807	724	426	460	708	111	481	208	24	611	247	596	402	1173	1116	488	757	627	664	1030	27	933	926
821	404	983	407	578	551	376	978	387	510	556	643	494	1131	1175	959	561	290	725	1195	575	893	1055	775	43	121	847	445	131	754	1044	170	736	435	522	947	325	1069	732	900	699	128	1207	1208	80	731	210	309	1093	346
715	1123	975	99	1181	82	76	826	190	874	297	135	805	157	357	487	766	442	870	1186	681	212	705	370	1152	943	711	1157	295	471	762	1074	569	87	651	1138	448	981	115	814	862	7	598	1009	886	83	718	144	278	756
1039	253	450	101	1183	350	181	841	797	1115	832	802	1042	86	477	816	231	648	536	64	1122	584	213	22	38	600	817	671	431	834	152	1090	1154	962	1089	125	140	263	568	633	40	360	100	193	605	532	469	727	999	897
250	949	680	808	489	49	1188	628	455	661	647	1080	262	209	308	951	293	17	810	473	206	761	1117	693	203	1026	589	558	292	852	1032	791	637	642	986	218	220	1178	421	881	1063	459	588	1066	942	383	507	333	517	667
230	685	860	8	872	957	617	514	447	641	1010	882	127	940	910	1113	255	1017	13	714	272	102	653	336	515	275	948	960	683	408	452	21	110	364	418	260	1144	1031	172	1222	53	835	608	905	397	341	549	1139	1219	660
276	334	1205	572	543	34	961	280	801	546	285	508	686	476	175	529	1059	838	911	1201	388	183	424	330	615	75	790	405	288	430	73	644	740	545	778	853	560	977	344	800	1125	1216	351	865	518	755	861	765	537	634
781	1100	603	868	137	918	1210	422	602	335	217	743	1008	1085	458	700	400	722	520	884	896	701	1108	11	707	535	577	576	813	867	704	1052	848	327	361	1184	151	358	54	531	936	544	406	623	869	780	1146	412	846	277
585	829	1023	638	550	968	396	607	484	625	767	828	500	1099	105	980	251	266	1035	457	721	304	511	554	502	1226	958	446	619	665	164	0	463	1189	384	993	1014	56	188	967	440	970	689	283	196	1004	616	1171	1095	363
265	565	5	211	91	878	1082	269	726	174	428	306	971	259	1177	784	1218	449	1048	465	892	1141	176	414	79	207	163	148	675	366	679	678	1126	845	267	599	924	374	134	677	47	994	194	12	749	291	851	399	1068	1051
124	409	35	167	191	1081	354	234	443	287	107	441	365	432	937	410	972	1197	301	1145	539	41	468	815	663	783	438	744	941	1060	1045	491	328	385	955	1120	856	1134	162	1114	985	1086	119	65	417	702	1084	779	112	934
746	668	1049	62	979	241	178	68	798	61	601	646	734	716	562	883	610	504	395	729	989	307	876	226	777	403	1198	583	907	877	591	349	394	1077	582	1087	786	703	143	579	138	1073	839	451	185	950	654	329	901	541
88	1167	759	890	525	379	928	454	887	920	200	271	553	205	242	15	604	139	939	1194	788	1119	238	594	1018	923	965	595	96	953	709	1097	169	305	70	444	670	1202	687	486	622	995	1064	1168	1038	1137	1083	723	58	1054
44	636	401	697	93	631	984	322	36	854	55	201	1215	317	141	505	1103	973	347	1170	566	1209	914	1161	1003	1062	559	1127	618	1142	1033	273	132	563	158	932	284	738	1213	268	179	482	423	552	748	153	557	696	621	338
326	825	32	676	390	1	1192	894	50	1029	391	150	20	416	413	1088	419	289	626	1011	688	103	706	222	712	592	294	437	938	420	348	564	425	1224	248	548	904	538	343	48	1166	823	666	954	858	1156	279	793	925	521
118	1094	776	1112	1159	254	114	237	774	695	95	1121	123	1153	672	824	429	916	372	742	67	1206	745	773	843	1107	1098	526	1128	154	472	1106	822	187	1034	1104	456	1136	4	799	952	373	730	182	889	353	355	1021	772	1065
60	133	859	362	758	475	339	223	1193	630	990	593	534	116	77	597	770	1133	258	944	318	728	249	177	833	204	264	98	930	184	159	673	19	840	760	580	512	427	1050	1019	691	233	992	908	492	168	389	1190	753	1005
794	146	1223	811	392	229	1196	499	768	1027	624	244	1075	1204	1200	462	787	909	830	542	639	501	493	1091	166	1110	1053	1155	1179	282	467	1148	324	1092	836	1220	662	587	480	632	300	415	818	516	10	42	195	503	669	312
478	1199	717	640	880	225	90	997	14	885	69	314	1102	769	1165	524	523	1076	1162	235	393	433	145	1169	527	988	1176	1174	227	316	270	795	903	739	1015	1079	650	875	495	1124	590	1135	720	922	108	509	232	1140	192	1037
735	964	296	519	315	136	1061	1036	436	1172	1111	1150	109	915	1046	498	682	2	871	466	586	84	378	1067	857	199	570	747	94	645	1182	987	219	1020	752	313	331	129	976	257	659	820	612	1191	1070	380	751	6	649	812
528	337	614	63	803	246	340	97	18	215	165	609	750	356	130	996	656	85	764	629	1041	1105	23	530	302	382	1149	470	719	945	1109	236	228	1057	71	321	1187	782	809	956	855	1203	9	1129	78	873	1221	342	33	216
927	863	239	982	571	1072	377	898	122	533	202	713	274	613	261	1096	827	252	1164	690	1006	155	1130	299	3	1118	240	352	319	1225	149	912	1071	156	1212	1214	991	652	620	969	902	1058	171	850	547	567	849	52	1002	974
844	398	369	785	658	332	804	45	367	1151	921	998	57	1016	684	51	496	737	581	771	657	375	198	842	29	256	28	464	1211	180	120	1160	963	1147	439	37	837	453	1132	461	831	25	741	879	245	113	26	935	692	59
931	946	359	506	142	497	320	1143	888	371	895	1163	81	117	368	16	1078	1001	606	281	866	381	303	490	147	323	1056	899	635	197	126	189	733	483	1185	917	698	39	792	92	30	1022	913	160	214	104	221	311	806	1158
891	186	574	966	66	573	298	819	89	763	1012	386	864	345	1007	1024	1025	694	674	74	286	173	655	796	1028	1217	31	769	1023	590	966	968	682	845	1050	1053	406	961	826	1134	277	196	217	444	518	19	474	415	488	1046
48	1134	1224	394	60	51	139	1128	405	120	629	230	950	45	768	1040	1179	232	371	434	966	1215	145	403	603	655	331	852	808	1103	1033	370	438	125	446	898	672	530	466	729	611	976	671	891	1021	651	258	580	927	113
172	931	1205	463	141	634	771	523	955	1055	1130	14	817	321	784	722	991	304	669	546	1084	73	129	742	995	560	723	979	604	525	178	701	816	694	254	17	477	736	106	142	44	615	531	361	1041	1186	1118	971	168	79
653	1070	347	1023	1001	305	67	860	184	718	251	346	1161	451	774	1078	470	757	568	188	1031	586	1124	289	404	910	504	815	526	407	1005	755	978	952	649	1192	845	420	299	1208	1110	953	76	740	40	904	676	265	695	507
1181	1191	679	591	878	778	479	565	534	465	854	620	21	781	211	533	823	175	335	865	980	1120	847	1105	499	703	1042	436	163	19	622	241	1141	1064	68	948	933	704	1138	219	1	566	579	485	355	1220	517	177	792	287
435	675	391	683	1091	1172	756	23	11	484	539	666	894	1032	154	664	895	819	872	375	599	31	830	1043	415	640	277	385	992	806	998	1170	503	1015	231	654	372	190	1044	490	1036	668	300	291	187	682	99	963	766	775
278	296	418	1092	377	1109	359	1160	516	453	468	243	505	825	118	512	644	974	556	140	707	761	712	558	884	805	652	967	1194	751	798	661	41	1184	896	204	638	493	813	589	1019	1108	121	829	447	1211	1199	999	961	119
553	944	811	459	123	994	326	314	337	922	85	215	270	796	522	437	313	744	247	456	762	750	862	1073	836	236	396	316	828	657	298	837	670	364	457	541	373	1174	398	218	116	450	1008	30	938	250	849	61	1190	524
392	136	1059	354	202	939	850	563	550	1111	259	338	557	225	613	55	863	189	386	949	417	960	268	642	918	482	571	366	538	1106	393	741	311	389	256	993	382	423	152	159	892	374	732	360	934	733	870	658	548	593
612	212	80	1193	1079	428	1125	1047	217	619	866	521	745	519	759	783	767	853	929	699	13	585	1221	306	964	515	4	614	416	760	57	1148	318	838	1197	42	1037	1217	917	804	441	274	1060	134	1006	62	537	869	1053	345
445	1213	510	310	1046	185	1133	114	261	419	433	528	686	401	1173	697	494	1145	624	110	358	50	834	1004	1210	1082	928	1057	582	738	639	262	260	263	103	656	1198	323	674	214	985	46	706	861	607	1097	378	368	779	809
288	409	1153	820	9	246	710	195	937	399	617	1077	158	1025	182	739	920	1086	153	1049	344	43	271	965	115	1048	747	229	63	787	293	171	285	242	1169	353	856	848	1144	6	181	200	1176	82	488	1195	486	876	1083	367
536	911	161	1157	832	914	340	198	1058	281	621	363	322	93	1117	170	5	12	662	1085	752	501	351	678	858	245	240	257	1030	467	549	126	350	609	473	442	782	726	1154	734	56	547	1026	84	1088	969	203	25	605	1014
631	1137	222	334	131	788	430	1119	1062	940	807	210	70	555	1089	714	799	769	65	717	427	987	28	1101	395	1196	1151	684	887	590	269	936	790	384	208	500	64	26	597	74	381	54	584	941	87	673	105	698	149	846
636	452	1146	1054	1136	162	341	575	52	117	835	439	1222	705	570	216	702	909	791	737	137	601	660	133	497	916	598	0	135	303	49	324	677	1116	234	1007	572	1016	483	36	786	1039	199	954	1149	793	308	390	228	1024
325	1171	1225	1018	508	147	915	1035	226	1156	518	567	169	96	1066	1096	53	946	765	104	691	1209	1183	475	1185	429	166	905	867	1080	730	997	746	1129	831	167	414	1020	1143	1010	1068	194	411	877	957	27	249	886	1139	266
711	20	1200	797	1045	102	107	592	410	422	559	543	206	77	1182	748	78	600	165	421	402	801	975	248	625	795	317	626	174	1102	1061	100	1076	803	1155	1115	1123	623	112	376	132	903	455	59	1158	758	235	348	794	641
489	513	379	1050	388	595	587	692	180	688	498	1094	841	138	1178	24	889	1000	731	1075	365	882	1069	506	942	1012	443	789	868	879	574	681	540	128	986	564	201	1112	1207	173	814	301	1051	37	292	577	763	333	1164	627
648	156	151	754	1167	227	812	18	432	282	1152	956	857	709	880	594	327	69	1204	157	130	1029	1017	1038	33	1202	1072	72	81	294	535	1067	1159	753	773	191	800	148	990	772	458	312	529	122	1166	244	94	610	1093	424
1188	461	1132	833	810	689	635	972	75	996	1011	1219	588	209	554	150	839	1162	606	690	1127	925	719	492	827	1187	988	35	883	3	496	693	968	307	1114	29	15	444	224	83	840	332	146	542	855	1098	502	1009	380	71
237	454	1104	921	342	193	143	906	926	569	90	663	777	92	923	339	943	101	275	874	616	982	958	907	902	859	8	780	1175	86	400	297	643	95	770	1180	412	970	38	764	665	91	186	900	899	207	844	280	164	1168
908	279	283	630	511	352	842	253	176	179	1131	16	286	1052	544	460	276	776	1147	721	349	720	951	897	469	267	1121	464	901	520	406	650	618	329	425	984	183	144	32	383	893	302	160	1214	7	583	1100	824	633	646
320	471	1177	509	945	1206	851	875	426	532	596	1226	192	724	111	491	39	273	873	1056	700	387	983	888	1142	336	608	864	213	785	822	1095	735	1223	238	220	1081	578	977	802	1163	708	973	919	89	343	1216	357	197	408
1201	913	1126	1087	573	1003	47	495	821	1107	959	10	196	272	1165	637	362	88	284	1113	930	127	1063	397	474	576	647	713	1122	205	58	239	685	124	581	1071	295	545	527	431	252	881	562	890	1034	356	826	645	255	34
462	885	98	1189	727	369	155	2	66	1218	725	223	924	309	108	1135	843	687	480	981	221	514	328	264	871	602	561	1028	818	1140	1027	743	1013	962	659	728	1203	290	1022	935	947	1065	989	1002	478	449	1150	696	680	912
667	97	315	628	472	476	330	319	413	1074	233	1099	716	749	552	109	481	22	1090	932	1212	632	448	487	440	551	715	964	582	954	134	575	229	537	169	503	514	1061	1188	943	328	144	731	680	349	907	1012	1137	201	120
1017	303	73	1179	766	180	53	1194	130	901	1184	642	196	508	783	103	165	1067	1219	909	314	1189	717	976	721	790	363	700	652	487	1059	131	206	413	1185	157	150	1019	879	837	32	890	262	627	1048	174	601	296	693	646
1069	884	349	980	647	1140	654	143	918	578	1183	345	644	589	690	415	249	742	1204	553	385	1098	728	531	657	973	480	1084	1028	738	554	1110	645	126	329	949	1114	814	819	315	515	940	650	713	1130	290	514	177	778	851
356	1068	665	1010	1077	1050	260	264	571	33	1066	971	215	468	894	495	544	1005	417	488	912	1144	1196	996	1177	765	1156	145	877	648	580	1165	858	588	849	975	1151	347	633	107	545	520	256	511	1132	161	989	476	31	1210
896	267	182	1013	983	1000	510	1174	558	1157	202	218	461	823	1088	566	1061	204	1186	1092	400	1120	343	808	1065	567	113	533	785	866	948	23	1002	1193	1090	745	719	340	815	263	836	266	619	390	1167	474	432	236	41	992
628	625	1175	1226	265	1078	995	791	774	80	1201	403	158	219	889	667	99	564	39	538	1113	707	950	1047	1145	59	635	1100	900	679	1060	1020	1129	331	870	1127	536	834	669	294	920	211	1051	771	458	54	255	897	715	575
937	760	452	754	156	152	1043	128	872	768	277	79	526	302	1180	123	990	101	306	910	1172	681	1163	434	391	132	722	936	283	734	42	582	223	703	1142	806	1023	914	250	213	643	1106	1058	353	21	543	47	573	465	1206
755	710	1108	899	799	426	518	787	802	108	1164	825	307	555	509	916	440	622	1083	744	1133	87	695	763	924	974	1203	11	826	51	735	605	519	698	416	446	848	620	552	868	456	227	919	618	412	342	317	376	689	925
1063	282	711	478	366	360	1009	1135	185	78	795	1155	389	199	712	285	181	699	777	1162	692	827	82	752	696	1126	1096	25	443	1007	319	857	268	504	430	1211	153	122	1224	419	435	593	308	175	217	794	1032	230	1215	378
61	592	668	684	280	380	164	394	203	626	986	239	926	276	579	318	261	1086	1087	811	352	847	687	822	24	243	300	1042	664	369	941	797	1188	945	835	1079	748	451	228	804	718	65	259	803	959	991	1149	972	332	843
852	338	1170	1178	358	932	1111	541	19	1223	1138	1021	436	615	28	26	606	288	661	1025	402	641	757	37	70	821	85	407	35	616	272	637	2	817	275	427	810	1015	1055	548	379	1027	171	970	599	888	361	756	56	111
1202	183	1192	405	334	448	237	591	859	15	547	759	425	1093	60	1085	1022	812	309	596	1136	493	129	1033	401	746	957	705	1097	0	52	1073	305	1029	167	960	1070	367	636	737	832	516	1014	576	1117	189	845	271	404	574
997	433	871	749	583	106	1112	881	221	30	125	630	486	387	934	479	370	501	505	532	208	1159	1208	831	683	1044	214	1049	324	240	151	93	1131	786	947	1	1024	247	839	173	1121	842	913	649	429	289	498	328	1080	1099
743	1018	270	134	1026	142	43	81	1095	320	179	1081	1038	1214	286	312	336	880	1161	200	1182	740	383	409	13	917	375	14	694	569	1125	701	585	301	253	341	1187	481	613	144	796	1008	439	1134	386	1221	885	48	784	617
220	310	963	311	118	176	138	467	549	350	780	362	685	867	36	895	1128	68	856	662	7	1107	602	464	374	1222	942	660	634	874	962	882	298	938	563	459	66	955	671	98	1119	887	354	411	163	441	762	1124	789	44
335	621	396	542	805	295	244	496	568	586	736	680	229	1158	682	471	841	612	1153	833	205	160	981	590	368	351	231	117	489	470	279	559	67	297	292	90	551	166	907	1217	326	337	97	422	1160	855	1041	453	1001	706
475	149	716	278	316	1104	392	1011	1036	506	984	535	136	886	1082	162	930	365	313	767	92	600	473	985	781	729	72	761	168	442	587	951	428	184	952	727	861	1122	444	793	758	853	904	828	965	1169	381	513	1148	373
492	875	186	388	999	906	191	450	212	933	201	1053	281	584	840	424	776	927	988	666	77	1016	8	1103	609	1143	291	624	372	293	485	902	431	820	751	284	242	273	993	1054	258	187	608	406	598	1200	1075	1109	1171	512
958	457	560	911	207	16	159	198	89	898	529	864	364	850	691	346	20	1168	116	46	1062	377	968	490	463	460	611	235	94	477	469	865	1040	921	772	299	720	1209	238	629	561	800	50	421	155	966	659	172	88	339
830	1056	878	708	521	62	139	570	1181	109	169	287	502	987	438	770	304	581	1176	269	1212	702	982	455	17	133	556	1116	678	1220	74	1105	225	1216	1045	76	714	4	321	437	844	1141	798	105	12	824	40	445	497	84
226	1195	104	530	241	1207	838	322	75	1004	327	482	1225	915	540	371	572	423	726	656	499	773	1035	110	928	939	577	750	677	876	863	357	704	946	546	686	764	523	325	146	49	869	3	640	121	507	398	1076	1037	466
248	562	500	674	730	1173	257	655	1101	192	323	557	96	967	27	623	462	638	484	1213	733	135	1074	1152	670	141	1094	1146	1205	607	610	537	410	747	503	483	813	1102	594	210	274	961	137	5	954	732	597	854	190	71
209	527	333	998	943	724	384	807	399	1057	418	658	395	604	1147	344	964	1197	63	539	330	18	651	112	414	1030	1154	603	731	1071	194	550	725	29	355	632	753	38	905	58	348	1218	779	792	775	1118	688	1034	935	788
816	154	1198	672	522	233	472	420	892	860	91	873	595	883	22	100	57	614	178	224	197	979	929	193	862	195	1190	408	1072	675	977	769	251	1191	232	447	170	9	64	944	382	55	1006	528	525	69	565	102	1064	524
1115	956	246	517	115	534	1150	34	969	245	1091	6	697	83	449	994	1012	95	801	739	124	1046	782	931	188	923	140	120	393	10	953	148	1089	1031	147	397	1039	908	829	454	809	846	114	978	1137	127	709	631	893	491
222	1052	1166	723	903	818	639	922	1139	663	254	216	359	1003	119	86	234	891	676	1123	252	673	1199	45	653	741	494	441	438	711	1182	488	524	774	796	1199	1210	1186	321	144	16	734	1209	826	447	915	1225	469	575	1085
187	117	1154	0	113	779	40	863	1092	389	828	552	185	559	270	331	1120	319	818	104	1042	462	374	635	28	248	414	200	164	1211	558	3	1224	1082	787	1139	1046	1125	599	927	79	769	967	1074	650	43	602	785	991	451
971	513	1024	90	866	1142	663	275	1193	395	940	241	670	216	159	479	735	1203	405	388	1162	701	1202	1004	1029	339	291	803	806	72	197	986	126	470	490	267	879	481	1215	491	203	369	575	525	1039	1207	205	289	65	643
747	67	1086	582	32	247	189	715	61	206	8	603	572	1131	245	847	1010	1043	498	527	579	1223	183	396	364	888	129	128	209	416	882	1087	807	949	1147	125	540	213	699	80	431	381	777	983	907	1108	612	1156	703	905
456	1181	136	488	1204	254	580	862	500	954	503	226	151	1121	56	801	41	722	1152	1103	934	1140	328	1020	1049	268	901	50	35	179	1189	335	194	1016	266	237	555	235	913	741	1214	59	46	990	578	69	308	757	212	522
553	744	47	338	844	137	1084	249	1037	145	852	313	923	796	706	348	939	269	959	66	2	376	1060	517	1097	368	1035	551	409	662	38	740	372	1174	667	680	566	278	1163	408	952	668	343	835	619	545	214	725	682	285
974	58	333	945	505	824	788	516	446	770	902	1199	1063	823	637	365	393	528	280	102	402	858	1213	811	1026	39	930	1200	106	511	859	1006	569	1171	1186	772	346	1061	77	1141	344	1106	152	1100	817	743	358	767	1167	420
175	752	1047	964	856	793	639	802	609	322	413	1190	483	568	201	970	171	968	82	518	1033	89	1052	1196	936	536	754	564	127	933	1048	655	45	407	937	5	94	1102	865	989	356	112	731	1117	692	259	1178	1105	1116	1038
48	565	1160	707	848	714	1025	351	162	985	771	660	415	76	778	978	709	434	225	1161	324	219	626	1146	18	589	477	827	1172	303	86	647	869	542	302	878	231	10	92	782	590	387	931	556	661	83	925	698	74	883
512	849	926	1115	340	1002	184	638	367	561	24	139	1170	207	745	1066	969	497	837	867	418	1050	155	403	736	712	810	1027	399	342	336	1179	854	597	987	574	427	116	301	1194	482	774	622	430	906	97	600	506	332	273
938	704	850	441	573	440	172	1221	997	1135	756	334	1101	49	458	720	448	320	1158	1090	686	101	717	1143	1201	797	897	21	789	1107	87	138	265	870	1098	584	1022	576	577	34	532	202	1212	445	733	325	258	1164	1183	1075
586	131	651	1138	965	1187	215	614	276	523	31	350	825	509	607	119	452	839	261	1058	1076	306	656	373	1028	1009	557	426	942	122	689	1144	792	363	386	633	467	81	718	746	321	472	554	742	198	896	345	1095	147	605
800	645	683	144	236	1148	464	360	260	521	495	142	317	244	461	708	1198	436	341	93	153	520	1197	976	780	665	135	450	318	544	610	884	435	889	914	641	1126	193	808	659	932	13	993	439	53	157	96	1134	947	898
877	658	654	438	875	305	501	928	277	52	723	1067	54	583	210	170	646	149	169	876	242	391	298	1219	1168	1059	950	274	1070	1218	188	460	820	653	1208	233	295	726	103	606	581	75	73	593	323	830	562	232	6	1220
537	63	423	502	861	466	548	922	982	1136	972	349	437	834	981	223	1226	1150	173	773	60	282	795	311	84	601	192	25	480	567	893	833	979	292	919	673	766	809	842	1129	999	1119	864	763	695	872	42	657	705	640
1072	375	499	262	449	649	1210	1159	300	836	9	246	484	240	120	874	857	892	444	475	514	398	492	110	421	734	1073	1096	71	753	620	230	595	111	263	357	1053	915	88	312	196	652	1216	719	1205	504	1165	1093	1045	944
148	992	62	871	786	748	961	713	1012	91	851	596	840	154	433	955	468	1	539	1069	531	352	7	33	239	1013	1111	1056	855	585	290	1104	380	1080	1217	1209	141	195	1128	469	99	70	1018	685	161	22	881	442	618	644
1036	211	560	764	943	1068	489	629	20	721	625	296	1149	910	831	17	326	880	761	679	962	95	329	678	163	588	1065	385	124	359	417	636	776	799	182	958	838	510	424	790	669	220	337	822	615	674	1023	691	935	1180
868	1054	676	623	1032	390	208	546	1155	845	401	271	180	912	11	406	903	1137	133	1089	288	315	543	443	160	541	608	988	1112	529	115	394	841	918	485	143	894	165	299	729	428	1113	886	476	78	1176	749	951	1007	1031
465	478	632	973	457	697	921	524	781	425	1040	696	885	694	1188	1127	1114	314	957	218	227	1017	1206	530	453	534	887	1003	507	150	711	1225	533	309	890	166	85	1118	327	812	294	1055	1008	134	1057	455	264	30	666	815
1110	234	361	1000	1091	304	1157	178	587	410	1062	1083	251	55	671	688	1123	783	199	108	370	948	463	272	693	64	1191	114	383	447	400	784	515	750	908	222	1145	118	168	250	486	762	980	571	924	617	284	634	23	1051
107	286	397	563	1133	755	730	627	378	1044	181	1081	307	677	473	253	1077	804	419	826	454	256	366	1166	616	496	255	377	429	759	109	716	310	684	1078	550	27	243	100	611	1192	287	1015	4	432	19	630	891	998	960
700	422	710	224	1071	98	14	675	963	1124	26	293	1177	724	297	916	728	904	68	791	687	471	829	411	15	570	362	316	1079	1088	493	765	843	732	794	57	1021	613	911	1109	758	1099	1195	900	238	508	538	917	966	977
832	798	1151	1034	283	186	984	631	176	672	130	996	1153	1132	813	648	229	768	621	1001	177	16	920	191	384	953	816	860	190	156	805	12	257	642	895	1094	821	1064	1182	547	174	51	549	355	1184	412	1019	404	946	702
664	371	738	751	204	1005	853	690	217	29	279	604	624	775	140	1014	519	44	929	975	167	1169	353	819	487	535	354	281	105	737	594	1085	909	221	526	252	760	592	146	941	995	1011	873	1030	1041	494	628	382	1173	727
459	1122	598	37	899	132	1175	994	846	1185	121	158	591	392	474	1130	228	330	347	681	739	814	1222	379	123	36	956	501	578	885	914	487	1006	673	245	315	722	326	672	320	7	16	597	1084	737	451	924	50	460	347