-1,-1
524	78	367	487	169	273	220	235	254	646	257	272	387	444	486	533	329	497	64	35	27	57	302	293	12	192	448	163	532	43	211	647	579	194	354	131	469	449	462	242	568	399	45	517	510	322	583	171	7	218
52	334	193	592	566	238	418	176	92	231	228	261	343	389	451	196	173	467	33	217	536	531	563	575	438	333	447	629	245	398	426	476	183	230	501	405	541	596	31	489	22	475	307	570	542	386	296	326	175	102
191	345	525	142	304	222	471	24	552	643	65	172	508	76	437	443	391	16	6	259	311	522	277	379	408	69	493	654	97	477	68	660	630	157	236	381	505	34	47	197	353	110	582	229	361	571	152	351	424	84
105	279	72	233	634	161	576	375	100	264	237	392	370	403	341	223	383	282	303	244	537	181	460	482	407	115	378	140	1	511	317	295	109	116	190	372	167	309	151	603	425	553	513	253	240	276	153	56	512	439
637	107	601	121	70	280	284	442	481	595	503	410	323	621	141	179	60	573	305	91	278	94	514	518	118	80	154	88	635	203	544	292	136	540	616	50	96	114	580	551	262	241	619	98	252	500	645	166	195	358
602	485	215	126	260	188	638	299	61	146	327	271	249	59	440	274	644	164	590	139	119	365	210	11	431	266	608	28	129	10	81	285	435	108	626	417	555	550	598	450	111	14	214	160	653	26	414	184	99	599
628	25	546	377	336	539	452	349	614	441	617	479	520	312	159	37	66	488	567	226	130	289	433	509	174	227	538	149	212	101	655	287	565	622	75	332	225	374	147	23	113	657	308	624	661	177	658	155	547	38
396	607	589	170	457	339	491	445	458	219	248	325	577	138	58	504	2	208	250	585	87	456	561	584	348	199	106	29	499	429	384	17	30	613	315	63	281	352	651	124	627	20	359	187	207	484	224	402	558	594
269	104	288	625	318	593	463	474	36	394	428	297	19	310	569	267	112	419	120	291	466	85	275	620	132	202	400	587	189	198	588	247	5	148	578	178	413	145	204	415	3	597	397	483	316	507	21	335	362	556
609	127	49	39	564	314	423	331	562	649	615	404	294	251	368	473	559	42	478	388	117	270	324	492	0	306	9	300	390	55	143	659	605	455	165	83	411	494	205	548	319	385	604	434	18	301	519	632	186	86
529	572	46	168	162	298	586	432	581	495	221	133	436	636	650	549	258	137	330	376	454	158	180	521	32	150	263	103	347	350	516	631	213	465	206	656	255	412	328	346	427	560	652	421	470	459	373	48	639	506
591	82	355	95	446	67	534	422	380	201	357	128	144	401	209	286	498	268	90	41	612	337	416	234	366	53	243	79	51	526	338	340	515	535	557	313	554	232	600	185	648	62	480	523	246	134	461	360	290	182
364	610	611	4	44	472	468	135	430	618	640	71	464	623	15	393	216	74	642	606	406	633	93	530	283	543	321	89	342	382	409	13	453	77	641	200	545	574	122	363	344	54	395	239	356	528	371	420	502	40
490	256	73	8	496	156	123	369	320	527	125	265	397	626	358	127	486	417	208	537	492	245	89	120	234	437	87	622	17	283	470	319	498	303	333	659	406	395	354	326	7	372	124	389	102	538	431	317	35	491
195	496	197	660	657	121	423	217	658	649	77	8	500	94	136	513	365	536	76	41	174	163	113	434	584	345	375	104	484	449	619	578	461	543	181	42	33	155	647	180	20	270	419	596	650	417	177	527	279	394
194	176	224	227	36	582	119	642	420	444	115	490	338	361	344	246	306	272	265	443	553	339	661	379	182	305	110	252	285	196	35	483	58	581	390	63	96	37	40	175	85	359	43	538	130	560	208	340	26	515
388	72	18	54	105	372	69	320	145	153	546	315	30	183	626	308	27	240	230	39	166	471	474	533	189	134	248	158	459	348	408	219	99	216	292	550	567	382	245	523	46	362	3	629	257	539	258	358	635	55
331	304	160	67	409	591	172	25	147	620	643	368	374	565	238	269	66	401	492	333	14	173	547	577	314	441	295	367	428	203	402	202	287	199	212	191	138	455	549	70	433	380	10	120	535	612	293	353	89	411
291	556	207	475	615	463	608	631	44	90	154	78	260	654	601	210	263	247	548	324	499	297	201	506	209	318	614	478	19	628	592	141	476	184	625	580	264	282	97	498	12	233	630	302	343	384	470	623	364	117
5	576	525	316	150	467	254	572	636	597	249	186	82	648	349	627	497	108	239	149	317	534	31	653	116	165	50	495	167	335	330	347	371	381	430	413	369	95	537	281	329	468	412	405	261	122	211	327	101	60
88	262	373	332	169	351	524	29	652	143	307	87	342	103	296	432	477	61	391	213	322	236	507	24	277	516	445	123	235	64	404	469	509	4	526	452	520	341	529	363	425	290	453	593	604	352	276	640	501	583
586	206	397	288	651	571	387	164	129	386	283	370	81	228	84	589	551	286	128	218	159	510	573	156	74	47	170	561	200	570	79	237	139	303	544	56	554	242	193	48	346	334	457	299	616	0	192	106	440	1
102	637	222	253	267	562	603	424	465	421	564	62	396	274	205	221	244	605	511	426	152	436	464	407	92	522	204	505	289	502	422	521	220	142	621	356	21	466	326	442	659	100	399	93	482	357	114	454	148	68
250	360	588	559	607	632	427	641	415	132	91	259	225	568	278	638	300	294	131	354	168	437	59	414	215	540	393	6	11	161	107	223	655	28	512	73	98	599	17	337	646	491	435	451	447	298	585	255	418	135
624	609	2	188	569	610	15	312	579	275	268	429	438	57	545	503	86	323	125	256	112	350	639	9	514	389	563	126	617	446	355	485	494	481	517	602	633	231	34	273	645	301	613	618	472	65	328	146	310	508
71	473	376	16	557	178	23	280	606	51	558	124	600	38	319	271	118	462	552	439	198	590	416	532	486	336	383	140	49	542	493	410	385	325	406	243	489	519	229	594	458	450	366	566	622	398	133	226	575	431
251	127	13	241	395	309	7	479	518	656	487	151	574	157	460	111	392	109	171	587	403	378	598	234	187	144	400	504	162	531	266	83	530	53	528	456	480	52	214	555	448	595	75	644	179	541	32	80	185	377
488	45	311	634	190	137	284	232	611	321	313	22	619	559	57	539	636	229	144	277	16	241	356	517	321	623	136	101	125	181	105	426	398	222	216	367	443	310	88	38	294	631	226	363	293	218	90	347	532	489
595	292	350	87	304	159	341	59	434	505	79	145	77	414	461	368	647	164	510	400	526	512	405	409	467	542	5	126	198	3	253	333	217	176	75	172	658	58	607	197	261	363	403	391	188	622	129	43	124	443
441	88	42	649	269	364	437	122	113	346	128	337	397	335	623	546	583	80	130	413	652	25	379	438	369	515	290	582	286	56	348	632	275	579	411	302	185	101	112	529	502	72	596	1	418	605	587	325	406	439
18	97	534	560	645	426	641	343	609	157	279	99	471	121	349	150	264	345	327	276	278	456	410	193	13	181	398	477	285	509	541	262	17	408	496	237	519	643	84	365	119	227	380	114	650	530	236	138	567	23
430	65	543	74	479	590	127	229	199	586	195	160	117	37	399	389	376	527	500	539	394	0	630	139	216	244	370	143	374	355	108	173	395	402	459	219	41	603	235	511	326	295	372	481	508	29	222	165	483	9
620	588	299	179	432	506	272	215	320	618	342	344	266	431	234	537	416	522	574	260	614	225	49	115	613	94	580	513	263	454	549	202	133	7	446	552	475	207	523	141	600	487	601	616	617	531	472	478	26	83
468	33	169	571	194	282	259	132	624	252	258	214	62	20	553	445	386	142	96	76	637	462	63	420	358	404	338	309	47	504	516	170	375	6	367	61	339	556	466	24	578	255	40	280	116	307	557	517	449	242
440	81	480	660	82	98	497	245	250	241	547	166	535	228	566	246	205	211	60	499	310	569	619	267	152	360	71	209	421	657	148	230	563	203	16	50	450	544	287	548	473	158	213	390	4	175	331	503	351	422
581	628	458	125	634	109	536	273	31	424	156	8	401	64	377	177	146	163	212	396	427	19	626	606	608	11	469	39	599	412	564	312	288	149	476	514	598	2	48	604	493	392	419	636	357	69	555	573	562	425
362	533	210	592	283	451	651	457	322	136	298	474	383	489	633	656	532	93	524	186	95	303	270	330	584	448	353	162	356	538	591	585	243	347	92	561	525	318	281	494	488	134	201	30	570	293	332	317	447	248
90	85	639	444	336	565	653	610	45	540	460	231	486	28	66	340	550	35	301	70	559	495	53	366	182	328	131	433	161	654	232	436	137	38	51	226	554	597	518	168	73	482	415	191	107	612	44	86	465	34
21	247	57	334	572	120	528	407	378	352	183	265	296	428	189	594	256	625	308	233	354	102	123	655	485	171	32	393	589	611	46	323	314	311	178	36	174	221	55	558	491	277	484	155	153	648	417	291	521	423
384	498	10	387	196	621	67	254	551	200	577	180	629	190	545	442	294	316	271	184	22	240	453	520	501	463	452	54	507	490	359	249	12	140	321	151	284	206	110	100	659	147	103	144	111	106	104	208	204	319
313	300	382	105	381	274	192	464	305	602	268	385	329	52	239	661	615	371	435	575	297	631	14	627	224	135	644	289	315	218	68	429	167	15	78	455	324	373	91	257	593	154	640	238	642	638	470	576	361	635
118	89	27	306	646	388	568	220	187	223	251	492	652	395	528	526	404	90	4	110	324	373	22	160	176	330	293	428	237	592	595	472	333	471	618	287	426	93	346	156	23	532	655	88	141	574	633	157	458	566
495	363	486	475	42	403	291	85	40	279	329	423	135	157	302	74	206	595	272	645	384	400	467	354	49	364	619	361	54	335	593	34	339	562	385	488	319	265	146	161	359	126	656	237	142	443	120	444	572	457
350	101	46	306	249	70	454	577	134	632	430	192	556	401	201	478	425	285	117	396	189	57	472	397	228	344	107	41	229	58	516	643	434	602	596	340	432	377	65	497	357	660	411	104	269	136	520	366	653	12
181	267	568	606	642	591	622	473	140	137	347	429	511	53	448	316	299	362	650	437	374	535	97	441	11	322	9	27	615	576	133	66	227	248	261	567	635	286	304	81	169	399	264	649	600	95	330	72	108	560
584	102	380	554	110	483	404	575	422	331	536	310	378	500	528	166	490	597	300	532	324	439	346	182	412	289	15	71	386	193	276	45	641	143	510	546	353	79	129	527	398	24	116	313	115	524	573	327	218	609
47	518	376	531	212	222	37	284	103	29	603	207	605	652	138	613	594	210	98	452	184	644	183	230	578	581	80	196	16	121	31	394	648	544	87	28	307	88	293	242	492	338	626	231	141	76	190	213	179	277
283	99	481	406	43	525	256	658	84	620	114	32	314	168	287	569	224	558	262	326	628	517	259	67	325	502	420	282	608	506	543	235	529	152	470	170	551	590	223	0	461	239	548	614	123	3	464	368	586	580
618	487	148	521	204	389	17	402	296	538	574	50	570	333	174	149	219	8	561	505	233	360	334	375	424	323	417	583	241	164	388	205	348	250	92	453	109	336	165	629	318	372	356	96	328	61	172	175	355	159
592	145	1	476	637	225	268	303	309	661	139	566	545	298	408	122	163	427	588	633	240	105	640	542	156	559	59	494	563	480	382	604	243	209	186	631	147	553	418	63	86	106	185	463	73	124	151	30	358	445
197	468	491	616	294	639	413	555	459	4	482	414	200	211	274	253	51	271	154	540	112	373	187	369	599	477	111	410	349	292	20	176	474	13	194	342	337	507	177	311	132	345	489	90	60	312	263	22	564	275
435	35	290	180	23	485	625	508	436	390	215	130	273	589	198	496	162	238	552	498	244	534	199	208	270	305	113	89	245	493	10	252	39	522	68	449	617	26	321	433	371	78	456	657	611	93	18	515	537	634
188	25	251	450	91	150	216	295	370	440	484	462	173	647	579	125	395	56	171	601	178	367	351	383	278	409	226	48	503	234	288	651	655	612	407	381	246	621	62	127	144	260	446	547	519	203	33	451	82	153
624	598	530	654	254	623	501	391	214	512	392	460	36	195	14	607	533	587	638	77	317	466	415	630	247	2	100	341	365	447	44	582	387	131	160	585	258	509	421	301	550	94	7	38	257	69	202	158	281	627
75	232	83	255	320	119	19	191	266	379	431	549	297	659	64	523	526	55	557	167	571	426	308	479	343	52	21	236	419	5	610	514	471	499	428	332	469	405	155	393	416	118	217	6	458	646	442	565	455	465
539	438	504	220	315	636	352	221	541	280	128	513	153	35	270	199	156	492	621	481	311	214	366	445	583	181	284	63	188	370	588	483	2	161	562	300	634	334	58	263	642	603	534	357	289	599	443	359	238	48
46	507	42	425	169	231	129	443	442	473	436	571	101	58	30	589	503	9	353	318	553	147	330	588	133	562	530	327	648	590	181	354	314	654	234	526	210	382	653	298	103	91	282	340	34	421	142	332	72	614
525	121	580	240	224	510	56	51	63	214	62	102	211	84	271	243	29	145	276	441	465	175	117	652	154	576	308	471	584	424	401	50	577	213	555	250	78	548	343	477	368	524	203	303	96	544	135	64	245	24
4	273	625	364	320	406	591	199	99	596	156	454	649	484	207	342	269	545	86	7	85	624	569	285	36	423	570	508	335	143	448	296	208	487	379	575	415	565	325	196	646	100	551	640	519	630	73	483	398	547
126	644	373	202	265	638	374	347	334	94	299	144	185	254	232	621	292	554	634	37	512	645	287	52	106	463	312	164	476	290	409	204	105	459	339	467	118	540	605	514	543	25	321	601	257	587	168	440	370	606
456	115	627	438	150	492	322	165	157	263	521	44	192	268	504	619	377	531	278	537	104	43	190	179	566	479	567	149	491	394	511	301	348	311	247	365	255	407	12	180	585	48	533	297	478	66	201	172	541	67
233	494	148	198	138	449	49	534	610	529	399	111	20	615	659	378	61	558	130	163	470	178	54	416	267	506	5	642	635	390	93	217	384	187	286	132	225	329	197	557	437	218	177	87	528	253	18	595	523	26
261	184	366	341	400	238	11	572	167	355	215	561	75	206	485	623	189	637	119	410	480	419	81	383	33	131	583	174	31	413	124	17	358	305	289	460	661	109	236	493	564	116	408	612	288	552	279	346	223	461
152	107	361	14	539	230	112	357	173	447	405	90	241	326	496	381	275	151	153	324	516	404	509	393	429	306	600	123	475	171	2	518	161	3	264	158	315	170	639	77	472	125	32	344	27	307	200	19	578	482
367	345	237	359	188	41	411	520	242	397	227	186	657	183	609	486	221	272	363	560	176	205	433	284	239	563	502	581	338	602	294	650	212	249	501	628	527	114	350	313	21	603	323	55	40	60	388	141	337	59
8	166	618	222	182	592	92	191	35	15	446	452	655	660	402	16	412	422	281	98	500	22	351	556	453	216	219	122	371	417	195	88	593	620	349	396	127	310	626	76	387	490	140	444	57	522	270	643	244	159
375	39	251	538	430	80	13	586	574	134	392	82	432	295	362	542	622	376	69	464	633	568	228	617	647	488	74	108	38	613	146	489	636	262	266	259	6	258	431	611	466	389	1	256	369	420	598	498	333	462
439	293	458	386	481	391	380	300	220	89	226	656	573	505	579	418	497	317	83	328	120	435	629	136	474	445	385	302	155	428	304	469	451	71	604	434	651	427	23	65	582	68	246	0	426	274	160	597	336	53
97	513	499	209	360	309	599	658	70	229	594	515	356	291	280	110	631	403	641	532	549	113	535	632	252	616	235	517	608	372	495	193	128	546	47	45	559	536	316	283	414	79	395	162	139	10	28	450	95	455
468	457	331	277	319	137	607	260	248	352	550	194	470	252	381	554	511	32	82	116	351	438	390	36	489	51	231	549	649	492	580	340	122	529	165	512	476	115	348	462	585	653	562	321	506	81	532	167	320	106
216	340	51	306	85	197	200	372	308	173	65	647	198	162	215	499	403	318	133	617	635	471	626	244	510	537	193	8	416	225	452	208	275	472	522	243	288	56	536	333	272	119	597	505	1	486	157	439	237	224
501	396	151	329	384	358	502	113	412	91	174	636	596	359	285	383	560	44	449	506	429	559	191	185	248	545	544	6	526	18	206	458	291	166	621	181	442	494	366	434	583	447	479	70	342	632	4	179	137	521
378	92	192	430	256	30	515	314	16	303	301	310	578	376	10	124	228	63	404	309	338	125	600	547	462	235	538	661	491	379	528	67	103	605	444	511	17	513	20	117	293	624	49	182	549	586	123	377	588	3
257	457	524	603	336	274	262	14	194	633	330	27	480	323	344	387	165	37	169	468	295	74	60	276	659	425	640	587	567	341	467	232	320	296	628	389	212	649	658	657	58	105	261	500	584	128	516	556	109	83
354	269	490	62	497	101	325	463	294	594	611	582	648	561	175	496	121	448	374	154	38	397	240	487	315	253	517	629	343	230	43	606	533	551	369	443	251	66	167	84	311	393	304	493	217	534	305	307	135	627
433	159	255	413	214	258	399	464	402	41	360	440	390	260	656	450	242	131	213	120	620	345	207	543	168	357	638	604	622	418	610	287	98	177	142	254	263	461	615	455	107	492	398	290	204	39	349	163	7	548
660	570	388	160	651	385	81	599	466	278	542	411	68	558	77	557	436	233	427	268	370	589	573	170	64	571	580	642	267	414	645	419	395	630	89	298	0	153	609	424	161	209	147	445	114	279	300	488	102	45
347	116	482	289	322	69	540	155	409	202	5	249	186	435	145	532	602	28	132	223	24	641	484	523	392	593	171	346	201	623	364	317	437	454	222	59	57	639	13	33	199	446	292	367	489	407	229	531	152	421
592	432	504	126	535	94	481	54	363	110	643	75	35	236	555	563	282	47	149	355	218	577	239	653	196	519	356	591	328	568	438	187	189	625	266	426	581	371	129	12	302	644	29	111	525	514	324	299	40	408
520	178	46	565	420	140	631	221	227	246	31	247	106	271	608	96	252	180	541	470	48	400	87	655	108	118	474	460	495	130	566	326	451	211	380	281	554	539	73	144	569	368	331	21	238	529	652	507	574	319
485	259	618	127	234	115	405	134	483	406	231	365	410	280	88	297	141	456	93	508	156	616	273	473	579	286	401	15	530	176	79	52	386	332	553	264	50	552	78	55	654	477	646	172	205	423	613	76	22	509
334	361	391	476	512	562	265	339	316	441	95	53	607	382	619	219	394	469	2	337	518	546	150	277	188	612	650	220	375	327	351	634	572	11	312	245	575	601	97	226	146	61	614	34	99	576	459	190	465	428
122	42	373	362	138	143	32	595	136	71	203	19	350	348	82	527	250	564	164	417	86	637	283	139	284	431	550	184	321	475	453	503	381	90	241	270	9	36	23	415	104	335	498	112	183	598	210	72	352	313
148	353	195	26	25	80	422	478	158	590	585	100	229	438	174	12	448	337	560	464	364	20	654	373	523	193	107	434	458	4	32	515	352	254	369	118	492	576	201	454	88	17	484	649	65	488	180	388	330	533
331	346	599	504	603	356	381	470	463	80	68	585	643	605	351	219	587	458	362	273	195	198	462	100	619	78	380	456	29	582	77	595	366	386	597	16	302	454	434	623	204	444	521	472	629	632	275	485	604	207
442	494	157	90	309	549	502	483	236	235	315	628	557	345	209	412	399	136	392	438	514	127	401	241	437	616	335	174	134	538	264	266	481	338	171	317	108	193	104	298	202	651	491	97	439	212	253	28	655	41
542	630	148	243	501	229	620	571	378	488	601	641	565	489	12	357	62	217	225	166	376	186	428	579	405	297	624	445	659	295	435	588	274	581	175	430	14	319	541	332	270	32	573	67	156	613	425	523	285	79
653	245	334	56	58	86	188	584	656	590	325	368	482	575	74	382	342	336	268	276	350	76	636	260	490	31	511	199	39	107	289	414	180	267	223	561	308	460	661	322	82	341	529	609	288	294	554	533	125	564
83	233	517	495	340	316	591	631	106	63	120	359	602	467	395	230	286	269	221	647	112	33	547	240	374	128	301	201	551	398	8	246	370	137	89	615	646	143	497	178	259	141	506	66	87	35	465	355	158	328
54	648	263	510	567	658	247	224	618	303	203	389	443	534	528	160	388	95	578	94	406	344	305	211	311	22	184	432	391	324	487	397	531	71	347	496	555	46	518	409	10	115	580	600	558	448	642	333	427	249
505	479	546	69	327	116	408	421	84	170	220	353	583	42	296	390	354	310	162	499	548	91	519	572	411	626	321	172	471	17	515	140	47	196	312	19	509	349	75	182	103	150	101	634	507	486	133	449	464	314
59	0	568	65	607	544	552	379	348	227	218	164	142	625	622	645	53	466	363	292	540	252	576	592	272	176	5	254	383	197	191	3	313	424	81	530	560	291	121	556	468	503	18	365	323	304	284	4	329	450
612	377	194	431	226	387	420	394	159	611	181	543	480	570	477	30	43	23	500	255	251	279	455	574	657	440	422	635	149	403	200	633	92	135	124	11	593	88	20	527	553	569	271	232	44	168	608	417	257	627
436	105	72	419	237	258	476	205	452	339	364	617	457	117	52	418	216	451	492	369	640	126	469	367	293	337	7	400	234	372	129	55	222	299	415	24	532	113	132	375	48	248	283	57	650	167	122	151	535	6
360	208	652	559	261	163	190	210	385	187	153	563	416	639	114	64	539	25	598	545	73	508	441	589	537	566	228	130	250	423	61	461	49	307	493	384	475	447	282	287	393	155	300	147	99	402	306	396	2	654
610	152	161	102	40	239	513	214	131	9	256	512	109	516	326	660	60	206	34	520	26	38	96	637	154	165	265	15	277	453	524	562	536	320	238	262	118	70	373	404	371	244	231	498	474	426	606	459	290	98
21	407	123	93	413	361	110	146	37	446	577	644	586	594	614	138	119	478	433	352	45	278	36	280	27	169	410	13	621	358	1	173	177	111	525	473	213	215	242	189	318	85	139	343	50	183	179	550	144	281
484	596	526	145	429	330	192	522	649	51	638	185	283	137	325	74	302	221	652	627	647	28	455	246	25	257	227	458	646	595	661	83	449	335	147	303	249	275	426	489	258	506	519	134	483	374	30	641	196	52
218	305	127	374	82	467	315	257	254	236	138	210	56	276	273	277	72	46	228	262	591	640	626	595	358	292	158	576	596	490	363	301	461	344	384	245	153	91	124	10	265	300	111	406	175	378	654	86	606	100
109	543	200	597	209	261	351	605	603	362	19	650	341	635	396	192	319	164	340	579	3	194	70	409	304	419	608	249	516	500	574	103	216	649	37	241	116	165	322	491	268	222	133	335	240	121	225	142	311	531
546	189	558	425	208	586	73	14	106	64	508	289	69	95	472	155	426	659	94	195	76	318	539	93	98	83	549	327	393	593	403	244	308	163	487	552	411	274	156	632	518	81	39	590	592	413	306	294	609	203
582	589	55	53	420	631	123	62	66	107	628	84	504	23	51	170	221	372	394	517	260	229	353	385	284	388	407	430	536	212	187	447	657	386	299	290	645	173	307	35	214	182	6	169	473	618	145	435	387	331
298	454	399	440	134	542	38	541	85	465	297	587	141	255	4	252	97	456	410	146	118	583	68	325	198	26	566	25	486	57	585	513	140	527	343	381	529	404	661	402	63	535	207	28	554	188	538	488	177	2
578	282	302	432	87	485	152	339	519	354	89	359	191	522	101	40	215	258	412	48	174	611	477	562	131	655	148	623	309	336	334	303	572	503	627	132	201	514	588	568	337	36	248	190	314	446	533	80	128	293
528	246	224	75	633	33	239	34	534	429	658	629	434	180	421	313	496	355	223	44	171	512	401	205	395	139	267	548	143	637	151	231	79	27	469	368	108	392	41	136	561	113	479	232	373	427	644	119	120	391
601	45	604	0	346	484	613	226	219	365	291	32	147	217	557	360	286	460	129	495	398	416	555	323	312	451	9	333	269	233	110	459	636	441	573	250	389	498	463	243	537	31	550	521	130	329	320	621	375	607
476	166	422	634	414	620	445	122	530	630	547	270	88	92	213	96	211	563	59	482	238	397	178	285	540	431	181	65	275	321	510	283	570	7	646	227	569	253	162	345	266	656	499	184	326	464	653	453	483	157
367	310	183	474	99	565	468	202	71	144	369	370	12	556	612	502	204	551	520	20	230	357	176	571	390	506	179	160	342	220	648	455	567	647	602	330	22	600	21	352	449	114	382	196	296	545	235	102	259	193
575	159	624	599	652	172	493	185	615	280	74	349	379	437	622	42	433	415	295	580	316	125	199	24	137	638	186	581	60	560	115	52	594	58	610	428	30	383	643	112	462	117	376	458	17	641	149	78	317	263
436	442	67	598	77	639	660	5	480	324	478	264	167	380	237	577	348	505	400	511	197	332	651	439	350	544	43	523	1	494	417	126	104	15	450	29	371	11	444	287	481	377	90	524	154	614	338	489	50	135
16	366	443	13	617	279	501	168	452	475	288	470	281	619	564	424	457	234	559	8	18	616	347	242	423	206	408	361	61	251	49	466	278	150	47	532	105	356	438	507	247	553	525	471	418	364	161	54	584	256
497	509	515	405	526	271	448	328	272	492	642	625	196	17	444	220	652	429	167	293	105	490	379	453	250	190	308	104	301	452	647	307	544	288	74	137	34	8	24	212	423	408	144	172	101	439	155	394	550	540
29	545	635	448	69	55	316	241	328	156	479	128	37	494	302	613	407	18	6	219	631	434	47	528	518	335	537	623	442	106	44	389	643	361	552	122	583	88	575	553	72	403	99	111	31	487	200	171	608	196
205	188	572	533	218	513	292	491	50	43	334	75	181	298	71	90	577	319	126	1	405	39	332	500	62	364	519	493	306	485	134	237	427	214	354	248	489	312	377	199	131	340	430	38	349	289	209	169	299	164
104	381	166	190	4	286	350	642	444	633	440	100	157	213	484	342	250	398	83	135	207	64	235	441	178	167	433	379	561	390	637	582	264	576	221	445	212	127	240	599	36	388	644	304	478	94	130	222	81	117
384	180	24	79	150	96	262	175	353	165	510	409	627	121	109	509	309	89	305	177	464	497	456	391	208	616	563	622	105	501	369	645	473	591	413	653	544	239	373	526	386	67	252	141	382	556	654	232	554	549
499	198	54	416	87	547	147	138	378	148	110	260	529	481	435	274	420	324	112	266	30	173	387	411	78	22	68	230	634	41	362	406	46	474	203	495	628	600	336	160	588	560	558	329	113	98	358	144	215	119
450	82	187	107	284	452	51	223	397	438	603	293	45	27	372	20	646	429	521	249	56	80	229	243	26	459	437	91	619	279	488	346	192	470	532	607	512	42	19	311	503	61	327	258	498	515	13	415	193	360
93	516	66	523	601	271	318	460	508	660	255	176	651	28	197	451	295	97	454	58	648	410	446	604	370	351	657	626	617	48	439	511	220	586	383	431	132	341	348	0	376	297	492	581	368	453	53	542	290	245
33	605	402	615	428	333	179	158	504	3	475	108	206	244	145	630	115	84	23	455	225	330	287	629	355	367	641	421	649	345	606	9	359	550	562	186	227	506	338	76	120	325	443	507	139	417	352	541	10	612
571	640	25	257	482	380	247	211	632	366	313	618	471	392	123	259	408	133	189	103	636	412	343	574	531	555	129	371	254	77	425	326	146	592	7	426	393	483	590	659	458	400	658	535	114	226	321	216	8	399
101	557	270	308	224	161	614	534	502	307	275	174	524	246	231	419	461	168	233	265	86	467	578	436	323	536	314	291	170	320	136	375	16	278	585	647	344	551	639	256	95	598	234	152	543	52	142	365	191	63
559	125	140	394	432	210	34	40	273	469	568	251	584	449	277	172	423	317	652	580	49	514	201	418	149	465	59	17	282	162	315	261	310	337	228	538	656	539	238	476	597	570	143	253	268	620	579	486	272	520
12	92	263	300	595	527	472	477	624	242	466	85	525	102	650	602	357	347	356	5	496	269	414	267	517	21	401	463	404	589	610	301	611	303	236	564	565	594	573	124	569	154	638	74	567	276	625	65	661	546
280	185	374	285	283	163	202	566	462	490	183	447	35	621	15	363	587	296	281	422	288	73	331	32	424	151	182	60	57	194	596	396	540	385	2	70	395	14	159	137	593	118	505	155	153	468	655	217	530	609
294	184	548	195	204	457	11	522	322	339	116	480	435	624	232	398	203	263	79	201	134	326	102	319	572	85	139	159	463	527	576	262	611	104	363	313	501	406	474	327	115	92	388	526	9	19	17	110	337	563
428	327	368	364	192	112	190	613	588	99	14	113	81	100	149	140	338	482	209	553	421	305	355	556	470	610	339	157	37	643	236	536	139	207	504	633	524	389	532	442	43	431	332	375	503	414	650	226	518	528
464	490	44	527	103	469	406	597	232	393	119	212	94	657	516	29	453	616	549	275	164	241	154	70	494	661	409	570	242	123	356	622	9	463	166	357	19	298	634	513	391	629	602	371	400	122	334	153	95	300
500	293	189	620	385	412	273	529	323	543	249	583	348	117	399	439	27	142	262	589	217	598	644	535	511	187	76	171	520	93	180	411	581	30	85	234	455	8	267	554	617	73	304	165	186	91	260	498	452	530
46	342	7	328	71	572	362	566	484	265	146	350	308	121	278	533	344	523	169	547	174	20	84	396	594	48	521	395	254	641	179	316	199	42	567	561	32	459	381	621	326	219	287	193	80	433	652	79	96	422
507	603	576	595	57	440	302	488	492	438	457	628	274	519	425	256	151	377	258	365	448	87	230	454	36	548	565	354	145	251	286	559	63	61	398	496	235	248	238	53	83	191	607	196	360	653	16	599	635	195
539	372	125	489	88	28	577	591	600	544	127	229	627	56	367	64	619	67	283	201	660	542	392	58	639	173	285	124	325	390	129	47	626	541	505	289	349	351	479	407	509	133	585	397	34	462	215	467	340	477
574	358	303	608	571	223	108	611	394	373	175	478	208	437	2	240	264	90	49	486	450	510	625	3	654	69	147	216	415	631	290	506	259	211	640	376	310	126	184	168	493	97	301	474	315	317	116	645	224	526
458	374	444	75	341	271	204	237	40	538	22	66	296	560	370	120	292	579	158	353	203	345	284	501	50	446	630	245	102	257	605	658	279	156	18	443	137	562	39	250	280	312	205	545	592	614	359	255	379	12
86	21	130	580	253	331	499	473	636	65	573	11	609	6	563	416	491	582	321	33	517	150	17	72	324	649	329	632	222	615	656	612	546	337	291	114	247	221	593	23	263	170	218	25	233	41	427	434	182	564
309	188	62	77	288	420	512	202	319	144	270	531	311	322	387	74	537	476	472	167	466	1	131	10	313	54	194	172	651	568	276	432	45	111	436	35	4	177	402	106	206	418	413	155	495	429	181	228	318	383
297	483	98	220	606	252	346	475	152	369	306	590	423	363	55	299	269	522	141	243	366	110	435	107	68	534	330	162	578	161	410	214	200	638	92	601	132	31	540	461	403	408	277	225	178	159	307	78	569	550
596	0	26	401	138	514	551	24	239	266	451	430	646	183	244	508	417	647	624	197	268	642	380	261	314	101	210	272	82	388	109	618	163	557	426	637	382	404	176	336	5	447	333	282	441	59	384	485	487	134
89	424	136	343	586	227	13	480	361	497	555	198	460	515	320	352	60	587	623	135	648	118	115	160	575	584	655	143	294	128	213	347	525	471	148	281	15	386	465	558	445	185	335	552	246	405	378	105	38	52
449	502	481	51	231	419	604	456	468	104	295	659	300	154	547	91	164	554	550	360	122	16	487	512	168	535	343	366	625	456	314	224	289	318	21	327	51	296	400	654	331	546	371	478	17	519	81	532	621	1
635	590	134	37	440	99	80	436	142	501	582	541	617	32	301	525	537	528	222	272	179	359	143	470	115	656	448	441	473	34	587	56	151	145	90	144	542	146	324	637	404	293	389	232	526	607	204	644	409	16
88	463	214	242	449	78	367	259	622	513	469	55	236	228	472	658	560	29	329	224	183	312	320	93	120	206	265	368	208	283	431	381	602	648	374	609	524	310	529	271	415	570	255	452	264	167	294	202	290	643
594	398	340	647	49	291	1	559	522	552	606	516	413	75	211	110	304	508	437	199	60	69	353	619	403	132	549	364	185	160	280	649	190	564	371	248	192	322	561	435	287	484	654	300	591	499	527	509	659	477
373	335	611	553	429	35	152	491	569	10	343	461	277	627	169	334	229	205	546	444	483	299	502	4	327	510	82	2	445	506	515	494	196	397	65	22	490	432	270	76	354	466	275	380	218	439	166	257	543	285
453	360	400	577	161	418	405	379	357	177	623	98	18	392	135	67	566	574	495	19	534	45	72	420	518	438	44	108	137	237	462	592	365	230	180	153	620	408	100	603	52	578	539	474	17	496	282	377	361	48
630	548	433	519	585	188	497	640	157	200	23	33	480	589	97	419	328	458	85	182	267	217	378	106	604	625	638	201	109	94	653	114	178	344	395	634	20	511	122	223	308	557	140	514	276	307	58	41	356	186
492	414	317	550	292	149	465	451	369	593	156	372	556	421	209	500	278	102	391	426	0	565	580	646	311	318	535	51	256	428	555	71	141	597	503	36	523	498	239	138	350	30	284	507	651	219	24	554	27	633
530	464	485	113	446	289	136	407	385	608	227	6	306	128	74	57	457	234	576	600	263	81	124	7	489	127	253	316	240	133	11	8	247	116	147	250	333	150	243	189	588	73	59	50	184	197	212	412	599	43
