-1,-1
339	111	304	372	408	72	207	170	163	65	191	78	422	407	238	400	24	217	6	227	219	391	323	294	70	80	61	204	361	212	47	251	262	1	189	198	188	101	147	358	34	43	384	102	194	253	146	131	223	308
278	428	435	315	296	426	10	288	26	172	81	418	316	190	174	99	164	161	192	260	130	166	100	266	381	383	231	56	373	37	66	301	12	281	411	114	257	91	385	116	424	98	218	84	417	276	393	149	388	326
76	97	241	142	390	334	346	119	126	379	52	222	228	318	282	64	109	27	113	300	110	245	105	154	88	7	295	277	184	210	299	152	121	187	69	202	410	183	57	87	375	341	173	92	374	29	252	151	17	332
2	59	242	25	307	279	331	396	20	433	236	193	124	280	195	270	181	303	394	226	36	138	175	362	406	319	351	322	297	249	35	354	19	359	269	211	108	5	214	328	302	157	376	312	333	104	261	208	60	176
421	21	327	106	139	127	49	275	58	167	75	314	423	264	148	38	330	225	311	343	230	132	117	329	68	293	0	50	317	310	409	55	357	274	402	199	336	83	155	309	205	107	63	129	427	240	324	380	338	120
197	186	86	386	247	160	46	291	162	429	368	401	298	258	137	397	196	180	9	259	32	370	263	436	103	39	28	215	367	169	404	287	206	153	431	30	255	213	136	366	340	168	425	229	224	171	305	267	115	399
48	387	355	347	82	95	67	96	22	254	244	337	159	335	144	209	398	349	90	41	233	325	353	53	178	273	403	345	51	14	350	272	285	3	23	128	165	201	45	414	235	392	237	42	232	79	185	412	220	268
112	11	150	234	85	246	134	143	364	271	360	290	182	306	365	377	378	4	133	44	352	250	289	284	203	135	145	415	71	118	389	434	216	74	430	248	94	405	93	18	283	292	313	31	321	140	89	158	286	342
348	141	382	243	13	77	416	179	177	419	200	33	62	122	363	344	54	395	239	356	16	371	420	40	256	73	8	432	413	221	156	123	369	320	15	125	265	188	431	271	403	354	285	355	223	138	43	177	288	301
374	332	296	265	123	17	291	305	7	326	311	378	303	114	188	74	370	96	67	356	143	273	396	298	365	381	428	246	321	244	217	148	120	58	383	86	99	372	330	127	102	392	241	149	43	154	62	283	307	245
243	89	209	343	118	411	386	45	350	19	419	225	366	408	195	348	179	87	11	401	336	5	301	145	234	230	380	216	357	119	308	81	390	21	233	124	334	31	32	345	93	313	71	33	117	142	202	191	53	413
228	395	362	185	61	35	312	421	282	171	174	272	181	377	94	430	316	364	203	218	165	385	258	10	254	227	130	12	168	389	103	44	193	361	222	72	259	368	269	110	134	354	163	406	417	351	162	64	318	220
63	353	376	54	69	201	29	139	310	28	97	147	68	46	250	329	404	369	275	219	27	126	25	131	322	309	208	324	47	156	189	83	426	306	137	342	60	65	371	271	112	416	16	104	420	266	355	414	98	337
274	285	295	4	279	48	352	293	214	402	252	22	434	121	49	18	315	77	125	379	387	56	151	2	341	425	212	39	109	363	190	172	429	323	436	100	261	229	85	66	327	304	0	422	267	80	360	138	170	278
157	223	333	263	251	186	299	328	260	232	210	177	325	36	317	207	24	415	388	129	399	3	319	200	211	427	192	187	182	373	320	375	50	194	52	382	339	128	161	40	92	166	144	20	152	237	264	167	41	15
55	108	107	367	359	173	184	38	248	51	256	221	432	268	197	294	113	26	76	116	30	204	180	403	160	314	199	409	405	13	136	213	141	255	34	106	73	338	394	206	176	84	340	238	105	6	358	226	347	300
277	196	384	331	431	289	344	90	91	280	82	9	23	57	231	287	335	400	397	169	423	239	158	111	290	276	262	435	281	37	240	146	424	288	346	292	115	14	133	78	159	235	153	257	418	95	284	297	42	164
412	155	59	135	198	122	175	407	101	215	236	150	140	183	391	433	70	247	410	79	302	253	178	249	286	205	75	393	132	88	242	8	224	398	270	349	1	421	436	248	160	10	217	363	139	254	149	275	337	76
327	414	318	262	110	193	207	338	253	354	130	143	97	102	103	166	243	200	319	105	388	240	374	168	189	371	381	434	357	350	222	179	68	386	33	49	129	210	280	90	422	80	252	360	302	377	225	299	47	309
342	163	51	22	197	136	393	337	191	194	294	132	305	96	140	42	119	367	228	283	16	76	297	397	173	114	406	344	70	213	27	245	264	174	347	145	276	215	237	75	364	98	152	287	390	78	333	281	295	196
313	282	153	218	235	241	402	220	435	208	0	104	286	41	192	18	384	236	430	15	428	183	139	391	172	401	216	156	301	248	291	303	175	128	298	151	330	134	164	212	74	195	111	87	182	323	331	170	56	188
383	321	379	325	274	355	336	223	365	293	307	112	199	263	399	308	176	329	382	284	159	211	106	71	224	17	8	296	65	133	29	316	219	94	369	311	181	28	53	48	269	380	131	320	251	4	270	257	352	122
288	43	58	169	57	113	328	292	44	178	420	214	88	204	158	92	289	314	121	32	231	375	177	424	93	278	115	341	59	423	161	230	69	124	272	340	20	160	310	19	273	39	209	137	343	348	205	125	135	63
250	416	77	21	324	203	36	432	202	198	256	187	247	246	306	413	217	144	66	351	258	392	35	349	259	37	40	85	290	171	34	180	7	64	26	363	126	72	54	99	67	385	403	30	155	12	142	407	395	368
372	10	378	265	9	46	81	3	73	433	426	162	404	55	45	332	358	221	277	261	146	25	147	345	400	425	408	419	394	322	52	138	260	206	14	366	100	370	232	359	23	361	95	356	117	238	409	396	157	326
79	266	120	13	398	89	62	279	339	410	405	83	415	300	346	154	334	190	127	411	285	418	431	227	123	201	271	242	38	91	11	275	141	60	184	387	412	389	353	2	436	233	118	315	234	84	373	5	429	417
6	150	254	244	107	226	249	376	186	335	82	185	86	1	362	255	108	304	239	149	61	24	317	312	31	421	109	116	427	165	50	101	167	229	267	148	268	353	38	152	363	176	85	57	408	339	342	275	268	163
71	216	117	222	338	163	60	428	260	317	363	77	29	166	436	199	341	43	94	337	186	210	245	138	146	287	426	350	232	152	346	119	125	157	312	114	41	415	6	24	231	87	7	79	295	207	20	133	362	124
162	173	393	185	230	435	160	357	217	228	398	237	339	108	23	380	4	227	266	149	307	148	176	59	83	320	285	75	258	288	31	150	391	142	158	242	145	99	109	277	18	181	411	347	401	195	301	19	412	272
273	11	310	336	215	292	422	395	112	344	403	253	235	3	402	372	2	48	365	280	263	213	333	371	101	275	69	303	248	241	156	335	385	332	429	170	396	264	262	136	42	323	143	409	58	93	246	340	416	74
65	209	97	309	421	376	212	381	92	62	25	201	286	400	30	308	37	76	269	349	244	1	80	50	318	259	193	28	66	219	386	35	45	70	252	53	432	182	72	131	177	161	314	290	38	51	327	168	202	226
291	107	73	44	434	34	276	293	374	197	255	298	322	122	96	183	282	278	256	423	172	281	367	410	334	165	159	424	194	0	82	243	13	364	352	304	169	121	283	279	384	98	102	343	85	369	95	366	360	389
189	414	198	32	137	120	328	47	46	405	431	261	178	36	174	221	203	55	88	61	49	250	392	270	155	390	330	153	40	233	116	348	413	326	311	427	196	67	265	188	254	191	39	57	200	342	180	404	370	190
394	33	84	353	325	271	418	184	22	240	8	234	113	54	296	115	247	249	12	140	175	321	151	127	351	206	110	433	100	284	358	147	355	144	419	106	104	208	204	164	382	319	313	425	105	274	417	192	305	90
268	329	52	408	239	103	63	377	406	14	132	129	368	224	135	356	420	383	289	315	218	68	167	15	78	324	331	297	267	373	399	91	257	81	211	154	128	238	130	229	126	299	64	361	123	118	89	27	236	306
134	430	388	56	220	187	223	251	294	379	21	179	16	9	171	139	359	214	141	111	205	378	17	302	345	300	225	10	407	397	316	354	387	375	86	26	5	311	106	339	182	125	342	325	408	232	69	89	221	157
110	114	22	188	423	35	296	354	366	229	298	176	294	141	420	39	213	297	161	10	328	371	119	388	308	183	378	43	147	64	365	128	349	111	225	375	405	69	253	157	369	78	91	20	206	247	301	29	321	151
53	244	432	4	273	380	46	17	115	241	25	413	412	326	232	396	384	426	205	18	170	417	139	152	93	361	260	310	94	158	395	208	280	242	37	292	156	132	346	80	356	312	144	387	202	45	8	338	192	251
283	72	148	23	21	146	379	195	143	219	363	131	271	47	313	281	164	77	368	177	385	429	103	307	265	88	65	343	194	258	427	291	180	288	257	255	431	107	129	226	118	402	113	406	126	66	240	191	284	89
193	166	68	391	40	100	364	86	237	274	15	163	215	124	51	218	36	359	133	117	223	63	52	108	309	394	221	181	162	358	393	227	252	121	154	105	414	187	416	373	74	38	331	345	256	81	337	329	430	370
275	184	135	96	13	104	136	419	12	62	222	67	199	160	233	16	434	137	76	250	341	299	261	264	235	272	127	182	138	168	433	382	123	210	48	282	60	159	197	246	224	305	381	424	323	49	82	389	276	165
327	26	172	262	330	318	324	351	428	347	2	169	267	316	245	306	83	142	302	109	249	27	293	59	353	278	254	320	418	344	243	335	407	333	367	287	239	70	332	134	386	421	200	234	220	19	268	167	99	116
377	277	290	173	408	374	236	340	411	84	415	179	3	85	209	399	400	204	101	34	286	362	231	422	339	92	334	304	214	79	1	376	122	54	352	174	56	140	149	317	392	403	203	32	125	401	303	57	120	31
372	357	30	196	355	153	409	314	41	9	295	342	217	350	279	425	230	61	0	7	216	42	404	44	75	322	325	398	175	410	98	319	285	212	185	24	289	189	397	228	270	87	390	201	102	28	97	211	106	190
311	112	55	155	50	171	58	130	33	14	269	6	435	207	348	178	145	71	259	95	90	336	263	186	360	436	383	238	315	198	300	5	73	150	11	248	266	40	133	268	411	380	174	382	317	260	240	408	110	126
159	65	321	393	229	107	125	2	372	34	396	139	417	160	404	178	192	288	191	403	22	279	351	134	302	146	220	145	297	418	135	126	219	286	283	124	425	142	83	81	128	13	87	305	108	26	207	70	365	278
120	149	90	385	148	380	331	63	310	164	150	180	16	30	10	348	368	194	198	226	100	42	409	363	104	46	79	9	313	375	419	263	276	273	157	257	25	15	312	76	136	282	255	101	246	424	345	338	31	14
300	241	37	352	40	387	38	408	311	167	123	268	236	326	133	75	140	353	391	154	17	143	97	325	153	264	205	327	189	261	394	366	23	221	85	426	20	390	36	301	202	166	206	269	52	422	405	415	54	330
7	289	399	61	218	182	389	318	18	175	248	165	49	406	190	5	74	55	247	362	431	44	86	69	176	319	89	411	314	58	93	88	60	337	339	1	290	121	395	187	238	201	72	294	181	333	320	43	317	51
156	383	50	105	254	376	392	222	57	197	355	245	48	185	138	215	369	401	117	423	147	41	249	186	267	6	127	118	292	217	307	398	163	203	434	171	193	270	39	29	155	265	373	381	400	161	328	250	357	12
342	3	95	240	19	340	132	94	98	82	28	323	53	172	388	227	252	11	92	137	27	225	243	209	280	66	315	414	151	427	298	199	412	295	169	407	435	346	296	111	204	8	274	242	110	322	371	102	360	379
233	258	436	384	91	122	47	378	158	106	237	78	306	335	432	271	71	410	45	212	208	68	33	195	188	113	129	304	200	62	24	116	115	131	413	303	59	228	177	354	293	103	285	260	230	374	119	347	291	382
210	433	184	109	183	359	80	196	272	287	73	377	232	343	284	334	344	64	277	308	21	231	141	430	213	179	253	99	211	299	4	256	429	84	329	162	114	32	316	174	168	275	428	77	224	214	262	420	336	356
402	144	56	416	309	259	67	173	251	361	112	349	421	266	397	216	367	358	35	235	324	234	152	244	370	170	281	350	96	386	332	223	0	130	341	364	239	336	254	345	398	266	434	38	287	149	359	6	378	363
300	234	294	352	250	49	407	103	354	208	267	109	232	148	393	143	142	56	17	166	327	187	114	268	321	403	36	7	75	425	231	427	26	220	315	372	430	73	291	245	121	145	132	322	389	42	295	66	280	32
305	346	99	126	19	27	366	186	125	51	404	141	118	41	385	215	90	43	159	259	378	365	279	228	58	388	31	192	196	401	301	150	290	376	350	122	374	357	60	4	316	81	59	8	112	415	257	435	398	298
63	100	273	369	62	420	9	423	351	158	216	311	205	25	98	22	312	203	123	418	115	33	411	88	381	191	93	12	326	429	76	153	362	119	409	151	221	134	276	274	368	217	106	180	342	337	29	107	422	69
371	317	207	227	309	255	165	341	431	74	241	144	313	35	204	146	200	336	416	181	358	310	394	211	6	2	397	405	278	133	265	287	344	319	412	80	302	238	183	306	84	78	329	130	127	314	426	92	135	363
44	89	214	339	149	334	61	83	332	375	120	240	417	116	136	161	16	230	124	258	189	13	138	292	46	155	172	406	48	167	213	253	152	195	400	288	52	330	77	14	178	347	201	140	171	285	65	271	272	68
383	284	0	170	169	147	263	355	85	168	53	97	117	175	91	386	328	333	209	163	87	360	382	229	82	261	202	185	3	110	297	307	20	37	113	23	299	252	104	246	432	390	129	96	424	236	256	340	197	128
34	247	304	45	399	24	283	79	162	139	10	402	320	367	384	270	364	277	335	137	95	410	387	248	331	324	194	266	154	293	55	434	343	157	308	224	269	173	5	226	193	219	356	72	251	325	198	108	254	380
349	94	353	286	282	160	396	433	361	323	359	174	239	218	222	64	377	176	39	15	21	131	50	30	233	206	370	199	428	373	392	348	70	289	225	318	1	395	111	379	338	345	212	190	184	260	105	413	223	47
71	188	28	101	303	296	57	244	391	243	262	419	164	408	102	281	421	179	264	67	249	242	210	237	156	11	182	414	275	54	177	18	436	40	38	86	235	278	327	43	224	300	432	430	330	284	252	403	294	389
386	349	335	404	206	152	58	81	359	122	142	64	215	320	333	365	208	310	262	381	220	295	286	428	371	378	198	252	114	51	129	312	413	168	138	327	77	21	79	128	419	370	279	409	205	23	183	393	167	42
32	264	46	353	403	120	369	203	265	106	75	109	235	351	25	339	108	136	323	146	275	280	87	60	400	105	125	149	361	302	40	209	281	380	343	175	420	151	71	97	274	169	325	9	337	410	396	17	95	44
85	372	82	195	377	182	63	301	329	145	223	24	121	176	294	232	242	12	328	433	308	276	185	236	16	84	354	414	217	376	424	177	271	297	188	340	230	191	141	173	306	331	407	406	137	113	98	165	395	124
434	131	392	248	352	89	418	341	158	0	367	162	47	234	38	363	425	72	394	360	156	187	243	321	299	127	239	194	189	133	34	348	30	164	222	216	375	86	238	76	99	291	332	256	130	277	227	315	435	20
6	382	245	374	326	304	178	92	181	330	244	214	11	219	389	261	55	33	2	429	160	150	416	398	284	247	28	57	39	153	397	103	123	8	288	287	314	163	336	350	221	115	143	384	345	426	421	427	300	18
1	411	237	199	309	316	135	229	263	211	253	192	270	430	362	201	266	257	226	48	157	132	273	383	240	344	101	80	50	255	197	67	166	19	119	436	268	179	74	190	29	27	70	285	184	412	90	7	334	83
254	246	402	170	159	31	22	233	100	278	289	213	260	322	385	269	432	415	357	283	212	96	37	154	318	290	139	140	202	45	390	417	93	161	62	431	319	116	200	293	387	225	147	196	117	14	66	228	346	186
172	68	267	296	272	405	104	35	356	251	56	401	13	231	204	126	49	324	88	118	342	73	111	388	15	54	347	102	43	69	259	59	61	110	210	155	65	171	303	366	282	391	422	298	311	355	144	307	313	250
373	5	207	174	10	368	36	107	78	408	134	305	91	112	358	364	218	3	399	379	241	317	249	338	41	180	52	258	292	224	53	423	148	94	193	4	26	250	411	18	118	299	398	245	113	420	149	179	232	358
43	328	182	137	394	415	189	66	417	11	198	8	311	273	47	339	338	212	217	230	422	325	281	418	151	130	32	190	280	353	19	282	401	87	235	320	76	255	420	115	169	313	283	206	299	119	72	4	65	221
56	331	231	129	246	36	133	112	162	397	288	50	302	315	269	291	250	92	352	344	416	46	157	21	94	264	359	53	191	266	208	1	414	113	342	51	12	293	192	179	193	340	118	111	216	243	35	336	211	9
261	174	251	82	314	377	44	403	124	395	265	2	303	164	436	30	232	173	26	411	244	6	38	18	405	197	237	85	253	225	343	227	29	126	370	262	91	95	387	100	330	125	275	70	16	256	407	181	362	426
240	63	301	323	205	332	378	10	270	84	423	374	122	106	78	200	183	79	400	67	103	185	410	404	17	258	20	117	319	355	49	413	351	307	143	228	433	384	123	108	97	3	286	52	309	224	372	304	297	248
358	14	166	295	90	392	27	434	215	380	329	165	37	214	31	326	74	60	305	146	150	104	42	194	48	257	180	271	354	327	272	127	428	259	276	158	176	285	58	105	431	381	345	398	128	141	294	109	83	306
421	373	62	134	101	360	383	99	341	389	175	195	121	238	40	391	154	55	348	274	379	368	184	408	159	167	406	357	337	296	135	187	284	236	287	220	136	234	41	399	333	430	260	239	156	242	131	213	120	86
321	207	172	168	396	23	138	312	149	203	429	98	177	142	254	263	247	15	140	107	366	308	152	310	290	204	39	386	163	7	22	245	93	427	160	390	318	424	334	81	363	252	278	210	75	68	350	77	375	316
241	233	61	268	409	226	349	277	170	64	385	388	188	267	148	96	393	361	435	219	89	298	0	153	71	196	161	209	147	88	114	279	376	300	73	102	45	347	116	178	289	322	365	69	369	25	155	110	202	5
249	186	356	145	425	412	28	132	223	24	335	419	80	432	34	171	346	201	139	364	317	371	218	222	59	57	382	13	33	402	199	324	292	367	144	54	229	429	269	66	77	293	258	171	244	12	49	19	297	69
122	431	131	121	166	330	321	11	46	300	53	270	59	28	328	55	90	208	47	95	260	280	385	73	272	239	43	436	402	116	417	156	150	17	391	373	190	30	56	348	258	149	424	79	23	81	342	78	16	405
386	5	35	72	267	66	274	273	374	331	349	106	103	104	367	366	418	140	125	229	316	246	71	124	20	91	136	281	340	211	333	359	61	361	92	108	49	198	429	129	69	63	77	379	29	107	67	31	128	201
255	276	310	99	88	18	364	314	142	421	297	114	337	312	419	409	33	238	181	376	40	167	222	295	371	313	396	3	243	416	298	412	226	259	4	158	147	372	377	168	8	26	2	335	193	9	113	318	15	389
347	354	384	200	323	360	291	268	70	199	148	207	242	76	83	12	289	100	34	98	21	303	221	368	414	93	426	296	339	341	146	37	294	420	245	398	44	210	138	119	350	80	216	96	236	45	327	36	256	117
24	27	169	232	154	176	157	115	422	109	411	39	180	1	401	326	317	111	143	13	159	290	217	213	307	189	378	85	241	139	87	50	183	234	345	403	144	415	228	357	14	288	152	145	173	74	261	10	257	137
344	395	383	223	304	306	224	237	264	209	329	192	408	250	254	381	322	68	161	369	266	253	184	32	433	387	269	65	215	249	247	279	62	351	86	227	235	375	153	233	123	118	358	425	262	178	105	363	0	407
308	220	392	151	404	346	214	278	430	353	19	130	394	271	171	251	197	428	60	51	287	174	397	64	230	218	244	22	94	194	133	175	362	435	195	292	164	202	309	432	380	110	155	120	265	179	285	399	205	58
172	324	48	7	165	410	185	84	286	332	275	225	89	334	293	388	97	204	400	355	284	302	305	352	299	102	187	75	282	141	343	319	212	356	203	382	112	6	248	132	101	413	57	240	390	126	370	196	82	170
365	186	41	38	134	135	160	163	277	301	252	320	393	338	188	25	311	191	283	406	231	336	219	127	315	162	434	177	427	263	42	52	54	182	206	325	423	212	72	339	397	108	354	335	134	29	253	422	347	90
157	291	35	246	306	94	232	293	425	283	160	214	202	102	44	399	162	392	43	85	287	253	73	27	233	145	339	221	340	434	242	267	171	170	89	236	297	1	41	273	118	147	132	22	50	237	190	420	382	360
204	305	359	199	129	71	49	128	184	276	77	40	114	428	197	231	394	351	140	58	336	32	83	12	177	82	201	294	278	101	255	166	72	387	266	156	377	80	16	311	379	213	303	3	406	373	4	185	316	153
138	106	137	112	36	69	424	78	30	115	5	25	182	271	352	289	48	396	139	378	135	261	403	198	354	366	26	409	423	411	228	334	14	400	362	341	234	329	63	194	416	307	410	38	95	148	192	364	295	149
146	357	309	338	265	323	257	308	223	249	371	20	143	298	45	383	353	395	34	120	431	268	272	402	98	215	91	347	243	290	263	97	158	390	84	418	206	100	319	150	318	88	384	247	426	29	134	180	320	186
172	141	370	397	435	219	414	28	355	407	317	327	292	203	226	300	59	64	96	66	196	227	70	258	24	218	280	104	321	125	154	368	121	376	183	245	131	211	200	188	229	167	250	361	8	126	398	216	328	301
