-1,-1
582	375	102	27	529	494	259	664	181	45	236	277	598	191	456	433	264	489	652	173	78	381	43	478	662	471	188	35	370	152	12	458	218	571	194	425	292	517	211	323	460	190	197	408	484	64	131	57	577	142
171	630	92	52	235	176	7	463	560	513	351	253	172	261	386	299	322	587	378	539	642	474	33	514	448	559	361	578	493	586	296	389	396	631	634	483	525	260	538	229	163	437	272	31	487	22	497	531	475	641
583	302	217	161	541	611	196	444	520	613	230	353	540	24	345	407	65	510	274	76	650	445	398	16	6	193	317	399	467	69	441	383	97	482	223	68	665	341	273	242	476	304	34	47	452	175	110	505	374	233
343	157	358	431	84	105	284	72	238	639	222	252	169	100	479	579	254	377	410	237	228	262	183	309	303	419	518	192	220	414	115	569	140	1	133	276	329	109	116	195	379	167	576	151	608	566	556	466	126	387
280	153	56	451	271	549	107	457	121	70	285	327	293	488	600	512	417	307	626	141	179	60	240	311	91	282	94	231	336	118	80	154	648	88	640	203	477	298	136	501	621	50	96	114	244	508	624	589	257	241
245	449	98	215	544	354	166	365	607	492	643	305	61	146	333	349	249	59	447	278	500	164	511	139	119	372	210	11	438	266	651	28	129	279	10	81	603	442	108	469	418	558	553	295	402	111	424	14	214	160
658	26	546	184	99	604	450	25	405	384	633	326	533	649	619	367	622	486	601	312	159	37	66	495	570	226	130	289	440	509	174	227	334	149	212	101	660	287	568	627	75	332	225	555	147	23	113	504	542	308
629	666	177	663	155	550	38	403	612	593	170	573	339	392	439	536	219	248	325	580	138	58	162	2	208	250	588	87	443	564	429	348	199	106	29	507	585	391	17	30	519	315	63	281	352	656	124	632	20	359
187	207	491	224	635	561	599	269	104	288	428	318	524	547	481	36	394	435	297	19	310	572	267	112	426	120	291	473	85	275	625	132	202	400	590	189	198	592	247	5	148	581	178	413	145	204	415	3	602	397
462	316	432	21	335	362	537	614	127	49	39	567	314	423	331	565	654	620	404	294	251	368	596	562	42	485	388	117	270	324	499	0	306	9	300	390	55	143	618	610	455	165	83	411	594	205	551	319	385	609
659	434	18	301	522	637	186	86	532	503	575	46	168	584	221	436	548	655	552	258	137	330	376	454	158	180	521	32	150	263	103	347	350	516	636	213	465	206	661	255	412	328	346	427	563	657	421	470	459	373
48	644	506	595	82	355	95	446	67	534	422	380	201	357	128	144	401	209	286	498	268	90	41	617	337	416	234	366	53	243	79	51	526	338	340	515	535	557	313	554	232	605	591	185	653	62	480	523	597	246
134	461	360	290	182	364	615	616	4	44	472	468	135	430	623	645	71	464	628	15	393	216	74	647	606	406	638	93	530	283	543	321	89	342	382	409	13	453	77	646	200	545	574	122	363	344	54	395	239	356
528	371	420	502	40	490	256	73	8	496	156	123	369	320	527	125	265	271	375	543	145	459	17	575	341	599	148	428	125	603	102	493	361	267	400	109	607	56	74	664	591	604	515	219	334	392	123	433	71	657
105	375	76	391	506	219	401	258	466	180	195	592	424	8	177	130	367	651	353	160	232	41	476	351	295	626	77	467	548	194	394	136	318	189	333	619	551	207	525	509	182	245	461	597	563	529	620	322	115	69
590	474	665	341	455	42	96	287	33	153	173	279	327	199	20	224	94	468	404	662	202	196	183	163	172	556	657	36	39	181	292	498	561	18	216	359	155	320	285	158	297	203	217	565	306	22	113	119	623	134
405	27	291	35	501	425	58	664	445	63	121	37	40	176	85	608	43	550	365	570	110	240	166	104	26	175	212	247	197	539	72	54	145	654	257	30	417	12	343	313	270	208	515	264	174	643	298	324	238	99
436	434	562	248	315	640	535	46	511	3	527	314	588	252	577	374	650	55	596	188	658	67	426	265	191	25	147	388	293	616	384	390	363	97	282	66	513	420	348	14	305	559	589	246	583	316	572	500	419	329
371	454	409	492	263	138	423	521	70	603	523	10	120	547	641	644	269	89	428	304	568	272	317	627	593	647	646	44	90	154	78	117	190	613	210	361	639	408	352	536	227	560	201	302	599	372	230	209	332	477
495	19	642	382	141	440	184	478	339	260	510	233	358	636	380	5	369	330	150	254	433	497	609	249	186	82	663	340	584	255	108	239	149	331	338	31	540	116	165	50	311	167	444	345	362	387	397	581	430	594
95	549	281	344	543	412	512	261	122	211	342	101	60	88	262	537	308	347	169	604	526	29	364	143	307	87	579	103	296	449	544	61	349	213	381	236	520	335	24	277	649	373	123	235	64	421	370	275	4	538
469	585	452	463	379	442	290	470	578	475	368	276	465	516	656	507	206	586	413	288	666	432	632	164	129	402	283	386	81	228	84	637	505	286	128	218	159	522	464	156	74	47	170	573	200	582	79	237	139	303
635	56	605	242	193	48	346	334	490	299	628	0	192	106	457	411	1	102	652	222	253	267	624	615	441	482	502	576	62	396	274	205	221	244	617	660	443	152	453	545	407	92	534	204	655	289	546	422	533	220
142	634	356	21	483	326	459	321	100	399	93	499	357	114	471	148	68	250	360	600	571	496	591	427	607	415	132	91	259	225	564	278	653	300	294	131	354	168	437	59	414	215	580	393	6	11	161	107	223	137
484	28	524	73	98	611	17	337	661	491	435	451	447	418	135	638	621	2	622	15	312	554	268	429	438	57	557	503	86	323	125	256	112	350	567	9	514	389	601	126	645	446	355	485	494	481	517	614	648	231
34	273	553	301	625	630	472	65	328	146	310	508	71	473	376	16	569	178	23	280	618	51	558	124	612	38	319	271	118	462	552	439	198	602	416	532	486	336	383	140	49	542	493	410	385	325	406	243	489	519
229	606	458	450	366	566	610	398	133	226	575	431	251	127	13	241	395	309	7	479	518	284	487	151	574	157	460	111	392	109	171	587	403	629	378	598	234	631	187	144	400	504	162	531	266	633	83	530	53	528
456	480	52	214	555	448	595	75	659	179	541	32	80	185	377	488	45	608	174	37	102	8	534	179	650	290	627	241	285	225	248	570	387	284	90	422	425	338	165	53	182	57	229	528	161	348	546	105	339	476
508	509	563	235	187	229	269	295	75	289	202	527	145	79	222	18	261	216	443	257	504	197	350	618	80	431	547	126	5	51	227	219	486	534	43	450	122	584	631	666	42	199	640	77	236	639	304	644	333	253
546	87	412	627	523	479	237	121	101	414	390	472	556	185	176	3	195	372	35	234	592	263	634	517	451	217	193	506	157	59	124	424	58	188	413	348	456	266	374	611	129	496	113	376	580	27	408	349	459	25
97	262	645	418	391	658	626	460	128	398	56	88	649	53	120	112	301	588	535	164	540	363	367	620	526	503	541	72	91	1	150	619	572	603	285	646	351	154	99	434	494	130	583	302	338	26	466	13	411	515
373	528	397	656	286	17	624	537	660	369	264	440	84	167	119	505	410	114	118	568	33	138	172	238	23	623	65	159	181	74	346	115	127	597	395	437	244	160	117	37	564	345	427	409	539	380	560	299	0	68
139	500	421	419	143	548	337	402	108	173	448	225	328	198	137	630	41	647	265	276	365	272	422	499	567	426	29	49	165	531	9	327	632	306	469	179	664	368	544	430	364	215	290	441	473	663	577	455	279	595
231	342	659	661	259	462	566	404	657	389	94	358	403	133	7	594	207	325	141	495	641	275	292	161	83	510	169	194	309	458	260	132	224	252	258	214	62	20	439	307	278	438	142	377	96	76	591	617	63	475
405	487	590	341	47	622	282	553	170	470	6	416	61	379	598	530	24	461	255	512	40	280	116	497	335	339	599	554	513	242	524	406	81	529	251	320	82	98	86	245	250	241	589	400	166	578	579	228	516	610
246	344	205	211	60	538	310	601	613	522	267	326	152	407	343	71	209	478	220	148	230	606	203	16	50	514	585	287	360	558	415	386	158	213	518	355	607	4	175	331	542	396	477	625	375	370	315	45	125	78
432	394	109	574	273	31	481	156	399	543	8	454	64	549	177	146	163	212	449	581	457	19	637	650	652	11	392	525	39	401	643	536	586	312	288	149	131	550	642	2	48	648	191	420	445	489	324	357	69	488
557	605	483	362	571	210	636	587	283	85	89	519	322	136	298	182	383	168	15	612	425	570	93	532	186	95	303	270	476	446	330	628	662	511	353	162	468	356	582	474	635	480	629	465	243	347	92	651	604	562
318	281	107	555	134	201	30	614	293	467	332	317	447	248	90	444	336	502	608	654	600	471	28	66	340	70	653	366	433	232	436	38	226	609	493	73	482	44	34	21	247	57	334	616	565	378	352	183	296	428
189	533	638	256	135	308	233	354	102	123	388	485	171	32	393	633	559	655	46	323	314	311	178	36	174	221	55	593	573	491	277	561	576	484	155	153	361	417	552	291	521	423	384	498	10	387	196	665	67	254
551	569	200	621	180	218	190	545	442	596	294	316	271	184	22	240	453	520	501	463	452	54	507	490	359	249	12	140	321	151	284	206	110	100	223	147	103	144	111	106	104	208	204	319	313	300	382	105	381	274
192	464	305	602	268	385	329	52	239	492	615	371	435	575	297	429	14	477	479	188	425	22	554	293	244	653	4	585	310	69	577	337	133	455	386	159	391	472	330	201	445	392	224	170	411	64	91	158	418	52
300	31	313	500	564	136	207	97	189	347	120	40	603	445	542	659	662	107	333	452	46	622	590	514	465	85	37	613	487	568	375	356	385	220	286	631	201	657	396	354	166	291	42	350	422	499	456	640	474	34
496	430	140	245	9	580	104	192	16	65	372	282	598	23	560	222	505	54	314	558	572	405	459	510	497	76	293	435	248	384	498	540	190	87	49	441	346	467	74	121	135	327	227	348	289	382	633	101	420	70
486	490	133	652	660	58	538	88	511	366	658	408	134	488	439	371	437	521	401	276	290	126	492	283	404	389	443	527	377	360	552	413	237	229	161	645	316	57	508	563	138	117	157	41	287	556	6	575	340	554
267	618	307	352	182	264	279	628	12	344	322	644	193	629	98	648	355	249	128	53	142	444	525	436	181	265	269	399	11	374	137	27	29	612	304	418	608	66	242	632	457	326	306	515	364	169	536	28	394	81
329	362	310	206	353	522	146	638	95	218	72	108	641	495	102	463	285	43	110	570	586	611	79	406	261	543	485	319	655	440	419	427	635	425	491	357	217	370	453	531	47	338	15	494	71	578	331	378	45	547
212	208	118	143	602	582	567	541	609	129	475	359	24	116	115	380	325	434	228	504	334	103	577	230	607	643	302	210	339	184	470	183	80	196	272	506	417	555	284	592	277	666	231	141	213	179	478	99	468	299
472	256	528	84	524	114	32	615	168	275	335	605	224	594	262	363	483	553	414	259	67	376	251	484	330	647	545	516	235	324	565	152	244	170	587	397	332	223	0	130	239	584	653	123	3	198	424	624	617	579
535	148	471	204	518	614	17	464	296	574	610	50	368	606	619	174	149	219	8	520	361	544	233	416	388	502	432	489	323	654	621	241	164	448	205	403	597	250	92	517	109	336	165	5	318	428	412	96	328	61
172	175	402	458	159	630	386	145	1	113	454	225	268	303	309	650	139	569	581	298	450	122	163	473	429	493	240	105	591	263	156	561	548	559	59	398	593	623	599	588	442	642	243	209	186	513	147	589	482	63
86	106	185	400	627	73	124	151	411	30	358	595	197	566	78	562	294	393	476	529	390	423	4	532	481	200	211	274	253	51	271	477	154	576	112	626	373	187	369	637	89	111	410	349	292	461	20	176	270	13
194	342	337	546	177	311	455	132	345	433	90	60	312	22	600	507	35	180	534	665	215	273	539	480	162	238	573	199	305	537	10	252	39	68	449	26	321	221	93	18	551	188	25	91	150	216	295	462	173	601
616	125	395	56	171	639	178	367	351	383	278	409	226	48	503	234	288	438	469	651	407	381	246	661	62	127	144	260	446	583	519	203	33	451	82	153	664	636	530	315	254	663	501	391	214	512	392	460	36	195
14	646	533	625	155	77	317	466	415	649	247	2	100	604	341	365	447	44	596	620	387	131	160	585	258	509	421	301	550	94	7	38	257	69	202	158	281	236	75	232	83	255	320	119	19	634	191	266	379	431
549	297	280	64	523	526	55	557	656	167	571	426	308	479	343	52	21	516	544	342	340	540	221	237	634	310	49	635	398	489	278	487	35	210	630	609	529	339	193	194	598	378	336	475	465	608	344	214	300	324
573	343	43	500	7	554	382	381	203	92	208	78	325	42	644	641	621	46	193	222	117	529	584	633	234	244	273	133	30	616	129	62	355	612	142	406	63	492	51	436	587	84	196	292	145	199	541	379	185	154
449	254	354	296	412	493	9	600	456	85	538	269	55	640	413	463	211	101	438	540	504	122	405	615	224	323	394	330	643	147	121	263	143	231	72	619	454	58	34	331	202	99	277	371	580	103	181	601	514	96
56	320	102	373	656	429	585	561	91	347	29	156	319	636	570	350	16	625	592	335	393	312	437	490	175	268	232	149	425	352	22	408	50	460	576	433	524	95	479	166	64	589	24	4	318	441	651	329	607	577
537	86	135	545	617	36	637	243	666	443	496	482	593	378	409	572	60	578	627	384	207	475	28	100	648	341	530	252	502	73	137	280	240	126	139	169	591	626	198	560	526	290	327	659	94	348	144	235	179	383
368	301	287	255	113	555	539	47	37	245	10	370	557	402	52	106	606	377	204	366	164	210	471	182	213	390	271	278	400	461	468	517	105	15	399	67	581	118	308	286	501	511	201	303	25	282	365	657	480	257
285	411	631	508	168	547	518	614	115	546	150	140	265	165	157	250	212	298	568	214	44	192	316	342	579	321	446	76	588	104	190	549	622	465	558	596	247	297	531	628	543	12	180	655	48	276	66	172	233	57
148	138	523	49	314	613	339	299	470	111	20	110	416	472	61	608	130	163	422	178	54	506	267	13	5	358	45	415	93	217	455	187	334	132	225	520	197	542	516	218	177	87	575	414	253	18	647	424	26	261
184	586	544	473	401	595	238	11	440	167	419	404	311	215	313	611	75	206	467	128	322	189	583	119	522	483	361	195	495	332	81	535	33	340	131	634	174	31	487	124	494	17	423	305	289	459	194	109	236	519
509	116	654	421	353	288	532	279	635	346	223	364	79	152	374	107	646	14	562	230	564	112	357	173	521	477	90	241	326	548	571	275	151	153	324	563	602	605	476	395	556	566	410	510	306	652	123	536	171	2
565	407	161	3	398	264	158	315	170	283	77	534	125	32	344	27	307	200	19	653	645	367	447	345	237	359	188	41	430	485	567	242	397	227	639	186	260	183	663	127	507	221	448	272	363	610	176	205	442	249
632	284	239	486	553	552	491	624	533	338	159	294	281	551	662	574	114	503	21	40	388	141	337	59	8	191	484	35	527	452	660	478	528	98	351	453	216	219	417	88	512	598	349	396	310	387	444	569	270	162
375	39	251	80	525	638	134	392	82	432	295	362	590	642	376	69	464	664	618	228	403	450	488	74	108	38	291	146	489	609	262	266	259	6	258	550	431	665	466	389	1	256	369	420	650	559	498	333	462	439
293	458	386	481	604	391	380	300	220	89	226	661	623	505	630	418	497	317	83	328	120	435	372	136	474	649	445	385	302	155	428	304	469	451	71	658	434	620	457	427	23	65	582	68	246	0	426	274	160	597
336	53	97	629	603	513	499	209	360	309	599	248	70	229	594	515	356	215	600	546	79	22	636	90	509	583	518	120	82	294	455	144	585	177	32	17	461	406	357	305	52	64	492	23	216	542	626	75	84	203
43	181	192	554	133	174	200	66	330	619	579	8	526	197	466	344	162	215	511	409	429	305	635	243	255	336	646	315	224	295	651	345	118	523	591	325	581	387	397	313	306	270	179	383	303	590	72	4	65	259
56	452	85	406	296	661	248	212	124	634	419	569	497	501	432	314	658	235	642	641	370	506	555	21	421	358	398	647	588	193	525	1	552	542	636	51	492	214	137	182	272	516	92	319	113	614	119	461	341	225
9	198	407	496	446	258	447	44	548	257	403	559	530	480	323	578	503	30	287	240	472	285	482	6	38	18	411	157	269	664	442	301	544	495	449	388	498	91	617	352	424	100	416	125	169	70	16	151	413	185
191	333	244	63	580	251	208	535	384	10	274	84	360	380	639	515	571	173	230	561	307	253	67	103	534	293	531	17	256	20	117	437	494	49	450	237	311	645	232	455	390	123	108	625	3	329	443	206	228	378
453	217	262	598	14	166	246	90	427	27	440	612	565	343	165	37	638	216	513	331	74	60	309	627	606	104	623	194	520	261	615	275	359	566	276	510	434	320	605	158	537	340	58	105	294	662	637	404	128	549
377	109	83	478	493	379	62	539	101	366	304	644	528	395	175	538	121	536	502	557	154	618	353	393	385	374	184	414	159	167	412	666	342	389	135	543	288	479	291	567	517	458	41	405	338	436	260	471	504	242
131	213	120	660	620	207	577	168	435	23	643	354	467	650	321	98	177	142	487	254	263	514	560	583	107	372	308	444	310	290	204	39	392	163	7	582	621	551	433	160	396	318	430	584	81	522	252	278	633	519
68	468	77	381	592	488	233	622	268	415	626	349	357	630	170	64	570	600	573	267	463	96	399	585	490	507	89	298	0	153	649	556	161	209	147	499	114	279	376	300	532	102	45	347	116	505	289	322	365	69
369	574	155	457	202	5	249	186	475	145	541	418	28	132	223	24	335	425	80	438	631	171	346	201	663	364	317	524	601	222	59	57	464	13	33	402	199	500	292	367	144	454	229	657	152	470	629	484	234	126
568	422	94	655	54	439	363	110	448	112	75	35	236	589	597	282	47	149	355	218	611	239	26	196	529	356	445	628	328	462	602	593	491	187	189	665	266	426	616	371	481	129	12	302	183	29	111	558	486	547
324	299	40	408	553	178	46	624	420	140	127	221	227	31	247	106	271	648	180	460	521	48	400	87	489	474	130	326	451	211	281	545	73	603	368	533	238	562	195	134	608	485	115	483	231	410	280	88	297	141
456	93	508	156	656	273	473	613	286	401	15	563	176	79	52	386	332	587	264	50	586	78	55	540	25	477	210	172	205	423	653	76	22	509	334	361	391	476	512	596	265	339	316	441	95	53	610	382	659	219
394	469	2	337	518	546	150	277	188	652	148	220	375	327	351	604	241	594	572	11	312	245	575	640	599	97	226	146	61	654	607	34	99	576	459	190	465	609	428	122	42	373	362	138	632	143	32	595	136	71
203	19	350	348	82	527	250	564	164	417	86	36	283	139	284	431	550	369	646	618	528	568	184	258	240	628	183	239	12	530	18	104	481	399	232	200	174	233	119	91	251	591	421	533	380	190	71	337	237	107
409	645	421	615	342	281	629	627	410	177	468	217	608	289	529	379	223	209	128	267	41	344	309	414	240	435	186	119	125	173	553	253	525	569	148	663	573	179	601	451	104	341	343	127	259	389	243	318	29	136
100	523	193	509	276	78	143	590	496	338	204	535	522	466	483	653	166	561	174	77	540	406	640	477	621	659	138	531	657	97	472	156	554	325	430	478	650	16	440	80	315	237	565	263	607	175	205	236	388	66
636	386	398	507	90	558	609	427	480	288	144	212	336	370	500	27	246	134	141	499	641	269	62	108	464	68	439	457	120	568	460	295	662	504	381	602	362	479	301	582	526	444	637	230	264	202	339	157	322	28
268	1	235	198	45	623	358	270	85	484	12	308	570	324	340	132	333	591	51	311	505	274	571	614	233	83	14	633	207	380	539	32	438	495	67	168	273	575	278	335	491	213	195	649	532	171	79	617	145	286
356	345	56	58	600	619	229	86	545	635	548	489	302	241	225	316	350	219	74	357	397	432	559	584	201	245	408	76	359	199	275	266	544	31	463	664	445	638	39	107	331	465	390	180	596	280	188	221	481	192
352	592	425	185	488	82	328	597	330	605	319	538	366	137	564	530	546	285	106	63	656	519	587	588	631	514	112	33	436	616	298	376	8	89	178	87	35	294	658	158	543	54	153	260	247	261	224	503	346	203
454	515	57	576	160	613	95	317	94	471	399	417	211	355	22	297	184	502	456	392	305	542	462	234	303	71	405	547	606	46	332	648	10	115	482	654	610	327	517	139	382	437	249	163	486	349	69	497	116	473
492	651	84	170	220	411	431	42	347	296	455	424	310	162	550	598	91	351	334	467	624	476	585	321	172	126	17	353	634	140	47	372	196	312	19	557	655	354	368	75	182	391	401	378	103	395	150	101	572	555
470	643	541	374	133	518	52	314	59	0	620	65	661	594	603	434	443	348	227	218	164	142	169	383	412	36	183	53	527	363	292	458	252	628	556	420	646	428	272	176	5	254	448	197	442	191	3	313	647	81
578	612	291	121	560	528	611	18	365	323	304	284	4	329	506	639	377	194	537	226	387	485	394	159	665	181	593	534	622	400	30	43	23	551	255	251	433	279	258	626	511	510	487	422	367	149	494	403	490	449
200	111	92	135	124	11	549	88	20	574	604	567	632	450	271	232	44	257	13	105	72	419	533	452	364	117	418	216	283	369	469	293	337	7	129	55	222	501	299	415	24	580	113	375	48	248	167	122	151	583
6	360	208	521	190	210	385	187	563	416	189	114	64	589	25	652	599	73	508	441	642	666	618	228	130	552	250	423	61	461	49	307	493	384	581	475	447	282	579	287	393	155	300	147	99	402	306	396	2	644
429	630	152	161	102	40	239	566	513	214	131	9	256	512	109	516	326	242	60	206	34	520	26	38	96	215	154	165	265	625	15	277	453	524	562	536	320	238	262	118	70	373	404	371	595	244	231	498	474	426
660	459	290	98	21	407	123	93	413	361	110	146	37	446	577	50	586	349	122	441	411	134	664	275	85	384	324	395	218	622	290	157	124	495	204	147	524	221	243	479	273	137	371	176	95	424	446	74	570	499
502	513	628	10	301	656	181	13	164	366	663	118	410	225	70	559	157	133	218	394	138	300	95	460	116	370	236	315	212	289	97	325	384	241	653	299	46	165	589	252	208	421	290	210	56	412	426	359	163	556
277	500	418	395	583	445	474	240	308	216	195	640	338	282	303	644	2	124	344	627	451	569	402	256	194	413	553	368	355	634	86	183	268	307	175	72	392	91	528	331	19	470	545	73	492	495	645	82	35	158
537	452	121	555	255	596	343	626	497	14	306	578	568	100	200	76	385	618	302	327	155	83	456	597	102	479	539	203	517	6	520	406	3	441	372	257	109	638	297	518	28	503	7	334	532	37	427	204	69	531
339	391	305	304	540	111	570	292	341	658	103	85	482	142	106	64	222	363	641	127	298	660	207	279	485	192	476	94	542	25	606	93	98	153	294	510	156	487	501	622	581	633	558	449	620	283	335	228	274	592
358	189	364	398	599	614	229	81	39	588	664	92	603	273	145	187	209	468	214	577	651	643	221	55	53	278	319	170	123	591	62	435	66	107	61	84	580	23	51	389	247	652	662	249	244	489	96	665	374	562
563	590	496	182	538	483	541	575	141	265	404	285	567	353	261	173	260	254	262	169	399	594	318	245	464	362	134	467	38	608	388	365	361	623	314	4	446	512	146	408	68	198	26	431	636	22	57	654	140	425
473	609	206	253	63	284	188	21	177	328	647	276	639	87	409	152	465	624	429	311	309	89	393	191	602	101	40	215	258	514	48	174	230	160	631	131	271	148	242	432	416	414	655	659	572	574	135	477	132	201
430	401	543	475	36	248	190	386	504	598	642	80	128	293	337	635	593	369	246	579	224	75	150	33	239	34	454	600	396	272	251	610	527	180	490	322	648	313	565	440	223	340	356	354	44	171	605	499	205	407
139	267	561	616	143	352	411	453	336	151	231	549	79	27	547	457	108	522	41	351	136	630	584	113	571	232	557	387	65	526	119	120	378	403	486	455	45	234	0	346	184	521	8	226	219	381	447	291	32	147
217	625	360	546	373	286	611	129	564	466	516	185	434	323	312	420	310	9	333	269	461	233	110	144	105	491	54	448	530	250	484	566	637	162	243	604	31	529	586	130	329	422	582	320	202	375	459	168	552	166
178	47	601	515	18	535	506	419	122	595	488	49	615	270	88	213	211	443	632	59	238	397	607	275	321	472	519	161	227	576	345	266	469	326	463	281	405	551	367	99	536	548	585	498	71	12	619	20	508	357
176	390	179	342	220	172	330	534	16	533	114	382	196	296	613	235	259	193	661	159	423	554	493	424	280	74	349	379	437	347	42	433	415	295	649	316	125	199	24	137	438	186	650	60	629	115	52	666	58	550
288	428	587	30	383	471	112	462	117	573	376	458	17	621	149	78	317	263	436	442	67	50	77	507	525	5	480	560	324	478	264	167	380	237	646	348	505	400	511	197	332	509	439	350	544	43	523	1	494	417
126	104	15	450	29	371	11	657	444	287	481	612	617	377	90	524	154	8	191	634	387	53	127	459	365	607	49	604	306	640	46	24	431	449	210	430	78	502	356	556	165	22	526	614	598	131	209	74	104	86
479	407	576	636	285	2	431	383	309	126	167	32	627	358	612	216	135	453	365	559	157	616	490	110	50	43	386	41	1	200	541	318	378	451	562	203	642	47	281	339	633	109	70	538	175	456	563	434	336	156
266	15	550	31	237	396	430	96	648	122	557	90	212	478	239	75	136	349	37	141	246	29	603	497	569	375	18	155	71	484	510	457	119	474	626	650	617	72	153	664	140	416	344	422	177	443	260	73	306	289
170	104	252	165	445	199	307	178	410	123	586	6	589	230	415	250	535	204	461	551	482	518	327	106	498	55	596	523	512	346	470	134	264	190	377	652	609	44	450	241	341	631	485	597	171	207	293	131	534	69
354	35	166	335	196	500	372	39	340	665	88	529	380	30	248	62	501	481	99	426	210	232	593	637	22	214	128	402	154	219	590	218	208	491	38	188	382	604	371	311	4	489	595	305	114	421	473	613	632	274
111	544	100	299	67	390	433	444	83	226	205	64	619	661	454	635	502	14	455	644	209	591	121	488	663	528	548	262	127	329	618	164	571	180	257	36	376	507	231	561	513	94	130	280	221	537	499	265	150	81
222	117	516	638	24	79	653	553	398	624	584	504	60	348	403	406	169	89	334	468	235	492	639	213	195	105	181	575	533	240	379	505	284	437	320	292	351	536	389	625	187	462	588	87	46	360	63	198	54	363
147	138	572	148	215	600	598	508	316	112	319	286	173	439	519	78	278	68	428	526	438	144	302	417	574	57	369	409	160	385	304	113	98	101	82	107	384	312	51	223	511	646	370	381	45	324	27	373	20	606
77	361	249	56	80	387	229	243	26	400	362	91	394	279	566	331	660	192	86	555	460	582	503	42	19	405	506	61	353	425	298	258	191	585	605	350	13	342	643	259	193	654	93	328	413	66	189	185	271	649
549	579	645	116	255	176	184	28	197	364	543	495	295	97	577	332	58	368	601	621	540	283	475	452	592	182	391	296	411	48	440	630	220	458	493	531	412	132	442	583	0	483	297	570	659	471	545	53	614	290
245	33	163	515	429	634	427	530	333	179	158	532	3	558	108	206	244	145	151	115	84	23	599	397	459	225	330	287	194	522	355	441	367	118	521	568	345	464	202	9	359	554	448	655	103	388	446	186	227	34
338	76	120	325	539	40	139	435	524	352	542	142	10	420	74	25	494	247	211	366	313	168	392	408	133	395	343	587	602	129	254	326	146	629	159	7	393	651	322	607	321	8	399	560	270	308	224	161	628	275
174	594	419	233	467	656	436	323	608	314	291	16	487	641	217	623	137	256	95	480	234	152	615	509	52	125	432	546	552	273	469	251	662	449	277	172	423	317	620	658	49	514	201	418	149	465	59	17	282	547
162	315	261	310	666	337	228	610	11	611	238	476	65	647	143	253	268	288	657	486	272	520	12	92	263	300	276	556	527	472	581	477	424	242	466	85	525	578	640	102	580	294	374	357	347	356	5	496	269	414
267	517	21	401	463	622	404	124	183	301	447	303	236	564	565	567	573	28	22	507	194	383	44	614	106	49	271	537	200	227	324	126	626	258	349	209	646	483	424	159	591	447	291	187	30	74	413	473	615	225
234	226	583	60	149	479	189	579	512	263	470	544	297	473	103	305	195	486	303	388	136	365	528	585	397	217	163	617	113	6	463	426	206	171	454	482	614	516	256	241	287	457	542	596	11	610	85	332	199	100
588	70	232	520	500	274	437	54	447	601	267	278	606	93	1	357	557	441	283	293	650	572	361	43	501	339	236	620	625	592	80	604	157	530	119	187	242	391	546	590	148	600	509	418	562	630	639	112	323	73
611	517	586	46	576	300	37	36	385	556	275	515	28	128	294	656	336	99	44	511	327	648	298	14	154	182	325	180	142	615	450	371	130	619	436	444	376	169	308	449	81	258	422	571	117	53	593	251	281	355
17	122	616	320	362	527	432	145	166	123	174	661	165	248	351	185	42	150	191	649	94	367	311	393	285	35	115	431	506	51	411	29	360	348	72	235	146	249	87	246	595	276	334	492	219	302	354	443	491	455
548	151	9	498	399	338	415	603	19	265	104	375	190	139	280	540	254	569	425	86	659	445	468	95	641	503	260	464	38	153	91	186	624	532	207	76	645	164	627	140	23	27	118	304	647	176	179	605	16	30
392	598	472	286	370	660	209	655	343	538	507	534	8	552	642	580	74	652	560	597	230	555	160	402	7	409	71	329	282	631	134	644	121	347	635	228	20	84	477	483	577	192	48	212	654	326	387	536	372	32
481	382	193	253	96	79	406	273	407	238	220	59	504	57	312	404	262	289	665	607	510	337	637	549	342	350	222	488	636	453	494	462	358	63	61	349	344	629	83	460	196	476	541	666	374	125	88	495	364	480
89	632	127	229	143	56	602	64	135	67	377	201	395	626	205	58	646	173	414	124	316	433	394	129	47	295	33	15	608	386	389	398	467	574	340	643	526	356	663	469	133	568	255	34	373	416	215	564	369	452
172	419	485	381	405	478	446	223	524	108	198	442	496	459	521	175	573	208	545	2	390	328	240	264	519	90	49	578	554	306	438	3	231	69	623	147	216	531	489	290	458	259	211	594	599	550	539	310	126	184
168	400	582	97	301	570	315	317	116	525	368	224	502	613	319	581	456	497	233	75	341	271	204	237	40	109	22	591	66	296	558	188	396	493	120	474	448	292	487	440	39	158	353	203	345	284	111	50	612	213
245	102	621	257	227	565	279	156	412	471	439	18	25	137	651	250	633	333	421	359	567	379	12	21	428	331	10	65	662	523	518	533	505	321	563	529	324	52	352	499	561	634	291	114	247	221	535	170	218	537
41	427	434	653	309	62	77	288	420	202	144	270	322	543	194	131	167	466	513	522	313	618	484	98	657	490	45	547	4	177	106	413	155	584	429	181	318	383	13	252	346	475	152	5	423	363	55	299	269	609
141	243	575	587	553	366	110	559	589	435	107	68	622	330	162	82	161	410	566	214	200	465	92	424	132	31	628	461	403	408	277	225	178	159	307	78	658	638	384	0	26	401	138	514	551	24	239	266	640	451
430	378	183	244	508	417	105	664	197	268	335	380	261	314	101	210	272	526	252	168	542	355	91	517	455	656	60	232	113	380	387	145	188	556	360	388	535	151	48	329	635	221	51	641	476	438	17	314	573	73
296	597	364	361	322	449	32	626	403	629	190	517	55	654	327	558	332	8	599	232	281	142	229	160	320	307	120	380	568	80	643	433	592	37	214	625	199	56	264	528	196	494	302	83	125	19	49	614	288	660
167	257	369	277	607	586	213	117	132	376	78	413	495	591	407	343	561	328	541	484	211	259	507	461	305	237	467	304	589	373	272	556	134	350	420	34	360	274	52	501	62	168	362	476	513	574	405	90	366	539
644	653	144	111	588	432	486	204	218	77	551	158	185	610	16	627	431	70	44	481	299	548	143	110	312	479	583	273	485	529	639	463	145	242	353	180	636	105	569	418	146	462	151	189	150	521	530	21	206	339
29	469	104	527	88	615	509	587	600	60	329	428	93	440	228	154	490	13	397	571	609	222	115	317	50	208	570	446	385	54	161	205	546	429	389	241	504	404	99	646	665	148	471	534	177	1	579	233	330	126
443	565	75	98	202	116	236	293	188	69	483	408	445	658	282	500	22	596	133	344	617	633	45	451	533	506	508	496	10	545	152	337	248	477	381	580	340	216	635	290	474	535	613	602	25	379	224	655	642	169
179	492	458	578	285	291	562	183	35	40	253	283	271	423	436	536	192	398	207	491	4	630	435	65	82	225	2	553	663	86	166	377	249	611	424	452	354	76	294	367	516	163	632	378	503	265	175	631	650	441
18	59	135	67	270	439	255	275	497	301	72	39	537	391	419	108	137	324	624	297	347	230	153	518	453	100	478	308	641	666	17	374	498	584	48	245	638	645	604	310	538	280	395	157	200	23	33	585	576	524
97	475	573	457	79	85	300	287	182	616	267	557	217	240	106	316	526	159	547	201	109	94	221	114	178	472	371	197	502	559	20	514	564	122	309	223	450	657	140	365	499	276	356	411	370	58	41	487	622	186
