0,0
943	176	952	847	974	879	704	817	191	11	882	700	852	271	634	890	588	928	721	64	511	507	244	450	811	138	193	642	173	772	536	211	179	195	299	315	936	743	578	942	699	618	408	304	485	181	120	375	222	298
22	277	709	410	274	675	590	27	448	323	697	706	399	230	524	685	438	300	663	739	525	594	778	945	139	196	547	571	318	437	934	483	280	131	546	610	45	491	799	307	1	843	678	621	417	264	827	770	538	510
250	917	88	52	871	75	853	425	235	172	43	153	788	354	171	443	68	121	833	620	192	672	641	501	225	947	16	428	803	177	403	429	908	823	92	339	742	854	285	638	667	544	104	601	155	911	822	647	926	688
893	748	970	384	6	664	846	440	249	877	335	738	325	223	445	767	85	800	34	124	442	885	495	248	378	361	789	411	374	694	31	603	370	293	985	935	696	570	233	349	479	334	514	188	194	218	240	418	449	582
513	261	12	284	305	600	776	676	806	932	529	968	586	716	625	39	802	174	584	415	190	353	143	508	718	845	140	728	840	203	753	808	830	252	596	94	666	57	793	217	520	475	197	163	635	631	759	740	152	682
142	567	287	810	345	116	295	392	941	679	294	702	167	467	30	398	419	37	100	326	245	80	844	84	698	861	383	639	242	724	157	963	628	773	658	875	500	593	35	537	795	661	260	735	609	565	99	78	132	87
292	329	237	669	108	487	896	175	765	569	722	939	161	850	573	358	254	623	426	659	7	504	701	444	183	692	102	322	387	56	562	33	126	710	60	548	929	184	309	651	828	673	262	456	792	719	622	20	220	381
612	819	302	159	47	486	809	278	166	905	723	555	169	431	497	379	482	351	147	576	414	115	805	24	712	824	65	750	76	539	276	272	518	311	519	28	202	164	69	859	617	97	577	130	729	988	367	96	918	273
940	224	558	303	484	413	151	568	737	489	447	402	110	580	21	170	851	904	872	72	643	215	946	757	629	105	10	873	774	956	91	559	228	441	969	259	114	961	566	857	341	499	829	317	463	29	389	579	572	598
452	199	731	971	650	604	396	257	133	849	282	231	236	457	109	462	372	473	838	915	637	407	906	492	238	826	296	531	813	867	714	987	466	615	880	581	972	654	602	229	107	253	922	377	70	962	812	614	889	390
424	695	807	333	141	435	592	927	386	781	764	752	786	914	118	336	154	958	960	761	726	136	613	50	241	693	98	734	451	633	83	611	405	61	146	400	162	59	306	3	703	768	754	119	210	509	888	957	266	897
129	279	522	81	931	564	469	178	899	948	711	111	912	684	14	214	821	327	160	476	978	458	26	619	787	884	900	585	25	646	848	649	49	439	38	980	982	950	790	343	870	312	549	66	205	494	862	226	481	289
433	148	478	301	227	149	212	101	983	842	605	587	332	488	626	951	23	707	113	913	308	938	989	720	986	365	560	550	916	979	832	63	517	839	219	858	460	58	2	208	599	477	834	391	959	505	275	348	106	541
751	198	17	794	831	575	281	352	976	636	944	532	359	187	207	165	837	892	269	616	763	288	687	775	251	512	36	394	297	19	310	553	267	112	686	632	291	891	644	878	189	247	5	660	563	855	705	145	471	204
866	898	397	316	432	816	533	362	791	933	127	561	782	841	314	423	331	656	552	404	474	368	730	835	42	388	117	493	270	324	744	0	9	55	894	886	909	455	869	595	924	717	319	385	556	981	434	18	769	954
186	86	910	503	46	168	674	863	221	907	436	815	949	975	814	820	258	137	330	376	454	158	708	180	521	771	32	150	263	777	103	347	551	540	350	727	516	681	953	213	465	206	665	984	542	255	412	328	725	648
583	346	874	427	836	680	977	741	736	683	607	779	421	470	627	459	876	373	48	964	506	589	758	883	82	355	95	446	67	608	534	766	422	380	756	201	357	671	128	144	401	209	286	498	268	90	41	923	745	337
416	895	234	366	53	690	785	243	79	51	526	887	338	340	784	797	515	535	640	677	713	557	902	865	747	313	749	554	232	901	591	185	973	62	480	732	780	624	523	662	746	597	246	134	655	903	461	783	360	290
182	364	818	856	920	921	4	645	44	472	864	762	468	801	796	715	135	430	657	930	965	71	630	464	937	15	393	216	74	668	967	760	606	919	406	955	93	530	283	804	825	543	321	652	89	670	798	342	860	653
382	409	755	13	453	77	966	691	689	868	200	545	574	122	363	344	54	395	239	356	528	371	420	502	40	490	256	73	8	881	925	496	733	156	123	369	320	527	125	265	880	705	892	174	329	502	277	401	702	134
316	557	988	982	510	304	196	707	267	144	936	745	807	684	677	554	603	218	340	681	2	626	985	561	971	263	822	702	294	675	591	853	423	422	88	431	953	397	586	588	407	95	268	235	881	101	276	943	286	924
219	29	176	404	794	241	791	863	798	459	148	701	347	665	388	325	762	638	868	522	680	973	604	395	648	285	895	53	3	537	738	811	323	653	969	102	280	696	809	575	828	308	45	372	495	718	250	386	84	230
910	172	536	582	869	264	786	614	532	846	566	489	216	610	375	842	704	576	174	424	958	324	322	138	229	275	136	396	150	380	311	355	110	833	635	233	547	662	963	902	353	462	57	335	200	664	125	907	313	90
466	439	502	492	498	212	888	866	175	682	293	456	540	806	435	471	539	989	672	839	764	307	517	68	453	484	772	777	836	727	795	91	580	957	154	512	295	126	562	474	105	757	956	419	472	736	134	609	132	329
237	752	38	565	776	940	179	16	9	443	326	919	103	225	408	913	654	460	700	832	649	581	719	870	339	574	825	98	246	692	823	272	737	28	22	178	747	970	376	27	447	942	394	379	780	645	628	387	385	161
872	373	607	658	40	880	82	427	226	896	92	789	861	20	13	128	847	399	145	817	805	792	26	494	52	333	927	465	824	413	605	877	205	841	405	0	245	182	429	711	248	80	589	487	482	130	470	365	769	181
107	775	479	190	965	418	568	400	346	55	409	127	726	382	374	974	165	236	140	871	686	966	865	986	480	722	728	334	420	56	156	761	360	507	620	321	444	341	137	151	298	458	987	18	66	864	663	412	916	312
570	83	917	964	755	765	234	979	855	338	303	644	496	336	254	142	256	959	104	222	925	446	931	31	152	279	885	383	899	119	862	593	731	695	282	47	58	398	189	629	437	392	160	87	139	608	121	6	213	231
15	42	875	729	278	224	636	240	627	983	746	802	114	97	641	673	659	528	330	856	277	773	168	599	54	893	819	169	239	255	454	352	759	548	141	100	858	549	173	550	451	171	33	650	840	844	149	48	185	976
442	763	678	519	25	703	129	514	909	543	617	687	709	292	96	167	767	800	694	874	947	183	676	469	64	426	433	115	147	197	733	356	571	515	889	46	61	198	633	79	192	76	559	332	367	473	49	43	499	202
781	667	73	210	564	749	468	690	611	359	51	403	265	634	207	730	317	78	598	331	915	436	464	884	837	748	577	526	771	838	808	457	867	166	525	623	651	112	592	810	579	972	117	421	743	135	23	155	922	668
912	981	262	784	361	962	488	691	337	708	62	261	887	59	430	655	193	531	534	882	619	357	666	766	860	621	7	545	831	533	1	753	944	939	595	849	613	977	804	911	214	674	814	952	920	209	297	249	11	390
368	299	305	812	503	223	935	370	351	350	191	39	401	558	587	751	850	195	705	258	622	72	657	643	706	774	358	289	689	393	269	118	455	406	364	164	242	590	504	914	900	516	563	625	70	309	116	143	389	89
441	201	848	208	445	123	584	897	306	615	829	827	688	511	211	452	501	366	77	381	904	639	642	597	918	572	975	929	215	232	886	742	342	14	815	486	908	497	883	756	71	567	345	560	530	852	778	509	481	153
17	685	34	270	890	783	744	968	274	984	624	111	75	901	553	86	500	228	327	879	735	740	529	302	741	170	527	921	878	699	779	320	961	602	937	632	50	5	252	199	782	63	950	697	411	671	930	830	328	606
124	251	723	44	296	652	131	203	631	524	475	712	820	485	253	163	669	12	928	391	122	923	941	906	184	898	640	616	508	227	41	859	797	146	660	434	271	244	478	618	106	188	739	10	661	801	967	257	273	384
596	281	483	734	646	438	843	344	74	467	450	260	448	343	288	926	754	724	30	159	194	715	934	938	238	60	793	24	750	601	612	287	854	410	725	477	542	978	716	720	857	378	113	521	585	490	8	221	428	538
954	414	362	945	440	583	220	493	349	760	785	520	65	476	243	133	541	594	544	463	955	94	873	162	693	796	821	816	301	523	949	108	4	505	826	206	120	461	310	555	314	425	960	569	491	369	803	932	556	573
158	732	600	204	670	348	99	813	377	32	417	713	177	799	93	835	371	851	315	363	69	892	291	535	788	948	109	19	186	551	721	946	318	157	717	637	647	980	876	845	21	518	36	679	714	506	905	933	416	402
710	768	187	449	415	247	758	81	513	290	217	656	787	790	578	903	266	770	894	432	283	951	630	35	284	354	891	698	259	818	319	300	37	552	834	85	67	683	546	180	738	294	415	555	346	4	530	237	876	766
427	347	812	874	864	107	70	692	463	886	745	135	222	201	793	579	923	883	133	134	581	777	418	331	396	65	482	655	101	725	506	492	81	374	947	372	816	346	338	368	450	16	735	599	726	772	452	126	690	79
719	136	290	354	30	319	108	963	42	961	594	120	46	595	124	9	286	166	420	267	962	181	495	981	15	289	980	546	958	693	87	711	517	858	31	582	333	404	835	403	40	366	715	325	294	553	544	780	629	930
723	307	261	434	611	97	632	950	143	335	306	560	206	867	23	548	457	826	85	292	90	746	20	940	965	791	838	189	846	912	464	190	588	140	606	146	54	311	493	824	377	249	900	269	194	899	591	413	475	740
49	385	805	640	839	742	705	245	424	796	718	300	618	89	363	575	58	609	88	60	240	497	375	121	545	218	775	836	986	248	192	43	511	840	985	362	439	818	342	787	869	276	57	436	563	639	946	802	485	803
117	521	147	41	592	586	355	879	806	769	848	674	515	510	456	856	193	643	761	29	685	921	283	733	161	739	229	454	12	573	562	95	729	132	712	98	322	484	28	815	264	984	53	142	376	487	783	885	314	600
227	969	975	11	453	137	905	758	915	536	809	66	597	543	330	282	784	525	279	169	646	327	737	694	430	445	274	893	110	382	765	819	340	744	870	414	310	614	888	854	433	983	425	237	435	774	459	71	389	45
212	208	892	659	527	612	760	129	304	945	820	24	116	115	621	677	528	916	228	576	578	925	103	285	764	230	353	960	291	388	807	952	184	476	183	339	80	196	272	948	73	942	630	284	334	344	768	277	748	752
231	141	498	213	179	743	987	556	814	554	256	696	897	890	593	114	32	316	443	168	275	406	686	224	673	904	398	518	938	552	559	702	394	505	259	67	757	251	587	974	569	931	732	616	631	470	977	235	944	641
152	244	370	170	665	350	483	494	762	223	0	130	432	934	239	662	738	647	123	3	198	884	810	707	698	782	605	148	516	411	204	63	778	959	17	859	866	896	691	50	862	830	472	174	149	440	219	8	589	361
615	973	508	474	337	666	566	323	568	271	676	704	241	164	537	205	551	408	622	490	841	529	250	422	92	706	109	336	165	755	318	825	502	96	689	972	881	172	175	920	872	159	478	714	386	145	417	1	467	113
903	873	268	700	303	309	620	491	139	645	658	298	441	538	577	898	555	448	477	263	156	790	968	633	902	672	829	679	970	644	801	683	727	243	209	186	534	154	86	106	185	400	151	542	939	197	842	850	637	966
390	851	496	500	4	601	935	253	51	652	860	868	949	373	865	369	722	880	410	349	461	532	176	270	834	941	177	779	345	572	312	22	681	937	35	180	535	603	751	215	853	756	480	910	238	653	843	305	789	10
252	39	68	449	667	26	321	590	792	93	18	623	188	25	91	150	216	914	462	173	891	570	697	988	964	56	567	171	907	813	628	956	351	383	278	409	876	226	598	48	503	804	928	785	763	736	798	381	246	747
62	127	144	901	260	861	660	519	203	33	837	649	82	871	750	721	530	626	953	254	749	501	857	214	845	608	392	911	36	195	675	14	731	943	979	955	77	317	466	882	918	247	909	100	604	341	365	447	44	596
670	703	625	849	131	855	585	258	509	906	301	550	954	822	7	38	257	69	717	202	158	808	753	75	232	83	255	320	119	19	634	821	266	379	431	978	297	794	64	523	887	671	55	557	656	167	571	426	308	479
343	52	21	236	419	5	610	831	471	894	499	428	332	469	654	405	155	393	416	118	766	797	217	6	458	776	442	875	695	927	669	465	539	713	699	929	504	220	828	680	636	847	932	832	863	128	513	664	407	564
549	817	138	380	234	488	651	957	281	265	657	710	767	878	299	795	359	522	105	102	437	191	926	624	607	558	326	387	315	663	687	514	877	788	13	37	72	451	678	74	481	358	989	199	507	512	397	967	401	827
78	423	221	273	47	160	919	391	412	547	489	446	468	280	182	187	296	444	112	371	688	951	741	225	799	565	635	541	178	773	111	61	908	922	754	360	34	526	122	399	329	759	602	242	682	889	650	84	163	823
701	661	59	811	262	27	421	724	415	2	162	460	781	287	295	531	524	924	734	627	402	313	936	104	638	293	982	455	288	438	771	895	852	709	364	211	157	844	971	580	574	617	378	533	324	200	540	302	913	933
648	153	429	833	94	770	367	210	668	357	728	384	207	976	395	473	917	352	619	716	786	356	328	233	561	486	583	584	800	708	76	613	684	720	348	520	730	99	125	642	181	906	12	467	634	922	340	43	798	457
100	628	259	537	615	32	381	869	578	222	721	576	387	294	341	17	536	725	128	604	650	144	911	23	79	149	529	858	943	331	705	406	64	304	768	500	811	245	154	593	134	945	632	165	143	7	122	145	9	28
681	749	195	879	772	747	467	612	51	433	189	808	625	807	116	929	63	382	120	447	773	839	823	84	90	872	944	85	151	276	83	528	585	761	520	793	579	455	985	657	723	97	977	870	390	805	334	736	784	81
659	108	188	715	481	688	554	265	744	152	553	949	186	392	239	584	125	320	782	446	129	358	223	691	68	838	794	203	742	478	535	720	106	77	961	46	394	843	690	461	575	362	167	963	451	11	959	170	136	252
183	261	746	732	480	473	380	971	421	33	853	796	55	18	191	177	596	441	608	778	620	507	410	862	646	557	163	631	948	427	217	592	234	734	418	699	875	385	187	40	787	563	373	687	127	910	889	340	139	482
275	834	357	517	906	318	833	326	506	638	219	552	987	71	863	325	360	426	941	648	897	873	248	785	372	124	109	471	901	514	667	640	915	846	935	653	558	401	692	955	722	547	717	24	982	627	175	716	810	208
347	321	491	925	487	445	398	235	577	521	104	840	871	686	878	133	814	369	42	205	611	555	709	714	58	663	470	30	142	153	545	436	654	452	242	828	866	465	590	765	918	831	501	781	168	940	582	786	597	302
882	94	637	285	850	164	852	95	924	489	230	363	830	899	280	609	463	378	713	348	12	881	386	701	448	351	423	39	633	859	147	981	214	263	546	753	556	264	414	706	353	96	278	893	837	581	658	818	292	669
137	232	523	344	236	408	131	803	413	739	819	505	783	158	890	291	47	496	330	38	103	544	34	72	425	56	156	388	766	352	339	670	543	322	286	2	422	666	806	444	636	332	541	27	958	757	928	336	57	238
484	791	983	262	651	790	885	888	395	827	844	178	92	181	502	270	224	861	572	375	49	472	311	289	258	429	160	914	542	504	698	464	777	313	295	614	439	359	984	8	513	435	534	419	503	741	932	864	399	14
308	798	696	894	1	780	771	199	306	664	135	947	288	229	475	645	456	682	789	912	437	316	192	349	485	752	13	868	729	257	952	767	678	900	680	919	403	328	132	703	110	240	591	101	80	50	588	279	255	197
67	975	960	661	119	567	904	26	268	494	493	854	488	74	672	371	939	91	570	519	254	246	207	370	342	841	931	233	710	343	458	825	213	260	598	396	922	269	951	738	508	605	37	652	202	907	655	601	409	515
477	93	161	62	319	857	377	510	498	293	171	442	466	449	196	415	117	526	908	228	346	751	267	886	272	822	35	829	801	610	673	974	324	88	759	674	383	111	824	397	867	566	748	43	953	642	641	877	155	65
921	727	391	624	298	355	697	431	307	799	5	174	10	368	548	660	78	603	769	364	978	933	379	241	249	836	760	693	564	874	53	644	606	920	800	3	225	812	114	930	903	976	954	198	832	400	937	676	243	338
586	317	290	809	469	389	613	926	707	792	443	883	671	797	804	166	54	895	665	193	934	315	430	525	73	237	972	770	845	384	847	184	702	574	281	305	411	695	468	662	434	99	755	957	273	815	530	459	950	220
668	16	211	634	474	22	393	617	206	856	407	159	327	909	15	182	337	402	826	898	365	533	896	59	689	335	580	282	412	820	516	75	712	842	312	314	121	284	855	495	946	428	176	743	70	568	499	775	102	300
173	965	763	185	756	764	29	629	112	118	41	105	913	630	599	884	565	297	532	758	531	675	562	750	141	438	589	718	962	802	31	880	776	607	146	60	989	231	700	253	450	4	683	754	685	779	354	708	309	917
851	923	970	719	404	876	86	647	432	287	848	36	694	376	0	283	621	274	107	345	266	639	583	643	303	679	737	711	540	356	416	87	795	902	6	329	649	816	891	126	492	511	169	277	227	226	123	986	619	367
350	538	656	967	179	204	244	200	731	626	113	420	600	559	549	942	522	527	201	52	618	916	905	509	460	497	587	210	462	215	927	936	733	19	361	271	296	323	212	374	256	594	48	964	817	25	774	209	453	301
479	728	988	98	424	740	21	45	486	821	860	115	865	730	150	140	849	250	677	157	762	366	724	968	595	726	44	704	130	550	89	483	221	635	76	813	969	616	979	190	162	310	518	405	938	539	82	440	735	966
247	490	684	69	980	194	524	180	551	560	788	476	956	66	457	172	333	835	745	569	148	454	138	571	561	887	61	251	218	299	973	512	623	20	622	602	892	216	573	417	668	66	610	547	169	598	216	325	692	539
224	901	77	505	220	742	229	14	734	516	514	757	885	310	274	268	201	927	845	683	780	932	76	29	557	829	245	378	354	324	781	68	940	868	819	436	108	632	974	777	372	761	530	492	267	28	842	585	599	180
456	654	738	592	355	895	769	521	726	710	469	418	890	564	249	240	302	627	729	449	620	764	691	417	327	568	536	223	349	575	235	156	948	499	535	63	861	744	100	454	136	107	33	657	515	751	986	719	811	775
464	616	776	148	89	158	902	475	193	830	942	308	600	66	87	35	90	915	797	369	16	246	625	397	607	631	273	202	143	784	434	86	178	543	939	617	822	561	871	951	266	647	714	916	827	648	314	460	221	772
353	843	790	837	795	984	730	945	160	296	10	937	546	519	588	71	914	934	731	368	286	288	272	395	608	803	579	889	523	457	84	668	653	207	259	615	946	677	539	541	441	125	359	656	362	862	520	783	91	95
78	770	468	586	841	298	297	619	671	437	312	403	17	750	398	412	311	47	116	196	778	335	19	497	394	787	112	888	182	733	562	802	589	524	363	961	956	166	828	938	389	709	445	745	534	502	651	793	329	752
670	442	59	584	462	65	565	421	435	981	603	857	817	749	540	727	831	53	339	894	476	587	176	5	576	969	970	191	886	838	81	907	447	121	815	340	366	18	874	696	496	578	313	226	305	159	490	181	424	347
820	834	851	23	977	251	279	333	472	604	321	149	200	753	805	917	973	943	422	20	391	438	387	430	232	44	168	527	257	873	962	980	237	610	345	669	376	117	796	216	863	626	126	293	337	629	234	779	924	695
686	765	930	532	799	735	702	283	57	167	374	151	591	360	208	906	910	812	687	190	481	688	606	699	377	553	346	122	978	560	860	760	804	124	25	388	517	73	788	458	968	130	814	97	911	944	294	128	618	633
794	61	420	342	386	49	925	307	384	69	690	622	140	855	887	850	664	300	104	835	147	99	88	115	692	306	396	2	506	567	900	518	634	501	152	867	882	507	964	40	239	54	572	544	574	909	9	256	613	270
211	439	628	493	879	4	326	486	639	707	875	965	34	698	898	26	258	715	96	485	551	415	154	545	510	533	265	716	113	316	967	419	15	816	721	621	552	706	713	12	529	24	723	238	174	262	118	583	70	373
187	482	955	789	408	332	918	813	645	222	869	231	896	846	594	548	459	290	98	21	407	123	93	413	655	663	146	37	865	558	138	119	824	630	352	45	278	36	280	27	169	410	13	358	1	173	840	111	972	473
213	595	242	189	899	85	139	693	774	183	941	550	818	281	484	953	145	429	330	192	949	640	185	581	623	260	254	194	593	295	563	806	580	766	448	450	367	511	680	184	32	957	269	577	426	755	923	375	833	489
847	800	598	747	322	102	153	233	912	357	665	725	785	0	163	42	705	854	380	304	134	891	285	214	478	904	903	444	931	673	676	531	495	659	704	171	197	350	341	60	51	287	64	218	414	244	684	22	94	798
825	133	175	678	679	361	195	292	859	685	988	741	666	856	155	487	120	839	711	205	58	172	48	762	933	275	919	392	601	810	979	609	737	922	432	712	989	614	500	75	282	141	402	343	319	881	455	212	203	382
624	963	248	883	936	569	466	638	370	708	82	170	365	186	41	38	878	135	672	675	433	277	252	987	393	338	188	537	703	406	336	127	494	315	674	743	177	427	892	947	791	566	808	921	325	966	913	227	323	954
471	253	602	400	467	215	461	573	763	351	409	74	7	884	79	491	503	509	463	758	291	356	508	452	50	697	348	570	56	129	512	662	667	807	549	950	908	431	199	649	217	786	255	219	547	849	740	301	371	483
230	443	243	768	728	92	479	682	844	958	334	759	261	513	451	952	132	164	959	876	465	582	635	383	700	364	43	960	150	416	732	559	724	611	858	975	983	209	660	179	905	488	80	289	694	317	474	62	131	771
832	826	67	929	385	928	110	643	30	399	864	137	162	681	642	446	440	161	480	165	637	661	405	542	284	206	754	821	893	109	650	767	538	644	157	866	3	641	689	303	555	453	809	646	722	31	498	636	8	318
271	264	571	836	920	736	390	401	52	848	528	250	880	142	935	328	241	717	83	982	504	718	971	247	55	877	590	658	852	720	872	739	985	596	236	801	101	748	477	411	106	782	870	11	381	46	198	554	39	522
105	652	597	526	746	404	556	701	263	144	428	103	612	6	605	331	423	756	228	425	897	204	525	823	470	210	276	792	114	379	72	976	853	773	225	344	926	320	309	299	630	940	114	342	132	544	877	969	260	302
175	362	294	222	167	444	860	365	152	121	86	671	843	277	73	638	653	420	959	581	691	93	496	148	91	185	945	982	756	593	894	845	939	758	798	162	264	649	602	191	269	767	481	768	364	662	414	785	769	527
293	344	430	868	416	218	49	44	164	528	46	783	918	731	645	631	700	209	226	13	664	61	801	306	492	973	282	429	813	853	158	181	427	585	70	503	301	480	884	406	610	589	704	832	871	194	389	784	436	187
938	553	518	715	780	584	322	103	487	606	425	411	719	607	53	111	124	689	718	748	27	253	976	217	688	578	679	983	598	663	339	666	153	64	418	764	629	141	203	346	307	466	204	470	824	350	909	265	95	289
123	962	564	637	67	514	5	183	840	670	948	687	957	565	268	174	659	212	169	373	378	875	582	76	408	984	396	953	711	479	249	56	447	391	118	255	278	626	116	77	392	950	290	312	655	802	82	79	250	385
600	402	816	580	247	712	410	818	621	740	658	635	616	432	609	570	620	168	314	694	706	106	96	555	485	459	360	43	835	494	899	849	567	968	285	549	576	919	931	531	206	19	924	62	562	127	484	237	513	815
789	552	241	922	522	788	648	650	862	676	526	891	10	935	937	157	668	128	477	90	546	14	421	327	775	885	11	324	905	318	558	542	15	455	328	961	873	283	855	354	426	138	491	449	507	208	933	232	192	374
537	372	989	7	921	404	805	710	334	611	772	170	2	588	84	722	930	874	654	94	133	627	865	476	422	717	895	257	551	308	100	830	685	852	946	300	743	863	102	761	595	701	721	702	974	215	165	97	838	809
630	407	412	639	515	366	819	302	394	510	618	207	633	236	228	878	23	675	883	848	456	560	787	596	988	254	297	210	343	944	304	242	9	500	827	361	617	900	33	597	216	861	749	575	523	751	377	529	823	358
21	814	98	445	724	723	657	85	261	448	315	72	252	623	178	195	155	501	331	299	3	880	240	547	936	319	182	979	804	200	454	156	401	352	847	348	140	516	869	897	171	338	35	643	55	887	568	83	985	384
956	511	628	398	47	734	634	273	356	619	332	292	45	369	808	782	872	467	434	409	57	107	6	902	51	163	776	225	69	230	603	846	803	499	730	812	615	363	904	109	305	29	256	244	229	28	464	563	987	145
180	624	966	525	707	920	439	37	87	413	540	325	735	876	773	452	673	613	794	25	245	752	26	651	359	451	395	821	142	497	728	837	371	535	81	970	453	720	368	906	799	665	625	856	388	777	636	303	579	851
490	886	755	681	682	952	274	189	483	337	39	92	965	583	834	726	667	214	104	221	311	309	605	951	574	504	66	971	298	279	771	89	677	386	800	911	0	642	928	766	594	915	917	807	173	778	260	262	986	335
737	914	571	475	355	134	792	38	341	825	132	489	592	646	4	796	353	590	495	146	271	68	198	538	120	820	22	569	541	652	842	753	63	486	866	284	333	188	482	907	177	661	1	276	197	599	739	750	713	110
440	759	733	757	601	736	548	101	457	40	441	258	829	48	468	698	399	160	465	131	660	233	686	746	532	888	75	287	810	927	135	32	644	201	760	393	370	747	36	248	949	190	954	699	530	958	80	640	460	431
572	246	934	224	963	150	545	239	34	272	505	251	854	502	692	329	811	313	725	908	223	340	926	556	683	450	509	473	678	205	520	139	267	910	981	143	741	774	336	151	231	893	591	539	890	129	108	857	41	351
136	940	113	901	744	790	387	967	65	836	119	632	474	403	435	543	286	446	557	234	512	184	964	960	8	738	219	381	779	291	544	147	729	517	786	641	913	791	833	925	323	310	521	781	461	745	622	144	105	54
859	762	806	943	400	858	243	31	942	130	320	202	375	680	898	166	841	559	831	18	867	506	419	122	955	488	561	980	270	88	604	213	608	211	443	380	59	923	238	397	969	690	797	524	850	693	577	275	321	586
795	709	472	519	161	227	929	765	674	345	266	870	705	469	696	326	463	281	405	896	903	669	367	822	695	99	536	892	941	498	714	71	656	881	882	12	793	716	442	947	20	742	508	357	176	844	390	708	179	972
342	220	172	566	330	534	16	533	864	114	382	196	296	978	235	614	259	193	975	159	423	647	554	684	493	697	424	280	74	349	379	727	932	437	347	42	433	415	754	295	417	316	125	916	199	24	137	828	763	438
612	186	126	60	478	115	52	154	58	550	879	288	428	587	839	30	383	471	112	462	117	573	672	376	458	17	826	912	50	149	78	317	770	703	732	817	877	263	889	977	383	157	733	75	921	458	180	262	264	651
296	968	49	648	773	79	897	826	243	429	142	503	659	240	481	467	708	902	548	526	221	843	753	283	949	297	821	491	505	572	622	634	19	909	921	694	713	435	691	517	120	71	683	335	282	610	238	29	8	466
102	573	428	506	738	975	698	188	357	27	448	758	452	373	550	194	702	781	530	30	442	277	389	366	468	893	28	754	542	911	9	471	58	247	485	87	304	554	419	458	230	12	497	520	126	245	678	638	943	625
158	170	11	519	960	772	581	264	455	597	724	22	17	924	262	887	409	845	757	982	685	371	233	849	782	740	119	406	959	23	764	778	612	53	206	847	32	346	978	364	576	381	649	536	353	695	886	249	551	375
164	443	858	360	111	983	672	953	203	305	532	445	127	187	771	682	514	529	566	655	633	299	598	643	834	131	654	403	881	44	715	196	710	139	900	626	201	41	189	110	898	341	47	77	339	741	319	394	936	543
68	967	658	106	162	263	415	823	934	200	209	640	330	709	653	521	853	217	568	880	117	930	797	916	226	515	956	479	152	870	225	477	159	800	518	585	575	250	642	944	0	627	145	432	816	522	848	822	862	10
804	195	174	397	351	183	828	323	751	584	337	729	965	82	611	681	151	833	955	841	317	866	835	970	839	498	59	792	464	134	794	89	136	859	74	227	310	580	838	198	630	613	359	719	300	703	656	453	115	365
160	486	63	591	417	562	788	817	899	690	13	439	603	985	167	175	538	727	302	746	793	349	254	609	731	52	51	396	857	868	92	355	295	860	675	704	986	179	100	444	144	232	504	168	350	137	590	560	647	561
665	750	235	614	780	104	50	472	93	842	969	184	329	275	273	314	290	266	537	473	460	599	94	948	457	882	85	832	424	321	113	340	639	392	645	270	739	748	370	446	430	677	239	604	906	386	216	931	565	722
303	70	191	285	293	570	423	903	966	874	78	825	385	863	937	617	635	413	495	395	377	358	404	616	615	867	743	798	932	165	475	917	166	205	977	16	488	48	138	802	81	876	920	474	820	507	787	342	95	214
5	412	962	837	641	124	411	913	801	21	742	398	601	178	344	901	215	716	499	516	324	379	950	132	258	534	846	463	927	508	706	700	907	140	421	56	564	298	26	469	402	478	482	905	380	963	829	172	987	891
803	399	362	942	327	108	569	808	670	620	220	328	830	964	806	433	844	311	410	269	271	850	544	500	687	272	736	557	121	827	855	815	252	367	155	332	628	856	980	594	760	732	18	555	777	957	925	605	776	244
91	57	884	67	535	286	723	374	689	608	819	246	157	712	154	182	646	383	621	929	663	686	563	728	36	237	851	210	546	73	107	811	141	408	197	259	260	523	501	219	361	368	43	426	431	193	894	65	289	190
14	69	783	334	459	976	487	441	287	718	707	769	618	947	895	306	484	945	422	864	877	873	684	436	756	313	979	623	629	447	652	465	356	939	733	37	224	146	660	98	889	577	420	770	326	749	596	919	112	202
387	400	347	981	55	752	657	470	571	528	451	363	147	668	301	388	735	545	251	861	796	765	4	354	384	391	454	989	181	274	133	378	908	83	171	938	284	539	156	62	946	734	813	241	462	805	135	705	761	281
88	636	574	434	401	935	288	527	236	343	588	493	345	308	186	840	177	129	105	818	489	64	582	951	33	972	153	476	204	101	416	38	372	414	276	589	510	161	789	896	114	606	405	875	20	331	854	39	72	61
892	928	941	512	257	762	218	784	320	150	248	726	766	810	7	86	130	494	696	593	253	525	255	680	97	807	720	785	25	973	693	910	265	461	541	697	212	540	294	958	502	961	169	952	96	393	223	437	509	407
667	721	879	123	619	1	90	318	558	143	592	173	549	984	382	376	438	418	692	583	312	492	24	664	730	242	940	228	578	45	34	553	759	918	390	814	231	118	763	352	125	338	75	631	234	211	185	595	747	440
369	66	279	31	586	547	650	974	744	926	662	54	427	809	307	676	229	425	888	222	795	871	148	688	922	109	450	567	714	872	322	883	208	348	711	42	315	988	559	878	511	717	122	76	767	513	824	316	256	552
556	533	624	737	755	213	309	885	890	149	84	449	768	192	812	852	480	602	779	923	774	666	579	199	651	914	180	915	725	103	791	679	99	60	669	2	671	116	278	661	80	632	745	701	456	799	336	933	291	869
207	775	40	637	587	496	333	644	831	673	6	904	971	128	490	865	3	786	531	268	176	483	261	163	836	674	954	912	600	292	46	524	280	35	267	15	790	607	325	699	440	696	485	219	900	21	761	644	840	51
867	55	58	119	975	578	829	491	588	432	604	695	451	496	228	777	404	812	741	395	859	844	981	145	476	412	50	934	80	950	925	594	264	534	694	380	30	541	813	900	445	370	838	100	120	609	78	966	196	916
807	283	146	335	143	37	83	20	189	186	237	960	361	450	360	943	792	533	0	32	288	387	555	504	763	490	328	156	624	941	974	715	696	565	350	866	862	213	312	684	830	106	379	293	968	153	511	825	789	554
764	438	240	23	759	847	718	839	856	751	559	167	746	10	802	407	568	479	22	316	56	398	716	530	90	229	698	8	607	201	202	368	217	435	773	6	857	738	344	208	686	744	369	895	160	969	230	873	200	848
957	954	132	190	819	439	415	507	808	276	117	418	340	560	771	659	461	403	535	907	291	870	204	290	134	708	699	1	102	671	242	693	753	775	602	277	776	357	760	527	756	517	248	622	590	893	49	732	62	977
110	828	905	440	185	570	365	206	236	663	227	710	452	615	926	621	374	423	956	138	984	979	52	722	537	580	13	668	876	539	786	750	187	317	254	843	596	817	726	169	458	272	794	353	605	441	381	523	798	419
233	689	636	734	656	589	151	826	150	158	597	16	725	987	34	343	462	222	180	57	970	373	99	473	347	509	666	888	241	985	429	299	205	700	692	44	561	685	670	480	727	300	88	669	874	641	405	519	294	271
665	214	484	553	634	937	142	199	740	144	273	318	282	822	320	29	653	436	677	232	961	148	510	285	658	378	421	955	424	564	289	60	610	673	582	93	85	397	799	676	218	932	770	643	115	528	508	879	733	211
681	391	529	161	864	377	944	431	514	557	679	603	492	920	98	616	546	177	257	486	790	918	831	606	75	599	935	116	287	188	69	113	304	428	392	74	548	140	133	307	45	302	587	495	953	524	526	630	152	259
646	499	601	735	824	216	801	897	24	788	774	579	978	224	778	640	179	193	820	854	467	889	687	183	35	408	40	253	322	463	266	449	502	513	728	498	411	426	327	894	420	192	566	892	940	501	466	861	4	720
576	65	82	882	2	702	902	324	86	166	197	911	362	772	963	278	339	122	79	76	933	483	556	709	922	611	651	506	983	762	661	797	758	851	453	364	385	477	657	547	265	175	796	389	654	433	592	354	18	59
135	67	270	697	834	255	329	275	633	301	72	949	891	108	137	632	745	655	71	308	469	17	837	178	976	48	929	805	688	310	444	736	280	485	157	33	742	457	731	371	783	97	256	182	267	865	367	649	989	109
94	903	114	617	500	474	472	413	784	816	818	948	223	883	767	356	626	41	627	61	809	584	292	871	814	149	618	650	209	38	872	334	73	853	372	917	437	470	494	446	409	972	107	311	766	860	505	787	51	497
782	383	583	503	141	945	155	863	36	769	239	690	454	448	542	913	752	704	219	909	194	27	875	465	765	855	625	136	26	359	691	400	518	306	924	986	946	569	804	234	263	399	81	959	719	124	7	967	127	780
980	11	779	247	971	147	250	333	243	414	842	585	947	562	184	212	43	129	711	910	595	538	331	489	384	749	868	952	730	629	9	884	84	191	637	295	631	53	515	525	827	430	642	927	286	675	464	493	965	785
91	262	721	338	660	574	988	352	442	342	375	706	31	591	550	540	66	382	456	396	598	162	170	906	89	707	92	235	823	176	899	931	846	904	939	96	683	3	705	890	761	552	313	325	425	619	416	321	667	928
28	12	174	315	215	388	363	567	638	68	226	951	422	522	87	131	386	635	139	298	915	5	203	572	15	42	800	714	358	520	417	723	46	664	543	923	393	260	678	563	877	251	130	64	195	930	210	165	220	743
549	123	164	345	712	958	852	768	748	252	628	512	841	349	581	455	898	198	648	488	608	881	795	803	531	101	402	459	806	858	246	791	314	14	575	118	268	427	261	962	39	244	181	577	305	647	341	336	77	713
468	639	231	811	303	171	111	125	279	54	487	703	662	613	376	593	620	600	573	394	168	644	346	297	475	674	281	401	406	885	323	460	908	172	551	724	434	729	443	478	269	682	207	126	680	481	701	942	532	835
757	482	836	221	47	471	238	833	225	919	95	249	832	821	410	938	154	982	521	536	849	737	159	112	869	914	614	173	348	245	447	63	845	319	366	781	887	105	121	754	274	332	544	296	850	880	586	571	309	840
558	878	351	337	793	104	70	330	103	390	815	21	612	747	545	258	921	739	901	936	717	810	355	326	886	755	896	652	25	964	645	672	912	163	19	284	128	516	973	623	827	223	93	242	941	755	858	819	42	866