0,1
920	298	734	844	772	501	11	846	789	440	658	274	461	913	602	722	172	832	893	601	264	757	22	975	803	300	125	996	568	74	773	716	131	738	120	188	491	1084	695	16	625	492	735	253	495	191	305	64	761	537
27	273	638	318	545	1013	855	326	43	626	740	304	730	499	849	425	628	513	699	370	926	1016	573	569	1080	417	428	375	751	487	663	963	581	228	1067	841	930	781	639	124	833	847	618	679	874	933	323	284	233	378
486	576	997	393	139	109	593	485	374	623	953	952	737	211	353	244	442	641	821	916	718	177	828	558	843	104	1050	24	968	437	411	901	31	230	765	447	539	564	719	6	276	949	196	173	954	706	907	448	403	133
956	479	143	971	531	153	993	223	450	155	976	979	520	151	217	918	342	261	179	603	613	980	941	383	75	999	414	88	861	142	703	1064	1	1030	341	848	903	862	384	250	420	475	827	1054	307	1053	911	851	643	349
664	872	621	45	866	225	299	657	769	840	990	1003	483	1008	669	972	121	723	580	555	1073	271	52	566	203	195	1043	222	604	511	171	249	753	392	329	562	68	809	441	325	419	147	452	554	218	345	868	742	29	721
358	572	850	138	1040	430	1078	788	967	92	525	838	673	524	202	115	915	361	883	795	786	216	176	114	387	500	181	518	890	277	484	614	386	764	880	544	863	285	906	870	85	163	928	830	34	1066	867	76	235	507
248	334	369	399	39	287	240	193	1023	687	1063	947	743	229	192	615	194	294	1081	962	57	897	694	546	12	619	816	372	508	792	802	948	609	744	829	259	591	909	174	696	548	190	252	585	992	140	879	473	945	977
410	793	94	408	1027	934	622	514	197	335	752	961	637	152	413	698	946	661	443	116	418	688	649	852	805	339	1061	280	1062	536	167	69	295	30	429	1038	37	592	100	463	245	80	991	84	778	712	709	854	242	858
157	122	748	1017	1044	444	981	707	35	693	994	937	804	293	684	260	871	940	675	315	99	78	132	87	292	467	321	415	381	237	1088	108	598	668	175	431	631	590	482	445	939	951	1083	161	519	672	633	354	1010	886
504	254	965	10	578	7	141	610	904	565	987	183	823	102	322	1001	528	56	438	584	426	33	126	842	60	654	379	794	184	309	776	876	973	799	262	691	790	596	739	567	20	220	1068	728	398	389	510	302	159	47
529	895	278	1055	166	1047	857	1037	169	1034	629	726	817	927	351	547	807	456	65	888	966	836	831	272	559	666	311	28	164	97	873	1089	130	402	651	367	96	782	489	970	224	303	678	646	582	1076	110	21	170	344
72	767	449	215	859	896	105	731	91	1060	612	676	1006	724	317	577	692	878	538	571	199	1025	497	1082	775	720	396	257	282	231	236	457	462	588	1041	759	407	1048	750	238	296	635	957	768	1056	466	704	647	955	1022
891	107	377	70	824	1070	390	424	820	333	435	898	922	617	938	118	336	154	819	600	200	900	860	136	729	50	594	241	998	98	685	451	754	942	83	700	405	634	61	146	400	162	59	306	3	835	1035	908	892	119
210	509	523	822	266	570	924	129	279	522	81	899	1059	469	178	1046	620	1009	579	1077	705	111	468	811	14	214	702	327	160	476	8	458	26	1000	808	1033	611	182	697	25	770	882	774	814	49	439	38	1057	586	869
382	931	343	845	312	984	549	66	205	494	1011	226	481	642	289	433	148	478	301	686	227	149	212	101	156	989	605	587	332	488	995	659	1072	23	839	113	943	308	1065	265	853	689	320	365	667	560	550	791	135	1031
978	682	63	517	986	219	1007	650	460	58	894	2	208	1052	599	477	800	391	1018	505	275	348	711	106	541	889	198	17	935	905	575	281	352	1086	636	1069	532	359	187	207	165	950	1014	246	269	616	902	288	815	912
251	512	36	394	701	297	19	310	553	267	112	885	632	291	1020	1039	787	644	714	1029	189	710	247	5	660	563	1004	837	145	471	204	1015	1045	397	826	316	432	887	533	362	932	1058	127	561	969	988	314	423	331	656
552	404	806	474	763	368	864	982	42	388	117	493	270	324	881	0	1024	9	812	55	1042	1002	1051	455	1019	595	530	717	875	319	385	556	496	434	18	813	910	453	186	86	925	503	46	168	674	810	1012	221	1049	436
959	1071	1085	958	964	258	137	798	330	884	376	454	158	708	180	521	771	32	150	263	777	103	347	551	540	350	727	516	681	1074	213	465	206	665	123	542	877	255	412	328	725	648	583	346	1026	427	983	680	73	741
736	683	607	929	917	779	421	470	627	459	1028	373	48	363	506	589	758	1087	82	923	355	95	446	67	834	608	534	766	422	380	756	960	201	357	671	128	144	401	209	286	498	268	90	41	464	745	337	416	1005	234
944	366	921	53	690	785	243	79	51	526	1036	338	340	784	797	515	535	914	640	677	713	985	936	557	818	865	747	313	749	232	364	185	62	480	732	780	624	662	746	597	134	1021	655	856	783	360	290	71	4	645
44	472	762	801	796	715	630	15	1079	760	606	919	406	1075	93	283	825	543	652	89	670	653	409	755	13	77	974	574	54	395	239	356	371	502	40	490	256	1032	733	527	726	810	379	648	500	145	68	915	698	210
857	246	176	1054	622	472	133	1001	410	25	101	273	614	405	803	618	276	922	637	633	460	185	346	789	230	865	680	58	145	560	356	150	573	682	997	236	638	263	746	998	1064	124	843	552	778	657	914	325	253	237
1023	386	1000	729	965	245	880	282	782	799	1070	29	546	37	907	613	536	698	949	132	367	726	278	108	871	267	1052	600	286	404	1051	56	420	860	360	394	5	916	787	610	543	807	444	966	179	403	1016	446	863	322
332	991	83	953	958	41	691	142	235	732	130	690	3	768	344	765	706	591	764	888	969	1083	606	280	674	653	1040	919	569	1034	784	884	1082	795	963	904	540	520	929	304	1032	0	838	994	6	975	927	476	349	275
623	478	655	441	1038	951	728	24	416	42	801	219	1035	241	668	833	413	98	760	513	1030	712	823	362	432	899	851	395	1017	80	635	400	60	785	743	781	285	754	894	458	454	213	260	658	775	741	734	874	644	1055
148	1028	643	50	181	307	750	1026	506	372	252	216	1019	463	290	99	596	753	480	172	855	229	326	228	885	479	593	1072	893	343	312	125	738	515	138	1050	398	396	17	710	1045	65	640	143	601	1015	588	762	627	792
879	877	1088	163	212	582	417	620	499	967	831	1086	497	264	688	971	465	1060	2	861	336	272	770	850	292	486	210	495	422	844	392	136	556	345	541	418	1018	330	186	95	408	162	716	494	628	911	92	617	378	281
886	134	856	30	459	293	630	90	85	510	812	521	45	1077	231	1063	28	66	35	1084	700	438	53	824	1002	161	232	137	38	51	730	427	507	365	751	73	502	107	467	1037	86	1065	355	474	437	334	1047	1020	183	935
748	514	340	189	81	565	960	651	970	194	256	597	769	604	937	607	498	955	549	875	713	793	102	447	1008	735	981	205	171	1069	671	376	676	816	868	425	774	532	323	852	314	667	311	891	815	36	174	221	203	594
88	805	669	277	648	250	341	64	270	872	126	493	1066	551	40	233	1021	873	456	664	384	846	333	519	720	309	912	196	980	449	945	822	673	188	702	972	820	57	200	550	180	557	530	759	363	190	522	897	33	442
84	342	294	485	579	347	271	571	747	22	240	453	8	473	696	353	113	1079	391	776	990	296	605	1036	247	327	359	946	12	140	175	321	151	798	841	717	847	110	780	100	703	915	636	559	147	103	496	834	892	144
566	818	528	854	106	1080	705	208	204	1076	547	1089	313	878	382	105	909	1009	192	845	708	268	385	329	52	693	1087	371	435	788	539	756	535	890	646	999	939	218	68	429	167	835	828	1007	324	373	91	742	154	621
470	989	1006	1027	27	306	388	749	941	962	707	737	466	379	1044	21	487	16	9	779	817	761	933	451	529	302	225	837	397	316	387	616	517	1012	1057	178	736	443	462	283	772	548	731	119	55	423	122	82	169	226
1046	910	983	431	864	797	20	308	13	128	491	744	295	419	575	199	26	440	564	670	19	238	609	791	740	512	182	758	482	1073	248	592	677	310	773	839	619	197	335	469	686	15	1062	567	383	127	896	424	811	711
284	165	889	652	94	796	986	266	1003	645	67	800	926	987	568	156	1074	339	678	718	583	694	649	829	298	32	489	439	375	374	380	1049	18	578	243	484	739	626	149	475	928	827	369	757	675	407	234	542	338	303
1024	976	254	409	654	104	222	1048	771	348	31	152	849	428	402	279	399	206	721	631	577	699	47	570	701	87	876	918	414	160	599	139	121	518	725	527	554	492	634	1004	224	1013	1081	802	412	114	97	842	763	220
611	168	54	903	1056	159	681	239	255	1039	352	141	612	471	589	173	689	1053	683	917	858	661	48	697	931	727	832	537	129	719	544	982	43	170	96	679	524	483	944	586	574	157	695	354	830	426	433	115	659	709
957	1033	898	882	46	61	198	79	959	76	786	49	555	814	202	585	722	938	468	1059	984	859	265	1010	687	207	1085	317	78	663	576	948	331	477	436	641	464	10	259	328	870	526	853	562	925	836	1078	978	74	457
973	166	525	993	629	666	201	112	940	1022	450	964	766	921	1005	117	421	561	767	1061	135	23	155	291	819	866	77	177	300	262	954	361	244	488	809	901	337	1068	62	932	1071	261	461	59	430	790	924	1029	826	193
598	531	534	4	985	692	357	895	501	381	434	684	580	733	988	936	7	545	672	287	581	533	1	44	840	1075	490	943	595	821	538	977	714	481	1025	603	647	584	214	1043	288	187	69	209	297	660	249	1042	11	783
390	615	368	869	299	900	902	305	448	704	503	848	223	825	1014	370	608	913	351	350	662	883	191	942	39	401	867	558	587	251	415	968	195	146	974	258	724	992	72	881	752	794	1031	996	1067	920	184	908	358	289
715	950	1058	393	665	269	118	455	406	887	364	164	650	242	590	504	930	961	93	158	516	934	563	625	70	116	389	89	445	123	905	318	995	906	511	211	452	923	366	777	952	639	642	315	572	215	808	120	979	14
109	810	377	804	723	755	505	956	131	71	508	509	153	1041	685	34	947	411	274	806	813	624	745	111	75	553	1011	862	500	523	632	257	63	217	301	227	320	656	602	319	1066	433	972	413	759	780	593	330	432	132
1039	608	698	930	1038	730	883	472	543	513	838	804	741	673	600	404	209	270	677	989	58	1089	502	964	197	198	710	731	468	1064	355	709	459	652	534	827	477	356	244	810	495	170	593	1046	438	740	319	173	166	395
725	2	155	399	286	327	189	156	246	717	884	552	826	1061	711	180	437	834	153	604	702	181	790	214	193	368	850	602	854	913	364	446	560	833	953	1000	605	812	1075	819	529	789	955	967	686	3	701	221	773	782
1073	291	908	353	659	366	851	150	616	843	945	1022	617	584	1026	1029	82	998	555	808	330	612	914	184	937	828	931	157	678	344	599	300	891	407	235	6	140	680	462	482	941	430	733	923	589	514	38	864	267	457
695	298	499	423	339	962	915	636	536	666	55	933	981	660	776	22	897	550	679	658	289	65	116	669	676	278	487	954	128	1015	1005	755	420	775	162	784	124	708	620	1030	1065	506	149	516	763	1014	195	378	641	1017
370	518	175	805	661	963	380	801	141	835	67	1051	690	582	461	409	750	554	825	357	632	647	284	398	657	464	30	146	54	511	902	342	924	9	867	870	185	125	528	995	51	29	205	692	779	417	85	922	204	143
203	34	97	363	135	877	566	121	842	458	503	483	683	15	17	88	216	249	147	975	87	127	46	118	524	823	478	416	449	899	694	718	564	549	671	255	968	263	410	1054	831	1048	682	159	531	758	996	781	43	559
951	969	1042	144	218	651	622	217	1028	876	70	611	123	588	814	944	563	1024	785	732	558	829	81	533	365	769	391	83	492	906	752	106	757	341	1066	1007	265	932	735	635	254	115	441	861	751	809	382	765	122	302
371	993	101	160	952	872	75	346	1019	72	1084	1074	20	990	759	103	245	961	1050	1049	598	412	414	761	650	469	614	916	1070	1001	376	431	939	427	283	530	691	569	120	229	176	0	445	450	515	1085	807	406	318	681
575	720	824	136	756	768	577	798	325	1044	748	90	381	31	613	202	1008	791	139	788	630	910	766	13	294	974	603	700	896	95	260	646	392	965	488	52	100	164	413	1057	1077	1053	390	521	1083	425	1012	929	900	561
542	497	489	444	451	369	207	527	607	138	10	887	532	315	985	470	119	792	108	5	1082	672	248	817	596	247	553	436	1002	45	362	591	1052	774	396	433	264	321	25	859	609	547	719	37	957	53	734	290	476	714
335	1043	832	1037	1047	966	909	105	107	276	142	794	167	919	637	227	320	664	448	947	26	822	274	747	1	61	865	23	383	104	379	326	187	959	640	273	871	456	793	418	770	950	220	424	546	419	281	305	386	206
279	387	973	269	1006	89	654	688	978	182	117	619	839	130	240	802	570	662	131	230	360	79	573	878	645	479	288	426	134	14	42	509	639	562	522	548	840	434	257	280	401	567	687	233	225	252	595	525	556	28
333	943	500	846	767	282	706	145	644	580	665	940	191	1045	7	484	16	158	997	762	36	474	892	222	372	133	1032	493	32	526	40	393	190	314	172	94	655	623	1021	704	332	537	271	126	777	76	232	201	578	385
663	415	322	1069	1079	1067	491	422	971	638	389	348	992	1010	587	178	194	625	71	1011	648	1009	261	535	693	226	41	597	749	928	853	292	439	98	212	306	586	855	137	1018	80	338	917	435	857	310	912	689	519	453
852	1068	373	60	301	18	881	57	727	885	49	323	738	517	74	311	581	1088	192	1087	69	345	454	304	601	983	186	713	982	93	572	920	926	19	875	633	938	699	295	753	340	949	863	455	918	760	238	980	471	307
224	668	984	236	860	223	465	880	275	667	313	925	219	161	48	697	215	400	629	1004	504	1086	12	442	11	999	901	501	837	729	467	59	675	715	806	171	705	27	39	541	889	841	312	712	874	452	1081	429	259	862
1003	994	242	132	606	610	359	1036	540	384	845	904	565	986	684	895	795	820	739	764	317	523	1056	649	539	285	1080	243	721	440	858	869	66	894	905	151	722	956	199	1020	800	388	1062	33	475	466	169	1013	960	936
849	942	111	716	1055	352	460	786	402	754	888	331	351	110	328	903	231	830	102	73	811	745	505	258	907	1035	911	91	634	47	1016	723	873	670	618	237	1076	590	473	818	428	886	921	1033	1059	583	403	112	557	724
208	374	68	545	707	188	1078	847	129	816	200	62	24	628	976	627	948	432	1060	354	778	303	571	228	177	375	946	293	1023	615	1040	797	772	742	463	972	631	347	394	803	626	210	866	1034	696	621	183	799	890	498
405	592	196	272	377	287	585	977	744	343	796	334	856	64	277	308	421	21	743	653	844	958	213	179	490	253	408	99	508	211	299	4	256	988	84	443	329	674	114	544	316	174	494	168	787	1071	77	736	726	262
324	848	868	496	56	987	656	568	367	821	771	970	579	1058	485	251	361	624	507	349	234	1072	266	397	728	879	358	35	836	746	152	882	350	512	642	239	594	576	893	1027	486	44	538	148	551	411	63	1041	78	296
574	50	8	447	250	520	92	337	685	783	643	241	480	154	935	481	934	109	336	165	268	96	510	927	1031	898	1025	979	113	813	737	780	991	815	309	703	297	86	163	1063	42	326	730	927	766	318	827	352	1052	348
46	257	583	209	570	192	1000	370	700	813	1015	157	756	862	587	133	222	1074	699	529	688	206	65	230	8	792	214	499	736	413	108	85	84	480	772	224	212	780	21	963	777	355	171	870	921	670	63	51	825	547
578	516	988	871	329	412	1070	182	248	860	128	174	735	964	274	895	538	181	418	606	996	491	998	899	66	551	169	584	867	806	377	858	951	838	421	715	6	588	1036	619	323	232	687	746	701	755	809	113	822	463
1083	1050	791	385	880	657	773	433	4	43	984	795	200	347	56	129	246	228	307	33	874	804	1029	1082	952	562	751	523	244	1005	111	615	1071	306	642	198	1035	345	1088	387	492	402	440	910	1044	20	706	728	740	447
145	930	371	311	992	565	457	524	842	762	330	591	526	765	569	191	237	269	808	1047	830	193	630	708	389	883	679	1	1065	215	388	179	914	532	369	1064	556	341	863	543	775	365	716	972	258	801	249	427	854	1041
636	661	799	748	730	216	989	436	1013	648	978	403	118	624	926	714	173	262	521	658	1004	580	511	383	479	1038	18	539	266	342	601	1076	393	437	197	939	788	333	887	932	515	510	91	766	1077	208	1079	793	840	651
125	902	950	16	611	132	346	305	971	673	868	462	837	471	557	655	458	162	344	10	929	520	251	760	449	610	488	103	664	718	336	416	942	67	981	901	17	936	276	442	291	49	185	338	646	530	123	395	744	3
502	559	616	256	461	320	83	1027	1046	166	343	742	221	27	974	798	455	165	37	613	287	467	1078	865	785	965	225	960	194	304	482	1068	1085	528	493	301	255	1080	496	794	314	105	662	985	202	861	405	757	519	62
803	101	500	1058	752	275	1006	534	309	175	652	121	697	600	839	154	294	940	384	678	800	909	522	374	743	288	696	797	596	367	159	979	955	454	331	1010	497	544	466	407	135	922	429	846	1022	579	612	668	561	41
5	754	555	260	239	602	242	131	213	120	790	425	1042	684	168	1032	392	918	811	938	888	315	622	876	372	577	360	779	484	903	98	319	177	142	886	796	1060	633	263	758	663	605	107	691	308	560	1039	310	893	204
1033	45	414	163	340	852	919	987	944	958	452	1067	856	1059	535	318	905	872	1073	890	581	767	504	252	278	683	812	823	419	1016	75	68	896	77	439	582	873	621	507	432	1086	747	268	1072	774	349	357	749	170	64
531	116	420	859	983	586	894	1030	96	542	953	980	566	379	764	89	298	864	563	153	778	857	597	552	434	506	682	279	376	300	631	102	626	784	1053	977	69	517	186	834	28	223	536	1017	548	292	494	201	364	554
317	57	525	1002	763	199	820	144	229	1019	152	234	674	835	94	625	54	363	110	448	501	35	236	878	1014	912	47	149	218	819	832	892	196	966	356	847	1018	1043	1081	187	189	906	769	12	302	889	541	647	324	299
40	408	956	558	722	848	127	227	31	247	106	271	997	608	850	460	617	48	400	87	844	1089	620	474	993	326	451	211	1024	645	969	73	717	368	533	238	1056	831	134	723	968	705	115	941	231	410	280	975	568	297
141	456	853	734	962	508	156	945	273	473	994	286	401	15	851	644	176	79	649	52	911	900	332	829	264	50	694	78	1007	925	540	833	477	976	172	884	423	1009	76	22	614	509	1028	361	391	476	948	635	828	665
265	676	339	316	1040	1045	441	95	53	841	382	789	219	394	677	877	2	337	518	546	150	1055	712	188	781	826	724	220	375	327	1020	604	807	594	572	11	312	707	726	245	575	913	634	915	97	226	954	61	783	721
607	920	99	576	459	190	1031	702	609	428	122	42	672	659	947	373	737	362	138	907	632	729	973	32	745	595	136	753	71	203	19	350	348	82	686	527	250	564	164	1084	86	810	1052	139	284	431	550	184	1051	475
640	933	503	935	381	90	824	241	270	9	36	23	415	104	335	967	112	727	183	817	931	210	843	352	869	313	148	709	827	695	353	195	986	25	937	422	478	158	590	885	100	725	982	1001	1075	167	653	445	140	908
180	667	7	637	137	92	358	161	430	641	805	650	1021	446	875	60	296	660	253	759	58	390	450	703	359	0	378	469	698	303	849	14	666	571	205	585	399	29	934	818	81	1034	495	290	409	957	487	713	802	114
669	261	623	897	44	59	898	732	295	380	787	386	282	761	593	599	710	514	155	961	1026	272	589	70	259	574	685	627	995	628	1054	598	126	453	396	638	470	80	768	486	444	483	836	325	654	1008	498	731	1087	130
970	855	618	693	146	845	656	1012	13	814	741	689	93	30	151	720	927	946	1057	567	923	990	74	143	1011	88	821	289	681	322	719	366	443	267	468	481	1025	1048	537	904	397	1037	117	949	771	39	424	776	147	283
513	72	545	464	553	426	549	55	786	782	680	217	505	750	916	438	738	959	573	671	351	243	398	178	281	26	991	815	334	675	404	1061	406	928	472	733	1069	1063	38	770	704	866	207	328	490	639	881	119	739	711
109	321	999	1023	603	277	882	485	411	160	254	465	592	34	124	1066	891	1049	354	924	816	293	24	692	943	489	240	435	235	643	1003	917	629	285	417	690	233	512	879	1062	437	368	339	1017	738	143	267	475	449	76
131	19	123	648	486	369	640	606	324	427	616	661	213	597	480	243	64	960	137	685	318	1021	306	134	896	979	265	562	194	193	932	128	183	883	895	602	935	947	79	808	164	357	845	743	923	28	303	491	403	1076
199	231	683	598	659	557	395	821	1046	144	745	221	926	674	140	420	627	777	386	277	580	170	997	294	157	233	617	826	858	84	942	342	339	668	527	680	576	840	411	922	26	831	311	1020	516	75	716	30	560	613
114	757	622	329	253	975	647	445	892	649	1003	481	1043	197	596	959	349	981	74	801	172	166	58	946	210	261	336	546	95	77	361	1059	621	519	953	550	655	1030	643	771	652	94	176	709	297	267	1	807	177	885
860	225	1072	1010	948	226	908	829	575	195	714	132	701	853	1024	154	641	713	865	783	464	778	875	212	900	888	355	723	25	242	52	995	630	368	1048	8	949	446	484	332	759	351	145	849	385	347	337	461	1086	520
482	1047	925	784	287	850	100	915	182	1012	425	404	815	1061	505	496	409	644	877	961	295	781	149	14	917	547	192	993	377	89	764	1084	130	904	223	92	819	356	257	263	525	566	185	83	237	462	273	489	345	907
974	85	283	255	919	887	529	538	857	884	458	323	690	539	203	679	309	794	1032	241	417	184	169	827	765	416	1017	419	866	246	515	204	684	985	352	1089	290	689	262	27	930	260	662	1053	278	302	677	43	32	800
788	718	589	478	528	88	1042	665	46	733	976	341	118	725	40	307	229	696	289	465	692	590	553	594	782	804	392	227	44	871	645	190	818	863	34	864	605	672	872	148	218	664	1051	240	703	694	654	472	6	899
331	710	440	454	805	298	906	767	533	426	71	988	280	768	758	384	196	436	201	138	629	249	599	894	927	1022	512	982	115	561	517	890	1036	556	650	746	200	470	660	1077	607	383	1018	937	112	4	601	878	1074	275
638	1039	702	272	41	1058	1064	434	552	504	394	658	532	603	773	879	600	135	325	479	129	509	911	387	78	578	22	730	62	951	989	651	954	1063	111	119	625	526	708	628	316	698	508	909	848	1004	258	126	3	1013
810	747	1073	795	965	371	50	501	245	792	851	463	755	542	700	537	646	45	1031	929	928	35	205	540	167	944	228	541	120	344	686	624	955	359	104	653	751	952	146	809	802	66	214	748	220	750	108	1019	548	449
941	726	776	1006	161	551	503	855	581	559	506	727	471	876	1080	396	994	669	498	219	1081	697	431	1005	986	102	292	999	874	555	232	24	348	421	125	793	524	468	49	1011	300	823	354	626	612	507	766	770	5	362
317	442	101	971	1056	477	924	380	441	374	633	567	595	744	198	1065	614	250	583	1078	455	554	511	285	23	206	186	153	544	536	268	328	187	266	429	293	1062	584	284	728	381	738	499	244	175	893	271	891	852	274
432	1014	397	610	1069	938	780	749	279	389	657	579	304	215	882	379	1016	156	495	143	736	785	880	70	1026	453	391	565	980	521	393	775	319	839	1015	59	854	38	217	817	234	405	522	433	60	825	742	430	207	568
256	992	418	81	492	179	162	31	400	248	889	399	301	842	712	632	107	762	898	98	97	91	61	410	103	487	1067	609	208	158	1060	968	1008	406	457	588	475	571	828	29	390	180	367	490	428	141	936	945	500	844
530	803	408	57	1029	320	96	886	711	582	474	360	637	881	121	695	774	456	188	485	382	216	859	847	1075	222	824	366	833	761	563	373	502	572	620	934	407	326	1034	978	42	812	67	1085	136	769	943	586	846	414
451	832	950	545	916	165	105	779	861	564	569	543	687	333	870	921	370	412	168	673	753	338	291	615	822	269	117	1041	476	142	334	448	1068	270	693	282	707	413	47	681	93	798	238	593	1044	967	1088	17	591	837
791	732	209	835	1040	820	109	990	37	159	914	642	604	315	688	13	322	931	830	867	459	86	720	437	518	1035	558	21	343	729	671	1002	705	0	401	90	573	264	1033	87	1027	251	1001	15	11	450	636	447	10	1057
756	574	918	53	39	843	972	983	33	814	435	977	488	99	656	902	1079	903	897	314	789	737	235	699	734	372	473	663	178	443	312	786	224	51	330	1066	452	122	675	252	239	752	912	259	531	639	174	1055	9	1049
920	422	1070	868	940	987	18	296	1083	363	905	375	760	797	962	65	587	54	310	1082	1037	110	127	55	676	970	862	787	1038	7	523	957	619	151	1007	514	68	415	973	286	113	493	202	152	308	838	466	80	364	276
494	72	678	48	998	150	841	133	1054	469	956	327	56	856	666	353	1000	230	1023	16	901	592	173	731	910	350	790	873	305	211	163	618	585	535	754	611	834	510	191	534	623	1028	444	984	346	36	69	181	670	739
281	631	313	1025	608	247	2	667	1052	160	378	73	721	1050	63	958	236	147	836	398	402	376	20	497	12	570	549	724	124	813	991	513	869	816	423	116	438	460	439	715	76	722	933	139	772	796	106	704	682	719
1009	706	806	969	321	635	82	254	691	741	340	1087	388	155	964	577	365	740	799	963	717	763	966	735	1071	189	811	288	424	299	996	483	1045	358	939	634	171	335	467	913	305	366	944	1012	354	675	576	425	1035	414
488	121	720	857	1066	353	214	689	1028	988	475	865	492	454	114	415	868	177	421	390	327	439	611	911	574	935	289	549	1027	602	1087	257	833	378	952	363	131	597	1046	18	166	231	590	220	816	22	1072	43	1079	550
222	599	1081	809	630	299	931	136	235	156	417	141	861	1088	791	739	897	801	1059	431	358	802	333	386	714	607	175	1082	376	354	158	536	50	724	883	848	519	1052	553	497	612	692	434	1011	246	1036	618	30	230	586
460	33	259	89	893	140	117	407	255	747	539	1047	450	430	72	381	898	403	508	521	982	660	974	572	281	765	147	541	329	973	876	803	383	605	130	260	854	794	237	571	165	949	762	302	218	473	827	29	28	38
188	601	135	209	579	716	334	759	1058	664	1008	123	426	360	264	444	621	385	548	369	37	559	240	380	284	458	844	178	250	409	1029	842	852	1012	203	45	748	773	1064	721	1089	763	745	96	1030	82	306	1084	649	697
499	501	113	232	1062	31	478	890	495	212	1015	196	271	606	440	530	41	51	869	544	425	171	760	856	817	742	437	362	1044	798	518	104	662	640	309	208	836	265	346	880	442	345	47	110	944	122	938	795	384	1
624	320	700	290	319	402	585	1077	667	764	584	84	838	673	90	960	262	625	67	199	981	180	433	103	1000	99	379	157	1051	933	398	429	814	666	511	617	797	287	207	713	1018	555	75	373	551	6	595	915	274	643
907	668	453	708	636	88	292	681	999	1006	389	860	15	456	560	187	35	382	870	1071	349	845	614	940	348	710	293	712	108	111	1033	452	216	690	821	871	223	723	266	428	71	1048	416	1054	535	69	872	513	629	992
200	481	972	775	58	173	80	205	941	55	249	685	368	1085	164	965	646	674	109	318	634	923	926	484	782	3	106	134	406	1041	126	471	510	792	558	215	1005	627	638	316	311	815	245	405	241	616	583	755	543	248
479	780	964	942	924	734	470	94	781	438	735	881	980	818	719	170	189	576	387	604	325	707	804	711	445	939	107	788	307	769	39	647	190	874	610	186	252	823	344	896	54	167	286	533	62	749	776	355	841	962
206	693	482	522	78	534	588	810	304	128	917	531	1063	849	298	464	305	330	339	145	834	474	778	840	226	753	210	526	954	4	984	995	582	370	132	1078	927	491	695	219	732	943	100	1055	1060	979	656	101	394	83
68	461	64	957	903	741	835	148	691	341	502	120	805	516	642	1040	1061	377	736	127	600	912	774	679	819	36	1080	79	562	350	221	619	669	150	81	24	335	213	1049	542	371	365	20	1070	169	336	455	853	904	946
338	914	1065	105	181	850	726	489	855	561	658	891	568	967	683	825	887	485	994	87	46	631	63	198	1023	977	779	138	351	843	1042	1045	886	340	882	112	591	637	278	641	945	830	1024	144	878	800	978	1043	971	160
77	98	400	375	507	594	686	312	563	413	142	966	958	557	493	324	27	623	554	532	785	372	91	1057	56	592	653	229	243	538	665	633	603	661	279	837	331	705	192	86	859	503	42	19	139	61	182	457	258	191
953	892	13	342	950	727	193	1021	410	93	328	928	66	1009	678	932	955	628	176	184	1086	197	364	744	483	443	295	97	919	902	332	570	490	937	1034	729	675	500	875	391	411	48	512	858	918	451	786	412	644	702
0	733	297	725	806	53	655	545	1069	537	427	913	179	670	956	515	523	620	1073	884	244	657	996	115	596	23	808	397	459	225	706	441	367	1056	770	863	1016	9	359	822	448	524	820	504	388	446	1083	227	34	76
632	1013	40	1017	435	1007	352	846	10	1020	420	997	25	494	528	247	211	577	366	313	168	392	635	771	408	133	701	615	1053	343	906	889	529	129	254	589	326	146	934	989	7	393	832	963	811	322	894	626	998	321
728	8	399	613	828	270	308	224	161	929	740	851	275	174	877	758	743	419	680	233	777	598	467	968	436	323	895	314	291	682	648	16	790	487	948	217	921	137	256	95	1002	234	152	922	1074	52	654	703	575	754
125	652	432	722	1004	552	273	469	251	976	449	277	172	1075	824	423	317	916	699	672	970	49	514	608	709	201	418	149	930	465	59	17	282	873	718	547	162	715	315	261	310	983	337	228	899	11	783	900	730	238
476	1001	959	717	143	253	866	268	761	789	746	1031	969	784	486	750	272	520	12	807	651	92	905	263	300	993	751	556	677	527	639	650	812	909	472	581	477	888	1037	242	767	466	85	525	578	947	102	580	294	1010
357	1039	1032	862	347	356	787	704	5	496	269	414	267	517	21	401	463	622	404	985	1025	772	301	1026	303	757	236	684	564	565	991	936	1003	573	737	124	569	154	986	159	74	567	925	276	867	975	1038	990	738	951
731	65	480	864	546	671	280	645	829	185	374	285	283	796	163	687	202	920	752	659	885	826	698	566	462	183	447	587	296	1076	422	288	676	73	799	831	32	424	151	694	1067	60	768	57	194	961	813	766	396	756
540	2	70	395	14	593	118	505	155	153	468	908	847	987	609	195	204	879	1035	1014	116	44	239	498	509	839	1019	361	663	506	910	1068	26	1022	119	688	1050	901	696	793	1005	503	643	174	458	602	464	145	169	142
563	958	370	888	541	581	716	364	48	741	847	639	435	223	812	692	619	503	16	178	408	122	286	142	97	745	335	976	423	331	1028	1	287	479	684	854	991	219	265	109	302	183	993	743	566	391	418	151	776	145
661	977	270	35	484	801	532	576	969	23	76	45	98	34	428	709	790	41	282	870	325	595	347	920	214	935	946	232	470	369	44	914	460	1081	589	476	237	966	206	472	466	156	605	654	78	1082	180	794	120	622
146	864	784	58	832	531	1008	749	184	594	99	657	827	385	190	535	742	732	478	358	844	772	247	397	936	71	761	869	67	586	856	386	230	820	926	982	417	708	768	1046	434	113	528	1013	892	580	1043	862	712	546
762	354	728	674	631	509	241	1074	740	816	436	720	404	731	7	750	414	463	828	290	471	11	988	138	457	949	352	562	188	73	649	721	141	986	781	129	623	329	842	565	175	685	960	75	493	485	510	17	506	371
403	951	994	533	1048	710	377	894	365	361	955	187	773	679	266	702	588	289	273	420	419	372	699	474	956	592	860	91	517	106	304	560	1021	722	915	447	264	186	877	863	526	416	79	38	603	1003	66	1033	315	468
86	719	213	793	671	593	307	524	511	176	834	783	669	1088	440	610	1039	193	40	107	1058	939	607	174	543	916	459	897	277	1055	250	695	831	912	606	139	278	407	1071	900	60	904	979	312	507	8	211	620	903	523
652	260	883	51	251	796	959	917	1023	165	855	317	518	1029	164	624	688	604	667	498	252	558	552	905	69	393	848	136	1034	513	291	638	948	542	965	1004	628	314	14	822	118	873	490	453	633	244	957	933	305	861
482	634	978	579	1085	893	529	299	727	797	1017	125	515	841	826	945	1005	512	81	1083	1068	61	450	703	346	830	989	445	1040	629	401	172	927	212	585	380	839	850	207	874	168	189	557	807	550	932	887	221	47	238
321	413	1080	1012	568	571	1052	429	154	530	9	24	444	650	810	902	981	1032	102	686	1042	866	735	333	319	881	950	375	694	520	799	717	971	1078	296	1011	368	587	1049	309	328	757	366	859	337	707	680	1067	330	751
390	1027	21	100	602	1059	258	1025	227	389	424	1087	505	683	326	374	1020	714	662	1047	494	973	160	400	163	19	284	1007	4	461	111	68	777	647	306	618	422	937	907	1066	733	405	318	641	983	1063	254	480	1009	630
525	177	884	857	578	617	786	766	1019	659	886	454	101	889	678	279	771	809	37	410	121	625	215	31	92	706	931	967	311	231	878	496	446	519	1022	1031	851	0	355	1038	491	646	294	522	152	998	600	673	752	243
676	246	537	394	980	737	972	1065	116	140	819	682	1084	1060	705	248	396	898	804	1056	20	985	402	336	553	94	204	901	143	201	691	608	599	300	724	791	970	748	392	817	1002	119	829	89	469	922	123	614	785	1064
85	1036	235	782	736	22	313	853	18	984	359	760	837	236	130	316	27	298	196	1010	713	811	114	456	815	640	938	218	362	858	30	437	224	666	573	179	627	249	475	798	202	83	492	846	10	997	259	338	836	438
225	55	415	583	90	268	477	373	672	57	455	690	559	1079	256	729	382	664	159	398	360	725	387	205	642	805	941	596	465	495	582	80	283	538	697	867	508	658	701	217	765	327	925	539	891	910	320	527	3	499
738	821	13	953	767	516	944	840	838	255	1050	42	144	441	534	376	388	718	274	715	134	739	62	806	157	399	345	451	310	908	185	124	835	261	433	788	356	1072	110	50	412	802	233	1075	348	875	1076	504	964	262
263	103	990	561	323	726	464	46	1054	655	357	378	975	288	409	29	521	1015	778	195	158	267	182	1077	1061	929	343	548	153	974	344	43	271	339	115	954	1086	229	63	577	1057	1070	1014	621	293	754	963	171	285	242
297	756	353	301	637	996	108	1001	425	6	940	687	643	613	181	200	747	843	611	82	488	449	486	95	487	367	536	275	161	2	871	556	540	554	340	626	198	911	845	426	281	928	880	363	322	569	93	675	648	88
170	612	5	12	1030	220	1018	501	574	351	653	1026	615	591	432	651	245	240	257	406	467	800	549	759	126	350	825	919	473	1044	962	442	918	1069	730	1037	656	324	56	753	547	779	693	127	84	852	734	1062	33	849
203	25	930	544	952	755	545	222	609	334	644	670	131	112	430	272	865	769	192	1073	1045	792	700	210	70	555	379	39	968	758	913	663	421	65	1041	502	427	616	632	28	668	921	209	395	462	191	234	148	995	590
269	803	15	132	384	961	208	814	500	64	26	879	833	597	74	665	381	787	54	584	885	332	87	1016	105	228	149	763	77	934	770	818	636	452	443	696	197	906	295	162	341	575	723	52	117	876	564	439	774	448
1053	570	1000	216	551	704	292	128	349	813	137	601	823	660	795	1035	133	497	1006	173	872	947	598	923	1024	764	135	303	49	677	999	253	572	276	987	775	483	36	909	698	383	1089	744	882	780	199	342	789	746	59
308	514	645	147	150	226	824	942	155	567	169	96	481	53	104	896	868	924	899	166	689	895	943	280	681	167	458	239	32	194	411	72	635	992	808	1051	489	890	431	711	694	392	861	870	788	851	237	32	515	144
487	957	432	9	835	465	853	340	303	32	620	765	705	251	929	749	177	793	745	956	902	103	196	891	977	10	973	266	790	994	145	637	641	831	554	73	1048	342	267	435	752	1043	552	150	668	353	307	722	165	202
413	329	639	847	797	712	294	254	643	857	518	120	277	1072	180	979	817	888	761	446	953	397	22	1057	644	852	495	564	130	215	875	408	236	1012	566	126	558	1037	91	742	573	255	1047	33	718	1002	605	1077	143	599
290	589	777	738	756	650	823	968	100	622	188	684	633	897	970	315	839	574	918	544	157	193	950	1014	53	458	1056	131	480	870	525	107	426	161	474	206	635	832	31	147	796	260	511	510	262	575	873	34	1079	218
443	419	884	760	636	531	547	941	385	182	331	197	366	113	519	711	846	382	23	694	468	959	703	526	717	349	264	1053	391	95	456	416	219	41	971	614	567	1075	1004	256	545	548	982	757	80	879	698	158	204	1041
652	99	576	39	524	347	1039	69	59	1028	759	642	360	400	449	249	415	356	390	692	735	679	625	345	211	932	579	440	54	812	958	743	916	555	434	461	156	152	1032	128	803	899	583	314	263	302	862	578	914	79
174	363	627	1006	952	1040	123	969	101	296	889	1020	265	83	630	376	132	343	430	665	283	42	850	223	1046	985	1086	1001	986	250	213	628	306	618	881	21	828	47	1013	447	809	504	949	871	1071	755	1055	769	784	108
389	538	541	488	895	693	989	1070	661	596	87	962	901	903	619	927	11	808	51	719	591	859	1042	975	880	981	789	848	681	723	898	1051	394	317	673	904	868	282	664	647	734	454	988	580	185	78	699	520	1049	514
696	285	181	683	774	728	827	82	700	695	791	452	25	781	819	319	1085	268	951	412	216	494	122	996	965	417	451	308	175	217	921	476	230	86	378	61	653	280	380	164	203	701	709	239	687	276	1009	318	261	737
1074	403	352	515	805	804	24	243	300	1031	649	508	920	472	811	595	1087	1059	786	1018	228	645	553	65	259	785	942	849	509	675	332	924	744	338	124	393	358	911	707	768	19	45	64	999	436	601	28	26	592	288
646	1003	402	626	543	37	70	85	407	35	697	1022	2	799	275	974	1080	806	882	1019	379	171	478	662	867	361	740	56	111	991	183	114	405	334	448	237	955	840	15	533	425	60	227	199	153	571	1000	536	794	309
606	582	170	493	129	910	1066	427	369	401	925	938	936	689	1023	0	52	1061	305	593	167	1033	1058	367	685	721	814	516	993	913	754	189	826	271	404	833	976	433	851	690	615	106	856	845	221	30	125	616	486	387
736	479	370	501	505	532	208	245	923	1025	667	933	214	1038	324	240	1017	93	815	648	926	1	654	247	820	173	829	825	892	1065	429	289	498	328	1067	894	767	997	270	134	713	142	43	81	1082	320	179	1068	1027	119
286	312	336	860	6	200	1076	1044	383	409	13	896	375	14	907	569	195	585	301	253	341	887	481	613	144	1015	987	439	232	386	657	864	48	766	617	220	310	1073	311	118	176	138	467	549	350	762	362	669	783	36
874	1060	68	837	7	420	602	464	374	491	780	660	634	1036	748	861	298	917	563	459	66	1083	671	98	224	866	354	411	163	441	746	843	771	44	335	621	396	542	787	295	244	496	568	586	1021	680	229	948	682	471
822	612	517	802	205	160	960	590	368	351	231	117	489	470	279	559	67	297	292	90	551	166	886	782	326	337	97	422	1078	836	940	453	980	706	475	149	716	278	316	522	392	990	795	506	963	535	136	865	1069	162
909	365	313	92	600	473	1054	763	729	72	168	442	587	930	428	1008	984	727	842	908	444	1005	758	834	883	810	944	739	381	513	1052	373	492	1010	186	388	978	885	191	450	212	912	201	872	281	584	821	424	776	906
992	666	77	995	8	672	609	528	1011	624	372	293	485	858	431	751	284	242	273	972	934	258	187	608	406	598	222	1016	841	1035	512	937	457	560	890	207	16	159	198	89	877	529	919	364	691	346	20	801	116	46
1050	377	947	490	463	460	611	235	94	477	469	1029	900	772	299	720	663	238	629	561	800	50	421	155	945	659	172	88	339	830	1045	878	708	521	62	139	570	148	1007	169	287	502	966	438	770	304	581	140	269	359
702	1063	455	17	133	556	57	678	252	74	233	225	234	1084	76	714	4	321	437	844	55	798	105	12	824	40	445	497	84	226	127	104	530	241	922	838	322	75	983	327	482	741	915	540	371	572	423	726	656	499
773	1024	110	928	939	577	750	677	876	863	357	704	946	546	686	764	523	325	146	49	869	3	640	121	507	398	1064	1026	466	248	562	500	674	730	931	257	655	1088	192	323	557	96	967	27	623	462	638	484	733	135
1062	246	670	141	588	1081	710	109	184	565	855	291	818	715	607	778	610	151	537	534	410	747	272	503	483	813	1089	594	210	274	961	137	5	954	732	597	854	190	71	209	527	333	998	943	724	384	807	399	418	658
395	604	102	344	964	631	63	539	330	18	651	112	414	1030	115	603	731	194	550	725	29	355	632	753	38	905	58	348	676	779	792	775	178	688	1034	935	788	816	154	893	1030	228	15	59	116	145	80	860	97	680
131	565	47	919	345	349	605	439	915	322	462	391	421	593	97	43	679	468	205	147	754	273	817	877	203	921	171	80	610	38	219	231	175	579	311	859	1077	1075	101	700	913	1078	318	510	265	418	275	503	719	358
884	796	77	112	849	488	206	662	546	56	185	39	580	976	810	938	826	102	215	724	58	213	928	828	573	90	1040	1029	433	667	127	1047	247	159	888	479	712	483	194	583	274	41	794	87	464	991	521	319	184	650
24	1067	270	807	399	5	373	482	689	708	596	986	627	838	620	441	787	936	261	800	961	767	1036	244	833	28	1024	584	766	858	671	480	65	458	995	845	291	35	1056	1048	1041	346	212	116	852	537	277	144	437	324
344	723	79	890	630	129	325	335	920	883	72	778	638	533	93	153	216	66	126	780	475	413	197	582	704	363	843	692	104	553	975	295	674	972	1043	375	393	940	699	904	13	59	567	32	183	53	376	720	1065	634
617	452	756	680	512	241	868	752	775	1004	860	323	882	187	1001	998	8	601	878	52	338	368	54	202	909	745	136	649	170	618	809	876	343	511	725	1083	193	259	139	495	536	731	276	135	122	755	67	398	529	842
542	18	235	138	142	645	660	434	427	233	317	854	94	934	449	389	339	81	306	977	1063	801	423	466	63	1072	237	1058	572	911	435	554	448	840	223	835	450	923	60	730	282	266	735	675	979	192	25	788	544	1014
356	267	1000	722	402	989	710	575	797	1023	374	587	403	1010	42	765	959	128	907	262	446	137	825	659	300	9	744	534	742	718	240	120	929	472	248	528	342	2	110	1002	635	71	990	658	927	1061	83	1059	1062	1079
88	312	599	757	832	905	1037	736	729	438	148	903	1066	1086	902	396	779	586	201	581	1009	84	870	509	154	1080	372	899	409	897	616	918	813	33	497	686	571	632	386	73	290	677	1069	280	1089	992	942	195	653	99
715	980	823	313	1060	500	831	820	381	1071	1050	886	1042	949	912	673	646	1017	117	577	20	696	717	983	924	351	703	974	442	498	326	665	249	804	551	95	502	557	163	76	301	666	460	1081	636	124	759	609	182	75
451	424	278	157	220	337	647	1057	1007	861	445	359	954	532	82	505	987	111	930	597	917	208	34	603	426	1052	401	271	751	1028	365	11	406	1051	714	743	830	492	985	315	1064	443	1073	969	871	96	568	239	802	115
746	539	329	562	693	485	669	514	793	299	748	428	688	1021	957	773	543	465	478	558	457	425	799	314	600	951	914	453	941	607	847	1025	166	85	1068	644	726	869	134	455	981	30	687	873	822	574	1070	304	937	1053
640	251	55	701	199	108	789	463	272	64	114	944	447	400	515	824	732	1082	168	250	935	284	23	893	1088	286	962	851	378	612	181	984	473	889	655	419	454	866	366	761	606	684	682	456	377	429	109	771	791	863
896	550	27	641	100	125	496	966	837	287	172	4	707	643	461	155	999	633	298	107	1038	243	783	31	523	758	224	747	608	922	978	541	953	119	784	26	417	786	1045	246	777	695	297	143	294	556	68	469	471	1076
388	933	15	570	874	316	776	333	242	493	188	150	57	113	152	499	1008	733	785	716	1006	238	508	538	320	856	1030	283	467	186	631	774	255	806	753	178	672	973	875	694	648	898	901	524	229	621	209	925	900	795
16	191	872	963	850	236	200	432	189	436	156	256	12	916	642	70	613	663	709	40	491	547	305	174	955	1020	629	549	355	484	790	590	412	564	967	404	829	702	664	965	1032	1018	798	133	639	210	394	848	217	853
815	887	279	908	604	624	405	946	415	1031	595	519	44	1035	167	145	336	353	288	1022	487	310	535	891	176	652	770	281	762	705	651	560	885	422	737	818	61	331	221	370	526	945	470	165	569	895	760	592	1027	146
697	6	17	494	628	657	685	395	382	149	727	1074	588	459	98	598	615	37	594	1049	132	151	361	1019	222	968	879	589	591	392	474	106	228	706	330	698	1044	764	681	656	1034	814	260	198	379	123	1015	36	857	668
328	563	531	29	520	711	740	867	545	92	517	7	180	196	691	611	855	690	782	892	993	444	384	234	362	713	360	769	21	158	970	522	931	1033	86	971	932	811	226	1054	504	354	578	939	525	177	548	585	670	1
741	960	964	846	357	207	1011	952	268	341	768	3	750	225	227	332	257	390	352	408	1016	625	841	561	1085	416	819	555	676	839	430	49	48	411	69	486	245	683	1087	622	734	926	141	264	383	252	140	803	350	994
948	1005	285	14	179	51	387	1012	232	654	1046	501	397	190	489	289	661	303	121	749	950	105	844	130	1026	881	46	50	214	89	173	943	1039	296	307	910	45	997	619	894	364	431	414	527	334	340	516	164	559	19
292	865	348	118	792	218	947	162	385	91	490	161	78	258	552	269	254	380	738	906	169	476	880	481	956	309	808	204	506	1013	10	540	371	637	739	308	369	407	996	62	821	772	728	420	347	293	367	74	440	507
211	827	1055	410	253	805	566	103	530	678	22	230	263	1084	623	812	321	302	327	864	781	602	477	160	862	576	518	0	836	626	721	614	1003	816	958	513	982	763	988	834	354	285	342	941	807	43	667	876	1051	61
625	1088	871	92	1047	382	873	611	734	870	159	359	197	422	937	781	965	602	1055	443	379	144	213	275	1048	520	155	372	35	595	617	521	394	925	214	172	619	353	723	16	170	779	1072	648	146	560	48	542	852	585
838	901	297	607	535	37	232	243	902	948	888	465	317	716	296	99	919	848	514	501	864	338	698	1010	550	107	7	252	885	1014	817	1032	832	983	814	147	1075	697	950	479	682	245	357	290	364	628	861	984	788	789
145	230	685	358	352	966	664	782	1051	380	543	206	900	390	498	55	278	293	512	688	630	774	224	647	209	50	974	681	277	324	210	167	1073	978	115	576	921	52	41	1052	748	281	401	1023	872	722	717	822	633	626
811	507	1019	327	923	2	473	340	528	189	953	719	114	34	207	316	220	72	319	1037	459	691	468	89	130	636	878	695	185	101	1030	608	505	600	721	402	884	411	954	363	304	472	271	669	345	784	71	128	766	632
680	922	741	311	599	981	66	427	11	322	350	1033	299	895	497	54	519	639	97	4	312	1087	284	663	858	538	469	23	263	347	237	738	710	438	65	122	1061	694	407	24	152	996	276	810	199	707	428	485	1042	391
302	879	815	905	909	80	218	940	506	334	369	211	1001	430	952	886	1018	638	251	441	412	375	917	988	572	257	463	785	74	702	458	819	557	1022	287	26	194	518	259	857	22	184	744	941	582	986	409	875	223	328
270	329	136	175	415	631	701	527	874	877	746	1040	140	495	467	205	502	860	294	461	416	511	649	612	725	853	45	151	747	504	195	555	432	246	700	141	171	413	44	558	1006	926	994	414	344	181	530	1085	686	406
306	310	454	420	1077	490	993	977	120	157	824	911	143	264	1071	652	466	942	621	961	728	1000	330	460	862	634	802	806	964	591	283	760	581	393	1024	1009	20	880	82	508	491	433	361	429	776	383	772	616	94	49
524	77	110	892	800	678	938	153	1017	567	513	229	434	808	646	131	377	489	436	410	709	492	570	713	522	90	57	269	1058	351	540	339	431	12	95	793	731	1036	1080	1082	934	1065	389	336	588	326	720	1005	556	533
894	191	928	854	3	562	509	354	890	58	166	939	219	736	216	674	242	133	288	960	771	307	985	658	587	421	768	238	295	253	610	1069	260	662	86	593	419	121	624	1057	403	865	635	239	1062	1074	912	841	706	1008
592	38	76	109	552	193	258	150	1050	408	69	360	797	1011	675	59	794	476	987	161	620	704	481	1084	488	178	859	1086	119	84	426	494	378	896	843	594	740	40	368	404	5	477	202	291	679	156	906	791	417	801
729	959	998	756	614	554	236	812	1029	578	174	42	597	462	1021	705	47	574	248	590	604	991	804	325	1079	947	165	331	29	93	835	799	176	596	913	333	30	273	1015	659	445	672	274	442	876	735	19	580	418	897
303	933	370	61	81	944	899	85	62	127	249	839	396	105	565	715	73	139	397	851	1046	1060	456	301	525	173	0	88	8	757	337	751	651	763	618	1081	568	1056	972	671	1078	64	444	629	881	930	384	68	755	970
487	168	235	28	855	792	25	566	1067	936	846	56	583	1053	955	1035	266	381	536	169	392	990	931	233	891	761	547	451	1083	457	321	108	775	866	699	733	91	177	967	78	13	971	332	484	60	103	308	179	1028	116
946	956	893	770	314	742	962	979	795	816	356	915	388	830	683	849	889	828	335	989	903	820	883	1089	341	96	544	637	376	453	1043	777	373	268	787	1004	289	240	118	1045	670	666	982	366	831	951	1063	668	573	17
569	1025	997	280	470	711	154	315	623	641	79	661	1041	534	496	471	829	918	882	696	455	523	724	425	645	192	532	703	827	684	571	613	1027	478	480	803	730	279	904	362	754	813	1039	1066	309	365	387	515	163	762
221	609	424	769	690	622	927	346	318	561	228	148	405	655	117	546	975	300	553	976	667	15	1031	63	924	847	826	563	187	43	87	446	349	21	914	869	282	75	320	142	286	564	601	9	1026	821	231	833	18	1059
261	737	689	36	102	385	823	796	767	654	676	183	486	106	818	677	355	643	973	493	650	798	313	809	627	539	483	1034	196	70	945	186	758	1038	834	180	1012	1064	805	132	208	225	749	712	222	447	863	1049	499	129
190	448	529	241	1003	753	247	615	559	548	33	606	577	660	856	673	265	449	482	134	256	867	887	653	6	1013	371	932	395	14	188	598	201	1016	687	657	1054	579	386	935	898	786	400	907	995	83	844	399	999	727
836	285	138	584	845	367	603	605	439	958	526	46	531	780	100	53	665	182	640	342	204	162	745	160	516	255	1007	437	1076	759	916	39	549	203	807	500	267	1068	51	503	586	752	126	656	125	850	423	718	589	1044
272	31	517	537	226	227	750	837	435	963	474	200	739	298	440	374	10	732	957	67	693	992	1	783	692	124	1020	111	158	908	292	198	104	765	510	305	778	217	980	764	726	743	840	969	968	790	642	234	464	343
123	842	27	868	348	920	475	262	825	323	551	910	215	575	714	949	708	164	32	112	545	1002	135	929	244	212	1070	98	149	137	398	773	254	943	450	113	452	644	250	541	1000	425	1063	926	184	383	216	1047	911	261
906	759	597	873	425	683	1001	271	648	313	415	206	1072	1038	742	495	636	584	800	153	1053	922	502	372	1041	737	396	791	961	157	246	339	3	85	723	1	0	661	499	41	325	997	928	756	903	501	441	243	1077	962
959	24	785	382	794	356	882	232	588	136	664	88	704	665	264	937	950	745	74	183	686	934	545	42	99	619	613	469	167	97	360	151	265	320	330	182	100	322	893	740	412	733	328	1052	517	942	712	336	999	822
176	783	418	568	929	888	694	610	879	269	114	631	618	463	268	931	947	361	1088	711	90	567	913	207	1006	217	121	10	847	576	254	535	831	381	722	50	449	411	366	287	602	496	912	236	945	710	778	898	1081	724
289	674	972	825	61	1036	696	77	262	73	823	935	248	257	26	292	500	818	40	249	72	220	644	844	851	663	1030	727	508	773	739	1075	225	284	904	163	426	137	316	231	447	695	734	286	558	776	852	575	138	1020
1017	543	953	949	228	861	1084	498	640	209	511	780	1054	967	475	276	173	148	212	874	750	793	229	270	489	145	524	807	405	991	655	177	529	351	886	278	308	86	18	493	521	80	448	319	691	826	8	969	110	343
433	994	142	20	170	914	620	988	279	28	854	684	820	1028	856	729	930	668	908	836	179	505	65	263	591	321	143	460	571	507	550	987	1035	592	676	1047	62	731	362	556	288	513	91	748	293	980	333	909	297	1015
795	890	993	235	417	803	1073	650	920	979	743	762	247	946	474	866	1005	645	329	917	1069	646	259	346	662	326	102	526	883	923	598	152	589	155	332	429	797	458	347	1039	210	833	604	258	551	658	260	990	1018	717
647	188	654	758	251	824	771	272	570	253	652	30	681	92	378	956	612	960	194	125	891	161	539	680	421	443	377	802	897	632	586	1063	1085	208	755	187	296	865	255	1014	552	827	1089	916	1074	966	957	130	702	368
477	116	1034	373	678	401	726	657	617	728	881	1065	944	899	925	274	467	408	940	140	892	642	510	1024	407	1007	746	902	736	241	334	845	473	59	840	821	549	371	201	700	393	516	587	761	971	1044	616	337	324	432
534	17	106	379	638	34	858	122	547	509	580	369	921	385	781	414	335	774	693	11	766	713	400	532	451	124	846	21	171	669	223	156	89	1076	719	1078	462	672	131	572	548	605	708	924	186	168	1083	806	158	101
135	227	420	531	1070	968	1080	327	574	887	1066	804	33	486	565	164	439	1002	1033	184	47	230	1016	894	348	139	419	12	601	1008	692	839	387	998	1059	280	952	13	468	629	68	1087	376	641	455	828	203	399	6	789
