1,0
564	610	354	529	728	531	43	131	658	218	335	684	514	138	676	27	791	104	483	510	495	75	773	334	143	181	16	549	223	402	573	68	491	730	550	411	351	280	222	235	462	372	192	302	381	399	52	559	651	386
383	754	825	685	428	816	500	424	569	618	749	45	217	197	173	731	244	233	555	6	379	264	687	188	693	177	737	415	339	696	277	284	305	701	34	298	602	315	840	85	801	293	513	349	568	190	31	211	261	788
757	329	796	467	744	163	191	64	274	121	260	407	396	660	92	124	322	598	287	797	486	769	171	398	299	775	585	203	667	431	692	548	639	473	566	174	641	489	826	358	140	153	374	242	743	794	94	196	57	681
622	828	544	613	230	649	252	447	142	195	666	116	304	194	152	429	582	596	795	193	571	307	176	619	39	793	167	309	581	520	100	539	80	12	84	806	237	621	157	736	537	815	726	524	325	509	35	240	417	250
647	810	631	172	30	418	485	78	132	87	579	367	818	599	419	842	451	547	800	175	625	831	669	445	323	724	22	161	292	254	729	449	629	120	295	722	341	7	482	375	615	179	278	1	634	183	592	102	572	504
318	827	300	56	285	377	706	33	126	710	60	632	558	633	576	262	271	594	604	20	220	487	752	47	311	586	403	408	620	708	169	614	370	294	580	410	741	115	24	525	694	65	644	76	829	276	272	387	437	202
425	69	735	97	476	484	843	96	273	224	450	303	636	151	466	378	536	650	110	626	21	170	700	72	719	538	105	441	578	814	91	443	228	259	392	837	522	440	747	479	675	469	361	345	199	628	745	518	257	133
727	282	231	236	109	717	444	771	238	707	296	612	501	426	609	229	107	253	70	442	457	413	590	562	333	141	695	789	716	438	646	384	118	819	154	703	88	817	623	136	50	593	114	600	147	705	616	241	245	565
98	215	155	166	560	770	83	497	405	820	475	61	146	567	400	519	779	249	59	448	3	601	742	673	390	164	661	686	139	119	162	210	637	11	750	266	546	28	129	279	317	10	81	414	763	642	663	178	306	435
766	108	759	776	764	709	704	654	570	111	587	14	214	452	499	327	160	835	458	26	635	725	184	507	99	767	508	25	584	29	456	389	225	326	130	711	49	699	439	38	336	463	787	248	790	511	784	808	678	343
611	312	159	37	66	205	494	738	492	723	226	353	481	289	433	148	478	301	227	149	212	101	838	721	332	488	809	23	605	113	688	308	799	844	617	841	365	778	751	712	63	517	718	219	734	460	58	2	208	477
577	391	505	275	348	106	541	802	198	17	682	659	281	352	833	803	532	359	187	207	165	575	761	269	656	288	664	251	512	36	394	297	19	310	553	267	112	588	291	748	189	247	5	563	603	145	471	204	740	765
397	316	432	643	533	362	679	781	127	561	672	720	314	423	331	552	404	474	368	780	714	42	388	117	493	270	324	638	0	9	55	804	774	455	595	786	319	385	556	836	434	18	758	812	186	86	674	503	46	168
739	221	772	436	698	807	832	697	702	258	137	330	376	454	158	180	521	32	150	263	103	347	551	540	350	516	811	213	465	206	665	839	542	255	412	328	648	583	346	427	777	680	834	683	607	421	470	627	459	373
48	821	506	589	753	82	355	95	446	67	608	534	422	380	201	357	671	128	144	401	209	286	498	268	90	41	785	337	416	234	366	53	690	243	79	51	526	756	338	340	515	535	640	677	713	557	313	554	232	768
591	185	830	62	480	732	624	523	662	746	597	246	134	655	461	360	290	182	364	782	783	4	645	44	472	762	468	715	135	430	657	792	822	71	630	464	805	15	393	216	74	668	824	760	606	406	813	93	530	283
543	321	652	89	670	798	342	653	382	409	755	13	453	77	823	691	689	200	545	574	122	363	344	54	395	239	356	528	371	420	502	40	490	256	73	8	496	733	156	123	369	320	527	125	265	486	566	296	123	36
161	219	534	745	712	38	664	515	526	80	53	27	102	171	97	510	453	624	731	175	92	818	182	365	608	743	796	329	20	52	673	357	331	466	707	610	236	66	810	16	411	727	0	167	356	88	531	139	256	433
321	423	619	527	145	481	341	336	785	756	494	189	649	241	136	651	47	264	544	401	483	275	168	657	500	695	42	674	224	475	644	388	121	28	622	56	530	792	40	547	207	54	737	532	114	605	169	358	715	303
650	507	825	598	762	769	436	245	799	508	694	372	561	57	181	385	141	800	183	25	627	250	426	190	340	797	602	652	455	795	815	567	176	179	333	361	299	115	268	793	821	286	246	79	285	503	76	558	197	330
110	640	346	725	648	691	654	468	539	422	747	360	151	152	772	272	549	129	452	701	431	225	790	339	278	427	210	293	587	761	501	132	237	166	641	464	565	692	154	218	647	216	398	297	13	676	687	49	447	430
155	593	571	98	324	559	592	682	43	105	750	230	585	351	382	675	636	137	337	392	771	59	742	174	770	839	316	58	193	370	569	22	305	617	604	609	700	125	837	172	68	827	393	262	7	33	160	763	313	575
1	409	263	634	326	758	714	26	456	202	545	709	135	504	214	460	661	454	443	249	404	698	759	389	192	223	841	96	150	191	332	637	474	811	195	359	457	514	317	240	282	342	444	289	352	685	659	269	840	819
729	479	78	560	325	540	801	586	70	489	116	798	386	590	201	509	705	72	306	103	498	706	528	780	77	783	234	127	130	689	754	492	39	215	502	232	375	364	196	665	478	554	292	833	529	721	71	646	298	345
48	18	413	153	556	173	34	606	603	767	766	294	380	383	831	720	111	75	387	439	717	350	228	633	11	390	395	17	302	688	170	15	548	658	581	471	645	144	90	574	543	50	5	252	199	441	642	63	843	198
702	484	209	499	328	533	124	776	211	435	296	140	131	487	119	270	424	366	200	486	699	253	163	573	12	570	311	391	280	778	23	295	728	555	184	44	128	104	616	41	248	458	146	760	434	625	842	469	582	106
188	680	684	420	768	746	462	258	257	273	384	834	511	752	419	222	134	822	9	764	74	467	450	663	693	791	343	288	568	242	403	678	212	541	159	808	194	203	205	309	482	497	713	281	347	809	735	726	89	670
287	522	410	807	477	30	824	553	368	208	732	786	378	113	490	8	221	629	583	836	362	589	440	803	493	349	520	65	476	243	133	463	611	94	703	162	301	710	580	108	4	505	794	120	711	310	314	425	588	491
784	782	158	204	788	614	765	32	655	177	93	371	315	363	69	291	672	579	109	19	736	551	318	157	597	21	656	36	506	416	612	187	449	415	247	638	830	290	217	578	683	432	283	35	284	686	259	319	739	37
552	85	832	546	180	519	823	538	623	722	126	584	667	566	99	67	451	716	733	542	446	524	142	844	405	271	84	631	789	428	101	355	10	327	708	265	521	46	81	3	73	757	374	751	734	320	55	557	829	671
323	496	261	537	147	417	804	338	814	353	322	564	138	260	472	14	668	402	396	480	100	82	535	595	95	690	117	238	394	379	775	669	591	266	632	525	354	165	397	601	62	279	738	817	226	381	83	300	666	334
724	639	185	755	227	123	495	465	806	91	523	461	653	60	696	400	718	835	719	2	233	412	630	596	373	517	753	744	6	662	442	254	418	244	107	376	186	813	594	697	816	513	255	620	304	239	149	805	24	31
421	621	628	677	562	781	679	229	267	445	148	470	437	749	344	777	274	730	607	473	231	488	64	377	643	704	251	773	122	723	820	613	572	600	369	406	774	156	348	308	399	448	826	681	206	577	29	599	143	307
87	51	615	220	518	61	828	213	812	748	485	407	312	335	536	277	86	367	429	164	635	235	438	576	779	45	787	516	550	459	741	112	838	408	626	740	414	178	802	563	118	512	618	276	660	332	80	185	364	51
253	3	644	423	563	179	832	150	766	659	97	224	592	135	705	141	843	779	676	20	121	260	831	581	255	91	818	588	56	498	649	400	743	670	419	489	364	801	482	421	205	748	404	284	39	727	17	756	677	270
164	564	497	114	245	625	393	448	22	794	165	146	417	341	672	158	667	391	633	42	838	88	471	491	597	822	455	4	336	438	192	93	403	310	580	243	347	543	467	718	406	18	561	534	811	424	349	535	345	370
506	36	532	565	629	279	544	320	283	23	830	735	278	558	327	82	650	276	414	334	235	100	92	813	617	109	488	559	213	841	752	711	113	483	778	330	387	717	736	653	599	800	346	7	452	684	69	147	447	611
595	426	119	430	298	237	329	767	502	286	742	64	180	297	159	844	45	375	309	371	781	188	692	707	238	805	338	133	730	132	701	251	674	486	817	98	627	148	586	607	257	365	651	351	738	537	620	780	574	772
606	217	614	408	814	194	510	478	566	812	183	244	294	522	250	201	281	280	490	168	612	96	605	762	264	411	128	443	547	1	746	291	52	712	252	303	399	596	754	139	444	25	110	842	271	433	485	569	43	477
621	749	10	337	724	733	808	622	395	708	46	401	175	694	552	721	37	525	166	422	374	751	770	78	631	757	47	160	322	771	520	669	716	176	344	420	225	53	123	29	178	261	111	453	339	301	548	675	593	247
90	242	170	138	493	709	189	149	59	299	262	407	212	826	579	418	287	737	549	12	760	222	115	313	333	809	795	293	367	603	584	197	431	157	413	458	793	508	21	324	660	589	302	136	655	321	94	745	618	156
429	810	361	529	436	734	274	492	397	555	686	71	72	288	702	76	432	668	511	590	392	218	99	463	807	144	200	256	28	468	290	648	241	643	460	186	706	131	65	671	608	373	8	353	454	658	516	328	836	470
641	151	703	538	652	527	379	572	741	77	384	24	359	479	60	216	193	645	666	215	229	824	74	79	312	296	740	804	697	415	598	682	557	551	198	5	107	163	129	829	118	221	55	663	656	177	58	382	66	182
758	154	514	664	89	626	368	616	787	683	40	356	425	585	86	577	396	747	523	15	475	16	209	835	210	124	449	576	825	332	601	806	265	389	117	634	744	665	63	528	308	108	461	615	358	819	661	539	578	802
693	451	41	507	680	428	575	410	105	376	456	208	187	145	38	481	476	647	465	269	755	81	472	640	335	362	679	184	226	785	13	318	728	199	624	272	719	137	700	116	49	304	127	628	240	386	316	720	34	19
305	732	753	786	172	398	823	101	267	445	2	169	788	355	484	783	385	323	789	820	731	784	27	319	354	792	571	776	504	840	254	239	427	285	259	125	174	790	837	582	348	473	70	635	134	639	234	220	531	268
464	167	437	363	394	357	277	342	173	798	545	75	827	494	6	84	515	85	474	190	340	311	613	723	416	768	231	714	604	815	791	797	513	673	777	122	388	54	30	568	140	317	442	446	203	32	637	691	57	120
828	562	314	542	196	153	369	14	553	521	509	799	350	839	61	512	729	462	554	496	696	44	803	325	689	610	457	503	185	536	821	289	688	87	390	102	761	759	211	106	782	774	459	775	567	155	50	171	570	130
33	526	518	207	441	690	657	583	95	602	263	698	266	750	710	300	517	73	662	11	248	530	533	546	685	227	161	228	67	519	480	594	556	773	204	409	206	295	695	642	726	51	713	687	550	258	833	619	524	103
315	722	715	681	232	466	678	273	699	609	326	540	381	246	587	434	469	412	500	505	0	35	725	181	112	439	654	765	343	80	440	306	405	372	249	352	282	68	142	83	646	214	377	62	48	126	307	591	331	487
219	366	162	764	378	763	292	450	191	104	402	143	623	600	816	638	202	435	501	195	380	769	495	632	223	796	560	236	31	383	630	360	636	152	834	704	233	573	275	230	499	541	9	26	739	202	365	294	511	462
844	470	415	181	287	716	481	197	4	624	7	474	669	204	339	511	516	464	358	646	314	801	812	156	505	477	58	514	531	541	684	115	769	838	100	392	78	620	422	634	63	9	99	208	94	196	301	668	827	420
142	36	473	238	362	744	461	786	50	726	636	645	298	329	757	711	231	689	686	626	225	106	606	129	366	469	842	678	774	612	819	305	655	29	533	378	64	267	776	513	381	337	384	693	51	34	739	371	665	42
405	503	56	537	184	797	409	667	435	12	52	492	48	747	463	447	506	698	44	374	708	438	758	133	254	707	543	770	601	767	43	674	180	20	512	690	247	61	594	367	273	130	145	800	746	650	692	724	617	526
207	93	704	673	813	312	522	379	189	485	735	780	637	734	26	5	729	279	829	616	440	190	323	831	148	750	701	714	727	702	604	315	346	75	520	66	578	529	119	806	651	330	536	344	488	81	598	740	84	825
449	749	31	679	666	124	135	236	756	350	49	33	542	172	712	387	548	109	150	583	357	730	116	497	263	278	276	559	675	104	282	609	452	322	448	118	363	518	788	575	568	430	112	615	561	318	230	297	764	299
763	224	90	241	342	14	268	151	835	361	528	509	445	768	772	335	837	2	364	161	394	627	158	170	789	728	32	27	200	19	782	406	237	188	672	288	242	227	186	545	431	501	341	221	538	419	176	676	839	753
577	354	742	487	351	294	766	429	629	623	462	377	114	584	798	733	40	60	141	662	8	166	515	222	412	687	413	191	35	15	544	16	625	98	22	760	565	703	195	88	467	805	310	705	76	781	843	759	454	748
736	159	39	567	80	13	134	502	295	699	572	390	731	840	710	649	402	795	444	396	203	187	183	437	585	74	696	783	818	401	557	500	146	416	784	830	745	621	549	164	259	6	258	556	826	389	228	810	836	592
466	820	476	525	573	553	340	334	547	386	127	411	632	92	743	436	300	220	89	563	421	496	432	659	149	643	317	83	793	597	120	521	136	697	272	213	685	475	560	138	385	302	155	428	313	304	167	706	152	613
491	308	311	333	270	434	108	540	140	681	23	65	823	647	723	691	369	821	426	169	792	484	274	160	596	737	336	713	168	53	97	117	510	407	700	91	602	404	599	558	209	360	309	163	328	765	741	570	566	824
424	229	82	654	791	817	185	3	383	356	291	280	110	631	581	779	113	799	252	641	804	372	778	680	677	611	45	814	283	656	79	588	162	725	653	614	450	95	455	468	457	331	277	319	137	603	248	352	194	266
332	154	453	293	720	605	38	482	157	443	652	173	517	226	193	790	490	251	325	198	719	828	608	638	398	359	174	239	439	576	595	403	551	755	21	587	131	472	395	562	498	30	233	206	370	199	373	833	348	582
803	289	771	607	111	338	345	260	105	223	493	47	483	71	28	811	796	296	57	244	243	262	670	408	773	281	179	264	579	761	644	751	182	414	275	721	177	18	682	550	86	235	153	732	210	399	535	326	688	586
214	816	269	10	664	37	633	660	55	841	622	722	59	534	785	368	382	126	640	321	628	591	41	132	709	648	205	128	479	290	564	427	552	418	72	380	25	465	738	292	240	246	355	822	661	234	619	832	794	809
175	504	178	122	320	519	539	663	67	306	69	580	471	388	446	250	201	683	215	286	658	54	400	68	265	139	569	441	125	96	307	777	717	554	245	349	376	85	754	143	715	546	353	391	347	574	121	271	532	657
11	523	610	284	460	527	17	375	324	600	216	249	147	423	253	87	639	327	480	46	630	1	123	102	834	219	489	285	495	530	192	458	442	456	752	433	718	808	255	77	775	261	762	494	73	459	303	343	590	524
478	671	0	787	589	571	555	316	694	397	486	101	508	165	807	144	218	202	815	217	393	802	62	499	70	365	507	232	410	635	425	257	417	212	24	642	256	171	695	451	107	211	593	618	103	812	151	215	245	406
51	116	733	151	405	472	734	581	814	169	437	421	621	182	128	208	613	65	4	333	836	827	237	789	114	830	109	341	84	336	85	108	780	440	346	112	703	29	58	528	75	675	843	157	713	303	475	248	820	345
652	8	813	258	685	21	618	91	104	63	30	808	357	611	645	92	823	209	46	544	453	262	764	792	842	547	446	395	425	490	222	355	447	784	822	359	719	785	100	694	215	606	366	796	800	56	66	586	723	278
622	516	257	224	129	402	597	125	343	325	626	6	266	147	578	559	171	698	761	658	90	352	439	779	216	354	307	377	9	72	344	466	43	530	418	496	113	802	668	347	804	390	214	77	181	33	543	718	133	467
212	198	111	424	206	705	735	551	684	616	775	795	295	680	230	563	291	243	246	640	482	601	200	748	20	715	481	272	389	338	145	432	744	193	416	191	117	38	700	436	320	484	570	687	274	228	403	602	197	663
232	628	553	515	174	296	491	119	384	513	433	497	192	754	838	807	426	1	397	720	548	179	631	534	657	124	306	370	747	625	633	556	520	770	74	716	498	803	244	137	323	760	313	387	797	612	240	259	44	311
270	605	774	353	118	664	728	502	249	173	18	342	381	696	293	371	701	650	285	805	478	839	126	588	619	844	799	305	70	16	579	132	777	369	329	443	269	253	488	158	393	660	96	629	162	815	10	398	550	251
809	526	711	752	103	786	654	462	427	457	67	321	261	17	380	276	835	511	49	185	554	689	560	123	430	793	3	431	825	591	655	256	455	730	83	532	14	166	463	411	221	27	217	349	500	165	37	647	287	493
330	235	60	562	766	225	790	194	304	522	385	653	538	529	301	255	510	388	284	314	105	438	521	202	693	442	365	746	642	549	62	679	101	535	449	801	275	585	565	309	175	678	121	682	683	487	154	294	486	507
831	523	413	383	374	552	407	638	288	542	184	722	367	159	322	167	499	331	624	458	531	577	751	461	135	627	519	429	610	435	617	651	714	692	444	598	41	5	505	590	260	239	641	242	412	131	213	120	841	464
207	727	168	406	392	155	23	818	396	315	471	741	378	372	615	360	829	479	759	98	319	177	142	399	584	254	470	674	263	648	706	708	480	107	670	454	308	596	673	310	583	290	204	39	45	681	414	468	163	340
7	819	788	697	791	13	452	757	358	160	593	318	59	450	81	817	691	252	787	415	419	68	524	661	662	539	492	233	268	24	794	811	170	64	504	561	420	267	409	404	749	580	603	379	643	89	298	0	600	153
828	161	636	555	434	506	725	279	376	300	671	102	557	666	821	178	289	69	537	517	186	569	80	28	223	536	335	582	292	765	494	201	364	589	317	571	57	525	545	806	199	695	144	566	229	768	152	782	234	717
422	94	743	54	363	110	448	501	587	35	236	742	756	282	47	149	218	776	26	495	196	667	356	445	573	328	514	187	189	503	781	12	302	183	541	623	690	324	299	40	408	699	558	758	140	127	227	31	247	106
271	826	608	180	460	812	48	400	87	489	592	620	630	474	130	326	451	211	281	688	567	73	656	763	368	533	238	709	195	134	771	485	824	750	115	646	483	231	410	280	88	568	297	141	456	637	783	93	508	156
837	273	473	778	286	401	15	710	644	176	79	649	52	386	669	332	739	264	50	769	78	55	574	540	25	477	210	172	205	423	833	76	22	614	509	334	361	391	476	738	512	635	755	665	265	676	339	316	704	736
639	740	441	95	53	773	382	840	219	394	677	469	2	337	518	546	150	277	712	816	762	188	832	148	724	772	220	375	327	351	604	241	594	572	11	312	707	726	245	575	810	634	599	97	226	146	61	834	721	607
34	99	576	459	190	465	702	609	428	122	42	767	672	659	731	373	737	362	138	732	632	729	143	32	745	595	136	753	71	203	19	798	350	348	82	686	527	250	564	164	417	86	36	283	139	239	692	459	531	595
725	396	776	706	727	354	502	607	300	797	329	806	512	519	41	399	324	608	803	1	373	711	100	85	701	395	559	821	30	283	412	589	366	807	27	653	267	382	722	669	355	538	842	149	567	4	818	115	368	801
708	624	826	543	71	472	337	246	389	34	705	128	580	200	688	735	482	745	129	77	359	157	349	625	94	702	686	578	214	551	221	739	579	495	140	835	733	642	573	245	481	258	148	539	201	253	593	369	88	219
391	356	170	459	102	584	572	506	371	740	631	104	507	749	504	437	448	66	190	263	325	586	645	131	700	134	317	49	582	44	198	177	585	233	623	766	278	316	737	387	58	114	738	5	611	290	204	672	417	463
619	357	778	713	166	696	689	243	138	517	428	571	841	767	345	518	676	760	461	298	477	84	792	595	764	591	182	206	261	761	471	456	650	24	28	332	556	681	475	616	223	726	362	3	266	227	704	827	328	678
45	565	660	164	229	468	380	78	787	451	379	712	273	453	255	552	548	215	694	426	156	143	404	26	621	527	480	132	411	674	427	272	14	419	135	465	844	748	732	137	421	665	789	449	218	784	285	542	489	185
38	297	770	311	406	265	598	615	237	146	773	511	336	710	434	344	667	533	414	367	397	179	657	544	503	646	781	501	553	488	793	319	120	687	347	301	509	98	294	685	743	588	320	342	97	377	158	600	307	409
734	59	228	29	180	141	654	635	284	454	515	407	360	836	70	287	280	610	703	125	390	121	541	183	188	386	707	804	420	637	485	432	490	413	292	546	60	108	309	626	326	562	42	612	67	498	136	486	318	540
74	780	442	470	75	165	105	805	487	52	666	31	175	492	431	464	392	256	561	811	370	168	161	241	338	291	103	430	361	269	117	275	774	142	536	756	403	270	574	282	195	636	169	433	93	587	238	81	753	374
614	843	79	808	279	820	209	445	709	109	111	37	639	677	755	341	130	491	771	315	176	729	322	531	528	418	478	86	352	717	208	333	831	555	716	46	800	343	217	159	576	834	193	0	401	90	61	264	304	87
212	251	119	15	11	450	385	569	813	632	10	620	244	62	530	53	39	331	560	798	728	683	741	699	747	144	205	641	652	508	314	277	775	235	187	222	731	629	532	640	809	605	274	714	51	330	769	452	816	564
252	698	655	648	259	19	526	174	609	9	207	524	422	537	750	18	825	644	363	375	824	65	54	828	601	110	127	55	602	7	523	550	151	514	68	718	286	786	656	202	152	308	466	80	364	276	494	72	819	150
622	680	469	327	56	353	575	230	590	16	173	724	305	211	163	535	510	191	534	697	692	346	673	69	181	281	313	592	772	823	768	378	604	719	668	785	398	715	376	20	497	12	570	549	124	32	613	415	423	814
438	802	439	76	73	312	661	186	139	720	440	106	425	513	557	788	145	840	597	82	254	268	133	340	757	388	155	563	225	664	213	289	810	365	83	262	47	695	288	424	742	839	483	799	358	634	171	335	248	467
547	460	479	505	568	240	493	830	496	199	455	754	43	473	663	154	765	630	236	782	499	790	101	36	197	231	348	691	242	224	721	167	48	302	447	91	295	107	306	118	436	730	444	299	192	762	441	594	239	484
752	662	410	293	794	40	659	829	759	833	339	649	25	226	679	402	744	429	618	63	123	617	8	690	350	545	271	112	33	13	758	837	384	416	408	529	520	746	393	89	394	435	178	446	599	35	474	99	670	638
566	153	462	260	247	736	779	647	812	203	303	476	189	232	817	57	250	405	160	633	95	783	606	763	210	628	723	822	22	334	457	500	184	92	521	838	113	516	234	583	525	122	751	558	796	50	522	627	23	21
643	257	651	196	216	383	249	675	458	443	777	815	581	684	116	671	791	323	596	682	220	400	577	832	554	296	795	658	310	381	162	6	2	603	351	194	96	372	147	693	321	172	126	17	64	170	409	216	298	825
251	589	115	717	675	689	22	699	368	293	101	738	398	49	72	490	553	100	170	485	623	690	275	494	575	440	606	707	481	582	51	559	828	556	677	788	613	666	325	434	217	794	80	104	674	333	135	594	549	835
86	76	280	628	808	247	431	695	295	617	262	46	471	8	292	744	125	826	568	366	635	667	577	583	693	384	592	706	596	557	830	468	365	827	834	500	762	64	633	730	193	245	701	544	17	838	630	288	531	374
554	290	360	700	53	736	144	376	127	131	540	157	206	703	149	74	361	212	555	402	209	220	496	641	517	224	714	253	190	34	24	511	172	428	815	161	779	502	756	454	760	455	558	776	40	323	697	442	430	243
283	334	758	787	186	621	250	696	520	602	387	671	795	276	181	458	231	562	644	651	743	457	604	712	745	627	572	504	786	785	832	414	514	525	308	357	406	702	476	230	474	473	631	657	460	754	843	737	545	151
102	489	306	142	344	541	821	426	768	278	26	661	622	21	351	740	643	330	311	189	328	395	183	140	266	11	817	73	396	654	418	350	105	137	550	566	210	439	560	574	272	265	465	31	255	567	670	218	445	164
0	3	610	463	773	792	56	188	766	539	196	432	563	400	5	367	91	449	155	269	174	755	469	789	529	831	634	25	176	79	207	163	148	799	603	678	806	655	354	134	443	194	12	383	552	771	668	508	364	522
191	234	287	346	167	791	510	452	327	842	277	335	607	438	256	731	385	202	676	742	211	27	421	687	680	397	162	812	588	767	636	119	65	341	585	87	837	708	441	605	38	363	615	35	507	479	411	710	619	450
810	491	43	487	267	412	301	399	805	546	417	241	753	112	488	68	818	579	203	642	388	724	61	618	435	663	569	446	518	422	551	685	793	309	447	99	263	175	484	152	126	665	410	307	679	226	591	626	408	748
381	409	459	704	424	349	111	394	352	688	770	107	407	89	483	647	208	404	781	790	47	143	599	138	299	477	185	515	285	106	370	513	329	461	88	780	543	691	608	13	379	213	723	565	75	715	698	200	271	681
41	205	113	746	825	15	92	684	139	721	359	729	214	128	652	600	178	238	82	259	121	807	718	83	96	727	451	7	52	646	403	169	305	70	444	536	804	62	537	486	110	833	297	775	625	261	761	584	453	156
561	336	58	801	802	304	532	44	124	291	448	578	401	93	322	36	660	55	201	800	317	141	505	757	347	611	595	709	117	819	274	464	576	273	132	158	284	573	345	268	844	482	423	153	338	326	673	32	390	1
726	50	734	391	150	20	416	413	836	289	103	222	294	437	728	420	348	564	425	248	548	683	538	343	48	319	638	741	598	320	279	616	732	521	118	813	57	371	820	114	237	601	95	375	123	506	429	823	372	67
298	653	45	526	386	154	472	637	187	814	456	648	4	620	739	373	182	353	355	797	658	60	133	664	362	475	339	223	160	593	534	116	77	597	258	763	318	249	177	204	264	98	725	184	159	19	580	512	427	822
796	233	772	705	492	168	389	30	783	146	392	229	221	499	803	624	244	581	66	692	462	686	542	639	501	493	841	166	716	765	839	197	282	467	324	171	286	662	587	480	632	300	415	516	10	42	195	503	669	312
478	640	225	90	777	14	69	314	369	16	524	523	240	81	235	393	433	145	281	527	759	840	147	227	811	270	694	650	495	29	590	37	720	108	509	232	192	735	749	296	519	315	136	713	824	436	303	778	109	829
498	682	2	466	586	84	378	252	199	570	747	94	645	733	769	219	752	313	331	129	257	659	612	798	784	380	751	6	649	528	337	614	63	246	340	97	18	215	165	609	750	356	130	656	85	764	629	332	23	530
302	382	59	470	54	405	28	719	198	236	228	316	535	547	71	321	39	310	260	782	254	809	722	711	816	242	9	180	78	173	342	33	774	216	672	239	419	571	120	497	377	122	358	533	179	450	121	717	612	204
296	29	166	27	350	512	80	569	604	99	688	9	453	76	338	628	492	803	454	217	322	242	79	708	838	273	766	545	301	428	666	618	575	458	605	265	706	790	610	686	594	44	788	539	71	119	95	359	650	702
303	516	661	701	20	212	474	637	614	497	716	30	440	758	696	710	32	379	564	747	19	827	196	757	647	736	319	639	142	402	201	496	832	555	390	429	365	572	842	581	302	785	476	617	87	153	531	364	793	211
521	290	7	373	391	685	174	777	760	83	831	687	664	681	540	16	285	209	397	592	341	88	254	443	355	580	353	724	127	56	418	633	720	690	427	139	499	828	149	124	505	765	748	323	691	532	315	655	230	697
676	611	189	792	84	399	279	457	58	799	133	508	498	400	316	113	470	795	232	125	811	752	264	240	108	448	310	123	175	522	485	739	544	8	743	667	49	339	53	262	829	226	636	208	147	187	524	561	665	236
680	325	444	308	385	781	126	819	553	317	488	479	466	718	475	583	116	207	746	591	349	112	699	579	693	732	394	256	678	837	280	774	238	603	452	22	770	753	40	164	621	821	351	120	305	576	751	541	558	439
158	97	203	805	28	337	668	518	520	245	102	257	491	324	742	707	354	652	503	250	205	375	255	12	86	21	646	833	839	328	675	784	442	11	432	6	669	455	33	726	435	17	72	536	473	222	504	291	114	247
221	769	23	263	170	815	25	233	371	737	434	309	188	727	606	288	202	551	270	393	671	713	809	658	552	167	1	625	10	816	392	194	754	478	437	276	543	111	35	4	177	106	206	357	181	689	723	297	462	220
719	730	346	152	578	469	381	586	131	55	464	622	642	300	786	243	195	63	750	506	415	41	366	110	423	631	47	77	761	514	495	624	682	68	644	330	695	162	537	598	643	638	54	626	200	836	92	132	31	122
117	130	304	299	406	249	403	277	692	225	178	159	808	78	438	416	477	150	145	0	649	401	843	616	679	39	24	588	571	519	430	467	705	183	711	417	534	446	764	268	483	565	261	570	548	278	101	756	684	82
388	109	409	509	151	163	45	550	529	554	526	229	582	382	820	176	336	738	818	5	775	333	282	370	835	59	169	384	348	556	134	96	283	530	89	424	136	180	343	74	486	227	395	13	480	759	771	776	198	460
559	472	320	425	352	802	75	360	267	515	135	613	721	118	115	160	542	602	294	128	213	825	471	148	794	15	601	826	445	641	335	562	656	378	824	38	52	560	502	481	51	231	419	660	468	104	295	329	179	396
100	144	745	168	814	450	573	137	184	677	449	844	731	235	241	380	50	398	93	275	314	266	389	597	787	94	773	85	804	321	511	340	834	841	549	584	741	281	239	783	386	216	274	762	70	191	293	744	161	3
585	590	143	806	830	413	377	358	404	456	813	165	651	528	538	48	138	507	81	627	755	312	662	704	342	607	214	517	412	140	630	411	192	64	533	405	789	344	215	258	694	185	463	817	600	42	421	568	298	26
482	640	557	172	796	129	635	362	331	327	620	734	574	223	740	34	490	90	566	433	234	311	410	800	269	525	271	599	369	709	500	703	674	612	272	510	672	725	121	228	712	376	252	367	155	657	645	332	822	714
387	46	547	779	248	589	372	18	722	2	840	715	768	489	670	244	91	698	57	493	67	535	286	318	700	374	648	62	797	749	763	246	157	345	615	619	154	182	729	782	383	683	810	103	251	659	284	595	772	563
204	36	237	66	653	609	210	546	73	107	173	780	141	408	197	259	260	608	523	501	219	361	735	632	368	812	43	728	426	431	733	193	494	634	65	289	673	190	14	69	461	629	334	459	587	487	441	287	105	527
593	807	60	513	306	484	407	422	307	567	156	171	717	436	778	218	313	663	292	623	767	791	823	447	798	347	465	356	363	414	37	224	146	451	98	654	186	577	420	253	326	61	596	801	199	677	570	48	17	190
469	467	202	429	769	379	412	441	826	228	535	344	616	167	0	433	742	582	480	659	498	627	499	736	285	385	30	510	479	622	83	444	78	592	37	752	788	719	504	533	435	476	22	55	120	529	440	185	143	180
56	762	763	50	32	561	808	709	347	587	458	772	8	80	589	204	806	690	783	117	745	492	676	777	378	196	419	526	187	576	566	282	312	436	741	669	452	222	694	657	466	506	747	392	190	432	248	758	134	6
539	1	534	770	511	169	361	698	208	229	423	804	374	501	213	527	722	132	299	623	490	398	704	403	49	160	343	62	496	486	145	146	601	825	241	272	558	290	801	138	19	52	13	227	302	673	516	618	651	565
789	189	799	671	605	205	691	296	353	254	150	158	731	16	654	373	151	337	34	559	816	57	610	289	99	568	264	357	90	463	277	528	420	294	119	726	828	728	844	237	405	389	206	288	70	44	507	451	395	110
679	634	445	602	502	360	624	683	546	236	317	328	646	733	699	307	214	271	233	10	840	142	156	199	411	144	626	293	735	273	685	508	666	473	784	730	318	715	604	232	21	148	711	29	765	380	340	104	780	88
330	491	524	812	242	284	60	547	776	586	93	810	304	218	693	807	115	408	650	658	211	484	161	291	509	369	761	407	320	734	98	553	283	177	257	823	485	421	792	705	75	649	116	450	188	69	113	74	838	606
133	45	738	424	426	335	152	259	732	391	660	431	216	721	453	24	611	697	517	25	224	748	179	641	545	767	368	461	617	183	35	40	253	322	813	266	350	570	663	578	327	753	192	495	805	843	500	457	631	4
556	514	65	82	795	2	630	750	324	86	166	477	822	362	695	670	278	339	483	716	76	548	462	636	560	594	397	163	523	718	802	632	364	590	265	175	717	564	530	354	18	59	135	67	270	513	255	329	275	696
301	72	842	831	625	449	108	137	415	642	786	438	230	153	588	71	100	837	308	714	652	17	787	764	629	48	834	725	661	687	310	615	280	537	157	200	23	33	665	656	474	597	97	557	653	256	751	79	85	300
287	182	700	267	740	217	240	367	106	584	316	377	381	599	428	829	541	201	109	94	814	114	178	554	371	472	413	197	609	637	20	583	643	122	668	309	223	796	744	140	365	603	418	276	356	596	370	58	41	710
707	404	186	193	61	102	727	686	387	292	579	439	519	149	555	580	209	38	785	334	73	800	372	746	437	470	494	446	409	355	107	311	689	773	505	708	51	497	774	383	503	141	793	155	640	36	692	239	779	454
448	542	739	675	778	219	819	194	27	607	465	688	768	136	26	359	621	400	518	306	782	128	569	681	234	263	399	81	390	645	124	7	775	127	702	11	809	247	147	250	333	243	414	756	585	571	562	184	212	43
129	633	820	595	538	331	489	384	672	839	351	655	9	797	84	191	295	53	515	525	743	430	832	286	464	493	258	706	91	262	759	338	574	326	352	442	342	375	31	591	550	540	66	382	456	396	598	162	170	817
89	92	235	723	176	749	836	760	815	677	96	3	803	684	552	313	325	425	619	416	321	667	833	28	12	174	315	215	388	363	567	638	68	226	791	422	522	87	131	386	635	139	298	824	5	203	572	15	42	720
358	520	417	46	664	543	830	393	260	678	563	790	251	130	64	195	835	210	165	220	549	123	164	345	712	103	766	252	628	512	755	349	581	455	811	198	648	488	608	794	531	101	402	459	771	246	314	14	575	118
268	427	261	612	39	244	181	577	305	647	341	336	77	713	468	639	231	303	171	111	125	279	54	487	703	662	613	376	593	620	600	573	394	168	644	346	297	475	674	281	401	406	798	323	460	818	172	551	724	434
729	443	478	269	682	207	126	680	481	701	544	532	757	482	221	47	471	238	225	827	95	249	821	410	841	154	521	536	737	159	112	614	173	348	245	447	63	319	366	781	105	121	754	274	332	628	706	447	498	251
742	356	33	715	834	656	126	493	603	840	10	412	430	352	197	552	397	647	391	145	202	800	32	157	255	120	518	642	211	526	382	53	553	103	22	405	706	174	769	684	398	591	402	709	531	633	509	263	348	260
673	472	376	738	150	306	719	31	452	750	190	668	458	417	63	682	779	143	465	503	344	147	219	418	34	539	435	516	182	712	827	574	698	307	423	345	331	618	675	527	660	488	355	23	73	634	652	519	627	669
251	594	806	776	329	177	400	588	775	671	95	378	635	440	825	773	3	507	653	206	495	569	674	795	511	785	9	91	80	277	571	209	385	99	218	39	782	69	59	804	676	340	158	694	250	414	267	596	266	741
317	547	625	718	636	728	483	607	393	156	152	739	128	548	555	500	246	427	193	821	79	604	579	215	426	262	585	49	101	564	796	180	662	577	107	809	83	504	314	41	132	687	121	223	545	657	646	42	703	835
814	161	461	578	701	131	576	626	468	363	319	746	204	254	525	110	283	21	480	165	443	47	833	486	744	415	677	257	780	595	787	641	767	621	697	108	236	323	681	791	256	302	778	736	763	265	639	100	213	403
451	619	729	123	5	29	592	538	87	353	524	810	812	410	11	51	643	533	394	567	593	784	413	303	758	802	735	805	544	602	514	456	282	380	296	290	192	630	478	78	389	432	724	407	622	285	505	766	550	82
721	734	566	25	575	749	268	476	216	408	122	573	333	347	631	308	175	217	230	86	61	620	280	164	203	239	532	276	664	318	261	658	38	399	425	601	716	24	243	300	510	583	826	487	710	537	727	18	565	360
228	690	605	65	259	638	759	788	332	474	338	124	358	818	19	45	64	135	541	28	26	534	288	580	141	655	623	37	70	449	35	614	272	2	711	275	705	632	379	171	760	777	361	661	56	111	96	183	114	334
436	520	751	15	454	60	227	199	446	515	743	707	309	665	170	129	817	369	401	831	841	508	616	343	723	0	52	112	305	113	249	713	167	844	330	367	237	558	349	645	762	823	27	501	650	811	153	628	540	85
189	737	264	188	271	404	499	688	613	433	761	448	617	434	808	692	106	654	54	115	799	756	221	30	125	366	342	554	185	387	843	699	146	416	248	479	370	390	757	208	803	245	829	210	494	196	130	725	447	740
839	214	71	419	324	181	240	315	151	294	137	93	670	582	832	1	679	247	731	173	536	543	429	289	498	328	194	685	651	484	270	134	637	142	43	81	178	320	179	119	286	312	336	801	6	200	58	648	383	409
13	375	14	606	195	301	253	341	794	481	144	753	154	439	232	386	589	774	48	683	220	310	717	311	118	176	138	467	549	350	362	599	696	36	783	68	748	7	420	464	374	491	693	764	649	771	298	830	563	459
66	615	98	224	354	411	163	441	667	754	686	44	335	396	542	700	295	244	496	568	586	644	229	471	733	612	517	822	205	160	357	590	368	351	231	117	489	470	279	559	67	297	292	90	551	166	793	695	326	337
97	422	747	482	453	562	475	149	278	316	522	392	557	789	506	546	535	136	162	816	365	313	92	600	473	680	72	168	442	587	836	428	184	837	815	444	689	745	790	722	371	381	513	102	373	492	765	186	388	466
792	191	450	212	819	201	781	281	584	820	424	813	325	666	77	462	8	672	609	528	291	624	372	293	485	768	431	284	242	273	640	828	258	187	608	406	598	222	610	752	597	512	842	457	560	797	207	16	159	198
89	786	529	755	364	691	346	20	116	46	395	377	726	490	463	460	611	235	94	477	469	274	807	772	299	720	663	238	629	561	50	421	155	572	659	172	88	339	384	708	521	62	139	570	148	109	169	287	502	523
438	770	304	581	140	269	359	702	704	455	17	133	556	57	678	252	74	233	225	234	732	76	714	4	321	437	55	798	105	12	824	40	445	497	84	226	127	104	530	241	838	322	75	730	327	316	467	16	62	106
690	682	271	94	336	836	20	817	202	159	283	725	275	671	67	679	590	114	687	331	372	55	702	24	363	286	648	120	102	695	593	654	361	379	542	34	809	342	781	640	166	495	764	783	287	730	131	718	181	134
547	223	627	543	277	479	317	104	697	577	801	294	474	63	65	219	433	779	71	572	466	523	282	449	711	799	395	81	2	785	503	549	458	450	394	220	551	244	586	284	97	231	108	567	428	88	122	597	607	315
637	589	148	100	835	556	821	639	205	795	566	376	183	684	9	472	157	184	504	642	392	528	552	761	42	485	838	59	538	32	844	645	135	96	322	243	208	545	337	638	819	153	266	187	475	437	163	647	641	723
206	68	825	794	564	402	560	709	704	335	60	612	333	305	236	557	594	150	833	673	840	646	129	262	532	246	143	839	500	625	54	311	600	318	797	802	344	25	745	203	366	486	820	803	726	837	526	358	212	272
216	592	827	770	585	483	571	613	274	429	434	111	658	412	109	209	575	338	426	16	304	64	623	712	579	128	772	582	278	717	626	698	200	290	189	603	834	351	578	691	12	400	470	522	70	680	828	610	197	699
441	235	35	443	174	93	498	409	117	325	759	456	554	461	527	417	239	310	133	127	611	210	701	217	732	323	320	419	375	616	558	446	588	628	487	44	167	316	288	23	176	445	548	665	250	713	139	388	386	413
714	608	221	773	492	165	57	754	675	80	521	146	185	6	17	116	145	731	686	215	365	808	98	505	553	37	774	708	151	703	439	465	514	77	79	106	359	790	330	186	812	535	144	544	569	260	198	621	512	460
377	156	328	722	788	29	780	499	199	228	370	33	524	5	666	180	196	453	99	343	178	750	393	546	822	362	201	360	814	21	399	447	525	762	125	86	541	674	793	299	771	550	683	66	806	672	177	36	73	158
424	229	529	448	357	207	508	451	643	341	256	3	238	225	227	469	257	786	352	678	587	604	824	478	1	841	633	43	484	631	618	591	583	596	792	670	171	251	110	796	831	141	264	383	252	757	291	619	491	436
