0,1
27	513	628	419	194	518	195	598	491	378	757	485	682	274	425	284	811	696	445	731	832	774	792	11	325	467	217	381	294	315	866	579	322	370	711	815	943	318	261	193	500	211	642	75	120	250	911	153	466	192
536	956	172	131	191	121	1	173	912	584	188	578	361	22	196	414	52	787	776	43	841	759	280	179	68	413	771	399	138	16	639	139	304	823	293	190	692	447	878	249	915	794	92	233	702	403	695	719	898	285
572	64	650	524	546	775	329	808	104	339	177	903	602	408	483	531	374	863	905	222	218	45	615	888	475	909	573	728	618	6	176	230	429	901	440	937	504	300	171	821	740	85	34	124	706	613	548	334	411	611
298	487	31	277	916	271	904	449	570	845	244	398	647	479	638	673	417	358	850	383	482	248	299	410	335	748	651	777	181	497	750	564	305	931	235	720	174	562	473	326	143	685	816	140	568	307	441	514	855	566
94	885	57	764	486	444	197	163	612	800	225	908	223	240	142	456	577	585	287	116	323	849	619	152	538	654	817	525	252	345	631	264	954	292	675	39	30	167	588	693	37	623	735	788	100	581	499	80	12	203
84	379	295	510	663	354	242	698	157	932	605	917	634	641	865	571	35	609	802	387	260	709	544	99	78	132	87	375	237	593	108	914	678	175	629	452	738	161	349	601	826	254	443	676	431	7	838	559	415	183
667	102	463	56	437	33	126	684	60	939	643	184	309	737	799	770	262	824	839	721	617	20	220	353	726	302	159	47	790	658	278	621	508	697	883	169	402	462	351	896	495	847	716	115	819	24	714	558	65	723
76	519	276	272	484	311	887	28	202	164	69	830	594	97	555	130	703	957	367	96	492	273	884	224	537	303	450	384	151	547	426	743	418	110	392	21	170	604	874	789	72	620	852	699	730	902	105	10	768	489
949	91	501	228	580	938	259	701	600	930	828	341	843	586	317	428	29	389	842	686	448	438	199	705	940	626	582	396	257	133	820	282	231	236	109	372	442	809	927	614	407	876	457	238	836	296	511	729	688	592
569	773	941	892	229	107	253	781	377	70	636	867	539	637	390	424	763	899	333	141	435	520	897	386	752	529	769	576	767	118	336	154	664	88	929	734	700	835	136	590	710	50	633	114	814	147	795	507	241	245
635	98	215	926	155	166	451	610	875	83	672	565	405	61	146	400	162	59	306	3	712	778	805	119	210	509	858	666	266	129	279	522	81	951	910	469	178	869	831	754	111	882	659	14	214	567	327	160	476	947
458	26	596	854	870	669	25	622	718	625	49	439	38	895	707	919	761	343	687	312	549	66	205	494	833	226	481	289	433	148	478	301	227	149	212	101	952	813	587	332	488	603	920	23	793	113	772	308	907	958
694	955	365	560	550	886	851	803	63	517	810	219	829	460	58	2	208	599	477	649	391	505	275	348	106	541	724	198	17	765	739	575	281	352	945	913	532	359	187	207	165	646	862	269	616	782	288	859	744	251
512	36	394	297	19	310	553	267	112	661	632	291	861	644	848	189	247	5	660	563	679	145	471	204	837	928	397	316	432	722	533	362	948	889	127	561	753	812	314	423	331	656	552	404	474	368	704	806	42	388
117	493	270	324	717	0	9	55	880	751	879	455	840	595	894	319	385	556	950	434	18	742	923	186	86	921	503	46	168	674	834	221	877	436	786	918	944	822	791	258	137	330	376	454	158	708	180	521	32	150
263	103	347	551	540	350	727	516	681	922	213	465	206	665	953	542	255	412	328	725	648	583	346	844	427	807	680	946	741	736	683	607	779	421	470	627	459	846	373	48	933	506	589	758	853	82	355	95	446	67
608	534	766	422	380	756	201	357	671	128	144	401	209	286	498	268	90	41	893	745	337	416	827	234	366	53	690	785	243	79	51	526	857	338	340	784	797	515	535	640	677	713	557	872	747	313	749	554	232	871
591	185	942	62	480	732	780	624	523	662	746	597	246	134	655	873	461	783	360	290	182	364	818	856	890	891	4	645	44	472	864	762	468	801	796	715	135	430	657	900	934	71	630	464	906	15	393	216	74	668
936	760	606	406	924	93	530	283	804	825	543	321	652	89	670	798	342	860	653	382	409	755	13	453	77	935	691	689	868	200	545	574	122	363	344	54	395	239	356	528	371	420	502	40	490	256	73	8	881	925
496	733	156	123	369	320	527	125	265	8	36	651	857	818	299	230	97	370	618	44	784	579	553	471	941	534	77	469	357	183	355	816	671	191	108	42	586	10	189	67	848	174	26	662	202	687	130	66	176	35
852	329	883	385	942	634	148	53	620	603	250	854	246	136	694	492	219	230	487	653	216	744	939	702	913	595	915	237	930	865	794	419	882	352	857	701	196	726	179	272	561	671	712	460	945	457	376	233	399	102
747	678	420	549	447	705	950	677	644	295	280	241	711	456	311	470	340	110	539	225	341	437	568	466	397	176	172	88	699	57	875	759	862	276	150	635	809	382	264	412	855	574	764	418	685	795	738	742	275	346
673	409	776	380	514	898	313	373	473	125	494	90	293	45	888	672	427	212	68	464	510	431	614	454	948	29	333	956	841	200	876	605	575	105	144	932	471	741	442	134	286	132	267	38	499	248	16	9	933	103
849	664	413	619	360	321	517	512	704	680	727	98	802	174	502	226	218	28	879	928	27	668	828	336	304	443	686	923	899	161	850	957	751	40	444	926	798	665	749	178	92	507	547	423	580	531	20	588	91	589
128	312	835	814	145	285	641	783	654	26	339	52	372	484	837	335	599	205	303	0	182	947	629	916	80	436	887	400	611	515	130	872	386	379	633	181	95	940	919	326	190	543	245	392	610	782	796	268	767	874
645	922	235	540	649	127	864	263	696	165	236	140	769	294	763	866	347	56	156	581	545	404	137	579	375	439	18	66	762	325	334	298	753	83	394	918	234	819	775	571	407	462	890	256	843	104	222	938	365	31
152	279	779	877	119	760	525	282	47	58	824	189	316	395	636	160	87	139	121	6	213	231	15	42	829	697	692	224	565	240	684	479	638	953	114	97	426	900	766	577	330	756	277	682	168	54	586	722	169	239
468	807	435	951	141	958	840	797	173	735	532	171	33	893	458	149	48	185	398	598	851	25	917	433	424	801	868	422	627	292	96	167	676	708	886	488	821	183	474	929	115	934	197	534	356	615	785	482	911	61
198	79	192	76	604	332	367	830	43	927	489	591	914	210	522	609	736	359	925	403	908	570	429	175	207	709	317	740	151	408	64	613	331	129	700	737	387	498	469	648	562	453	651	689	324	853	803	526	388	587
166	729	13	863	495	154	848	625	675	51	724	78	254	826	559	117	421	49	255	135	23	155	811	307	706	592	804	761	861	262	533	361	695	528	941	337	626	681	62	202	558	112	931	781	59	465	430	278	659	582
622	193	823	816	22	777	548	869	357	383	590	593	924	907	7	731	1	663	745	643	617	792	214	765	719	836	810	209	297	249	11	390	368	299	305	734	503	223	370	351	350	191	39	401	662	935	195	623	258	597
72	755	554	628	867	358	289	608	393	269	118	455	406	364	164	242	504	806	793	516	563	70	309	116	143	389	89	441	201	748	208	445	123	904	306	728	607	511	211	452	501	366	77	381	808	572	892	859	215	232
780	342	952	739	486	800	497	778	666	71	567	345	560	530	752	687	509	481	153	17	34	270	784	691	657	813	274	642	624	111	75	553	86	500	228	906	774	650	655	529	302	845	170	527	786	773	688	921	602	825
632	50	5	252	199	690	63	411	730	328	606	124	251	44	296	652	131	203	631	889	475	723	485	253	163	669	12	817	391	122	871	909	805	184	791	640	616	508	227	41	703	146	660	434	894	884	478	618	106	188
905	944	707	257	273	384	596	281	483	646	438	743	344	74	467	450	949	448	343	288	815	30	159	194	715	822	238	60	24	601	612	287	754	410	725	477	885	858	716	720	757	378	113	910	585	490	8	221	901	873
895	414	362	831	440	583	220	493	349	520	65	476	243	133	541	594	544	463	839	94	771	162	693	301	523	833	108	4	505	206	120	461	310	555	314	425	844	569	491	369	920	556	573	158	732	600	204	670	348	880
377	32	936	713	177	799	93	371	315	363	69	291	535	788	832	109	19	186	551	721	318	157	717	637	647	860	21	937	36	679	714	506	416	878	710	768	187	449	415	247	758	912	513	290	217	656	787	790	578	266
770	432	283	630	35	284	354	943	259	818	319	300	37	552	834	85	881	683	546	180	519	812	576	538	891	902	126	584	954	566	99	67	451	2	244	542	446	870	667	524	142	946	856	405	271	838	84	820	903	308
639	428	101	355	847	10	327	550	265	827	521	46	81	3	73	229	374	621	674	107	897	320	55	557	772	459	82	733	323	496	789	261	658	537	147	750	417	518	338	896	842	536	353	698	661	746	322	564	138	260
718	472	14	955	402	396	846	480	100	794	784	209	476	693	231	391	411	834	468	309	193	917	20	362	629	53	415	114	325	168	355	770	652	77	4	745	786	299	235	17	700	798	416	525	882	272	176	944	109	535
950	363	953	475	42	837	291	85	842	279	744	780	135	738	793	698	206	595	272	645	804	400	467	354	49	883	810	361	54	335	593	740	339	562	385	669	319	892	146	161	677	126	832	237	142	443	120	725	572	457
350	898	46	306	943	70	454	577	134	632	430	192	847	707	201	949	930	285	117	934	189	839	472	705	228	344	107	41	885	841	516	845	866	857	596	340	432	377	846	497	802	660	411	772	269	136	827	366	653	12
181	267	568	606	751	591	622	808	140	137	347	796	511	53	448	316	676	362	748	681	374	535	97	441	11	322	9	755	615	576	133	66	227	248	261	909	732	286	304	81	169	923	264	649	600	95	330	695	958	560
944	680	667	554	110	483	404	955	422	331	536	310	788	500	939	166	876	597	300	532	790	439	346	941	811	289	15	71	386	881	276	45	905	143	510	546	851	889	129	937	398	875	116	798	115	765	573	327	218	609
712	518	376	764	212	222	855	284	103	29	603	805	605	836	666	823	594	671	98	452	867	644	183	910	915	581	80	933	16	121	31	394	854	882	927	28	307	88	774	746	492	338	626	231	141	822	190	213	179	277
283	829	954	406	43	525	834	658	749	620	114	32	863	168	762	569	224	685	754	686	628	517	259	67	325	502	420	282	608	918	543	235	529	152	470	170	551	590	886	0	461	239	548	614	123	3	464	924	887	785
618	487	148	521	204	389	17	769	757	538	812	50	913	333	174	149	219	850	816	505	815	739	334	375	424	323	864	806	856	164	388	205	826	250	92	453	109	336	165	951	318	372	784	96	814	736	172	175	355	159
592	899	1	853	637	828	268	303	309	752	139	566	862	298	408	742	750	427	588	633	240	679	640	542	156	559	753	494	872	480	914	604	243	940	843	631	147	553	418	63	86	106	185	463	73	858	151	30	700	445
197	825	491	616	294	639	413	555	459	4	482	414	791	782	274	253	51	271	919	792	726	373	897	911	599	477	735	410	349	925	20	176	474	693	194	342	337	703	177	311	132	345	718	90	879	890	263	22	912	275
435	35	838	180	23	485	625	508	436	390	884	130	711	873	900	496	760	238	928	498	244	534	935	208	270	305	113	852	245	493	10	252	39	665	68	449	787	26	321	433	727	821	848	674	611	93	18	515	537	634
188	25	251	450	91	150	216	763	370	440	484	462	849	647	579	896	807	56	894	601	675	799	351	906	278	409	956	48	503	801	948	670	655	612	662	381	246	621	62	127	144	260	719	717	519	203	33	696	82	729
683	932	530	654	254	623	501	715	214	704	392	761	36	195	844	775	789	587	766	77	859	466	737	630	247	759	100	341	365	447	44	582	690	131	713	585	258	509	756	301	550	797	7	920	257	69	202	158	672	714
75	232	83	255	320	119	19	747	266	868	870	664	297	659	64	523	741	55	557	952	571	426	308	479	343	52	21	236	419	902	610	691	471	499	428	878	877	405	155	393	416	907	217	6	458	646	442	731	776	465
539	778	865	220	803	938	706	710	692	721	128	513	407	564	549	697	138	380	234	488	651	957	281	265	657	767	299	359	522	105	102	437	191	624	607	558	326	387	315	860	687	514	733	13	37	72	451	678	74	481
358	831	199	507	512	397	809	401	78	423	908	273	47	160	768	391	412	547	489	446	468	280	916	187	891	888	112	371	688	795	225	565	635	541	178	111	921	758	779	360	34	526	122	399	329	602	242	682	650	84
904	701	661	59	262	869	421	724	895	2	162	460	287	295	531	524	773	734	627	402	313	783	104	638	293	824	455	288	438	771	709	364	211	157	813	926	574	617	893	533	324	833	835	302	648	153	429	94	770	367
210	668	357	880	874	861	818	395	473	352	903	716	786	929	328	233	561	486	583	584	800	708	76	613	684	720	348	520	730	99	931	917	656	200	256	540	936	403	290	57	241	58	40	186	14	643	65	556	456	173
8	353	922	476	794	694	840	745	942	317	663	207	545	314	417	504	434	184	379	27	431	469	563	589	384	24	490	871	945	60	728	193	544	781	215	229	223	586	444	79	312	296	673	378	171	415	830	723	101	145
198	478	5	619	163	641	383	118	221	567	230	369	689	570	382	578	182	642	506	154	38	61	89	743	368	947	580	87	552	356	425	125	598	196	396	702	652	527	636	528	209	722	124	249	819	332	167	292	777	901
495	629	946	817	699	575	226	820	108	844	907	43	166	569	461	895	506	364	933	575	150	693	51	593	398	414	114	291	342	471	810	792	90	472	797	863	49	706	864	950	862	716	724	936	833	454	268	311	112	330
451	950	812	840	566	905	650	234	291	709	40	195	9	487	690	514	933	385	534	351	471	577	79	778	603	601	222	630	422	572	163	477	167	353	721	762	334	120	725	658	242	691	392	435	797	625	661	217	640	149
862	467	214	761	891	302	855	97	584	294	64	177	612	502	570	32	106	592	926	943	558	455	381	28	909	748	751	439	372	717	775	433	819	906	914	482	505	51	951	276	320	183	136	662	380	722	362	521	867	263
108	878	946	449	23	788	845	610	42	336	956	46	129	705	579	427	58	465	664	321	519	869	854	555	596	746	484	588	219	81	239	304	122	672	205	710	494	659	715	235	597	143	165	877	902	957	331	556	145	95
85	447	125	638	939	63	887	814	142	24	452	175	168	701	12	493	360	718	876	687	84	33	39	740	444	632	749	793	613	245	280	371	445	513	232	349	378	191	464	700	137	575	759	507	831	456	875	410	868	563
18	265	920	928	506	388	821	541	952	585	645	473	409	47	387	856	38	414	103	375	888	72	500	547	156	896	286	461	341	884	127	401	262	252	352	133	34	879	30	164	944	55	864	652	660	390	574	615	765	756
478	488	813	316	491	57	841	308	904	785	796	429	670	798	92	181	418	489	924	403	627	446	899	669	160	734	472	326	807	295	688	8	330	359	325	741	396	648	910	348	537	501	135	288	229	686	544	629	192	633
758	413	692	582	257	866	614	678	542	837	132	586	792	240	394	101	80	50	425	279	255	818	67	861	528	647	119	496	268	844	74	747	604	27	880	285	543	520	908	7	382	83	254	246	458	170	421	567	784	617
233	100	278	343	676	289	213	260	369	598	535	269	667	883	466	548	448	708	96	37	154	318	823	504	848	202	723	463	767	809	395	161	62	931	319	116	954	802	293	894	498	147	936	196	117	370	14	768	228	346
186	929	68	267	885	272	419	104	898	657	780	56	713	804	839	590	665	49	324	88	608	342	536	383	111	441	397	702	529	827	605	43	760	259	816	508	110	699	155	65	171	655	731	580	932	481	298	847	355	437
144	431	307	859	634	373	889	5	207	870	10	368	654	523	663	78	408	806	546	91	442	895	358	903	470	781	697	399	379	241	805	249	916	940	890	693	258	696	292	224	53	423	783	94	752	901	833	949	815	328
947	199	114	203	139	208	860	720	803	578	198	666	830	799	911	243	338	317	290	641	469	389	755	443	703	576	564	958	166	897	714	193	743	953	430	525	73	237	811	772	938	384	948	835	766	281	305	411	554	892
846	99	764	273	843	828	459	757	220	16	211	474	22	393	852	681	407	159	327	15	182	337	874	620	716	365	533	694	59	335	282	412	651	516	75	668	312	314	121	284	680	495	937	882	176	70	568	499	642	102
300	173	770	185	606	611	29	913	118	41	105	599	736	565	297	532	531	562	832	438	589	763	636	871	607	146	60	790	231	826	450	4	923	309	728	810	774	404	698	86	432	287	674	36	912	0	881	621	274	808
794	266	639	583	643	303	540	356	416	824	719	857	329	649	711	126	492	511	169	277	227	226	123	853	934	367	350	538	656	179	204	244	200	820	113	420	600	559	549	750	522	527	201	52	618	509	460	918	851	210
462	215	744	19	829	271	296	323	212	374	256	594	48	769	25	209	453	301	945	789	98	424	21	45	917	115	150	140	250	677	157	366	724	595	726	44	704	795	825	89	900	221	941	76	834	616	782	190	162	310
518	405	539	82	440	735	930	247	490	684	925	777	194	524	180	551	560	476	66	457	172	333	745	569	148	454	138	571	561	61	251	218	299	512	623	20	622	921	942	573	417	732	436	339	345	130	675	842	178	400
54	733	377	779	13	517	935	557	107	93	729	776	187	737	644	225	873	426	197	261	626	510	730	689	87	550	253	347	530	361	786	475	141	26	773	184	787	822	354	893	927	238	11	646	679	230	434	311	727	313
248	587	206	712	128	322	189	6	631	849	739	707	738	332	593	515	545	340	131	71	174	31	483	695	402	124	363	17	915	817	801	955	428	415	503	706	485	109	236	406	552	850	468	628	754	624	865	800	35	791
872	858	223	364	591	152	886	619	90	526	1	742	376	112	357	685	653	486	497	553	480	602	753	838	270	69	275	151	153	836	771	386	391	188	907	134	344	922	671	306	609	635	216	683	2	479	581	919	673	3
398	264	158	315	682	283	77	863	637	128	565	8	344	237	920	212	224	808	538	936	21	51	133	849	953	307	766	580	145	915	467	181	914	620	85	65	928	789	311	442	336	46	777	276	216	746	957	630	651	435
339	764	223	760	490	91	434	621	741	273	403	833	208	47	778	424	372	861	201	417	168	788	76	413	834	619	396	583	78	935	430	651	933	305	592	347	624	748	17	745	584	955	327	930	603	870	437	71	793	744
910	792	913	517	747	632	321	939	938	296	100	638	180	274	922	952	613	77	609	59	920	875	936	595	958	89	767	229	653	418	384	836	640	814	87	176	53	544	881	298	436	445	16	166	329	816	342	294	534	63
143	307	616	492	107	355	847	737	944	193	18	234	948	422	28	578	456	934	856	314	156	66	945	633	766	723	388	200	770	518	408	690	363	593	387	871	158	657	149	415	354	639	715	557	742	950	880	20	368	610
599	267	44	532	777	615	462	838	587	735	714	831	604	589	457	588	181	439	540	684	335	81	750	902	116	495	731	655	159	332	496	302	853	435	805	353	468	685	202	736	232	768	884	703	5	697	190	852	924	449
283	160	693	515	90	122	877	352	543	506	246	552	450	915	136	622	800	324	648	523	909	628	698	148	561	820	240	272	97	125	167	358	245	889	475	755	61	882	821	493	529	49	25	839	656	128	69	631	191	533
293	29	140	673	708	823	734	104	662	147	99	88	931	2	669	591	489	704	152	419	340	709	40	239	54	576	359	911	854	9	256	464	270	211	947	454	4	306	499	694	34	558	711	26	258	627	96	360	154	362
575	265	113	899	647	602	956	520	12	337	869	238	716	458	687	70	187	726	511	917	688	799	268	333	290	98	630	21	645	754	448	93	817	957	790	37	904	376	606	565	300	447	138	119	535	581	743	908	739	914
724	117	851	27	169	377	481	696	407	1	410	568	173	824	111	485	874	798	865	623	242	189	712	85	139	510	618	183	421	531	620	649	281	84	14	145	330	942	10	397	680	740	126	185	473	476	224	237	260	519
391	378	876	663	194	192	429	295	721	254	369	548	828	843	686	574	501	367	266	705	695	692	184	32	898	900	269	728	389	65	426	771	600	891	730	375	349	601	279	671	507	86	594	438	366	322	235	102	484	916
233	123	118	516	357	460	286	682	262	178	925	577	842	521	806	827	482	220	57	674	380	151	304	134	706	285	813	278	921	442	617	444	42	579	659	539	19	130	524	562	563	713	171	883	251	905	888	846	341	60
51	374	287	373	174	196	859	710	786	414	855	244	545	22	94	634	654	895	801	829	361	809	292	678	546	781	530	675	155	487	120	665	732	205	58	172	48	607	275	572	392	679	775	586	729	897	567	782	500	75
282	141	402	343	319	761	455	212	887	879	762	858	738	466	370	896	170	365	186	41	954	135	433	277	252	780	393	338	188	537	825	336	868	494	315	177	427	702	937	906	566	325	765	722	227	323	471	253	400	467
215	461	573	872	351	409	74	7	700	815	491	503	850	929	291	841	508	452	50	348	570	866	129	951	549	749	719	431	199	217	255	219	547	301	371	483	230	443	243	92	479	757	334	261	789	451	751	132	164	758
832	582	635	912	364	849	759	150	416	559	611	845	803	949	660	179	488	80	289	317	474	62	131	67	385	110	643	926	399	683	857	162	681	642	860	440	161	808	802	637	893	923	894	928	206	707	109	650	538	644
157	3	641	689	303	555	453	811	901	826	636	864	318	271	264	571	727	390	819	52	528	250	142	328	241	717	83	504	718	769	844	55	590	658	720	779	596	236	101	919	411	106	11	381	46	198	807	39	522	105
953	597	526	746	404	556	701	263	144	428	103	612	862	605	331	787	756	228	425	204	525	470	794	276	114	379	72	773	225	344	837	309	840	68	56	82	218	423	112	513	146	585	551	95	940	23	804	127	213	231
867	175	165	772	478	536	0	554	480	195	38	646	345	214	668	79	664	310	382	401	288	666	553	725	497	406	498	163	505	541	247	108	465	614	469	822	569	320	776	598	299	356	625	783	830	677	943	35	297	43
890	280	848	472	672	835	873	137	248	64	446	121	6	878	8	226	907	941	797	24	486	795	608	386	13	932	763	774	463	818	676	313	259	441	257	885	412	203	350	124	509	249	502	661	542	133	785	432	182	15
560	31	346	550	580	197	626	784	946	73	459	395	383	394	36	892	153	222	316	477	752	796	514	405	918	670	30	810	284	863	312	115	629	667	326	398	812	753	216	699	210	221	691	791	903	733	45	311	420	209
886	512	207	652	927	308	564	527	33	130	148	246	74	790	697	169	602	741	636	144	79	481	923	1	832	27	214	359	361	814	432	786	317	848	28	894	100	46	397	336	564	85	595	607	844	526	220	273	559	833
398	827	322	339	819	388	207	410	596	456	93	835	402	806	181	165	928	187	875	814	226	653	909	91	359	363	588	116	688	425	447	721	491	354	118	386	305	79	138	701	540	898	477	175	650	755	404	689	252	392
793	157	273	704	549	127	222	556	217	879	70	255	667	765	414	887	931	496	385	603	527	711	257	487	514	920	240	204	713	759	111	56	53	327	378	529	620	558	591	164	783	680	802	731	265	192	861	698	300	798
299	285	896	677	445	27	483	665	334	10	268	283	194	293	626	304	936	864	948	64	277	938	771	476	7	632	578	73	183	830	282	2	103	649	495	209	369	522	319	133	692	420	228	562	710	394	548	831	943	124
360	722	44	552	416	210	885	212	84	535	661	97	100	453	774	218	854	76	528	297	46	343	655	368	236	801	727	208	23	662	670	574	658	344	716	391	14	331	565	451	930	903	413	546	427	606	572	86	33	396
269	776	699	95	685	881	652	121	615	738	102	832	619	98	454	373	623	645	85	764	314	664	72	889	178	195	155	421	666	790	3	646	892	609	895	639	826	638	769	426	618	325	537	96	19	185	953	803	346	312
365	308	870	531	171	82	35	55	538	777	913	730	866	899	923	695	547	518	362	6	851	51	163	590	225	69	484	681	610	289	302	817	109	785	954	244	301	28	754	145	306	579	530	37	746	318	389	216	499	422
25	229	856	569	582	500	180	787	937	142	106	513	846	906	81	715	541	768	607	94	922	406	600	153	200	156	303	761	643	824	900	595	571	545	372	123	409	726	274	189	429	807	510	809	39	762	905	737	820	214
407	868	221	490	467	294	412	170	725	917	641	66	107	858	542	298	829	307	648	485	430	503	745	686	352	636	691	766	0	455	182	734	162	627	944	581	141	432	599	876	449	700	705	613	261	173	290	592	260	254
262	952	335	555	568	401	934	464	245	871	128	355	134	9	38	742	341	818	781	775	733	736	459	4	714	353	611	631	146	374	794	68	395	198	26	120	624	22	57	800	140	863	232	605	570	855	434	253	63	284
333	925	915	177	479	792	276	782	87	583	152	567	110	440	575	311	551	309	89	702	516	191	384	720	101	910	947	215	441	258	633	337	48	174	230	468	411	644	399	160	504	945	735	131	894	148	850	233	924	563
630	874	75	808	465	848	482	707	893	32	358	132	201	576	393	370	36	248	723	190	789	763	753	80	460	431	246	712	224	865	239	34	897	779	860	651	502	955	880	313	594	904	340	706	799	784	473	205	520	139
267	690	845	143	621	589	336	151	231	676	539	674	129	108	580	41	351	136	717	113	682	601	387	739	65	640	119	474	403	435	543	286	939	557	883	512	951	902	669	837	219	381	593	927	788	147	517	598	693	602
637	933	310	521	461	144	869	884	654	724	696	780	243	31	805	130	320	202	375	679	166	843	635	847	660	506	419	122	729	488	561	839	270	88	604	213	608	211	825	773	59	238	921	741	815	577	275	321	586	472
519	882	227	709	345	266	663	469	326	463	836	891	678	752	367	99	536	675	718	498	71	656	12	758	20	508	357	176	390	179	744	342	220	172	566	330	534	823	533	114	382	196	296	767	235	911	259	193	747	159
852	647	554	684	493	697	840	280	74	349	379	437	849	42	433	916	295	949	316	125	199	24	137	872	811	186	796	60	941	115	52	816	58	550	834	428	587	30	383	940	112	462	117	573	672	376	458	17	859	149
78	317	703	778	263	629	958	929	442	67	821	77	873	877	5	932	560	748	935	324	478	264	167	380	914	791	348	901	732	505	400	511	197	332	888	439	728	350	544	786	43	523	1	743	494	417	126	104	15	450
29	371	11	668	750	719	853	444	287	481	810	612	617	377	90	524	154	838	694	338	489	50	950	16	366	443	749	13	842	279	501	168	452	475	288	470	281	844	564	804	424	457	234	559	8	751	659	907	616	347
242	862	423	657	813	206	408	361	61	760	251	908	683	466	278	150	47	532	942	105	356	956	438	507	673	247	553	525	471	418	812	364	161	828	54	584	256	497	509	740	515	405	526	822	271	448	328	272	857	492
946	671	642	625	223	92	315	18	926	249	841	614	480	83	237	957	415	62	919	770	597	397	634	45	890	188	49	291	756	436	486	628	912	323	757	687	250	585	203	446	878	918	797	158	708	772	867	40	241	795
135	184	169	292	886	329	833	21	622	586	845	516	109	857	852	38	751	382	47	819	212	518	812	527	684	323	198	360	24	783	368	209	776	412	421	768	796	924	922	448	330	426	316	83	334	670	199	898	704	589
28	22	597	137	789	718	297	747	742	495	947	82	239	908	152	361	500	383	159	925	447	436	471	874	765	938	910	30	792	463	477	362	861	396	386	238	201	646	755	230	706	439	214	569	599	209	41	457	191	203
794	295	554	444	442	126	435	240	422	827	8	395	183	196	227	0	89	778	464	726	775	798	717	769	853	930	551	711	379	913	453	458	290	777	530	52	115	528	768	622	174	890	92	601	473	508	590	273	179	831
403	643	131	402	805	198	957	175	575	703	873	337	872	232	821	467	119	682	809	746	482	550	63	110	360	328	924	104	506	93	534	432	410	19	860	721	758	867	795	619	426	838	94	399	808	187	368	113	420	739
419	900	863	520	542	536	194	563	687	53	342	953	296	340	47	70	29	455	937	370	716	346	856	943	588	675	398	423	324	522	504	843	876	282	102	744	366	50	847	538	920	625	670	299	891	327	166	598	634	571
903	138	582	907	285	904	857	245	262	814	95	5	689	243	609	917	826	474	677	521	807	658	545	375	178	485	429	785	517	258	896	942	846	132	720	314	616	683	869	263	32	499	952	140	165	56	321	642	26	445
412	679	781	737	501	693	604	172	518	596	108	319	397	784	220	787	743	660	614	385	269	13	570	780	271	349	87	865	855	889	931	160	121	663	300	615	364	155	145	466	302	892	708	697	652	446	18	310	557	303
581	498	158	244	91	415	723	57	67	23	537	188	136	479	373	472	246	514	157	840	406	154	770	901	577	392	672	441	618	612	468	359	839	51	470	928	481	732	844	304	351	561	724	875	247	605	73	830	250	862
365	141	786	259	260	576	11	762	886	636	503	820	43	216	818	936	193	544	526	421	535	835	748	804	277	812	727	117	731	334	613	639	287	519	507	941	702	935	306	374	803	433	478	469	919	266	885	832	151	704
111	560	621	610	617	845	431	356	594	37	488	329	146	98	837	776	65	686	326	543	565	289	664	409	330	112	459	914	387	430	400	347	12	55	120	195	59	16	363	608	147	877	486	388	358	417	922	523	854	626
603	880	555	4	354	283	460	391	454	497	384	224	181	667	274	868	797	378	83	171	527	916	688	249	235	284	740	27	156	573	681	237	654	275	591	799	725	793	759	462	584	487	135	532	505	631	264	281	722	88
810	923	62	434	401	690	288	710	236	343	380	648	493	345	899	186	611	177	129	105	489	715	562	33	700	153	476	204	893	416	38	372	414	719	510	161	114	405	635	955	331	833	72	801	647	512	257	572	218	568
320	940	248	653	783	86	130	494	253	525	255	97	733	25	701	659	265	897	541	212	540	294	811	905	169	684	96	393	223	437	509	796	633	123	1	90	772	558	143	173	549	709	382	730	438	418	583	312	492	749
242	678	228	578	45	34	553	390	231	118	951	125	338	75	834	211	817	895	440	369	66	279	31	752	547	668	54	427	949	229	425	645	222	823	665	766	450	763	322	841	208	348	751	315	712	559	511	122	950	513
791	256	552	556	533	624	836	309	149	84	449	788	915	602	864	579	199	651	180	103	99	852	669	2	671	116	278	661	80	906	456	824	825	207	40	956	587	926	333	774	884	6	767	128	858	3	531	268	176	483
261	163	736	600	292	46	524	280	714	267	15	815	325	699	35	782	695	850	44	829	389	564	484	932	650	753	800	293	691	480	376	381	620	623	353	585	674	802	728	413	529	649	49	735	627	307	71	822	14	946
69	909	586	301	276	200	912	133	58	685	592	205	866	567	761	225	771	713	367	164	182	109	318	958	882	933	515	106	134	60	638	944	934	7	707	215	197	741	192	428	490	316	311	443	411	10	407	757	680	241
539	61	491	628	760	878	317	21	85	168	870	606	773	344	452	607	17	945	332	451	894	170	189	902	336	291	254	424	848	754	107	819	313	39	851	190	948	142	698	252	404	641	566	167	475	286	662	574	76	630
355	234	779	206	251	954	78	593	790	448	816	640	589	696	666	298	305	842	339	657	806	226	887	738	849	210	929	859	516	9	357	162	644	185	673	888	219	879	548	100	144	323	705	101	394	595	68	461	64	308
927	217	148	48	341	502	632	270	911	42	465	74	921	377	202	729	676	580	828	756	127	764	77	124	408	692	496	233	36	139	79	272	656	350	898	694	221	939	546	184	150	81	734	629	871	883	24	335	213	745
918	352	813	655	881	20	637	371	750	14	354	653	606	40	893	600	871	574	511	953	898	187	784	355	212	622	323	957	749	172	697	864	9	73	44	240	372	693	171	262	365	830	204	753	443	254	334	800	154	367
864	16	385	841	49	740	317	712	806	472	408	807	354	657	624	804	601	625	643	192	556	120	188	56	146	729	454	151	815	781	404	1	653	597	617	276	520	324	769	435	208	365	584	397	950	777	312	379	199	270
160	915	689	290	484	361	509	540	32	369	707	428	515	280	444	389	606	531	525	587	775	448	600	828	886	562	647	35	791	430	177	541	432	511	878	490	333	237	786	445	419	142	619	461	819	874	768	899	436	836
4	634	453	749	686	579	930	34	802	426	287	344	731	99	485	719	65	741	335	853	76	705	614	340	88	450	242	75	763	145	457	190	572	652	528	810	895	292	265	98	752	876	135	67	517	364	510	547	45	72
958	722	380	839	889	494	665	381	918	180	946	431	739	645	500	52	467	17	206	413	48	480	913	682	567	505	232	691	223	917	794	692	893	97	493	264	230	632	670	44	651	873	685	906	424	533	106	161	704	440
347	329	222	575	272	711	328	706	474	178	817	115	717	507	299	306	939	307	773	122	214	372	293	23	501	109	589	920	497	100	872	764	58	41	506	760	368	186	403	790	780	611	798	590	684	183	78	149	503	660
301	377	282	322	479	953	156	304	498	209	937	102	411	489	676	275	919	463	736	407	846	71	141	912	720	570	954	138	748	774	416	700	219	24	374	616	552	375	931	113	289	860	844	755	227	635	610	826	770	843
234	550	924	81	898	7	405	127	656	845	133	11	848	247	486	840	429	867	673	189	524	73	59	887	184	197	212	367	549	43	129	371	679	568	175	789	26	331	273	61	680	117	9	803	266	84	191	929	295	187
914	725	53	512	903	940	466	241	577	286	607	603	765	91	922	771	934	694	148	888	654	666	927	342	855	254	838	79	38	414	216	66	779	86	162	213	170	622	737	529	833	738	554	176	302	518	581	526	563	420
502	560	859	193	514	852	40	594	742	325	107	321	155	699	28	745	174	383	315	370	640	882	418	723	801	557	68	277	226	250	546	615	793	681	131	386	476	139	278	945	591	5	203	60	15	943	543	782	358	8
417	211	932	423	668	641	576	393	260	352	805	166	442	51	602	251	732	64	947	513	612	210	165	220	593	649	730	164	892	766	599	530	750	820	623	252	683	847	523	349	400	69	339	421	391	813	598	698	797	136
834	488	744	620	663	631	291	941	621	470	608	677	702	459	535	675	314	14	118	808	427	618	39	244	181	305	672	703	77	468	710	303	171	111	125	716	54	697	881	678	168	346	297	785	871	401	406	674	460	566
172	551	434	747	478	269	207	126	481	588	532	482	221	47	471	238	799	814	95	696	637	585	154	944	536	825	112	173	916	245	447	905	319	366	854	638	883	332	544	296	586	571	309	558	351	337	788	70	330	925
390	21	545	258	659	326	708	163	19	284	128	690	580	796	759	422	756	257	900	318	595	452	565	753	542	897	709	639	812	809	101	687	837	279	952	6	37	410	121	767	215	31	92	910	823	229	695	821	311	743
231	473	496	446	519	733	253	816	0	355	604	334	491	548	795	294	605	522	152	955	735	832	926	243	835	246	537	630	394	951	908	87	901	116	140	592	82	842	425	169	869	248	396	33	646	613	783	487	20	578
856	824	402	336	553	629	94	204	25	143	650	201	851	894	734	300	633	890	669	849	36	921	392	363	147	119	2	89	469	861	123	662	754	384	104	85	483	727	235	271	907	22	313	636	718	12	18	443	359	936
728	829	713	236	130	316	27	757	298	196	137	800	879	811	114	456	200	787	904	218	628	362	574	688	30	437	224	762	746	822	573	179	627	249	648	475	285	202	714	83	492	661	93	10	439	259	338	198	438	225
693	55	415	667	701	583	858	90	268	477	373	875	57	455	923	850	868	559	194	671	256	896	382	866	664	159	721	761	398	360	891	387	205	642	564	928	596	465	495	582	724	80	283	538	857	240	508	658	862	217
942	327	555	539	105	644	320	527	792	3	499	909	449	13	957	132	818	949	751	516	462	281	569	255	830	831	308	42	144	441	534	376	388	884	274	715	134	948	62	108	157	399	345	451	778	310	609	185	124	626
261	433	63	863	776	902	935	356	395	110	870	50	412	353	233	167	348	827	350	458	504	74	262	772	263	103	341	561	323	938	726	464	46	150	655	784	357	378	880	228	288	409	29	877	521	956	153	195	911	933
865	158	267	182	239	96	758	885	343	524	621	32	788	745	598	39	876	577	607	701	326	120	869	2	359	487	71	790	290	161	502	46	140	414	327	729	62	30	436	141	512	571	914	613	36	80	328	527	586	589
474	879	871	510	461	657	707	266	99	440	931	956	452	942	804	435	132	95	865	260	797	693	282	408	22	771	197	815	928	446	495	669	882	23	32	296	667	34	583	566	80	939	958	946	182	706	606	165	800	31
449	645	447	647	120	855	955	599	306	338	347	215	637	916	776	487	379	143	150	555	393	39	363	630	59	126	193	9	689	468	649	842	754	478	825	486	524	265	319	833	369	206	937	356	586	152	592	957	511	145
538	723	531	719	219	128	675	177	79	433	687	509	103	889	615	728	360	787	895	814	397	53	884	619	501	255	107	340	83	456	41	218	790	251	277	944	42	358	352	131	514	267	376	705	202	712	696	819	947	21
701	909	400	862	811	870	703	933	283	859	303	727	744	223	729	628	430	100	875	498	385	123	425	755	648	87	544	743	493	742	412	147	331	427	634	345	851	574	549	590	758	847	618	827	508	268	685	573	276	863
458	878	262	236	263	211	823	361	563	886	877	641	307	896	250	803	380	699	290	578	436	602	516	254	256	434	915	664	596	918	108	831	465	633	394	593	926	526	318	367	25	158	929	808	888	736	548	78	625	695
216	329	122	612	174	711	643	553	302	175	774	230	86	868	591	164	203	239	407	261	769	308	343	536	646	24	243	766	520	906	314	894	454	228	300	332	65	259	569	782	791	382	124	740	19	45	64	838	28	26
443	876	817	488	37	70	413	35	835	2	567	721	636	171	834	700	897	111	806	183	451	353	426	680	15	391	60	227	199	558	951	545	810	504	519	170	129	857	751	760	668	554	652	0	52	899	305	113	249	595
167	913	945	237	480	349	576	745	874	403	912	812	153	673	585	85	891	666	264	188	271	401	938	552	635	106	54	793	950	494	221	30	125	366	342	605	185	387	571	479	795	370	390	890	208	245	777	841	196	130
839	533	848	214	861	324	181	240	315	830	294	415	93	601	621	845	1	722	547	247	836	173	419	772	917	919	752	11	476	505	515	429	653	921	328	910	582	317	953	270	134	142	180	43	81	940	320	179	924	518
82	114	119	286	312	336	770	157	901	200	927	579	383	409	907	13	69	375	14	541	568	642	885	195	718	936	301	253	341	786	717	481	101	217	144	289	801	622	802	734	439	232	386	525	683	858	285	698	48	448
614	589	275	660	309	220	616	310	334	156	925	311	118	176	138	872	350	920	832	844	36	68	828	7	954	464	867	491	650	690	580	697	298	746	459	66	911	98	224	354	411	163	441	665	682	617	44	335	396	542
887	295	244	496	575	229	471	662	517	852	205	160	932	368	351	231	117	489	470	279	559	67	297	292	90	551	166	716	626	326	337	97	422	930	783	453	796	475	149	278	316	949	392	805	639	506	781	535	136	162
738	365	313	92	600	473	692	72	168	442	587	756	428	822	757	737	444	620	849	713	898	767	381	922	883	373	492	691	186	388	794	826	191	450	212	765	201	762	281	584	661	424	735	785	77	809	8	609	528	824
624	372	293	485	694	431	284	242	273	789	749	258	187	608	406	598	222	829	681	856	512	761	457	560	720	207	16	159	198	89	709	529	948	346	20	866	46	881	377	490	463	460	611	235	94	477	469	843	299	663
238	629	561	50	421	902	768	659	172	88	339	873	708	908	62	850	570	148	821	169	287	502	784	438	304	581	140	269	359	702	780	455	17	133	556	57	678	252	74	952	225	234	853	76	714	4	321	437	55	105
12	40	445	497	84	226	127	104	530	241	322	75	799	327	482	741	540	371	572	423	726	656	499	773	837	110	577	750	677	357	704	546	686	764	523	325	146	49	3	640	121	507	398	904	466	248	562	903	674	730
257	655	943	192	323	557	96	27	623	914	638	484	733	135	900	246	670	141	588	934	710	109	184	565	291	818	715	607	778	610	151	864	534	410	747	272	503	483	813	654	594	210	671	274	627	137	923	5	759	798
139	51	644	732	597	941	854	739	190	161	204	71	209	527	537	417	116	374	61	333	820	724	467	384	807	405	288	399	33	418	658	395	604	102	344	869	846	631	63	213	684	189	539	330	18	840	564	56	651	112
414	6	155	500	115	603	748	731	521	47	194	550	725	763	462	29	280	355	404	632	362	378	513	753	38	905	543	58	880	348	676	679	779	792	775	178	73	402	688	10	935	788	816	154	389	893	672	613	364	522
432	416	233	472	420	892	860	532	91	60	93	536	254	501	205	172	886	7	216	250	720	142	631	454	274	909	556	16	435	401	211	430	506	237	613	249	510	86	617	255	12	801	228	200	585	309	736	405	59	805
284	469	102	93	928	2	311	522	593	344	601	148	351	470	829	129	282	832	447	24	649	262	424	810	813	394	251	453	703	568	65	135	456	20	592	97	850	157	503	153	223	635	732	597	412	111	604	426	508	948
904	587	588	840	271	603	67	926	549	529	39	365	142	487	457	541	577	120	272	34	231	586	643	883	808	243	131	901	184	493	627	900	820	376	375	290	316	717	647	545	294	171	709	63	277	632	933	458	43	699
509	525	881	866	208	646	81	94	629	947	73	280	128	726	798	616	843	778	742	664	202	437	472	585	779	578	924	462	772	672	833	660	237	743	628	543	777	949	941	666	71	474	368	419	583	134	485	930	47	183
550	499	287	784	826	955	25	55	939	108	799	918	64	114	244	952	673	667	206	428	445	168	59	451	879	657	484	589	892	655	882	551	783	450	913	122	679	181	724	761	60	318	704	274	685	203	678	104	910	855
687	553	54	110	88	322	436	498	409	475	771	27	100	500	125	278	388	631	434	698	275	797	935	9	299	266	205	665	689	599	723	42	107	725	187	473	219	661	32	766	728	166	31	945	542	641	460	957	159	697
923	96	441	579	366	915	372	398	163	333	323	548	393	212	317	526	143	216	461	386	68	842	429	505	835	953	912	521	150	220	421	668	746	764	651	342	235	846	246	413	238	858	402	286	824	283	888	859	919	399
874	528	377	417	682	637	363	338	315	325	940	936	731	916	337	229	358	109	209	512	943	16	544	291	320	812	304	877	359	479	236	200	189	694	478	256	639	12	538	714	70	615	101	448	197	884	35	305	174	760
480	466	117	680	729	565	658	865	335	754	625	572	868	239	895	133	127	730	210	856	613	217	483	744	491	921	702	532	676	492	736	662	400	700	806	494	44	701	167	433	336	849	788	288	841	634	310	23	523	176
556	607	790	250	845	139	721	684	692	535	446	727	669	331	569	712	221	370	830	465	165	57	524	802	80	618	146	185	449	6	17	116	748	145	809	395	382	149	215	495	954	98	851	656	37	564	917	903	151	361
853	558	834	942	708	514	77	79	392	106	793	804	330	186	638	773	612	144	815	675	260	198	379	741	734	36	590	890	156	328	644	596	762	29	864	838	691	199	228	502	33	439	621	5	791	180	443	619	196	768
99	343	178	753	66	15	958	554	801	745	362	201	360	21	158	557	546	86	575	547	870	652	504	811	177	1	567	571	357	207	821	560	862	341	3	225	227	332	257	931	352	805	610	690	789	738	705	695	711	938
486	795	141	264	383	252	896	739	591	600	950	14	831	51	387	606	232	640	747	397	190	934	908	886	121	105	130	46	50	214	89	173	750	752	307	45	796	364	431	899	527	334	340	645	873	559	818	292	951	118
218	162	907	91	490	161	836	258	552	269	254	380	914	476	481	905	41	195	204	404	786	92	713	540	852	152	785	459	369	740	794	407	889	62	515	582	792	339	347	749	367	608	468	74	722	516	440	345	507	211
510	715	253	405	663	566	103	648	52	530	22	230	263	823	623	894	511	534	113	313	293	594	696	321	755	302	327	136	602	249	477	75	160	857	518	0	626	595	191	614	513	598	719	497	297	48	324	224	213	847
28	686	654	909	401	49	242	536	574	848	863	411	346	10	683	410	26	758	182	611	872	519	860	259	898	4	247	775	276	418	233	455	415	642	609	169	112	137	782	876	757	123	56	718	885	787	319	501	378	670
633	83	296	270	570	329	517	452	674	295	887	776	774	298	927	471	192	780	562	11	273	38	482	555	822	61	636	781	170	763	268	53	430	240	922	308	827	234	353	416	281	7	911	488	803	245	671	172	891	306
867	384	871	300	194	906	800	391	937	861	267	844	688	126	869	925	463	255	19	408	84	854	389	279	622	814	681	506	265	72	561	179	381	18	659	58	78	385	956	132	373	584	175	403	825	193	326	580	929	875
539	756	878	464	605	454	533	576	716	119	563	581	767	147	427	573	932	751	520	354	226	248	435	880	817	946	350	770	371	624	164	737	30	759	40	442	303	349	816	630	620	13	241	396	155	425	897	140	720	414
920	423	650	839	261	944	819	837	289	710	807	420	188	115	735	312	531	82	893	693	138	902	406	438	90	707	87	356	124	617	374	390	355	496	489	828	677	653	69	432	301	85	222	422	309	769	314	95	733	537
285	348	467	706	76	154	8	765	444	125	392	715	789	205	405	736	686	879	211	662	32	254	920	18	552	735	815	252	431	253	189	43	951	275	256	138	708	40	578	639	604	410	14	665	559	729	331	903	28	434
800	230	78	228	774	917	670	761	853	826	730	615	374	937	8	733	412	772	717	756	451	356	744	683	136	649	633	585	568	165	612	731	191	246	944	24	372	56	367	561	842	694	769	403	242	140	601	439	347	829
464	620	737	275	884	7	336	523	818	101	465	397	880	459	120	285	654	550	821	364	734	85	407	166	97	79	602	485	80	918	934	705	35	40	291	834	805	286	795	665	847	346	61	394	841	413	857	780	688	692
922	588	535	908	910	15	156	691	400	679	334	835	508	515	726	638	163	409	223	476	695	813	26	522	395	186	777	775	52	269	272	221	647	486	577	425	878	102	936	710	873	55	575	142	106	50	895	436	131	471
207	423	449	754	184	848	949	432	176	911	236	886	783	727	907	887	928	103	440	882	233	94	502	294	488	752	9	134	894	889	119	332	6	844	320	199	311	640	331	175	530	786	579	315	248	896	669	493	354	139
396	83	564	912	788	385	343	791	686	574	797	298	628	566	415	393	817	445	718	793	100	871	428	715	762	128	86	924	477	704	763	69	264	708	487	258	604	863	307	796	317	583	74	958	592	925	125	680	554	635
77	533	16	584	614	559	876	260	238	664	630	931	926	67	299	1	441	545	528	89	764	484	850	845	778	342	516	506	794	661	943	749	300	555	877	408	736	833	903	690	946	799	915	474	672	804	874	349	802	181
556	815	479	27	948	580	463	787	257	115	155	215	618	63	434	196	443	593	112	462	309	135	90	426	902	792	553	591	819	606	913	790	856	684	448	735	739	865	586	770	132	599	198	365	20	693	49	524	178	189
549	773	224	187	245	270	108	160	520	399	296	823	60	200	406	29	323	308	174	709	768	513	724	209	629	234	846	71	12	192	43	939	2	518	179	68	265	466	594	728	188	241	839	304	565	435	247	527	401	88
639	227	159	193	716	437	747	927	81	732	70	645	644	667	668	898	552	249	96	578	904	130	481	698	571	333	122	301	619	239	195	75	701	28	202	503	729	921	707	538	919	499	157	643	608	611	480	622	674	57
5	283	719	546	326	312	658	168	339	467	746	91	33	558	957	828	268	753	95	371	278	697	447	23	328	771	21	162	59	231	430	361	109	526	899	358	879	148	359	573	4	952	118	18	170	501	232	254	297	807
935	929	831	64	906	940	460	351	500	152	938	169	624	133	759	478	14	473	87	442	173	271	431	547	495	507	955	348	627	755	145	713	310	289	541	723	276	852	444	597	306	456	222	3	825	124	838	678	512	458
