2,1
694	602	501	171	296	179	104	345	598	323	45	367	242	721	452	392	386	739	43	483	131	152	27	549	94	389	580	743	193	708	440	304	167	567	712	559	582	140	64	584	163	195	381	722	463	197	354	499	217	410
292	188	190	220	196	579	307	211	520	614	223	31	505	429	222	333	398	590	751	272	467	631	92	305	466	85	262	261	191	284	677	161	230	411	444	252	511	375	294	408	116	617	548	489	538	39	478	299	264	619
285	100	688	12	428	84	679	403	80	143	555	274	458	52	276	509	57	121	35	585	303	157	273	711	595	414	565	692	492	335	240	78	132	476	519	183	473	450	479	435	566	745	192	513	648	504	172	569	120	173
387	7	417	1	611	683	102	407	254	418	425	33	126	518	60	599	610	710	682	448	605	6	181	720	244	563	705	302	601	142	441	194	374	405	271	334	525	22	443	560	390	358	552	153	524	235	620	203	742	514
329	646	115	442	218	24	573	643	65	577	76	664	176	651	673	546	16	681	309	400	596	497	202	341	69	658	485	97	277	169	570	675	68	757	295	298	237	96	233	491	383	451	34	47	56	175	612	151	575	280
293	544	522	457	110	260	21	456	431	72	322	532	105	740	311	728	91	717	228	259	626	656	424	300	561	378	278	484	562	487	419	257	133	282	231	236	109	481	351	690	238	632	558	229	107	253	70	618	553	529
572	141	706	399	732	118	154	741	88	731	666	136	50	114	318	437	701	635	241	245	500	98	215	633	166	462	730	83	734	384	61	146	621	379	249	59	537	3	539	349	586	164	671	581	139	119	636	210	11	568
266	622	28	129	279	317	10	81	445	178	306	685	108	438	754	372	634	629	370	588	111	659	14	214	402	327	160	749	26	439	649	184	433	99	686	396	25	482	486	696	326	413	49	660	449	336	704	650	707	613
564	723	343	547	312	159	37	66	205	661	647	226	353	130	289	148	615	301	174	227	593	149	212	101	752	287	729	713	75	332	225	488	147	724	23	716	113	603	475	616	308	715	758	177	755	365	155	625	654	38
361	508	695	672	507	469	170	550	339	495	377	531	642	219	248	325	718	697	138	460	58	162	2	208	250	667	87	426	477	517	391	641	275	348	199	106	29	578	447	198	494	17	30	628	315	63	281	352	747	124
719	510	20	359	187	207	165	637	224	536	415	638	680	269	587	288	594	251	512	36	394	297	19	310	267	112	756	291	669	189	247	5	541	145	471	204	663	684	397	316	432	576	533	362	609	698	127	644	314	423
331	404	474	368	639	42	388	117	493	270	324	571	0	9	55	600	693	455	703	319	385	556	750	434	18	592	726	186	86	604	503	46	168	678	221	436	623	746	627	258	137	330	376	454	158	180	521	32	150	263
103	347	551	540	350	516	725	213	465	206	753	542	255	412	328	583	346	427	665	748	607	421	470	459	373	48	735	506	589	674	82	355	95	446	67	608	534	422	380	201	357	128	144	401	209	286	498	268	90	41
702	337	416	234	366	53	243	79	51	526	676	338	340	515	535	640	557	313	554	232	687	591	185	744	62	480	624	523	662	597	246	134	655	461	360	290	182	364	699	700	4	645	44	472	468	135	430	657	709	736
71	630	464	714	15	393	216	74	668	738	606	406	727	93	530	283	543	321	652	89	670	342	653	382	409	13	453	77	737	691	689	200	545	574	122	363	344	54	395	239	356	528	371	420	502	40	490	256	73	8
496	733	156	123	369	320	527	125	265	514	371	629	334	303	343	710	34	64	616	560	217	423	550	56	252	158	31	168	355	233	270	35	747	329	17	542	597	89	279	260	44	717	97	123	581	600	275	148	562	480
150	309	510	47	16	297	176	154	511	656	655	0	434	97	105	96	451	28	237	592	578	504	464	751	606	519	191	115	642	370	169	281	520	76	236	352	389	210	145	341	735	371	557	521	704	390	286	625	299	372
68	174	199	362	295	173	711	500	296	332	382	686	599	609	49	569	189	588	368	702	731	262	141	630	182	666	551	482	386	616	658	471	697	207	288	501	114	27	136	56	215	33	172	574	432	263	450	498	160	22
151	116	219	302	294	351	554	313	168	581	70	197	223	195	620	298	661	317	53	477	282	80	321	583	530	708	484	627	103	718	509	241	575	77	572	419	130	439	644	292	729	230	410	179	653	175	152	183	264	166
121	607	211	331	224	42	506	48	453	687	153	665	388	667	58	240	690	18	633	250	696	111	75	190	272	526	311	684	416	648	196	17	430	364	192	636	245	535	359	392	366	90	316	587	50	5	547	515	63	20
698	602	570	629	736	494	579	637	462	383	140	715	270	119	703	252	110	638	269	78	163	650	589	342	441	349	561	645	361	455	343	604	424	184	677	128	104	567	41	363	545	216	556	608	744	403	646	324	249	688
188	701	228	423	597	449	659	257	428	222	134	305	74	443	340	647	212	505	628	194	203	347	693	722	475	452	641	474	634	479	476	613	208	113	624	433	293	555	720	71	562	248	273	8	753	243	133	577	623	329
360	94	643	558	181	375	678	328	11	108	4	467	497	310	43	314	365	750	614	345	44	549	413	582	88	676	158	524	301	32	201	177	287	93	446	427	69	291	481	695	436	19	649	39	209	318	492	699	125	738
380	333	668	454	36	167	202	639	256	739	247	246	730	1	290	217	144	275	679	66	496	258	621	610	35	740	499	460	259	306	319	391	37	40	395	85	401	171	34	180	7	733	565	26	726	409	420	126	72	54
99	67	525	538	30	358	155	12	142	469	635	405	271	493	489	84	537	552	573	127	101	355	743	10	327	38	265	315	631	9	46	81	3	752	553	374	109	162	539	385	320	55	601	466	480	742	758	622	261	146
25	147	486	417	534	338	384	330	585	353	541	548	234	322	52	138	260	600	14	463	651	402	670	514	100	458	689	285	232	404	507	23	611	95	755	117	238	542	522	394	379	532	746	692	707	640	266	120	13	716
165	397	89	669	387	279	339	82	595	226	426	381	83	714	334	531	185	227	123	495	465	710	461	60	400	527	543	528	675	233	412	373	517	546	721	442	254	737	674	107	712	186	591	594	657	255	304	239	149	584
24	31	617	229	663	445	148	470	437	344	566	671	473	231	488	64	377	251	122	369	406	632	348	308	399	448	615	29	143	307	87	51	220	518	61	603	213	590	694	717	745	335	536	277	756	367	748	724	235	757
576	618	516	550	459	112	408	719	682	705	118	652	276	325	732	206	456	421	45	164	129	283	593	444	596	336	672	218	159	747	723	415	156	425	586	559	170	124	200	198	79	502	139	303	59	568	280	242	193	560
346	662	512	457	106	483	411	513	102	564	734	253	472	267	440	709	681	214	691	62	396	274	205	221	244	685	683	664	533	713	407	92	178	204	289	741	422	350	654	378	356	21	326	508	485	612	605	725	357	626
754	660	478	468	580	563	673	398	132	490	91	225	376	278	300	131	354	680	571	414	393	6	523	161	619	137	540	749	73	98	431	529	337	544	491	435	447	418	135	187	284	2	700	487	15	312	157	268	429	438
57	598	728	65	706	503	86	727	323	470	212	502	172	176	83	743	717	351	671	280	391	411	29	41	694	281	569	142	312	619	454	185	674	651	707	282	740	625	633	124	584	734	618	437	365	304	447	158	627	210
20	410	391	430	316	225	29	576	493	146	119	676	397	476	64	668	444	132	148	509	693	746	176	256	415	131	752	199	139	541	724	560	110	39	156	408	128	341	147	453	4	388	517	474	53	726	111	46	637	188
364	69	608	502	423	355	694	683	468	158	358	550	328	141	330	291	91	163	604	680	702	170	72	472	565	561	78	496	114	729	636	250	47	704	77	340	674	357	144	367	88	553	241	272	547	180	548	427	376	271
338	226	545	323	400	585	537	615	703	17	755	513	728	587	441	583	648	93	373	157	113	437	492	66	508	401	351	516	299	682	89	281	643	500	363	40	100	686	86	669	221	394	245	433	554	36	333	133	117	194
598	705	701	288	700	192	332	384	257	154	105	619	484	345	74	589	532	446	177	758	621	742	280	455	235	754	96	13	510	136	390	443	494	193	261	684	16	414	137	76	218	240	398	595	662	205	721	127	182	678
168	660	563	123	519	301	60	613	624	242	630	707	527	237	716	421	222	549	646	531	172	526	478	296	334	293	294	609	321	359	426	2	449	461	278	361	317	290	392	129	399	354	215	418	489	124	634	298	109	482
607	454	727	485	575	59	535	254	697	389	318	243	310	505	744	339	276	681	70	497	490	743	200	234	725	19	268	599	99	116	349	539	442	379	346	521	706	543	84	749	179	3	85	209	667	424	101	411	286	335
231	393	92	309	432	498	1	122	638	458	747	56	140	149	420	456	546	32	125	572	303	57	120	522	344	529	30	196	329	153	569	314	41	530	672	618	279	396	633	652	466	419	720	42	632	422	463	322	325	369
730	460	98	592	462	212	185	24	753	559	368	416	270	87	464	102	459	695	679	106	736	614	471	602	155	50	712	58	431	665	14	650	6	641	207	429	178	145	710	579	723	600	336	661	186	524	407	523	238	445
198	300	555	73	597	11	248	515	18	688	451	713	173	362	227	739	756	283	647	751	413	82	44	470	533	409	659	562	582	348	573	130	491	51	201	266	690	313	38	258	525	593	538	617	103	315	353	731	203	169
567	287	232	166	657	187	374	97	326	689	381	246	715	577	434	412	0	35	274	699	605	625	439	488	253	343	80	440	306	518	405	372	564	385	551	352	282	68	142	83	651	214	377	640	62	48	126	307	540	331
487	219	366	162	644	378	251	292	450	616	104	402	143	514	202	435	501	195	380	495	581	236	31	383	360	687	591	696	230	499	9	26	544	734	511	327	566	262	465	277	79	475	709	606	302	43	698	247	588	717
469	387	121	65	578	5	452	447	15	189	25	568	206	722	677	675	45	738	601	479	504	324	481	183	320	552	22	75	229	692	259	673	295	467	584	244	586	534	164	438	507	654	319	107	542	556	571	150	570	167
90	594	55	375	536	181	382	27	590	480	213	642	735	159	311	520	191	12	217	347	417	312	216	211	629	112	134	623	457	197	284	670	603	528	473	264	750	115	54	666	711	406	503	611	252	386	620	67	342	512
269	664	61	557	233	267	574	273	28	350	748	263	304	596	626	631	8	370	118	558	33	138	428	223	612	23	403	249	671	627	639	239	718	685	160	37	733	152	21	658	175	95	580	255	395	628	275	655	448	610
365	108	714	732	649	740	483	297	486	425	71	656	171	34	757	285	49	165	265	135	622	224	337	691	708	220	356	63	737	477	436	210	663	260	204	151	190	741	635	161	52	745	305	371	308	94	184	174	404	645
506	7	10	289	719	653	228	208	81	574	546	356	140	366	687	206	306	319	192	54	506	576	282	134	568	671	322	578	439	323	46	42	40	410	704	398	207	146	752	283	49	555	406	544	586	750	57	65	318	333
35	641	516	244	572	278	468	193	464	531	520	598	752	552	58	412	655	197	462	181	221	63	712	544	741	417	716	378	262	568	239	487	488	293	594	530	621	238	180	243	408	450	185	344	224	2	577	44	545	588
356	365	154	300	272	198	533	129	189	438	725	622	9	402	358	150	600	155	459	241	66	414	608	690	485	188	173	463	704	29	558	267	757	213	428	606	395	695	663	542	731	538	93	492	455	539	680	223	472	570
235	287	637	364	228	51	231	342	48	246	429	277	21	532	3	612	746	199	377	632	140	97	382	756	732	498	437	375	634	514	170	33	563	289	357	560	328	82	575	184	481	550	284	366	665	319	47	748	353	135
6	157	214	291	210	515	236	156	541	642	19	719	467	739	38	380	153	742	266	483	330	478	700	166	449	361	486	37	662	727	270	340	55	110	4	371	355	22	177	112	286	298	671	502	65	116	592	705	630	740
399	128	406	461	423	446	529	162	559	124	460	209	204	645	152	603	503	149	482	341	161	709	195	442	616	687	636	470	175	635	370	64	398	27	141	151	67	50	720	702	471	409	715	324	91	368	658	675	605	339
669	469	30	146	54	681	68	599	737	125	96	205	416	490	251	85	143	203	34	458	121	391	384	676	555	511	758	15	17	554	88	216	249	147	253	87	127	46	118	543	553	505	629	524	698	285	633	724	749	585
569	327	255	693	263	536	250	73	722	78	359	159	347	275	77	59	43	677	583	374	682	557	144	218	441	647	217	686	477	62	70	650	123	611	714	726	584	699	256	171	183	528	466	81	615	513	56	679	83	518
113	84	106	564	363	489	593	465	265	12	659	661	254	115	420	331	697	407	410	527	122	302	657	168	101	160	196	447	75	346	349	72	309	258	20	316	651	103	245	334	596	296	576	753	703	708	678	495	664	427
268	653	376	457	132	729	628	283	549	721	404	590	120	229	176	0	480	626	534	733	617	430	318	711	506	751	706	136	574	445	452	259	325	571	497	90	381	431	31	688	440	202	367	388	139	39	656	200	215	13
294	604	627	730	403	95	260	674	392	308	25	52	100	164	413	337	211	473	390	540	582	425	755	512	208	710	561	521	499	444	451	369	207	546	631	138	10	613	551	315	443	609	119	312	108	5	174	701	248	317
607	619	247	573	436	102	45	362	640	728	8	11	396	433	264	666	321	614	750	99	53	290	476	745	335	148	421	105	107	276	142	167	354	649	227	320	610	448	351	26	92	274	299	1	61	565	23	383	104	379
326	187	343	668	273	313	456	743	418	504	405	220	424	566	547	419	281	305	386	206	279	387	179	269	685	89	683	718	508	182	117	644	234	579	130	240	242	591	691	131	230	360	79	589	618	660	673	479	288	426
134	14	42	509	602	667	562	522	548	496	434	257	280	401	567	717	233	225	620	252	595	525	556	28	333	670	500	169	400	282	736	145	672	696	580	694	652	191	411	7	484	16	158	394	219	36	474	303	624	222
372	133	350	493	32	526	40	393	190	314	172	94	684	646	639	623	510	734	332	537	271	126	501	76	232	201	578	385	692	415	654	322	165	329	109	491	422	643	638	389	348	494	297	587	178	194	625	71	475	648
523	261	535	723	226	41	597	307	397	707	747	292	439	98	212	306	586	352	137	507	80	338	432	435	738	310	24	689	519	453	111	336	373	60	301	18	754	57	735	744	237	49	323	295	517	74	311	581	163	192
86	69	345	454	304	601	114	186	713	84	241	598	416	103	561	170	314	213	96	727	94	166	14	563	695	407	312	590	373	175	501	738	257	63	578	202	346	401	100	636	711	553	576	677	571	125	715	254	133	78
134	20	556	51	705	5	231	374	424	113	571	416	145	479	597	43	189	239	398	266	362	165	364	714	706	569	338	620	492	211	18	223	495	394	528	35	655	733	558	187	47	554	234	75	537	442	605	548	522	10
572	66	581	535	694	316	643	590	108	156	69	46	734	67	344	288	667	382	284	330	368	756	448	449	601	363	331	656	563	555	406	84	171	393	17	507	609	617	149	603	196	203	730	551	658	729	251	436	663	703
118	250	665	496	433	121	339	454	517	209	414	721	335	298	749	650	314	324	76	22	546	427	296	105	357	391	98	674	307	441	540	188	263	399	152	661	218	475	702	573	252	103	716	305	21	419	680	193	456	615
616	700	744	194	310	527	11	592	63	691	376	723	216	418	329	387	372	489	347	604	533	85	500	99	176	64	245	172	122	473	425	358	593	542	633	120	754	32	83	136	71	685	719	94	349	82	333	692	618	52
529	654	170	326	510	738	578	139	385	28	175	299	600	184	422	128	241	341	318	265	90	68	287	758	9	36	23	481	467	79	112	215	619	524	695	317	210	392	564	742	683	681	640	183	491	97	195	350	486	320
182	626	222	538	78	469	100	737	731	167	447	423	450	415	7	125	570	621	752	129	138	625	679	451	148	662	634	711	191	325	186	649	154	294	487	73	29	300	201	390	669	261	111	44	59	220	637	275	502	641
81	704	198	2	420	536	353	272	77	70	736	753	173	115	356	116	410	585	698	126	429	583	498	366	219	735	130	106	577	146	144	13	302	544	177	611	497	151	453	434	693	143	400	88	309	289	526	322	397	267
378	402	426	388	468	472	552	668	509	283	1	72	33	41	459	55	576	728	521	217	523	226	61	159	351	243	630	281	688	457	678	334	101	163	301	512	102	648	432	482	114	501	258	192	40	439	545	709	670	127
732	591	227	259	199	395	109	722	6	690	701	277	632	65	248	443	462	710	599	470	645	327	413	440	557	160	438	707	715	676	452	60	589	124	697	437	348	516	25	518	140	123	412	304	293	725	321	141	276	24
180	431	636	208	568	228	240	435	463	739	675	235	575	471	464	708	405	104	117	285	417	446	403	485	178	360	718	133	0	720	367	373	587	499	361	42	594	205	174	465	369	757	244	15	58	206	677	30	142	455
506	153	747	745	639	567	743	337	478	530	461	466	242	689	614	444	642	580	354	87	550	168	162	238	624	750	169	273	312	164	147	411	401	95	408	673	381	230	699	755	224	365	421	280	229	623	598	89	12	345
16	340	39	503	553	132	214	607	185	606	264	672	610	566	96	278	3	249	107	292	137	232	236	380	135	131	653	181	562	638	740	635	158	256	291	559	445	38	596	34	584	627	56	713	352	383	659	687	386	588
746	741	286	514	311	54	86	646	225	332	27	751	336	57	48	4	532	262	493	271	212	92	684	270	49	375	561	119	150	504	474	480	726	686	247	664	313	295	748	8	359	505	379	520	586	727	531	428	221	14
308	460	657	274	513	31	237	306	404	647	484	53	253	476	565	525	257	297	560	157	328	644	622	110	629	613	80	50	303	279	255	197	579	323	166	19	631	717	26	268	494	179	488	74	430	371	190	541	539	582
696	91	346	602	519	574	595	254	246	207	370	682	342	511	671	543	534	483	233	612	407	343	458	384	213	260	549	155	396	315	269	660	490	204	547	508	355	724	608	37	666	290	651	652	202	45	389	282	409	515
477	93	161	62	712	319	628	200	377	636	307	368	710	302	405	543	648	206	20	61	554	601	439	328	469	418	137	157	354	345	583	491	66	755	436	390	232	616	337	209	19	190	708	539	11	284	357	396	395	108
353	245	232	697	200	754	598	305	166	419	143	100	662	112	425	71	742	704	283	748	429	398	95	77	531	29	321	556	593	181	395	595	420	76	473	156	545	448	302	710	723	66	751	372	695	519	514	430	729	272
107	168	298	17	87	569	314	333	47	615	755	89	78	588	345	673	460	176	499	627	581	470	722	518	324	705	505	329	501	180	91	337	59	585	744	342	609	33	701	525	225	223	553	449	407	574	617	462	497	193
53	360	506	587	584	355	103	630	16	750	562	450	621	229	539	63	707	297	434	583	158	629	35	397	619	633	457	674	18	666	649	201	28	527	663	676	580	121	274	699	625	589	394	552	667	335	293	410	23	523
276	396	534	149	257	313	645	576	327	749	207	267	20	246	311	445	273	44	741	543	711	362	469	72	757	493	743	288	108	607	594	464	202	752	690	726	332	622	81	616	352	116	216	737	696	159	316	346	308	489
682	541	359	475	415	221	693	422	517	592	208	708	5	472	190	740	234	672	456	447	160	403	408	90	122	114	665	476	703	259	714	548	25	136	628	240	296	654	340	73	634	610	148	191	294	228	496	354	97	125
167	639	128	124	620	520	61	307	49	69	140	679	533	104	668	147	99	88	115	2	600	331	715	530	152	421	306	347	40	239	54	604	651	557	678	9	256	601	270	211	675	363	4	312	560	700	34	563	731	26
258	387	96	424	154	417	326	265	113	15	653	578	377	368	12	561	24	238	174	656	459	70	187	732	516	222	694	231	268	339	290	98	716	21	458	747	435	93	310	532	146	37	413	659	612	626	300	454	138	119
540	586	388	45	485	36	730	117	280	27	169	384	373	702	358	437	1	376	608	173	507	111	691	13	213	226	439	242	189	734	85	139	558	624	183	386	536	575	655	281	84	14	145	330	412	10	404	686	418	126
185	481	484	224	237	260	524	391	378	664	669	194	192	436	295	727	254	369	510	196	68	692	579	511	367	266	515	603	638	184	32	182	565	269	724	389	65	426	746	606	249	736	375	349	468	279	677	685	86	599
438	366	322	235	102	492	153	233	123	118	521	357	605	286	687	262	178	482	657	631	526	0	163	490	220	57	680	380	151	304	486	134	712	285	214	278	478	442	623	444	42	698	564	544	19	502	130	529	567	568
719	171	495	441	251	197	350	738	341	60	51	374	287	64	218	414	244	550	22	94	640	670	133	175	546	361	195	292	684	551	309	535	688	155	487	120	671	721	205	58	172	48	613	275	577	392	648	379	591	735
432	572	299	500	75	282	141	402	343	319	618	455	212	203	382	6	248	745	466	370	82	170	365	186	41	38	135	433	277	252	320	393	338	188	537	406	336	127	494	315	177	427	647	753	632	566	325	423	728	227
323	471	253	602	400	467	215	461	573	614	351	409	74	7	706	79	491	503	509	463	291	356	508	452	50	348	570	56	129	512	549	756	725	431	199	217	255	219	547	301	371	483	230	443	243	92	479	263	334	261
513	451	758	132	164	144	465	582	635	383	364	43	428	150	416	559	611	683	210	209	660	179	488	80	289	317	474	62	131	67	385	110	643	30	399	709	137	162	681	642	446	440	161	480	165	637	661	405	542	284
206	713	109	650	538	644	157	3	641	689	303	555	453	646	31	498	636	8	318	271	264	571	733	390	401	52	528	250	142	328	241	717	83	504	718	204	247	55	590	658	720	739	344	596	236	101	477	411	106	11
381	46	198	554	39	522	105	652	597	641	140	686	554	481	468	585	386	518	676	478	666	30	1	267	519	623	206	622	601	635	694	486	458	131	475	332	227	71	715	138	50	4	77	417	735	369	88	41	265	34
10	225	239	261	95	286	503	656	547	339	174	301	46	640	82	604	170	304	565	192	300	431	615	582	123	109	209	106	403	368	173	14	72	268	19	487	554	611	94	3	189	201	577	473	621	399	311	692	289	39
257	560	643	369	589	86	440	385	661	116	146	736	454	407	121	103	358	341	586	395	566	392	23	51	56	427	727	127	177	290	142	472	571	597	413	557	745	425	474	533	187	134	521	504	646	319	701	606	334	276
718	240	297	133	344	482	612	124	389	711	642	69	212	267	277	354	165	70	690	725	591	420	218	85	744	637	449	426	626	198	731	97	318	645	458	68	26	221	25	445	228	498	140	599	732	28	456	398	244	516
605	87	564	724	265	294	570	55	650	53	89	164	195	245	372	600	2	320	208	464	155	411	499	402	476	131	496	148	668	262	260	686	619	64	355	391	433	386	132	674	248	308	409	730	505	36	224	182	190	390
210	313	419	513	255	128	682	37	691	335	467	596	312	91	540	549	33	34	632	282	378	273	340	740	153	73	66	306	721	601	696	548	614	635	299	84	307	412	98	44	171	194	719	284	309	689	254	139	528	414
429	143	594	101	524	80	151	490	79	720	561	506	108	593	739	136	530	113	687	232	734	325	119	639	303	588	705	638	434	551	226	219	485	147	217	461	422	129	384	468	750	9	269	233	447	665	511	345	595	625
387	343	243	755	568	130	520	684	370	166	462	644	712	537	587	122	743	670	695	270	641	576	213	683	211	59	675	502	733	657	360	651	181	65	275	321	396	283	581	7	562	658	253	672	266	484	388	666	574	700
495	157	310	183	667	542	735	202	71	144	12	531	617	463	717	652	357	176	508	382	179	430	342	441	393	563	330	22	519	584	352	114	196	296	435	676	102	259	193	608	636	518	758	172	185	527	74	349	756	215
538	722	539	295	737	125	404	199	673	137	316	545	510	186	493	60	115	52	514	58	681	367	620	75	327	30	383	112	598	633	160	376	17	314	479	451	149	78	317	258	191	669	305	365	263	753	117	110	592	616
67	517	280	630	351	416	77	567	421	679	522	618	572	688	48	406	236	655	324	469	264	693	380	702	460	488	699	159	220	751	197	332	439	216	350	32	274	43	742	1	231	417	662	126	104	659	15	450	29	654
11	156	697	207	145	707	287	459	481	298	100	648	377	90	154	338	747	50	602	629	694	671	13	535	279	501	168	452	475	288	470	281	715	424	457	234	8	578	347	242	423	206	408	361	61	251	579	466	278	150
47	532	105	356	653	507	622	553	525	754	664	364	748	54	706	497	714	515	405	526	271	448	328	738	492	223	92	315	698	590	713	710	83	237	607	677	685	397	45	188	49	291	436	486	323	250	585	203	741	158
40	241	135	184	169	292	329	21	749	757	57	634	246	678	575	483	631	204	5	649	529	491	663	336	381	302	541	27	247	16	512	442	555	544	726	559	477	494	0	120	111	88	558	93	550	118	222	401	552	229
580	337	709	438	371	175	76	728	227	375	428	556	326	628	418	359	603	99	346	704	546	443	162	24	573	374	235	415	410	660	478	38	362	96	569	62	214	373	465	205	6	81	331	167	366	437	353	238	18	752
716	534	583	703	680	523	723	444	708	230	480	138	322	249	509	536	543	20	35	293	627	610	42	256	152	200	163	252	285	363	624	4	63	178	333	729	141	746	272	41	180	446	500	455	107	623	613	489	161	432
394	400	348	453	471	31	379	609	647	196	17	444	220	687	429	167	293	105	490	379	743	250	190	308	104	301	746	647	307	544	288	74	137	689	8	24	212	423	408	144	172	101	738	671	394	550	540	170	224	131
1	728	140	90	43	524	511	756	75	212	716	602	474	473	406	612	729	560	534	200	141	239	559	50	237	41	586	558	123	643	613	178	218	726	284	289	697	549	563	442	663	248	190	384	208	47	635	707	119	96
730	621	232	489	510	274	338	175	733	642	31	589	605	156	166	104	545	434	340	444	362	369	403	134	37	375	122	583	29	740	491	507	430	18	641	71	135	320	226	262	751	390	407	433	266	72	640	210	492	428
518	739	598	188	203	749	705	532	688	478	136	497	335	482	109	171	742	252	110	170	689	299	106	535	738	6	265	177	126	219	543	381	55	519	354	483	542	316	585	387	661	410	44	377	443	398	165	498	606	157
344	456	131	455	69	421	704	544	533	633	346	445	39	348	260	88	537	306	167	30	318	62	600	453	99	402	672	241	673	207	22	653	128	625	334	678	471	358	599	512	216	577	38	196	199	439	246	571	4	502
214	431	114	711	744	319	526	674	111	700	100	250	67	662	341	309	83	736	205	64	741	508	311	523	644	120	732	230	493	209	521	121	501	572	669	382	657	127	394	627	164	579	180	701	264	36	386	79	231	677
329	94	130	626	221	257	513	293	150	81	222	117	24	710	561	307	708	692	515	722	360	658	417	169	89	365	481	235	409	460	648	213	750	105	181	584	485	240	389	516	292	592	305	634	361	336	550	458	187	475
597	87	46	370	63	198	54	373	147	138	647	148	215	745	607	531	595	112	327	286	173	451	376	78	278	68	495	351	450	144	302	378	582	723	379	651	160	503	304	113	98	101	82	107	499	312	51	223	142	655
380	438	45	324	27	383	20	349	615	77	630	371	249	56	80	400	229	243	26	440	372	91	405	279	574	715	570	192	86	415	541	591	325	42	19	416	139	61	353	437	298	258	191	594	614	350	13	342	652	259
628	193	618	93	328	425	66	189	690	271	426	557	588	654	757	255	176	747	28	197	413	364	551	639	295	97	554	332	58	368	610	636	748	693	488	500	601	721	391	709	411	48	452	590	220	470	506	539	412	132
454	461	0	664	297	646	668	484	553	53	623	290	245	33	720	754	429	479	427	538	333	179	158	604	727	3	699	108	206	244	145	719	115	84	23	555	397	459	225	330	287	724	536	355	441	367	737	528	576	345
464	696	9	359	562	448	631	103	504	388	446	186	227	34	76	608	40	435	352	10	420	680	25	494	247	211	366	313	168	392	408	133	731	343	725	611	529	129	254	326	146	638	679	7	393	660	755	616	321	8
399	568	270	308	224	161	637	275	174	603	419	233	467	665	436	323	617	314	291	16	487	650	743	632	735	256	95	685	234	152	624	509	52	575	125	432	686	552	273	469	251	695	449	277	172	423	317	629	667	49
514	201	418	149	465	59	17	282	547	162	315	261	310	675	337	228	619	753	620	238	476	684	656	143	253	268	712	666	486	272	520	12	92	263	300	682	556	527	472	581	477	717	242	466	85	525	578	649	102	580
746	691	357	347	356	5	496	269	414	267	517	21	401	463	622	404	713	702	301	703	303	236	564	565	681	573	124	569	154	734	74	567	276	718	65	758	546	671	280	645	185	374	285	283	163	687	202	659	698	566
462	490	183	447	35	714	15	363	587	296	281	422	288	676	73	331	32	424	151	683	694	182	60	57	194	596	396	540	385	2	70	395	14	706	159	137	593	118	505	155	153	468	752	217	530	609	294	184	548	670
195	204	457	11	522	322	339	116	480	591	106	53	424	703	423	351	249	209	521	635	232	605	314	641	44	392	394	543	29	9	30	359	196	551	741	49	187	335	321	421	576	47	127	131	681	475	371	398	203	607