0,0
292	173	304	387	223	552	398	190	489	499	171	333	323	312	520	327	229	514	241	27	604	102	35	345	402	45	57	12	52	43	548	257	626	235	542	261	181	458	418	228	211	64	361	7	381	625	217	440	163	131
307	244	531	78	152	161	494	564	391	169	460	33	282	367	643	655	237	571	379	375	278	309	473	469	299	197	172	493	522	31	192	22	317	302	567	538	276	479	510	252	92	260	386	640	220	521	277	24	332	233
65	442	431	76	408	639	384	16	6	142	602	176	272	194	559	69	536	653	97	572	410	264	295	196	68	444	588	656	238	641	230	374	293	34	47	193	519	110	439	457	222	578	437	597	417	84	105	274	72	483
630	157	236	592	100	259	231	334	482	396	311	218	449	435	562	175	405	576	183	579	419	509	642	140	1	504	429	594	109	116	491	365	167	191	151	599	372	549	452	392	569	271	153	56	305	262	484	107	240	121
70	517	279	336	253	591	650	403	296	617	507	179	60	540	91	273	94	503	529	118	80	154	88	631	203	463	354	136	612	50	96	114	524	547	242	383	98	245	343	501	166	195	254	598	478	215	126	532	188	634
476	61	146	474	351	622	566	249	59	433	508	349	164	586	139	119	358	210	11	424	266	537	28	129	10	81	280	428	108	284	326	551	546	285	462	111	14	214	160	649	26	407	184	99	595	303	25	570	370	329
505	445	624	610	353	613	475	447	159	37	66	481	563	226	130	289	426	488	174	227	322	149	212	101	651	287	561	618	75	225	341	147	23	113	441	308	620	657	177	654	155	621	38	389	603	585	170	450	339	378
425	451	219	248	325	573	138	58	511	2	208	250	581	87	399	580	438	348	199	106	29	492	553	377	17	30	513	315	63	281	352	647	124	623	20	359	187	207	477	224	443	582	590	269	104	288	414	318	518	456
467	36	394	539	297	19	310	565	267	112	533	120	291	512	85	275	616	132	202	400	583	189	198	584	247	5	148	633	178	413	145	204	415	3	593	397	448	316	500	21	335	362	609	605	127	49	39	560	314	423
331	558	645	611	404	294	251	368	466	555	42	471	388	117	270	324	485	0	306	9	300	390	55	143	589	601	455	165	83	411	487	205	544	319	385	600	434	18	301	575	628	186	86	525	568	46	168	162	298	550
432	577	495	221	133	436	541	141	646	115	486	497	632	258	137	330	376	454	158	180	32	150	263	103	347	350	516	627	213	465	206	652	255	412	328	346	427	556	648	421	470	459	373	48	635	506	587	82	355	95
446	67	534	422	380	201	357	128	144	401	209	286	498	268	90	41	608	337	416	234	366	53	243	79	51	526	338	340	515	535	557	313	554	232	596	185	644	62	480	523	246	134	461	360	290	182	364	615	607	4
44	472	468	135	430	614	636	71	464	619	15	393	216	74	638	606	406	629	93	530	283	543	321	89	342	382	409	13	453	77	637	200	545	574	122	363	344	54	395	239	356	528	371	420	502	40	490	256	73	8
496	156	123	369	320	527	125	265	612	168	74	562	145	355	269	334	142	633	7	381	124	165	539	384	143	17	273	102	343	93	445	454	492	154	148	463	611	87	472	640	396	338	378	363	67	123	201	245	305	162
33	119	461	203	560	496	293	361	364	523	474	8	94	387	105	41	353	520	207	511	260	163	592	351	219	317	484	42	145	466	254	638	20	623	76	501	562	475	121	287	182	110	315	558	36	130	136	628	202	556
550	492	147	368	153	258	641	430	622	422	652	316	537	513	642	85	113	183	307	104	358	35	455	58	459	282	63	631	37	40	197	96	43	522	115	561	134	265	26	160	252	72	18	54	69	292	394	314	630	175
30	527	375	401	27	227	158	657	428	281	621	210	177	359	233	172	181	155	643	343	99	173	180	500	212	453	77	554	270	503	46	338	3	457	230	433	332	367	548	55	650	176	166	67	516	483	25	238	264	344
607	257	434	533	66	463	174	620	14	348	610	559	199	413	491	217	639	191	189	465	269	471	441	624	138	208	478	70	647	246	10	644	569	553	369	347	89	386	510	540	195	247	596	352	495	612	44	90	154	78
604	635	582	248	331	329	263	470	396	201	476	209	297	432	572	19	381	342	141	335	184	606	224	249	467	97	597	12	240	341	320	423	442	340	117	5	563	593	295	150	245	609	452	578	120	186	407	82	629	302
374	322	108	365	239	149	296	409	31	512	116	165	50	279	167	477	324	417	345	95	608	306	440	371	380	261	122	211	304	101	60	88	262	349	391	654	327	591	29	291	143	87	564	103	404	449	61	633	213	236
24	277	515	333	123	235	64	379	330	588	4	507	424	498	318	469	339	589	290	425	549	370	613	276	420	615	565	206	372	288	632	506	363	164	129	362	283	573	81	228	84	557	388	286	128	497	159	617	419	156
74	47	170	544	200	552	79	237	139	303	649	56	538	242	193	48	346	334	373	299	0	192	106	412	1	102	618	222	253	267	545	584	397	443	585	547	648	274	205	221	244	586	402	411	152	408	436	92	502	204
601	646	535	499	220	142	602	356	21	616	326	445	640	100	509	93	454	357	114	426	148	68	250	360	570	543	464	514	427	576	415	132	91	259	225	536	278	619	300	653	131	354	168	437	59	414	490	524	393	6
11	161	107	223	636	28	482	655	98	580	17	337	627	435	451	447	298	567	255	418	135	605	590	505	188	551	15	312	526	275	268	429	438	305	57	568	216	529	194	86	215	323	382	421	384	125	256	218	112	350
534	577	539	9	521	2	389	546	468	399	272	126	603	446	355	485	494	481	517	583	614	231	34	273	525	301	594	599	472	65	328	146	310	508	71	473	376	16	626	178	23	280	600	51	124	581	38	319	271	118
462	439	198	571	416	532	486	336	383	140	49	542	493	410	385	325	406	243	651	519	229	458	450	366	566	579	398	133	226	575	431	251	127	13	241	395	309	7	479	518	637	487	151	574	157	460	645	392	109	171
587	403	378	598	234	187	144	400	504	162	531	266	83	530	53	528	456	480	52	214	555	448	595	75	625	179	541	32	80	185	656	488	45	311	634	190	137	284	232	611	321	313	22	196	390	111	289	405	62	444
308	489	285	294	169	73	377	39	225	622	38	612	16	484	57	459	245	189	470	98	272	283	386	600	480	128	107	458	229	499	239	179	145	101	144	639	548	136	539	105	204	465	322	632	651	308	361	140	621	395
505	425	309	413	79	193	639	129	461	502	621	390	402	327	525	222	159	126	80	198	606	341	574	342	5	113	542	3	589	97	157	227	514	88	554	59	87	481	160	630	122	302	181	577	620	43	215	573	337	367
42	595	398	363	654	244	504	58	185	75	346	522	145	399	77	188	403	648	25	164	176	368	269	474	581	438	56	276	197	604	487	364	130	495	416	594	172	499	72	1	440	427	441	121	405	101	18	559	636	285
264	412	128	617	278	124	199	225	112	150	263	292	344	275	540	645	431	377	13	408	392	333	585	404	99	351	410	445	261	17	358	493	563	235	518	84	582	119	536	360	259	650	529	458	138	467	23	65	533	74
195	397	127	450	349	462	326	117	37	586	379	375	530	497	339	272	0	628	139	566	613	369	143	304	396	108	173	394	432	457	260	41	608	422	538	325	618	615	616	478	29	217	165	480	9	509	587	237	179	640
503	414	401	299	434	295	290	508	430	229	216	451	547	409	219	234	472	49	115	612	94	320	355	262	335	468	202	133	7	345	557	489	207	552	141	380	541	599	348	370	266	469	475	26	83	600	33	169	570	194
437	506	253	114	236	343	132	622	252	258	214	62	20	386	279	528	142	96	76	372	459	63	419	526	282	286	439	47	443	515	170	374	6	476	61	338	555	411	24	406	255	40	280	116	454	556	516	447	242	307
81	477	656	82	98	494	245	250	241	546	166	534	228	565	246	205	211	60	496	310	652	460	267	152	579	71	209	420	653	148	230	562	203	16	50	448	543	287	572	365	158	213	389	4	175	331	500	350	421	580
626	456	125	632	109	535	273	31	548	156	8	400	64	376	177	146	163	212	395	426	19	592	605	607	11	466	39	598	601	544	312	288	149	473	513	597	2	48	603	578	391	418	634	357	69	512	519	561	424	362
532	210	591	283	449	647	633	322	136	298	471	383	486	631	567	531	93	488	186	95	303	270	330	583	446	353	162	356	537	590	584	243	347	92	560	524	318	281	539	523	134	201	30	569	293	332	317	248	90	85
637	444	336	564	649	609	45	479	231	483	28	66	511	549	35	301	70	558	614	53	366	182	328	131	433	161	642	232	436	137	38	51	226	553	596	517	168	73	482	415	191	107	611	44	86	465	34	21	247	57
334	571	120	510	407	378	352	183	265	296	527	340	428	189	624	256	623	308	233	354	102	123	651	485	171	32	393	588	610	46	323	314	311	178	36	174	221	55	550	491	277	484	155	153	644	417	291	521	423	384
498	10	387	196	619	67	254	551	200	643	180	627	190	545	442	294	316	271	184	22	240	453	520	501	463	452	54	507	490	359	249	12	140	321	151	284	206	110	100	655	147	103	144	111	106	104	208	204	319	313
300	382	105	381	274	192	464	305	602	268	385	329	52	239	657	371	435	575	297	629	14	625	224	135	641	289	315	218	68	429	167	15	78	455	324	373	91	257	593	154	238	638	470	576	361	635	118	89	27	306
646	388	568	220	187	223	251	492	648	320	526	551	401	90	4	110	321	370	22	160	176	628	395	640	235	413	591	467	330	391	257	225	456	93	506	156	23	297	446	88	141	563	636	157	453	545	186	238	158	274
592	423	135	85	429	389	589	553	401	569	146	656	265	54	40	42	402	518	331	559	386	536	229	375	74	101	628	485	49	385	201	293	598	382	133	425	516	618	46	136	340	483	166	443	237	192	420	581	489	272
353	70	591	339	261	212	356	230	329	474	599	120	657	558	57	193	578	397	564	137	41	364	508	326	639	104	649	461	313	394	65	249	427	117	107	140	157	359	142	411	517	12	457	476	602	300	587	222	430	169
284	567	53	437	126	291	368	374	287	256	323	615	335	11	314	9	27	652	97	488	134	573	262	432	34	207	529	66	521	336	551	289	227	554	81	478	304	441	453	596	95	218	72	108	360	643	102	538	568	110
574	286	572	181	398	283	206	189	182	590	161	361	593	624	651	228	347	644	424	302	15	71	376	463	505	45	637	143	472	543	547	79	129	524	344	24	116	242	115	638	584	330	277	413	47	515	366	487	322	310
37	316	103	29	563	601	492	138	491	248	210	98	282	184	327	183	609	355	307	80	196	16	121	31	631	445	87	28	299	88	285	319	444	334	622	231	141	76	190	213	179	422	276	99	396	43	399	548	633	84
412	384	454	114	32	477	306	168	279	566	224	555	264	522	627	259	67	377	490	417	528	604	494	497	235	612	152	511	170	333	223	0	473	239	545	626	123	3	452	388	582	577	532	475	148	357	204	605	17	614
296	535	616	50	348	324	174	149	219	8	448	493	233	350	325	648	414	459	580	241	164	378	205	338	250	92	641	109	165	625	318	362	346	96	328	61	172	175	570	159	588	145	1	464	520	225	268	303	309	507
139	607	542	298	380	122	163	400	363	418	240	105	406	439	156	500	59	482	560	468	372	600	243	209	186	646	147	586	408	63	86	106	185	540	73	124	151	30	358	434	197	480	552	611	294	502	403	467	510	4
470	404	200	211	274	253	51	271	154	537	112	373	187	369	595	645	111	410	349	292	20	176	629	13	194	342	337	495	177	311	132	345	90	60	312	263	22	561	275	435	35	290	180	23	621	496	436	390	215	130
273	585	198	498	162	238	527	486	244	531	199	208	270	305	113	89	245	481	10	252	39	654	68	449	613	26	321	433	371	78	456	653	546	93	18	556	534	630	506	25	251	450	91	150	216	295	370	440	525	462
173	267	635	484	575	269	188	562	58	354	576	640	125	395	56	171	597	178	367	351	383	278	409	226	48	503	234	288	647	632	608	407	381	246	617	62	127	144	260	446	544	519	203	33	451	82	153	620	594	530
650	254	619	501	391	214	512	392	460	36	195	14	603	533	583	634	77	317	466	415	606	247	2	100	341	365	447	44	579	387	131	160	258	509	421	301	550	94	7	38	257	69	202	158	281	623	75	232	83	255
320	119	19	191	266	379	431	549	297	655	64	523	526	55	557	167	571	426	308	479	343	52	21	236	419	5	610	514	471	499	428	332	469	405	155	393	416	118	217	6	458	642	442	565	455	465	539	438	504	220
315	636	352	221	541	280	128	513	570	140	442	559	618	467	490	153	175	224	251	632	2	361	185	364	181	358	253	166	585	340	241	455	284	589	184	593	628	223	155	521	231	286	377	58	48	382	21	608	3	275
560	373	496	46	519	640	339	522	42	84	9	282	147	601	298	587	413	202	63	143	51	30	484	411	654	562	346	102	501	62	478	169	297	442	638	129	423	523	398	265	34	133	570	204	135	583	232	58	383	623
199	96	203	56	121	581	29	534	156	355	271	510	416	365	639	467	493	325	101	72	142	461	381	377	419	50	269	103	117	278	78	303	321	308	91	441	145	580	530	318	597	64	393	24	4	213	185	276	643	299
584	448	99	394	533	646	341	234	577	653	86	7	85	292	563	382	36	296	568	573	322	555	642	578	290	354	207	263	436	406	320	644	589	636	100	287	268	400	361	73	452	487	231	126	634	477	405	208	181	314
273	255	94	544	144	286	575	370	612	471	624	37	224	635	175	52	106	245	366	164	211	630	437	196	506	617	541	353	118	254	482	335	327	25	574	214	250	558	168	492	210	591	447	115	548	342	150	547	628	165
157	257	514	44	192	526	512	525	368	479	408	243	104	615	190	179	486	527	311	149	378	569	500	502	340	240	415	603	247	330	12	180	425	48	627	329	504	66	201	172	463	67	233	483	148	198	138	440	49	312
516	508	43	456	390	111	20	606	364	537	61	551	130	163	650	178	54	407	267	620	5	301	625	343	93	217	460	187	605	132	225	433	197	421	557	218	177	87	521	253	18	588	429	26	261	184	357	334	358	238
11	409	167	347	215	554	75	206	480	614	189	529	119	401	470	410	81	374	33	131	576	174	31	404	124	17	626	305	289	379	651	109	236	564	116	399	348	288	449	279	223	443	152	509	649	14	556	230	112	173
438	475	90	241	326	485	503	275	151	153	324	507	632	540	384	538	306	592	123	465	171	2	511	161	3	264	158	315	170	629	77	473	125	32	344	27	307	200	19	571	472	367	345	237	359	188	41	454	593	242
397	227	186	647	183	600	476	221	272	363	553	176	205	424	284	239	494	491	459	338	518	294	545	212	249	490	599	520	114	350	313	21	595	323	657	40	60	388	141	337	59	8	166	609	222	182	585	92	191	35
15	446	645	543	402	16	412	422	281	98	524	22	351	611	655	216	219	122	371	417	195	88	586	542	349	396	127	310	616	76	387	140	444	57	610	270	633	244	159	375	39	251	531	430	80	13	579	567	134	392
82	432	295	565	362	613	105	528	285	107	376	69	464	539	561	228	618	637	488	74	108	38	604	146	489	552	262	652	259	6	258	431	602	466	389	1	256	369	420	590	498	333	462	439	656	458	386	481	391	380
300	220	89	226	598	566	505	572	418	497	317	83	328	120	435	619	136	474	445	385	302	155	428	304	469	451	71	596	434	641	427	23	65	582	68	246	0	426	274	160	336	53	97	513	499	209	360	309	648	70
229	594	515	356	291	280	110	621	403	631	532	549	113	535	622	252	235	517	608	372	495	193	128	546	47	45	559	536	316	283	414	79	395	162	139	10	28	450	95	455	468	457	331	277	319	137	607	260	248	352
550	194	266	332	154	453	293	55	51	419	597	36	177	652	340	495	163	556	136	476	617	63	474	32	540	360	616	461	126	122	173	294	121	549	440	447	522	373	116	455	265	369	539	524	534	9	310	52	514	544
573	276	244	320	427	51	372	166	225	588	119	311	133	113	479	65	194	389	251	419	85	444	526	230	169	647	390	491	314	8	200	235	157	1	548	414	426	514	392	587	240	516	151	494	623	354	215	591	565	404
613	44	446	500	439	536	393	434	418	634	534	385	303	182	593	179	464	412	458	6	198	18	586	293	285	296	608	174	429	333	357	173	572	370	208	70	395	257	4	91	359	454	399	92	185	191	212	30	181	307
16	269	294	570	496	165	505	490	248	63	495	366	531	369	537	124	654	528	648	272	197	560	436	540	449	10	67	103	193	255	626	17	216	20	117	611	137	49	206	484	340	123	237	583	3	638	262	643	547	329
162	192	14	260	620	323	27	383	487	616	291	37	290	447	288	74	507	622	578	274	627	575	455	524	224	636	501	646	378	287	310	645	463	58	105	256	258	305	128	502	301	109	83	450	629	330	62	482	101	318
561	582	632	562	344	551	175	481	121	435	612	511	38	522	232	472	308	228	649	461	336	374	43	594	325	306	360	430	243	66	652	84	304	358	609	644	217	462	554	261	135	614	549	159	275	402	214	253	388	467
154	338	486	602	41	635	656	379	411	437	242	131	213	120	607	544	207	533	168	349	625	592	315	407	597	470	98	177	142	254	263	448	517	442	107	557	504	204	39	342	163	7	538	574	539	377	160	345	568	81
615	617	278	532	457	68	309	77	523	535	233	416	268	541	577	563	170	64	341	343	493	267	403	452	347	384	440	89	298	0	153	596	413	161	209	147	432	114	279	300	513	102	45	116	438	289	322	69	530	155
398	202	5	249	186	145	376	397	28	132	223	24	628	584	619	581	171	346	201	610	364	317	424	409	222	59	57	13	33	199	433	292	367	474	396	229	521	152	471	580	421	651	126	525	94	466	54	363	110	630
75	35	236	545	506	282	47	149	355	218	567	239	640	196	468	356	579	328	558	425	187	189	266	571	371	129	12	302	631	29	111	515	499	324	299	40	408	510	178	46	555	420	655	488	221	227	246	31	247	106
271	595	96	252	657	618	48	400	87	642	108	118	460	480	130	556	326	451	211	380	281	497	529	73	144	559	368	331	21	238	519	639	492	604	319	485	259	605	127	234	115	405	134	483	406	231	365	410	280	88
56	297	141	456	387	125	553	60	93	508	156	603	273	473	569	286	401	15	520	176	79	52	386	332	543	264	50	542	78	55	641	477	633	172	205	423	600	76	22	509	334	361	391	476	512	552	265	339	316	441
95	53	566	382	606	219	394	469	2	337	518	546	150	277	188	599	637	220	375	327	351	621	11	312	245	589	97	226	146	61	601	34	99	576	459	190	465	428	122	42	373	362	138	143	32	136	71	203	19	350
348	82	527	250	564	164	417	86	624	283	139	284	431	550	184	321	475	453	503	381	90	241	270	9	36	23	415	104	335	498	112	183	598	210	650	352	313	148	353	195	26	25	80	422	478	158	590	585	100	443
72	489	167	653	445	140	295	180	500	235	104	12	174	20	533	357	186	4	404	481	546	362	410	584	172	363	349	509	32	17	497	278	482	355	239	180	173	496	200	534	564	190	393	191	91	71	473	292	369	295
240	275	497	368	462	342	623	390	29	647	301	341	347	465	136	511	499	351	233	336	90	288	442	198	620	355	399	134	16	246	309	648	534	438	333	338	383	578	580	267	468	401	274	589	554	440	80	357	644	643
608	642	270	651	289	430	566	235	425	379	583	424	335	104	321	77	245	584	597	325	350	212	348	236	464	328	592	316	611	431	641	471	652	572	409	598	193	28	576	41	180	621	207	229	127	510	612	564	380	186
327	509	587	166	12	108	62	204	517	157	558	175	223	241	268	616	294	650	457	97	68	421	581	632	443	266	555	100	568	188	14	310	148	374	221	32	202	445	414	285	412	243	571	79	405	382	56	58	253	174
603	171	627	209	156	74	305	332	362	656	195	340	76	494	626	31	466	557	39	107	640	507	259	263	467	535	353	490	82	331	618	432	615	286	547	428	125	324	83	219	506	477	654	308	230	622	106	63	120	595
437	539	217	225	486	483	543	112	33	276	391	264	128	527	201	544	319	8	354	137	89	607	501	143	653	178	247	141	488	66	87	35	349	345	158	454	54	639	406	492	560	273	363	224	78	439	613	295	203	322
302	376	542	86	67	476	521	160	472	95	269	94	533	334	297	211	303	22	184	449	378	315	470	386	602	71	458	609	548	46	531	540	10	115	556	593	551	434	633	381	356	249	487	359	298	503	317	116	395	408
84	170	220	634	311	42	296	388	344	162	481	541	91	389	565	398	397	172	455	17	502	140	47	196	312	19	491	444	75	182	103	150	101	518	489	469	133	435	448	314	59	0	561	65	600	537	545	366	227	218
164	142	617	614	636	53	450	292	252	569	585	272	176	5	657	370	197	191	3	313	500	81	523	553	291	121	496	452	485	18	365	323	304	284	4	329	422	579	377	194	610	226	387	606	394	159	604	181	575	463
563	460	30	43	23	482	255	251	279	515	567	427	588	456	149	403	200	624	92	135	505	11	480	88	20	574	546	549	271	232	44	168	601	417	257	619	436	105	72	419	237	258	590	205	339	364	573	117	52	418
216	451	529	369	631	126	367	293	337	7	400	234	372	129	55	222	299	415	24	625	113	132	375	48	248	283	57	167	495	151	528	6	360	208	519	552	261	163	190	210	514	187	153	504	416	605	630	346	122	114
411	637	64	69	532	124	25	392	385	199	591	420	538	73	508	441	582	530	559	228	130	250	423	61	461	49	307	493	384	475	447	282	287	393	155	300	147	99	402	306	396	2	645	570	152	161	102	40	239	513
655	131	9	256	512	109	516	326	629	60	206	34	520	26	38	96	628	154	165	265	15	277	453	524	562	536	320	238	262	118	70	373	404	371	244	231	498	474	426	599	459	290	98	21	407	123	93	413	361	110
146	37	446	577	635	586	594	138	119	478	433	352	45	278	36	280	27	169	410	13	358	1	173	177	111	525	473	213	215	242	189	318	85	139	343	50	183	179	550	144	281	484	596	526	145	429	330	192	522	649
51	638	185	479	646	214	260	254	221	632	147	537	458	223	258	28	524	196	425	637	547	530	80	25	201	541	30	288	440	469	182	336	641	83	114	651	561	200	483	395	14	398	1	585	633	521	170	85	137	204
292	221	302	581	257	244	165	212	331	46	254	393	647	284	91	100	262	556	465	241	334	301	395	70	229	385	508	557	153	121	488	374	194	537	187	340	116	10	82	360	445	541	306	540	484	86	103	133	142	255
341	209	594	124	19	313	650	208	163	335	56	567	586	309	156	303	299	3	274	396	453	164	192	236	500	487	111	531	138	645	37	503	109	639	158	106	359	127	268	228	520	214	506	407	522	358	304	355	325	297
200	73	14	64	411	351	69	95	410	406	646	94	517	76	422	530	93	98	83	365	175	72	472	404	434	416	245	155	474	543	362	592	222	580	81	39	454	583	609	170	427	189	573	596	657	252	195	429	123	62
66	107	618	84	491	23	51	495	210	459	381	402	570	218	343	555	276	533	394	563	527	622	577	318	265	413	282	353	173	298	35	203	182	6	169	322	314	145	216	630	290	441	386	134	635	38	651	85	277	289
578	141	398	4	225	97	308	616	146	118	574	68	654	198	26	587	25	473	57	576	240	140	373	447	460	391	615	389	63	207	28	545	188	346	597	177	2	569	273	293	419	87	528	152	479	368	307	336	476	55
518	260	53	89	261	412	191	513	101	40	510	258	399	48	174	607	464	631	131	148	546	300	431	550	294	490	565	132	201	337	529	387	327	36	248	190	305	392	638	80	128	519	246	224	75	623	33	239	34	547
311	648	619	421	180	384	483	344	652	44	171	502	388	205	319	139	267	539	143	372	151	231	79	27	456	627	108	339	41	136	552	113	621	232	617	414	558	119	120	378	354	45	595	0	430	604	226	219	498	291
32	147	217	548	286	534	129	482	363	403	493	323	312	467	9	333	269	233	110	446	626	644	426	250	582	485	425	243	31	599	512	130	329	320	579	375	598	463	166	409	624	401	611	432	122	521	620	538	270	88
653	213	96	211	554	59	469	238	397	178	285	477	634	181	65	275	321	496	283	561	7	636	227	640	253	162	345	266	435	486	184	326	451	643	440	602	157	367	310	183	461	99	514	468	202	71	144	369	370	12
516	603	588	204	542	560	20	230	357	176	562	390	549	179	160	342	220	575	455	649	637	593	330	22	591	21	352	449	114	382	196	296	536	235	102	259	193	535	159	614	590	504	172	185	606	280	74	349	379	215
420	600	437	612	42	433	415	613	295	571	499	316	125	199	24	137	628	186	572	60	551	115	52	585	58	601	428	30	383	633	112	462	117	376	458	17	566	149	78	317	263	436	442	67	589	77	629	632	5	480
324	478	264	167	380	237	568	348	505	400	511	197	332	641	439	350	544	43	523	1	494	417	126	104	15	450	29	371	11	444	287	481	377	90	524	154	605	338	489	50	135	16	366	443	13	608	279	501	168	452
475	288	470	281	610	564	424	457	234	559	8	655	347	242	423	206	408	361	61	251	656	466	278	150	47	532	105	356	438	507	247	553	525	471	418	364	161	54	584	256	497	509	515	405	526	271	448	328	272	492
642	625	223	92	315	18	49	249	280	193	86	368	645	513	465	629	411	34	17	172	648	418	549	407	643	247	196	283	137	334	8	24	220	155	574	440	381	494	272	408	224	354	345	190	359	612	134	188	127	74
529	104	657	384	29	512	18	166	467	316	90	615	524	6	475	497	440	71	425	55	554	37	199	150	431	177	654	190	298	439	221	260	438	208	111	293	627	175	75	289	31	131	240	47	481	286	309	364	329	478
353	391	284	311	50	43	504	605	88	493	69	600	72	579	134	599	122	1	485	39	212	381	62	453	99	450	209	164	406	582	181	454	482	248	219	646	502	128	435	417	38	369	237	165	167	473	126	341	373	334
4	544	342	106	372	180	405	100	595	205	299	645	488	390	83	252	135	64	378	241	607	458	636	235	553	346	382	629	377	416	427	266	218	156	127	232	538	36	319	348	94	130	214	81	117	376	635	24	79	96
292	169	403	550	213	358	619	121	109	262	304	89	536	171	250	558	574	318	200	430	555	443	105	489	361	415	625	583	230	188	459	455	456	518	198	67	141	351	623	196	335	509	513	487	54	492	87	336	279	138
370	148	110	413	521	557	515	545	387	474	112	383	30	173	379	591	78	22	68	222	626	41	354	655	46	428	203	483	620	302	328	511	264	452	324	433	113	98	350	144	215	119	441	82	510	107	398	578	51	157
223	389	178	207	332	147	429	592	537	45	27	541	20	448	421	575	249	56	80	229	243	26	274	91	437	549	397	192	460	305	349	500	42	19	306	386	61	637	258	539	503	13	407	193	388	93	634	66	410	632
271	649	451	533	652	255	176	643	28	197	442	295	97	445	58	402	622	362	577	514	618	641	48	614	499	220	470	611	132	559	340	0	368	297	590	580	360	444	53	534	290	245	33	597	491	568	420	333	179	158
507	3	464	108	206	244	145	588	115	84	23	446	225	330	287	621	355	367	633	461	479	345	598	9	359	542	411	186	227	494	338	76	120	325	434	495	139	409	352	484	10	604	563	585	25	257	471	380	247	211
532	366	313	610	638	506	123	259	408	133	189	103	628	412	343	508	523	519	129	371	254	77	326	146	584	7	426	393	644	561	651	501	400	650	547	114	226	321	216	8	399	101	552	270	308	224	161	606	526	601
307	275	174	516	246	231	419	168	233	265	86	570	436	323	528	314	291	170	320	136	375	16	278	556	639	344	543	631	256	95	234	152	535	52	142	365	191	63	551	125	140	394	432	210	34	40	273	469	560	251
576	449	277	172	327	312	392	423	317	624	187	160	572	49	201	418	149	465	59	17	282	162	315	261	310	337	228	640	648	531	238	476	589	562	143	253	268	612	571	486	272	520	12	92	263	300	608	527	472	477
616	242	466	85	525	102	642	594	357	347	356	5	496	269	414	267	517	21	401	463	404	581	602	301	603	303	236	564	565	586	573	124	656	154	630	74	567	276	617	65	653	546	280	185	374	285	283	163	202	566
462	490	183	447	35	613	15	363	587	296	281	422	288	73	331	32	424	151	182	60	57	194	596	396	540	385	2	70	395	14	159	137	593	118	505	155	153	468	647	217	530	609	294	184	548	195	204	457	11	522
322	339	116	480	44	239	569	498	297	422	618	387	104	167	92	304	196	544	258	636	580	303	489	194	227	85	594	406	198	358	137	347	365	439	79	633	601	521	9	19	17	469	527	230	651	574	485	357	245	102
265	358	327	360	639	469	199	334	236	570	14	389	142	588	454	122	579	442	510	616	546	364	409	411	367	103	547	37	654	443	496	166	524	491	657	70	43	523	171	192	193	186	174	509	230	302	634	298	398	511
44	157	94	260	472	154	519	169	533	100	153	653	29	149	610	373	596	112	303	95	397	258	400	531	287	219	9	638	421	19	477	249	623	592	119	655	573	113	323	99	339	123	241	457	614	374	140	428	372	332
560	117	551	212	628	452	512	27	578	549	328	242	646	232	622	494	289	76	165	416	498	81	93	635	504	458	180	139	399	392	30	85	536	8	368	450	73	187	618	607	91	530	308	440	217	46	422	7	351	71
286	235	357	597	283	146	325	527	121	564	453	226	518	164	542	20	84	348	48	516	505	305	474	251	507	42	561	559	32	585	370	615	316	274	537	80	326	189	79	96	626	462	209	589	57	377	355	390	548	571
602	538	248	479	151	568	437	354	627	87	254	278	36	543	495	338	145	493	467	256	63	61	550	488	234	53	83	191	553	196	349	647	16	593	344	195	644	238	125	476	88	28	262	629	594	539	522	127	229	621
56	356	207	513	650	64	613	67	273	201	285	267	566	58	637	173	275	124	478	620	129	47	407	396	492	371	556	340	466	395	500	133	375	385	34	583	215	455	414	464	304	625	293	350	412	223	108	605	506	362
175	528	208	425	2	240	264	90	49	473	438	603	591	3	648	69	147	216	394	290	565	259	211	433	365	310	126	184	168	601	97	301	534	315	317	116	393	224	521	446	501	652	75	341	271	204	237	40	391	22
66	296	439	544	120	292	376	158	353	203	345	284	470	50	415	624	245	102	257	599	651	279	156	18	431	137	39	250	280	312	205	540	598	608	359	255	379	12	86	21	130	574	253	331	486	606	630	65	567	11
484	6	577	581	406	576	321	33	444	150	17	72	324	643	656	520	222	609	580	448	541	337	291	114	247	221	611	23	263	170	218	25	233	41	427	434	182	633	309	188	62	77	288	420	499	202	319	144	270	526
311	322	387	74	532	463	459	167	1	503	10	313	54	194	172	489	562	276	432	45	111	436	35	4	177	402	106	206	418	413	645	482	429	181	228	318	383	297	483	98	220	600	252	346	475	152	369	306	619	423
342	363	155	131	55	299	554	190	269	300	381	490	517	141	243	366	110	435	107	68	529	330	162	572	161	410	214	200	632	92	595	132	31	535	461	403	408	277	225	178	159	307	78	563	545	590	0	26	401	138
514	24	239	266	451	430	640	183	244	508	417	641	569	197	268	636	380	261	314	101	210	272	82	388	109	612	163	557	426	631	382	404	176	336	5	447	333	282	441	59	384	485	487	134	89	424	136	343	586	227
13	480	361	497	555	198	460	515	320	352	60	587	617	135	642	118	115	160	575	584	649	143	294	128	213	347	525	471	148	281	15	386	465	558	445	185	335	552	246	405	378	105	38	52	449	502	481	51	231	419
604	456	468	104	295	582	329	179	344	51	68	612	21	445	270	122	594	467	503	592	119	183	16	619	255	529	113	310	17	639	284	621	548	86	553	359	1	213	547	356	614	430	231	23	31	530	278	495	444	168
456	99	80	518	32	56	152	560	208	272	584	78	477	428	34	502	625	572	549	327	542	419	90	496	432	132	356	199	452	143	433	218	310	110	299	37	656	202	593	308	16	290	641	514	93	583	224	497	287	499
167	169	642	88	395	29	242	483	550	183	145	527	610	144	633	120	413	437	494	457	248	613	367	369	638	322	205	637	265	151	236	620	329	424	643	270	389	204	644	142	426	49	1	222	282	581	211	334	75	196
230	492	185	60	69	232	146	134	444	350	228	293	515	596	431	599	300	317	458	373	357	539	403	534	206	192	353	541	301	283	466	510	179	324	591	517	304	648	291	359	601	464	421	415	35	473	465	506	160	368
495	255	320	214	190	489	374	280	607	4	555	451	82	2	429	576	500	636	259	559	65	22	392	501	257	76	564	448	264	624	654	594	166	420	533	627	411	509	567	161	404	391	365	343	177	312	98	18	378	135
67	556	294	307	651	379	45	72	472	408	275	44	108	137	360	445	505	554	180	153	491	318	100	609	52	450	529	17	328	271	267	405	48	538	480	507	575	188	409	628	229	285	157	200	23	33	526	598	344	462
237	115	380	97	372	453	490	441	85	182	217	364	106	385	615	335	201	109	94	602	114	178	639	381	435	20	361	122	223	582	470	140	543	276	630	58	41	436	186	469	400	548	540	292	149	446	340	646	579	156
519	546	407	209	442	278	102	377	412	0	570	587	311	525	51	256	414	522	71	141	484	36	513	479	239	138	354	30	652	547	577	219	24	438	27	655	508	439	467	113	430	289	136	524	371	463	227	6	306	653
74	57	440	234	566	590	263	81	124	7	604	127	253	316	240	133	11	8	247	116	147	503	333	150	243	189	563	73	59	50	184	197	212	398	589	43	129	592	387	158	608	175	83	26	331	339	397	384	273	485
