1,0,2,1
257	522	361	183	271	497	576	43	157	27	635	285	176	562	190	414	573	228	425	529	254	218	410	45	235	633	492	152	171	35	276	12	261	262	92	197	475	131	64	605	191	507	463	161	237	354	302	57	240	637
653	504	272	519	229	52	163	223	7	518	343	588	173	458	175	142	193	341	482	417	78	589	181	477	33	568	322	536	305	580	334	192	293	391	429	323	599	486	650	398	372	643	102	579	274	31	559	22	452	389
260	547	525	304	220	403	540	460	384	326	383	620	233	424	603	24	533	377	65	666	196	76	447	194	435	16	6	230	500	188	396	69	443	501	97	351	327	68	667	451	222	253	478	485	34	47	370	329	353	110
456	211	236	345	499	450	433	84	105	587	72	317	641	169	541	172	100	481	408	333	379	542	217	231	264	509	311	402	548	474	195	531	577	115	387	140	1	133	537	303	109	116	479	381	167	238	151	610	278	558
469	126	407	282	153	56	445	273	375	107	392	121	70	439	298	295	491	602	514	419	309	628	141	179	60	581	349	91	284	94	578	585	118	80	154	242	88	642	203	598	487	136	517	623	50	96	114	244	252	511
556	259	241	245	399	98	215	651	166	367	609	495	645	307	61	146	457	277	249	59	449	280	365	164	513	139	119	374	210	11	440	266	551	28	129	279	10	81	292	444	108	296	299	560	555	654	471	111	426	14
214	160	660	26	466	184	99	626	493	25	636	386	608	632	462	358	621	664	624	489	575	312	159	37	66	571	572	226	130	289	442	520	174	227	336	149	212	101	662	287	570	629	75	332	225	546	147	23	113	378
544	308	631	668	177	665	155	552	38	405	614	595	170	467	339	418	441	613	219	248	325	582	138	58	162	2	208	250	590	87	448	566	431	348	199	106	29	510	438	549	17	30	652	315	63	281	352	658	124	634
20	359	187	207	494	224	512	563	601	269	104	288	615	318	584	473	484	36	394	437	297	19	310	644	267	112	428	120	291	476	85	275	627	132	202	400	592	189	198	593	247	5	148	583	178	413	145	204	415	3
604	397	538	316	432	508	21	335	362	539	616	127	49	39	569	314	423	331	567	656	622	404	294	251	368	483	564	42	488	388	117	270	324	596	0	306	9	300	390	55	143	532	612	455	165	83	411	505	205	553
319	385	611	661	434	18	301	524	639	186	86	561	503	46	168	586	221	436	550	657	594	258	137	330	376	454	158	180	521	32	150	263	103	347	350	516	638	213	465	206	663	255	412	328	346	427	565	659	421	470
459	373	48	646	506	600	82	355	95	446	67	534	422	380	201	357	128	144	401	209	286	498	268	90	41	619	337	416	234	366	53	243	79	51	526	338	340	515	535	557	313	554	232	607	591	185	655	62	480	523
597	246	134	461	360	290	182	364	617	618	4	44	472	468	135	430	625	647	71	464	630	15	393	216	74	649	606	406	640	93	530	283	543	321	89	342	382	409	13	453	77	648	200	545	574	122	363	344	54	395
239	356	528	371	420	502	40	490	256	73	8	496	156	123	369	320	527	125	265	56	526	596	313	424	600	564	501	376	330	17	225	362	514	419	395	74	463	162	442	520	120	143	124	661	244	343	578	356	614	554
183	327	372	177	42	571	176	252	404	212	263	173	119	388	339	76	524	269	245	216	363	115	313	461	295	17	8	365	367	104	338	207	197	509	246	110	113	613	353	505	232	656	264	440	196	535	182	80	203	304
582	41	188	43	105	482	474	606	318	134	174	195	175	189	145	181	155	449	600	525	130	208	33	69	311	515	20	96	292	136	506	94	217	421	420	541	432	77	433	191	75	36	39	194	166	428	32	18	153	371
412	332	297	565	364	488	561	611	19	22	417	492	163	314	523	27	180	35	28	230	58	172	510	63	618	121	37	40	475	85	349	560	580	282	179	26	614	634	160	549	72	54	223	305	272	30	430	12	653	199
377	408	529	224	260	374	158	285	454	483	257	99	219	258	572	469	330	413	390	545	46	391	3	516	570	298	654	547	387	315	55	358	209	317	67	591	351	341	25	147	401	279	345	397	643	340	97	442	501	66
649	384	484	14	331	569	599	247	615	202	320	291	306	238	347	568	419	329	248	240	627	138	495	655	70	464	409	10	120	557	556	522	265	89	441	316	578	607	287	638	497	405	540	658	44	90	154	78	117	190
624	210	436	382	651	333	293	302	227	322	201	604	344	554	11	141	324	184	270	459	642	667	394	233	370	648	511	5	666	342	150	254	551	107	619	249	186	82	185	352	533	255	108	239	149	343	593	31	550	116
165	50	539	167	373	476	375	652	603	452	443	602	95	559	281	466	502	425	521	261	122	211	380	101	60	88	262	402	308	359	169	379	536	29	465	143	307	87	369	103	296	463	512	61	361	213	348	236	659	335
24	277	538	386	123	235	64	434	647	275	4	548	553	601	368	477	423	662	290	596	588	424	381	362	276	630	526	605	609	206	537	426	288	45	445	594	164	129	520	283	470	81	228	84	597	444	286	128	218	159
668	663	156	74	47	170	583	200	592	79	237	139	303	507	56	576	242	193	48	346	334	608	299	639	0	192	106	471	411	1	102	664	222	253	267	584	626	455	499	451	586	62	396	274	205	221	244	628	637	457
152	467	498	453	407	92	544	204	589	289	527	422	543	220	142	646	356	21	500	326	573	321	100	399	93	546	357	114	661	148	478	468	68	250	360	610	581	513	590	427	621	415	132	490	91	259	225	635	278	665
300	294	131	354	496	168	437	59	414	215	562	393	6	161	137	534	73	98	622	337	491	435	447	418	135	650	632	2	657	15	312	564	268	429	438	57	567	503	86	323	125	256	112	350	577	9	514	389	585	126
645	446	355	485	494	481	517	625	660	231	34	273	563	301	636	641	472	65	328	146	310	508	71	473	376	16	579	178	23	280	644	51	558	124	623	38	319	271	118	462	552	439	198	612	416	532	486	336	383	140
49	542	493	410	385	325	406	243	489	519	229	616	458	450	366	566	620	398	133	226	575	617	431	251	127	13	241	395	309	7	479	518	284	487	151	574	157	460	111	392	109	171	587	403	629	640	378	598	234	631
187	144	400	504	162	531	266	633	83	530	53	528	456	480	52	214	555	448	595	105	599	477	179	134	190	513	417	583	8	647	352	102	280	557	138	658	162	540	660	178	145	640	431	268	181	340	247	53	57	650
664	477	594	572	264	527	486	348	113	438	449	364	18	164	87	547	668	121	263	269	128	441	219	129	539	538	535	518	42	478	101	234	253	575	43	51	604	145	222	79	469	193	371	328	216	607	505	201	5	338
646	494	376	88	587	374	459	563	553	122	14	285	403	235	126	332	176	239	215	654	404	542	536	578	80	540	257	499	3	414	548	72	35	75	422	188	279	373	120	568	195	236	237	519	167	77	30	187	59	397
351	58	154	437	199	356	124	641	395	412	636	276	297	546	261	27	603	377	590	489	25	97	466	623	530	655	455	660	640	281	56	265	53	112	134	564	346	349	511	621	185	91	1	600	456	293	615	229	225	181
238	150	99	304	157	130	405	295	629	358	26	301	13	584	202	496	329	421	369	302	17	380	549	259	390	592	515	84	591	119	217	434	114	118	580	33	138	172	556	23	462	650	65	159	197	74	350	115	127	416
415	372	341	160	117	37	408	365	632	492	612	454	409	333	0	68	139	342	506	443	143	458	589	426	108	173	513	649	244	262	198	137	495	227	41	662	306	391	292	386	286	524	574	445	595	29	49	165	543	9
517	647	339	645	179	659	389	516	497	335	500	481	266	560	231	307	643	451	272	571	309	52	593	94	379	427	133	7	606	207	345	141	367	656	290	275	567	161	488	83	558	289	169	194	325	299	260	132	224	252
258	214	62	20	666	368	278	631	142	398	96	76	448	532	63	529	609	327	337	424	47	522	282	565	170	450	413	6	440	61	400	610	461	363	24	487	402	410	255	579	40	280	116	637	406	638	611	566	525	242
411	430	81	541	251	320	82	98	86	245	250	241	601	661	166	585	635	228	528	622	246	344	205	211	60	550	418	310	581	633	534	267	326	152	431	343	71	209	503	220	148	230	618	203	16	50	526	597	287	360
570	439	407	158	213	523	355	557	4	175	331	468	554	419	504	644	396	375	370	315	432	45	125	78	457	394	109	586	273	31	508	156	399	479	8	514	64	473	177	146	163	212	475	512	509	483	19	652	665	667
11	392	537	39	401	658	460	598	312	288	149	131	562	657	2	48	663	191	420	470	630	324	357	555	69	588	613	617	510	362	583	210	651	599	283	85	89	531	322	136	298	182	383	168	15	624	425	582	472	93
544	186	95	303	270	476	446	330	642	435	317	353	162	474	480	465	243	347	92	616	318	107	626	467	447	248	90	444	336	502	620	268	619	471	28	66	340	70	614	366	433	232	436	38	226	608	493	73	482	44
34	21	247	57	334	628	577	378	352	183	296	428	189	533	653	256	135	308	233	354	102	123	388	485	171	32	393	648	559	385	46	323	314	311	178	36	174	221	55	605	573	491	277	561	576	484	155	153	361	417
552	291	521	423	384	498	10	387	196	429	67	254	551	569	200	634	180	218	190	545	442	596	294	316	271	184	22	240	453	520	501	463	452	625	54	507	627	490	359	249	12	140	321	151	639	284	206	110	100	223
147	103	144	111	106	104	208	204	319	313	300	382	105	381	274	192	464	305	602	93	114	45	271	494	383	444	26	69	110	170	463	545	456	291	327	531	36	158	400	22	132	542	119	224	324	525	389	7	148	194
444	359	206	483	439	16	79	340	593	647	657	482	34	548	97	333	166	401	261	628	508	488	354	528	478	571	385	637	143	42	584	573	490	135	31	506	654	319	37	513	40	310	666	495	544	140	193	46	181	552
83	76	87	645	334	388	396	420	90	418	346	104	65	472	428	107	23	403	182	85	20	537	352	189	632	589	476	194	9	663	120	222	264	192	376	412	591	541	54	362	559	649	442	502	282	304	202	190	133	101
374	536	467	126	458	134	487	313	413	465	49	347	405	429	74	55	292	355	136	379	504	499	668	167	459	70	471	89	631	267	58	569	88	60	612	611	218	121	157	600	382	605	245	201	445	255	269	643	327	510
468	527	265	416	57	325	652	138	377	619	117	425	523	41	289	356	6	629	118	505	286	578	453	587	484	474	306	638	283	242	342	161	339	12	229	375	360	19	562	664	98	290	372	293	128	53	142	338	437	432
207	311	456	436	11	406	137	27	29	486	646	300	435	556	220	66	15	276	516	227	623	558	330	132	603	248	399	457	169	348	28	538	81	249	621	667	394	335	434	384	553	146	217	75	95	110	72	108	274	331
378	102	366	279	314	43	404	371	280	574	636	47	322	158	380	237	389	590	71	363	45	212	208	564	615	624	572	582	129	200	477	24	116	115	414	353	475	228	539	302	103	285	610	230	430	119	291	326	210	368
184	557	183	307	80	196	272	287	498	586	588	284	526	277	308	21	231	141	213	179	520	99	511	299	517	256	329	84	555	114	32	316	397	168	275	370	639	224	627	262	653	427	344	522	658	452	259	67	419	251
524	641	525	266	576	546	235	324	598	152	244	170	620	350	433	332	223	0	130	443	364	239	617	64	123	3	198	464	659	651	494	566	148	463	204	492	648	357	17	545	296	607	644	50	515	640	514	174	149	219
8	551	361	575	233	454	424	337	554	529	323	531	271	630	656	241	164	491	205	408	440	597	250	422	92	547	109	336	165	5	318	481	450	96	642	328	61	172	175	402	549	159	665	386	145	417	1	113	497	225
268	303	309	580	139	602	614	298	441	493	540	122	163	518	470	448	534	240	105	521	263	156	594	579	592	59	398	626	618	633	473	601	561	485	320	243	209	186	543	147	622	154	63	86	106	185	400	662	73	124
151	411	30	358	542	197	599	78	595	294	393	613	560	390	423	496	500	4	563	211	253	51	609	489	112	661	373	187	369	236	111	410	349	461	532	176	270	13	577	177	455	345	312	22	634	507	35	180	535	565
52	215	273	581	480	162	238	606	199	305	568	10	252	39	68	449	26	321	221	93	18	583	188	25	91	150	216	295	462	173	635	570	650	125	395	56	567	171	232	178	367	351	383	278	409	226	48	503	234	288
438	469	297	407	381	246	426	62	127	144	260	446	616	519	203	33	451	82	153	343	281	530	315	254	479	501	391	214	512	608	392	460	36	195	14	191	533	660	155	77	317	466	415	431	247	2	100	604	341	365
447	44	596	655	625	387	131	160	585	258	509	421	301	550	94	7	38	257	69	553	420	607	372	490	662	593	2	571	363	51	511	439	129	561	465	632	247	224	552	370	422	441	188	469	458	437	483	189	587	384
494	168	55	84	475	46	433	240	51	400	63	43	7	413	630	516	30	133	596	560	282	661	666	101	196	644	121	244	438	355	99	222	273	397	412	318	449	62	290	294	442	456	263	92	504	546	496	526	278	536
245	381	607	557	616	85	156	611	443	568	96	573	312	203	576	246	235	255	308	629	529	601	562	42	567	143	260	334	486	507	9	495	193	78	665	414	383	501	252	343	280	185	530	198	257	424	378	520	454	166
649	390	271	523	668	405	356	207	254	175	513	72	122	129	58	623	34	541	272	500	298	232	303	366	577	589	476	103	535	56	102	599	142	635	91	533	29	147	348	368	117	551	149	16	285	470	382	411	145	118
627	105	342	563	409	22	265	50	645	154	619	580	314	379	545	95	224	663	202	490	64	421	24	4	485	612	341	377	53	234	181	492	600	472	86	135	176	638	208	36	182	643	325	330	480	213	667	358	615	231
583	327	60	127	416	610	404	473	199	28	100	160	553	426	211	371	429	73	137	521	268	126	139	169	277	482	408	237	297	269	441	350	436	94	373	144	67	179	204	423	565	618	323	309	370	113	164	561	47	37
655	10	15	425	201	243	52	106	640	399	210	422	292	301	296	506	287	614	626	316	25	603	209	335	465	554	570	539	564	115	642	150	140	286	165	157	250	212	320	591	214	44	192	339	365	602	552	483	76	321
104	329	190	572	401	538	581	446	247	319	467	471	609	12	180	555	48	276	66	172	233	57	148	138	544	49	517	531	584	299	508	111	20	110	608	547	61	631	331	130	163	384	178	54	221	267	13	5	651	45
657	93	217	493	187	624	132	225	419	197	594	537	218	177	87	598	593	253	347	18	660	274	460	26	261	184	352	468	566	354	511	437	549	238	11	477	167	455	440	509	311	215	313	634	75	206	636	128	322	394
189	606	119	543	393	519	361	195	633	332	487	81	491	33	340	131	658	174	31	183	402	124	522	524	17	459	305	289	639	637	415	194	109	236	406	540	338	116	518	578	353	288	548	279	659	346	223	364	79	152
374	107	463	14	585	230	587	112	357	173	542	461	514	90	241	326	571	595	275	151	153	324	586	625	628	188	395	579	502	410	532	306	97	123	558	171	2	479	588	407	161	3	398	264	158	315	170	283	77	556
125	32	344	27	307	200	19	653	0	367	447	345	499	359	41	430	186	590	242	227	664	229	647	448	363	205	249	656	510	284	239	575	159	281	574	70	648	114	503	21	40	388	141	337	59	8	191	484	35	527
452	622	478	528	98	534	351	453	216	219	417	88	512	621	349	396	310	387	444	569	592	270	162	375	39	251	80	525	662	134	392	82	432	295	362	613	605	376	69	464	617	641	228	403	450	488	74	108	38	291
146	489	632	262	266	259	6	258	550	431	515	466	389	1	256	369	420	336	559	498	333	462	439	293	458	386	481	604	391	380	300	220	89	226	248	646	505	654	418	497	317	83	328	120	435	372	136	474	597	445
650	385	302	155	428	304	469	451	71	360	434	620	457	652	427	23	65	582	68	283	113	425	99	612	381	21	334	108	152	154	217	79	358	524	434	333	239	300	83	351	138	265	586	530	299	522	64	629	294	467
216	305	43	301	32	129	164	224	457	643	240	179	494	8	269	36	556	601	9	649	612	259	200	395	665	641	648	329	137	6	359	191	72	646	4	475	389	657	537	660	173	528	549	65	293	545	56	412	19	309
311	450	438	370	377	354	342	285	383	30	119	244	197	493	296	248	113	420	230	274	284	384	151	85	66	502	341	237	397	500	228	372	597	550	58	111	610	104	353	246	630	392	133	258	46	403	128	21	181	124
667	291	548	624	243	157	306	251	1	461	345	307	51	526	409	520	212	542	517	484	295	92	182	631	74	206	504	433	462	215	331	464	488	578	44	622	580	444	442	169	118	552	531	261	521	405	427	38	18	452
214	321	266	619	253	378	29	491	414	468	91	623	387	666	100	497	125	198	70	16	563	454	174	208	276	470	192	272	63	492	158	304	447	109	366	481	424	162	10	415	84	262	418	122	541	654	498	381	589	582
333	336	67	103	413	343	554	17	380	20	117	644	585	49	185	287	270	338	143	393	595	430	123	314	108	193	655	3	449	567	325	653	416	232	323	374	256	83	434	570	14	166	583	538	90	407	527	221	27	482
217	257	426	458	165	37	539	360	235	60	635	225	652	194	593	283	544	429	629	255	586	105	320	385	519	663	479	627	62	565	101	587	330	662	275	411	436	175	564	121	562	532	511	154	294	600	388	303	425	288
557	184	455	159	167	453	398	373	515	135	522	313	505	463	487	543	651	490	41	446	560	478	260	239	534	242	131	213	120	86	620	207	606	168	443	23	138	315	344	510	203	668	98	319	177	142	467	254	263	602
588	536	107	561	308	486	559	310	290	204	39	432	163	340	7	611	650	579	551	358	160	437	318	471	613	81	396	362	406	252	278	605	352	638	524	68	390	77	419	621	525	233	658	268	577	656	349	357	636	170
64	431	435	566	267	506	404	96	440	614	569	379	421	535	89	298	0	153	71	516	161	598	209	399	147	529	114	279	376	300	558	102	45	347	608	116	178	289	322	365	69	369	603	155	499	202	5	249	186	633
145	472	664	28	132	223	24	335	466	80	480	661	171	346	201	139	364	317	371	617	222	59	57	507	13	33	402	584	199	530	292	367	144	496	229	592	152	513	659	523	234	126	596	422	94	553	54	439	363	110
448	501	112	75	35	236	618	626	282	47	149	355	218	640	26	495	196	555	356	445	328	514	187	189	503	645	12	302	183	573	324	299	40	408	581	628	140	127	227	31	247	106	271	136	180	460	547	48	400	87
489	474	130	326	451	211	281	571	73	632	368	533	238	590	195	134	637	485	115	483	231	410	280	88	568	297	141	456	647	93	508	156	250	273	473	642	286	401	15	591	176	79	52	386	332	616	264	50	615	78
55	574	540	25	477	210	172	205	423	348	76	22	509	334	361	391	476	512	625	265	339	316	441	95	53	639	382	417	219	394	469	2	337	518	546	150	277	188	350	148	220	375	327	351	604	241	594	572	11	312
245	575	42	634	599	97	226	146	61	82	607	34	99	576	459	190	465	609	428	660	147	587	258	183	71	113	397	393	584	178	194	91	20	655	522	413	487	461	98	265	329	21	649	2	431	631	588	202	40	648
213	487	525	62	549	544	229	212	343	655	559	241	143	548	626	438	108	454	455	311	217	188	328	659	104	498	157	539	340	128	349	380	77	41	609	622	392	464	202	281	110	480	138	500	288	515	230	641	437	100
499	629	635	535	263	219	338	507	289	352	465	477	278	518	29	408	373	322	413	173	430	134	78	366	425	558	545	268	459	665	27	141	148	575	98	74	563	664	70	185	127	193	586	543	462	319	555	93	30	554
125	357	235	667	463	361	200	531	519	97	136	342	16	488	80	175	660	209	637	598	166	446	207	666	186	144	434	584	318	66	623	643	523	90	401	269	295	119	259	630	409	286	472	333	466	561	68	468	399	120
20	426	246	37	529	436	486	177	589	264	275	244	379	76	491	39	273	294	243	156	376	267	358	28	298	489	432	1	180	245	45	651	560	617	85	285	174	12	577	341	179	448	390	359	132	370	270	615	51	344
377	530	510	346	642	31	195	83	205	14	403	198	526	421	611	253	32	302	653	149	67	647	221	168	331	398	274	410	662	324	233	474	547	171	79	431	276	145	316	394	382	204	223	56	568	356	58	590	240	336
199	597	317	225	86	43	511	571	654	335	389	236	406	309	546	473	603	308	201	280	645	237	657	301	397	567	345	478	107	668	522	192	332	255	266	82	479	440	367	633	355	330	483	137	588	226	569	315	106	63
123	542	471	427	605	537	112	33	484	362	514	582	8	89	178	87	35	325	458	158	663	54	496	153	260	247	261	224	135	470	203	574	503	538	388	57	620	160	505	95	417	94	251	443	460	211	614	22	297	435
339	184	350	528	506	411	305	565	636	234	303	71	527	485	570	634	46	599	50	10	115	576	21	638	327	540	139	601	476	249	163	481	386	69	414	116	517	279	509	444	84	170	220	456	594	42	347	296	504	457
310	381	162	573	624	91	351	334	194	652	439	618	181	321	172	126	17	353	585	140	405	47	372	196	312	19	580	451	354	368	75	182	391	649	445	407	378	103	395	422	150	101	596	578	387	371	564	374	133	541
52	314	467	59	0	648	65	146	619	631	482	492	348	606	227	218	164	593	142	169	383	424	412	36	183	53	550	363	292	592	252	656	612	420	231	428	272	176	5	553	254	497	197	442	191	3	313	534	81	602
640	291	121	583	551	502	639	18	365	323	304	284	495	4	329	572	111	159	557	650	400	23	433	258	533	494	490	449	92	124	11	88	532	632	591	661	450	271	232	44	257	13	105	72	419	556	452	364	117	418
216	283	369	469	293	337	7	129	55	222	501	299	415	24	604	113	375	48	248	167	122	151	607	6	360	208	521	190	210	385	187	587	416	189	114	64	608	628	25	290	621	73	508	441	404	627	646	228	130	552
250	423	61	461	49	307	493	384	581	475	447	282	579	287	393	155	300	616	147	99	600	402	306	396	2	595	429	610	613	658	152	161	102	40	239	566	513	214	131	9	256	512	109	516	326	242	60	206	34	520
26	38	96	215	154	165	265	625	15	644	277	453	524	562	536	320	238	262	118	323	532	478	375	26	144	48	203	237	372	472	28	194	122	166	177	585	511	529	559	195	357	74	356	288	463	528	139	521	306	123
252	454	56	649	278	399	255	165	247	10	13	659	470	229	497	612	667	513	338	195	599	651	355	412	155	588	421	244	91	70	46	302	178	334	86	570	256	549	303	194	615	97	663	116	464	210	200	368	581	634
388	619	222	637	124	583	427	121	204	298	565	339	526	285	181	212	411	118	218	208	297	203	290	2	457	175	607	486	307	531	404	365	467	207	487	611	627	541	430	102	164	158	315	314	72	491	479	481	283	96
19	331	95	225	555	73	138	384	656	82	35	241	644	308	489	83	535	216	606	552	593	341	183	456	14	358	249	133	578	100	76	566	447	277	377	406	304	517	6	569	579	3	361	391	265	109	49	305	274	28
538	7	228	392	319	37	567	157	335	69	268	364	499	292	484	192	111	432	300	343	654	374	163	103	85	409	142	106	64	279	301	609	127	306	328	236	414	522	407	520	94	639	25	616	93	98	153	289	500	156
366	47	633	325	327	568	460	631	401	257	344	547	282	602	548	189	369	455	638	624	492	81	39	598	90	92	613	501	145	187	209	563	214	402	662	359	221	55	53	445	396	170	123	601	62	529	294	66	107	61
240	84	590	23	51	398	393	582	389	572	449	318	182	495	518	585	141	273	413	372	577	362	261	173	260	254	262	169	408	386	543	245	353	666	134	604	38	618	452	504	370	655	394	4	299	521	146	490	68	198
26	440	515	22	57	665	140	473	485	591	206	253	63	284	188	21	177	431	658	276	650	87	418	152	429	483	600	311	309	89	363	191	597	101	40	215	258	645	385	48	174	230	160	642	131	271	148	242	629	425
580	527	287	647	584	135	551	132	201	653	410	510	426	36	248	190	395	514	608	664	80	128	293	337	646	603	441	246	589	224	75	150	33	239	34	465	610	546	272	251	620	537	180	502	322	516	313	575	451	223
340	356	354	44	171	482	512	205	416	139	267	571	626	143	352	476	453	336	151	231	559	79	27	557	468	108	444	41	351	136	641	594	113	564	232	474	387	65	528	119	120	378	403	435	553	466	446	45	234	0
346	184	530	8	226	219	381	621	291	32	147	217	636	360	556	373	286	542	129	574	477	635	185	434	323	312	420	310	9	333	269	461	233	110	475	144	105	503	54	448	540	250	496	576	648	162	243	614	31	539
596	130	329	422	592	320	202	375	459	168	562	652	166	532	18	545	506	419	122	605	488	625	270	88	213	211	443	643	59	238	397	617	524	275	321	472	519	161	227	586	345	266	469	326	463	281	405	561	367	99
536	558	595	498	71	12	630	20	508	357	176	390	179	342	220	172	330	534	16	533	114	382	196	296	623	235	259	193	628	159	423	554	493	424	280	74	349	379	437	347	42	433	415	295	660	316	125	199	24	137
438	186	661	60	640	115	52	154	58	550	288	428	587	30	383	471	112	462	117	573	376	458	17	632	149	78	317	263	622	436	442	67	50	77	507	525	5	480	560	324	478	264	167	380	237	657	348	505	400	511
197	332	509	439	350	544	43	523	1	494	417	126	104	15	450	29	371	11	668	414	321	8	127	614	190	549	280	17	578	650	101	346	608	635	277	295	585	520	49	288	137	135	460	606	24	539	565	104	510	220
