1,0
240	220	222	372	341	157	299	700	595	513	558	488	190	473	671	27	486	419	586	378	161	492	705	292	333	698	131	614	194	43	508	64	143	411	203	511	45	230	439	704	277	282	429	192	603	525	403	167	494	259
482	307	522	579	600	384	334	179	562	616	181	659	413	727	567	457	435	163	92	665	375	458	631	699	94	452	294	433	367	188	499	537	271	661	402	39	237	654	428	623	218	12	414	383	585	100	80	563	544	262
140	52	264	379	57	183	35	116	304	392	578	442	553	680	475	514	322	572	78	276	460	507	400	191	31	729	273	601	466	456	739	260	242	636	172	504	261	120	152	587	7	1	621	102	693	641	570	274	33	126
197	60	462	598	594	643	663	6	173	573	590	196	656	244	142	548	345	329	463	223	389	647	22	311	349	676	211	153	481	217	195	487	278	302	450	495	115	254	24	731	303	65	565	76	176	549	485	706	16	669
296	386	284	599	202	602	69	646	682	97	605	169	730	440	68	745	233	285	448	96	541	742	34	47	56	175	235	151	609	396	280	533	512	568	110	323	21	441	121	295	417	171	252	437	193	309	272	132	84	438
105	709	72	298	716	91	425	228	300	644	410	497	374	658	381	467	576	610	405	257	133	231	236	109	638	639	678	238	620	476	229	107	253	70	744	354	509	479	141	694	443	293	118	154	518	88	719	546	136	50
114	305	418	618	390	241	245	483	98	215	431	166	524	677	83	722	370	61	146	407	484	249	59	684	3	529	335	444	164	569	139	119	555	210	11	520	266	581	28	129	279	317	10	81	351	178	306	673	108	538
619	358	622	617	728	489	111	593	14	214	720	327	160	737	26	424	637	184	648	99	674	387	25	634	469	560	326	399	49	612	561	336	692	449	695	398	552	711	343	536	312	159	37	66	205	649	635	226	353	130
289	148	571	301	174	227	408	149	212	101	740	287	633	701	75	332	225	559	147	712	23	532	113	721	604	308	703	746	177	743	365	155	613	642	38	361	491	683	660	500	445	170	539	339	478	377	584	718	219	248
325	710	679	138	58	162	2	208	250	708	87	426	505	391	629	275	348	199	106	29	566	447	198	477	17	30	577	315	63	281	352	735	124	707	547	20	359	187	207	165	625	224	501	415	626	696	451	269	510	104
575	288	85	318	582	251	550	36	394	519	596	297	19	310	267	112	517	291	685	189	247	5	531	145	471	204	651	672	397	316	432	564	362	667	686	127	632	314	423	331	404	474	368	627	42	388	117	493	270	324
0	9	55	588	681	455	717	319	385	556	738	434	18	580	714	186	86	592	503	46	168	650	221	436	611	734	615	258	137	330	376	454	158	180	521	32	150	263	103	347	551	540	350	516	713	213	465	206	741	542
255	412	328	583	346	427	628	736	607	421	470	459	373	48	723	506	589	666	82	355	95	446	67	608	534	422	380	201	357	128	144	401	209	286	498	268	90	41	690	337	416	234	366	53	243	79	51	526	664	338
340	515	535	640	557	313	554	232	675	591	185	732	62	480	624	523	662	597	246	134	655	461	360	290	182	364	687	688	4	645	44	472	468	135	430	657	697	724	71	630	464	702	15	393	216	74	668	726	606	406
715	93	530	283	543	321	652	89	670	342	653	382	409	13	453	77	725	691	689	200	545	574	122	363	344	54	395	239	356	528	371	420	502	40	490	256	73	8	496	733	156	123	369	320	527	125	265	632	56	351
676	486	176	567	324	607	317	210	49	116	681	28	484	294	451	145	314	554	105	16	546	130	0	352	475	340	96	495	663	115	329	599	47	693	293	601	310	670	640	471	511	257	587	441	166	262	33	136	594	76
114	597	363	22	252	349	70	168	179	189	432	332	535	297	240	674	152	250	361	509	80	620	228	160	282	610	702	703	196	174	622	430	175	316	77	224	222	562	452	618	103	295	216	604	264	68	299	207	632	241
223	309	691	230	263	173	172	370	573	48	121	479	97	169	197	616	272	342	556	745	58	305	27	311	388	18	515	42	553	245	641	75	183	634	375	365	273	464	151	668	380	219	215	392	736	321	90	153	635	50
505	419	328	63	20	359	236	351	269	611	343	588	140	688	119	417	341	110	78	651	617	360	537	333	496	249	296	301	454	288	281	527	104	41	199	195	531	582	717	302	191	628	188	741	572	549	410	405	368	318
17	128	366	538	413	163	134	182	542	501	74	211	684	590	111	192	555	704	298	578	581	212	675	602	56	194	203	507	53	455	716	469	481	633	709	623	659	526	539	462	561	313	671	382	286	579	208	270	237	543
113	436	383	630	638	401	395	347	71	545	248	8	725	243	133	552	708	657	423	94	364	450	181	482	108	4	416	443	43	390	723	44	524	292	557	88	650	158	677	32	476	177	287	93	69	291	428	608	386	19
331	39	209	574	600	731	711	642	403	36	167	202	613	732	712	247	246	627	1	290	217	144	629	652	66	497	258	595	499	35	713	409	259	306	319	345	37	40	547	85	530	171	34	180	7	460	699	26	362	371
743	72	54	99	67	639	519	30	358	155	12	142	498	534	477	439	729	726	372	548	467	625	746	434	10	327	480	265	500	739	46	81	3	701	528	374	744	162	740	385	320	55	575	669	427	647	733	697	261	146
25	147	433	666	338	384	330	525	493	576	695	615	322	52	138	260	551	14	420	402	644	463	100	662	532	232	404	453	23	458	95	449	117	238	517	394	379	474	719	665	690	614	266	120	13	689	506	397	89	643
387	279	339	82	570	226	426	381	83	520	687	624	154	334	504	190	127	466	185	489	285	522	101	391	227	123	201	271	621	465	742	683	11	275	585	461	141	60	184	400	492	558	494	353	649	603	233	510	412	584
315	424	234	84	373	5	165	521	694	150	442	254	710	648	107	685	186	566	569	631	255	304	239	149	609	24	31	591	229	637	445	148	470	437	344	541	737	473	231	488	64	377	251	122	369	406	606	348	308	399
448	589	29	143	307	87	51	220	518	61	577	213	565	667	653	718	335	536	277	728	367	721	724	235	715	592	516	550	459	734	408	692	655	678	118	672	276	325	705	206	456	421	45	164	129	283	593	444	596	336
646	218	159	720	696	415	156	425	586	559	170	124	200	198	79	502	139	303	59	568	280	242	193	560	346	636	512	457	106	483	411	513	102	564	707	253	472	267	440	682	661	214	664	62	396	274	205	221	244	658
656	533	686	407	92	738	204	289	714	422	735	654	378	356	21	326	508	485	612	605	698	357	626	679	660	478	468	580	563	673	398	132	490	91	225	376	278	300	131	354	680	571	414	393	6	523	161	619	137	540
722	73	98	431	529	337	544	491	435	447	418	135	187	284	2	700	487	15	312	157	268	429	438	57	598	65	706	503	86	727	323	125	256	730	112	350	583	645	178	9	514	389	38	126	109	446	355	579	293	148
571	114	131	199	64	333	701	742	461	623	20	46	492	133	66	286	706	435	294	392	667	243	105	548	427	620	430	276	540	398	303	146	215	434	497	381	677	168	627	205	77	93	570	638	128	222	581	721	235	445
521	4	53	281	547	545	621	410	141	110	396	683	39	745	119	325	234	485	157	163	624	136	437	556	218	423	510	393	362	231	421	515	172	658	17	694	505	74	357	476	567	158	672	426	679	676	560	148	182	226
491	617	13	318	419	573	424	730	405	170	555	156	317	89	314	359	637	16	147	268	76	144	415	413	368	586	139	603	605	127	176	705	271	726	60	245	411	200	563	634	615	642	446	453	460	502	323	328	358	2
549	449	616	418	129	416	340	225	685	578	180	109	493	725	339	744	59	367	509	440	692	100	373	657	240	336	288	668	70	321	401	346	529	19	361	432	91	389	261	537	99	722	193	344	442	599	280	441	641	332
221	137	736	335	550	154	390	279	310	309	639	237	179	3	85	209	693	84	517	518	101	334	696	498	739	400	459	700	92	729	699	351	568	1	188	69	78	584	122	132	572	123	470	662	484	140	149	272	290	707
661	301	720	474	412	32	125	299	487	433	531	664	690	196	466	153	408	41	501	500	591	450	488	391	341	597	42	455	439	746	626	355	659	735	212	185	716	516	296	338	270	87	364	713	376	374	559	106	651	462
539	155	50	630	58	590	566	14	582	703	422	207	178	145	629	524	614	538	592	186	330	238	737	198	300	499	73	541	680	728	354	18	612	369	631	173	454	695	471	283	579	666	82	44	384	458	717	527	348	519
130	420	51	201	266	613	313	38	686	444	535	553	103	315	353	647	203	169	691	287	732	166	697	187	97	743	589	246	633	522	0	35	274	546	542	561	468	253	343	80	306	431	372	511	385	494	352	282	68	674
83	562	687	377	551	62	646	600	307	478	331	219	738	162	577	378	251	292	552	472	402	143	329	111	316	345	88	429	126	202	195	380	257	120	526	565	48	236	31	689	383	596	360	463	611	495	192	533	583	618
230	29	9	26	227	625	72	349	649	482	327	513	394	124	715	670	606	293	399	544	262	465	104	489	96	117	177	277	79	456	475	628	702	302	56	407	43	57	619	719	247	530	669	469	387	322	121	65	523	5
554	452	447	15	189	113	25	30	206	451	640	604	602	45	569	479	504	324	481	183	724	22	75	229	525	259	601	295	467	244	164	438	507	585	319	107	150	167	90	55	375	536	181	382	27	480	213	576	650	159
311	520	191	12	217	347	417	312	216	211	564	112	134	457	197	284	598	528	473	264	665	115	54	734	587	406	698	684	386	704	342	512	269	712	557	233	267	688	273	28	350	663	263	304	8	681	118	558	33	138
428	223	23	403	249	239	636	609	160	37	648	152	21	175	95	580	718	395	673	448	610	365	108	632	655	483	297	486	425	71	171	34	671	285	49	165	265	727	622	224	337	220	356	63	652	477	436	210	708	204
151	190	656	635	711	52	660	305	371	308	94	184	174	404	645	506	7	10	289	653	228	208	731	275	142	161	595	593	496	194	709	370	260	644	252	443	258	214	574	388	532	514	256	414	278	654	608	588	503	575
490	607	543	710	714	241	47	534	682	11	6	675	61	102	67	643	24	508	255	409	723	40	116	298	733	464	254	135	248	242	741	81	232	320	594	98	86	363	366	397	379	250	291	326	678	36	740	390	490	268
687	564	180	628	594	392	356	349	673	58	600	2	520	624	721	129	582	464	725	445	710	458	670	623	216	638	565	425	669	547	722	701	512	596	408	532	184	21	150	3	524	610	270	152	480	380	427	483	63	709
466	566	430	243	153	413	538	663	213	384	548	740	193	488	481	181	277	549	686	286	246	503	470	154	6	278	446	696	368	657	410	571	162	390	198	195	515	166	364	561	175	482	656	617	300	157	188	615	82	231
735	266	289	602	544	284	149	38	363	293	391	140	316	214	590	714	267	55	298	688	4	570	486	22	658	689	253	334	65	116	716	625	707	403	128	185	650	583	197	644	124	672	574	440	635	433	591	210	155	444
285	156	542	64	241	732	141	151	67	569	639	346	170	189	490	378	30	146	54	437	205	9	347	655	125	330	199	51	339	376	676	555	204	531	143	34	647	272	135	91	460	121	443	487	550	627	567	632	554	96
228	381	511	459	734	68	33	85	17	88	250	485	404	127	605	640	118	457	694	406	46	97	342	448	556	704	382	29	15	665	690	666	263	611	674	251	371	177	506	428	622	324	414	692	73	203	47	87	78	344
147	441	159	560	680	77	726	43	646	417	700	144	451	357	518	62	70	576	123	546	682	645	620	727	730	679	641	377	81	287	678	728	649	83	492	113	698	106	438	514	528	265	718	589	254	115	739	618	331	516
431	122	302	319	168	101	160	196	703	75	72	309	258	20	579	103	245	534	575	328	355	659	603	398	568	612	268	412	370	745	367	283	529	120	229	176	0	365	462	719	651	551	702	318	476	407	711	358	136	677
729	366	741	325	559	90	31	202	139	468	584	200	737	13	294	416	558	648	631	260	599	308	604	52	100	164	337	211	449	543	539	208	521	527	472	402	369	207	461	562	477	10	619	315	399	119	736	108	5	174
621	248	317	552	247	513	450	45	362	420	8	720	396	264	321	25	540	502	731	37	99	53	681	290	469	335	148	66	536	44	421	105	107	276	142	634	167	354	327	95	409	577	227	738	320	249	545	742	26	92
102	218	463	221	274	112	693	1	61	499	291	23	383	341	553	447	104	379	733	662	173	326	489	746	296	187	630	138	343	255	353	497	593	209	50	436	273	691	235	557	456	660	418	405	220	423	424	563	35	419
495	281	305	505	478	386	206	279	217	387	244	395	179	269	609	89	607	637	508	182	117	573	234	130	240	744	530	613	131	230	360	79	533	588	598	479	288	426	134	14	42	509	592	522	743	434	257	280	401	636
233	225	252	525	28	333	595	500	169	713	282	654	145	626	616	580	191	411	7	484	16	158	683	708	36	474	303	222	372	133	350	493	32	526	40	393	190	314	172	94	608	510	652	332	537	271	126	723	76	232
201	578	385	614	415	322	165	329	109	491	422	389	348	494	717	587	178	194	71	475	523	261	535	642	226	41	597	695	397	664	292	439	98	212	306	586	352	137	507	80	338	432	435	653	310	24	519	453	111	336
373	60	301	18	671	57	661	237	49	323	684	517	74	311	581	163	192	86	69	345	454	304	601	114	186	256	93	572	724	183	19	239	633	394	295	699	340	498	110	455	643	706	238	299	471	307	224	668	84	236
473	223	465	361	275	667	313	375	219	161	48	697	215	400	629	56	504	297	12	442	11	262	374	501	585	467	59	675	715	359	171	705	27	39	541	388	312	712	685	452	429	259	351	496	242	132	606	168	586	530
654	707	487	572	211	165	625	680	66	67	587	439	698	251	261	189	422	284	136	729	149	182	120	51	482	85	545	689	294	666	234	98	495	601	108	617	557	651	99	105	231	17	502	314	76	22	21	417	170	424
84	128	416	524	20	533	746	339	152	682	145	320	265	275	412	503	626	433	437	420	367	517	479	288	463	223	184	64	63	325	738	215	194	447	392	658	720	630	32	83	715	71	75	201	393	624	156	82	191	252
121	52	347	575	358	266	485	497	464	11	176	28	491	598	300	512	318	711	551	360	423	609	90	309	664	349	113	175	9	36	23	639	79	728	403	679	167	662	351	209	97	203	634	348	725	500	100	537	317	418
245	427	7	125	139	414	605	590	611	456	395	322	138	660	331	305	563	742	633	134	481	327	122	501	183	562	187	195	690	535	29	668	374	636	186	302	700	154	429	399	706	450	692	129	44	59	685	730	665	216
333	713	239	675	81	676	198	2	733	588	283	694	426	70	465	652	173	115	405	116	721	316	461	287	589	687	126	457	329	394	188	387	68	699	376	569	18	219	362	130	220	591	632	106	222	489	677	146	77	144
382	13	46	637	434	177	529	724	151	640	438	600	143	723	678	406	716	735	310	326	299	681	444	451	462	385	1	657	33	453	441	55	599	714	400	217	402	226	701	159	243	554	281	623	101	163	440	697	686	695
363	114	709	258	192	40	435	388	127	567	227	259	468	109	6	372	607	277	744	248	627	353	743	470	335	160	334	613	432	584	546	60	509	124	25	140	123	304	663	629	321	141	276	24	737	550	208	472	661	240
641	559	235	670	614	104	667	410	506	178	390	133	0	555	361	42	522	205	719	655	244	15	58	206	635	30	142	648	153	726	644	553	471	576	337	413	242	596	615	620	702	378	556	536	521	722	87	446	610	581
168	162	448	542	703	419	169	94	273	312	285	475	164	597	649	401	95	673	341	408	583	381	373	530	230	496	653	224	365	301	398	421	280	717	229	604	455	89	499	12	436	350	671	357	523	492	16	340	238	478
289	39	727	740	147	518	132	214	263	593	185	577	264	540	528	469	96	278	199	731	558	710	107	292	193	137	467	411	232	369	354	507	344	236	380	135	131	452	696	181	585	552	345	669	454	573	158	425	256	473
291	47	586	330	445	38	745	103	643	34	72	544	56	618	352	691	674	594	386	645	642	286	514	311	54	86	225	332	27	650	336	57	48	4	532	262	493	271	212	92	592	270	49	375	119	150	504	474	480	247
313	295	647	8	359	505	732	520	631	531	428	221	14	308	739	570	274	513	31	237	306	404	484	741	253	476	565	684	257	297	560	157	328	110	80	50	693	279	255	197	579	323	166	19	621	26	268	494	179	488
74	430	371	190	541	539	582	91	672	602	519	574	595	254	246	207	370	342	511	543	534	483	233	612	407	343	458	384	213	260	549	704	396	315	269	490	204	547	508	712	608	37	290	202	45	389	708	409	515	477
93	161	62	319	628	200	377	510	498	293	171	442	466	659	449	196	415	117	526	578	486	228	346	172	580	267	296	272	688	616	35	356	568	718	525	638	561	324	88	118	73	383	111	303	397	527	566	102	43	69
571	61	622	210	155	65	683	366	282	391	734	298	355	459	656	431	307	250	5	174	10	368	548	443	619	78	646	603	112	364	218	3	379	241	249	338	41	180	564	460	736	53	148	606	705	516	538	385	604	596
458	435	136	414	307	107	77	485	180	530	391	532	223	17	557	258	193	321	482	445	166	736	500	719	384	558	53	270	66	606	535	496	158	588	481	636	149	576	312	366	168	407	201	650	413	600	507	641	362	663
257	122	47	28	502	639	156	91	20	63	486	654	540	613	619	346	200	339	33	87	267	78	669	725	457	208	316	647	543	389	573	685	638	484	81	395	16	721	630	616	632	229	515	609	417	116	353	644	687	703
617	581	232	642	5	732	181	580	238	59	744	599	335	611	90	667	615	259	454	239	296	143	290	468	71	531	562	18	73	300	450	718	434	125	294	546	124	517	274	61	333	363	49	521	298	128	69	661	29	648
587	610	733	306	104	147	99	88	216	329	577	140	714	607	167	501	387	436	489	583	211	207	549	40	245	396	586	684	342	349	430	658	268	4	548	520	449	448	234	655	26	2	711	96	159	154	272	426	273	9
176	113	372	369	15	523	634	368	564	424	367	24	438	377	574	739	692	70	510	447	148	115	152	76	626	660	222	419	640	412	12	246	100	456	34	98	21	354	394	308	493	256	93	524	347	649	499	682	37	190
708	441	527	492	44	337	138	119	415	582	45	36	730	117	27	169	357	712	603	1	330	476	173	437	111	624	13	690	226	327	242	189	85	139	539	183	375	410	688	567	281	422	14	145	403	10	595	592	314	724
421	464	358	224	237	260	313	578	388	192	326	295	622	254	376	378	675	633	420	266	519	184	32	182	459	269	65	645	249	629	279	683	380	86	516	322	235	594	153	233	123	118	514	506	262	178	534	544	397	697
643	360	220	568	151	304	575	637	704	278	511	418	19	130	462	723	171	251	197	350	537	341	60	51	374	287	373	174	518	742	608	678	604	244	22	94	713	570	194	133	693	572	429	359	340	361	563	700	292	566
202	591	439	673	54	408	589	155	120	265	579	285	584	205	58	172	324	48	621	727	487	185	84	286	332	275	392	670	89	561	398	293	705	460	97	533	628	707	432	475	355	601	302	305	352	674	102	187	75	282
141	402	343	319	212	696	203	709	680	656	741	565	635	490	455	57	466	240	618	126	370	196	731	495	170	365	186	41	701	134	135	160	444	717	433	277	552	252	738	393	338	188	737	25	473	442	311	191	283	715
691	336	550	689	494	315	593	602	177	427	560	42	545	325	659	623	227	323	471	253	400	467	215	461	529	351	409	74	7	657	706	491	503	735	746	291	729	508	452	50	348	676	129	512	702	620	431	199	217	255
219	547	301	371	483	230	443	243	92	479	651	334	261	681	451	132	164	652	722	383	364	734	653	150	416	559	631	665	209	179	488	80	289	317	474	62	131	67	385	110	30	399	740	162	743	440	161	699	694	405
542	284	206	109	538	157	3	303	555	453	31	716	8	318	271	264	571	627	390	710	52	528	250	142	328	241	83	504	662	720	55	590	671	596	236	101	477	411	106	11	381	46	198	698	39	522	105	597	526	404
556	263	144	428	103	612	745	605	331	679	228	425	204	525	470	686	276	114	379	72	225	344	726	309	728	68	56	82	218	423	112	513	146	585	551	95	210	23	695	127	213	231	221	175	165	478	536	0	554	480
195	38	646	345	214	668	79	664	310	382	401	288	666	553	497	406	498	163	505	541	247	108	465	614	469	569	320	598	299	356	625	677	35	297	43	509	280	472	672	386	137	248	64	446	121	6	463	664	214	550
201	132	123	642	741	423	529	472	2	84	208	267	719	408	502	742	358	590	368	103	108	715	170	434	466	343	607	210	94	296	426	146	226	53	386	209	419	166	626	579	257	173	143	681	36	212	174	659	388	276
597	26	68	496	586	37	253	28	233	698	139	155	133	109	352	674	34	131	240	618	312	164	221	603	546	55	635	657	700	44	313	656	277	615	369	384	306	282	319	269	80	23	79	217	424	402	458	541	600	95
743	128	33	225	140	588	736	538	673	414	121	547	51	275	604	411	692	417	148	106	682	330	177	601	261	527	678	91	563	430	726	311	299	318	395	342	562	129	382	142	294	56	728	9	297	469	717	573	450	195
192	268	213	127	599	190	303	710	429	64	119	350	634	341	589	416	273	684	557	390	727	254	459	695	124	59	405	555	581	730	712	689	181	739	19	65	425	652	7	376	505	530	89	610	189	211	243	460	70	218
286	324	544	157	497	360	183	520	526	746	508	202	71	144	399	422	332	335	25	255	461	270	594	516	725	176	518	134	456	179	440	86	290	194	265	344	385	187	436	606	338	457	539	576	114	624	435	621	372	533
690	389	193	284	511	713	513	475	172	185	74	215	571	462	696	199	531	137	365	393	186	722	60	115	334	582	58	506	75	30	112	554	463	160	701	295	149	605	412	191	647	263	665	663	638	598	280	77	561	464
48	236	427	264	548	339	314	556	676	197	216	488	274	486	521	1	231	126	675	669	474	11	156	552	207	525	287	298	100	491	90	309	12	154	445	182	630	734	481	409	733	349	619	168	484	281	351	52	559	234
718	8	239	452	403	104	347	242	377	145	301	206	614	61	248	251	404	171	602	150	490	622	433	105	356	447	383	367	470	585	13	501	364	592	316	54	716	558	648	3	14	310	271	670	706	345	550	655	130	113
223	92	315	553	420	564	587	687	83	237	448	540	413	660	85	397	122	639	378	479	703	291	699	116	595	323	632	714	738	704	203	549	406	641	158	745	528	355	644	241	283	135	184	169	709	532	329	321	21	110
593	97	147	289	57	591	246	633	580	565	485	204	357	697	720	583	512	361	17	327	487	664	381	302	29	262	27	685	260	493	340	16	278	495	288	723	43	492	32	575	47	542	691	188	494	0	651	612	336	88
151	637	46	196	392	93	537	118	222	686	40	307	229	337	560	438	708	175	76	577	227	375	428	326	418	359	99	677	566	443	162	693	735	235	415	410	478	38	721	96	702	214	373	465	205	6	653	331	646	671
649	628	238	18	596	567	534	523	572	444	627	737	138	683	249	679	536	543	20	643	293	732	256	152	200	163	252	285	617	4	63	178	333	141	272	41	180	446	500	455	107	489	667	432	394	400	694	453	672	31
379	325	625	454	387	78	22	740	62	72	10	609	111	688	467	551	476	363	522	279	258	515	568	509	504	482	729	230	353	371	50	662	245	535	636	165	711	640	67	45	645	519	439	35	510	724	167	308	228	707
480	120	616	81	320	159	66	39	220	451	620	398	517	449	680	117	514	161	503	15	328	366	471	473	69	396	658	346	98	623	498	219	483	322	431	247	401	102	292	305	407	731	232	24	348	421	125	578	666	244
524	468	608	49	73	300	584	437	629	613	661	354	391	304	631	507	611	570	370	545	5	362	317	442	705	101	569	499	574	82	654	477	42	380	441	374	87	650	744	259	136	198	153	224	250	668	266	539	76	65
167	43	554	587	6	450	29	635	451	461	243	134	580	367	727	442	55	561	572	47	520	381	592	441	364	342	1	632	420	552	39	682	704	588	647	62	309	106	409	213	117	428	497	355	177	72	341	623	128	38
166	302	557	387	349	18	90	723	405	464	709	348	50	4	235	289	232	199	400	360	380	714	83	64	88	111	693	574	529	208	260	560	521	169	710	180	188	514	175	36	402	104	299	712	419	579	416	99	713	214
135	335	248	24	79	578	131	377	436	504	126	304	230	565	109	293	264	336	121	89	398	642	485	657	584	734	637	703	533	601	190	105	413	181	324	198	241	215	406	460	67	252	334	150	173	720	434	411	54	456
87	262	200	494	338	667	110	305	350	219	353	426	738	391	30	427	319	78	22	607	589	701	475	46	631	407	608	467	359	692	212	379	471	488	699	98	237	144	613	513	82	431	107	489	670	51	157	425	178	544
147	606	382	476	292	45	508	27	640	20	333	171	352	100	486	222	643	80	229	612	284	223	651	240	543	523	75	286	192	250	156	618	600	412	19	570	325	555	455	454	662	695	42	669	435	694	501	81	94	609
386	368	297	141	209	193	298	93	330	507	399	671	370	595	503	176	586	672	437	97	708	58	371	290	707	564	48	446	421	220	316	132	0	697	525	306	53	581	245	660	545	332	528	351	179	700	470	3	388	108
448	244	145	537	115	654	23	373	225	689	567	577	340	403	546	9	481	345	186	227	739	76	120	362	722	483	346	408	10	659	518	641	663	257	573	247	721	661	726	741	383	123	638	133	189	103	616	688	453	445
129	254	77	326	146	534	7	568	516	594	500	593	458	114	226	626	216	717	101	390	270	308	224	161	492	582	519	307	275	174	645	246	231	673	233	649	86	323	459	314	291	170	320	716	375	16	278	664	583	344
484	576	256	95	634	152	469	52	142	691	685	63	502	125	140	394	210	34	40	273	515	625	531	473	172	327	656	392	423	705	499	633	160	527	49	571	96	197	201	605	149	493	389	429	59	17	282	602	206	551
724	203	315	261	310	61	337	228	678	665	444	271	218	478	452	538	205	430	143	253	687	675	249	277	234	558	526	479	238	272	8	12	295	139	92	730	263	495	536	598	597	165	684	127	138	300	397	472	69	477
376	562	242	255	627	85	13	622	668	102	68	585	542	357	744	356	650	496	628	414	690	517	21	401	463	404	532	549	698	737	303	236	621	736	680	74	276	563	729	596	280	185	674	285	283	163	711	462	490	183
447	35	676	15	648	296	620	422	288	73	331	732	424	151	182	60	57	677	396	540	715	644	70	395	14	159	137	118	505	652	153	702	590	217	530	294	629	548	195	204	457	11	522	718	339	116	480	610	239	569
498	509	361	639	482	418	358	487	566	506	44	266	614	728	26	184	343	742	603	267	281	124	681	617	393	251	321	466	653	615	211	683	31	706	474	686	164	512	719	604	384	535	130	56	2	440	268	196	363	265
5	91	155	269	84	259	312	71	575	449	33	465	258	25	511	591	207	148	510	274	366	541	28	168	374	646	559	194	524	745	658	66	636	746	696	191	369	354	443	287	743	365	432	433	410	378	679	311	301	113
735	41	468	329	733	317	187	438	372	37	611	202	122	491	328	385	136	539	322	655	221	630	439	666	162	158	313	318	119	65	624	417	32	599	415	725	154	550	112	731	547	556	279	619	347	553	740	580	243	179