2,0
579	441	341	223	486	598	456	537	449	92	191	616	143	566	541	39	27	417	45	300	358	349	568	450	252	525	64	615	322	179	425	614	562	696	277	698	43	533	476	367	309	173	612	381	577	282	272	12	307	617
564	284	578	664	334	274	299	593	94	52	329	194	57	78	35	304	460	444	192	676	193	500	240	295	257	565	31	522	438	80	689	242	479	230	262	197	190	218	514	244	620	429	501	217	7	499	678	161	585	211
172	157	411	102	504	231	467	553	142	544	610	524	33	60	195	573	235	619	259	628	529	437	6	131	448	176	531	294	296	285	317	303	302	654	163	477	22	560	507	271	169	152	549	276	183	254	570	24	386	278
65	76	203	447	626	16	443	354	372	311	69	495	431	97	709	390	68	712	181	261	188	96	552	387	34	47	452	175	237	333	264	293	110	510	484	121	697	384	171	196	403	485	84	520	105	555	72	273	686	607
392	586	100	298	679	91	424	462	642	405	292	648	596	491	220	351	600	228	236	569	656	473	115	433	140	1	133	260	511	481	109	513	116	695	583	167	457	151	650	379	238	640	701	126	407	675	563	402	463	153
56	442	370	699	222	233	229	107	253	70	435	345	469	141	665	584	633	118	154	488	88	687	623	136	50	114	280	538	595	378	241	245	445	98	215	505	166	580	649	83	690	408	61	146	374	305	249	59	547	426
682	164	548	139	119	419	210	11	492	266	418	28	129	279	10	81	323	539	306	651	108	389	681	558	599	594	581	458	111	478	14	214	327	160	705	26	475	184	99	646	546	25	428	508	383	326	399	49	487	336
663	414	666	396	532	343	572	312	159	37	66	205	638	611	226	353	130	289	494	550	301	174	227	375	149	212	101	707	287	609	671	75	332	225	398	147	23	512	113	518	582	308	673	713	177	710	365	155	590	618
38	361	497	655	634	410	170	519	339	440	377	711	668	219	248	325	621	138	58	162	2	208	250	629	87	587	391	605	483	348	199	106	29	688	660	439	17	30	556	315	63	281	352	703	124	677	627	20	359	187
207	165	601	224	643	635	602	641	451	269	104	288	482	318	561	251	536	36	394	489	575	297	19	466	310	613	267	112	637	120	291	639	85	275	669	132	202	400	631	189	198	632	247	5	148	622	178	509	413	145
471	204	415	3	644	397	517	316	432	674	21	335	362	576	657	127	608	314	423	331	404	474	368	603	42	388	117	493	270	324	0	9	55	567	680	455	662	319	385	706	434	18	559	684	186	86	571	503	46	168
625	221	436	588	702	592	258	137	330	376	454	158	180	521	32	150	263	103	347	551	540	350	516	683	213	465	206	708	542	255	412	328	346	427	604	704	421	470	459	373	48	691	506	589	636	82	355	95	446	67
534	422	380	201	357	128	144	401	209	286	498	268	90	41	661	337	416	234	366	53	243	79	51	526	338	340	515	535	557	313	554	232	647	591	185	700	62	480	624	523	597	246	134	461	360	290	182	364	658	659
4	645	44	472	468	135	430	667	692	71	630	464	672	15	393	216	74	694	606	406	685	93	530	283	543	321	652	89	670	342	653	382	409	13	453	77	693	200	545	574	122	363	344	54	395	239	356	528	371	420
502	40	490	256	73	8	496	156	123	369	320	527	125	265	225	267	521	497	659	86	97	425	102	450	362	503	261	81	682	87	7	189	512	63	56	636	343	332	698	74	676	590	247	31	120	279	708	681	234	672
363	42	207	195	47	222	210	257	442	646	331	501	224	197	402	293	152	33	696	687	97	660	182	78	76	320	298	70	664	216	172	353	359	521	259	311	179	500	136	505	694	248	105	282	539	333	264	436	511	151
68	111	536	404	134	96	361	705	90	432	590	697	572	700	545	188	194	313	330	166	566	41	174	80	189	240	612	250	654	526	18	509	153	474	219	525	547	104	465	329	492	556	495	579	427	74	181	191	318	364
657	145	409	568	269	270	130	437	550	582	75	208	394	605	119	347	292	343	460	110	322	305	177	56	199	246	647	401	370	470	168	163	345	324	695	625	640	659	476	17	8	455	133	430	287	175	94	576	643	48
173	578	691	212	339	466	230	679	412	510	43	58	677	113	215	196	341	381	707	417	158	546	471	306	121	32	565	701	93	247	115	656	527	524	515	69	520	299	309	20	413	405	223	252	39	209	384	316	624	570
241	400	77	548	295	203	36	488	202	573	321	160	291	522	480	608	530	621	577	374	368	217	144	19	22	245	607	272	263	258	176	27	183	637	35	28	663	338	297	397	632	63	541	37	40	66	85	420	651	645
180	671	294	44	419	686	26	340	634	72	54	99	67	518	365	30	155	12	142	358	332	588	10	342	265	713	46	504	3	685	392	386	162	366	55	463	302	423	497	452	537	655	25	147	314	375	382	606	380	574
52	138	260	428	14	100	334	232	692	668	327	403	623	117	238	611	614	592	266	120	642	360	89	549	279	371	454	83	628	662	154	190	127	372	285	379	390	227	475	201	680	498	443	581	11	426	141	690	184	351
434	352	555	689	233	479	315	234	507	5	388	567	602	150	254	554	107	226	249	186	450	82	185	453	1	482	255	108	304	239	149	441	451	317	711	31	635	116	165	50	516	167	469	683	484	631	237	673	344	391
448	551	557	95	644	281	461	377	586	192	675	261	122	211	534	101	60	88	369	703	262	641	348	308	399	445	464	169	706	620	29	604	143	307	373	87	709	103	296	220	591	61	531	467	213	349	449	236	559	613
335	24	277	712	367	616	499	123	395	235	596	64	543	496	275	387	4	633	459	708	626	477	408	114	506	589	561	290	672	682	0	699	362	276	148	609	702	648	424	206	587	433	456	535	421	288	45	553	600	164
129	528	283	538	81	444	228	84	693	684	286	128	218	159	615	593	415	156	425	170	674	200	688	79	502	139	303	59	665	242	193	346	704	512	457	106	483	411	513	102	603	253	652	267	440	580	560	214	569	62
396	274	205	221	244	564	562	533	584	407	92	629	204	289	610	422	627	378	356	21	326	658	638	681	357	478	468	563	398	132	490	91	225	661	278	300	131	354	571	414	393	6	523	161	137	540	617	73	98	431
529	337	544	491	435	447	418	135	187	284	2	487	15	312	650	268	429	438	57	598	653	503	86	323	125	256	112	350	669	667	9	514	389	676	126	109	446	355	485	494	481	517	13	53	231	34	273	649	601	301
157	171	472	65	328	146	310	599	508	71	473	376	585	619	16	670	178	666	23	583	280	7	51	558	124	251	38	618	597	319	271	594	118	462	552	678	595	439	198	710	416	532	486	336	383	140	49	639	542	493
410	385	325	406	698	243	489	519	229	575	458	636	622	630	314	499	247	219	694	435	696	188	671	29	203	355	304	483	565	591	690	532	296	658	409	316	252	273	546	233	176	600	649	343	2	264	268	528	496	365
505	262	556	486	235	251	450	198	274	610	199	374	53	169	382	331	344	85	201	109	501	422	695	358	20	473	286	451	236	105	389	693	345	522	509	638	301	423	660	454	558	446	187	32	176	518	77	642	690	667
357	466	499	41	329	424	470	359	316	427	4	140	657	384	594	535	453	261	568	42	221	193	222	69	541	644	669	561	652	511	432	101	225	299	578	253	172	76	335	327	168	185	139	362	319	323	182	376	420	512
147	355	14	13	560	637	145	141	462	155	238	3	437	415	170	654	569	676	468	475	603	600	240	457	478	598	524	375	461	166	602	154	579	106	430	377	513	653	313	672	617	677	607	188	532	290	713	635	396	700
103	671	157	338	215	17	707	97	702	537	125	483	604	587	380	35	18	348	678	87	80	595	472	629	639	129	633	402	591	439	520	83	349	441	64	369	552	419	51	438	632	481	668	122	575	624	339	685	456	246
73	367	60	651	88	207	296	307	670	195	476	1	120	625	636	31	132	421	405	562	588	306	699	623	487	385	571	622	29	455	26	332	227	406	295	93	333	126	459	507	408	124	479	601	9	510	445	689	538	209
104	650	96	655	177	434	79	56	43	57	247	589	684	393	65	324	5	341	15	580	113	25	280	206	682	411	387	279	619	599	378	640	293	410	183	343	553	302	75	229	431	428	259	627	128	72	237	244	573	593
121	74	683	164	626	245	708	202	531	173	680	616	30	44	59	130	234	150	58	167	351	596	82	621	515	178	548	328	181	277	27	78	386	281	452	416	645	564	368	191	12	217	631	117	216	211	309	352	112	134
111	628	197	284	536	584	703	91	257	16	264	666	400	648	54	219	679	394	413	390	99	529	656	530	364	620	448	539	342	282	0	269	592	426	272	545	213	45	233	482	62	612	698	300	350	263	304	84	114	440
484	119	495	647	525	118	46	33	138	223	100	23	634	403	249	665	159	115	330	391	691	127	239	549	469	449	674	160	373	37	489	292	574	586	21	618	175	662	533	68	550	395	554	519	418	143	566	365	108	429
325	609	488	137	498	297	630	266	658	71	398	144	171	34	517	285	49	165	294	265	559	110	224	337	179	696	220	675	356	63	494	697	585	485	661	477	711	210	492	526	231	204	151	190	681	372	123	521	52	570
504	305	371	308	94	184	611	276	346	404	458	133	506	7	10	289	228	208	563	275	142	161	496	194	613	606	260	252	443	258	214	388	514	256	414	278	503	490	544	701	241	47	534	11	6	61	102	67	24	508
255	409	555	40	116	298	704	464	254	135	686	242	577	81	710	320	98	86	363	705	397	379	250	291	326	36	205	572	546	463	412	692	310	540	407	267	152	614	583	709	148	230	460	203	528	50	687	153	287	360
158	516	608	334	493	664	370	315	399	706	590	174	273	543	156	8	576	39	146	163	212	641	19	192	523	392	582	551	401	149	361	312	288	131	189	2	48	381	186	581	491	55	354	218	317	311	500	615	417	283
688	89	497	322	136	383	527	271	425	314	605	226	95	303	270	321	435	353	162	567	474	659	480	663	465	243	347	92	180	318	107	646	542	22	467	447	248	90	597	444	336	502	442	268	557	712	196	471	28	66
340	547	70	200	565	366	694	643	433	673	232	436	649	38	351	408	375	679	426	658	277	344	542	553	110	632	657	279	609	488	132	50	655	581	370	43	505	129	303	88	500	659	410	80	519	179	598	503	535	31
380	166	523	214	712	6	15	514	101	362	412	611	580	58	499	115	88	661	524	103	640	456	600	51	146	495	522	246	684	503	120	489	619	157	22	9	125	391	289	30	369	534	218	672	390	54	641	327	630	409
286	399	82	339	263	305	154	606	435	596	245	116	688	2	342	393	697	470	446	395	426	691	389	656	481	658	631	254	290	309	530	265	159	471	0	248	401	633	556	639	147	333	141	124	46	387	118	264	381	673
202	666	558	31	564	636	420	122	529	454	649	72	650	216	669	302	38	455	376	335	696	181	621	674	150	598	128	462	52	100	81	184	274	602	608	597	667	320	614	119	705	108	143	578	657	298	472	45	678	160
509	372	140	694	65	516	418	679	610	37	604	53	34	605	484	680	525	318	294	205	105	107	20	493	474	683	665	646	692	153	607	385	95	26	521	681	599	392	267	43	1	61	229	583	625	549	601	378	104	123
554	386	283	70	249	511	321	441	689	138	87	97	500	255	209	279	180	687	406	647	553	497	162	699	220	167	382	360	654	504	398	410	710	629	615	206	589	488	260	139	613	587	346	425	197	434	502	182	477	653
567	531	67	130	591	270	240	506	221	326	356	278	79	634	407	269	675	315	207	365	444	464	273	330	319	42	90	144	230	693	10	449	176	436	280	135	55	233	225	291	468	83	632	13	677	28	707	537	711	282
439	450	145	655	366	570	363	191	396	16	158	469	501	36	563	566	222	133	32	14	284	40	427	190	430	172	513	94	660	353	134	127	588	451	479	663	25	271	686	175	76	379	232	562	659	527	235	542	142	355
322	165	518	109	690	288	448	126	415	348	370	533	75	178	194	325	573	189	71	528	476	136	483	261	23	226	41	85	517	276	195	416	292	98	212	459	535	590	137	609	80	338	404	310	577	584	7	539	336	519
373	433	423	301	18	424	57	458	413	560	49	709	482	5	74	311	422	491	461	300	192	86	69	345	304	89	623	186	201	622	314	93	344	60	487	586	257	19	555	121	628	187	295	652	340	548	547	437	131	465
238	620	368	307	224	156	645	236	223	306	559	275	155	541	618	313	453	603	252	219	161	48	185	593	701	414	400	117	638	565	297	12	442	11	671	383	569	526	217	467	59	163	203	515	171	193	27	39	29	682
227	371	532	312	417	575	173	452	268	429	259	546	637	242	132	359	384	536	626	540	695	706	285	243	440	543	552	66	572	151	199	648	388	713	33	475	466	169	550	111	700	352	460	402	561	331	351	110	328	582
231	102	73	505	258	668	670	91	47	644	237	473	428	581	664	403	112	557	208	374	68	545	188	113	129	200	62	24	616	432	354	303	571	228	177	375	595	293	704	676	463	612	347	394	210	183	498	405	592	196
272	377	287	585	617	343	334	64	277	308	421	21	213	179	490	253	408	99	508	211	299	4	256	627	84	443	329	114	544	316	698	494	168	703	77	262	324	496	56	568	367	579	485	251	702	624	507	349	234	510
266	397	457	358	35	152	431	244	170	492	281	350	96	332	512	642	708	364	239	594	576	635	438	3	198	419	486	44	106	538	148	551	411	204	63	341	357	17	78	445	296	574	247	50	8	317	447	250	174	149
520	215	361	662	651	478	92	337	685	323	643	241	164	480	507	440	618	597	601	279	43	685	609	362	525	615	497	12	513	396	366	424	354	428	294	383	541	237	473	150	538	148	638	312	451	346	172	36	184	231
385	149	398	129	332	657	187	647	461	151	177	263	446	568	494	452	517	64	306	32	706	403	175	409	636	441	564	189	396	308	128	168	108	555	97	463	235	28	363	239	143	488	630	622	669	136	381	322	321	122
352	51	558	413	232	395	348	439	370	682	106	491	487	331	557	437	387	426	372	183	23	188	552	42	46	536	270	58	599	661	449	685	394	500	703	571	275	581	81	633	77	431	548	79	223	656	592	570	689	316
697	541	621	591	377	120	40	191	295	481	217	222	563	421	620	71	142	473	195	194	304	9	386	498	236	17	95	684	85	414	125	288	529	63	109	606	24	294	152	145	165	12	490	702	401	234	530	84	624	39
442	508	470	544	519	325	359	445	216	705	521	320	433	167	425	681	137	261	644	465	678	371	124	252	131	18	291	501	464	265	280	158	556	610	712	546	47	326	38	667	103	205	72	242	609	156	230	238	336	415
127	418	219	214	133	34	362	30	164	670	245	392	605	262	503	523	429	534	330	694	340	637	57	614	545	20	623	436	444	427	695	341	339	631	178	92	181	369	264	458	475	11	375	382	612	55	33	2	598	160
686	248	650	447	709	410	528	665	397	8	302	673	582	698	580	1	351	655	651	135	229	276	554	692	192	334	448	378	652	553	257	512	514	690	132	286	471	240	360	485	80	50	279	255	197	67	496	627	119	484
268	639	477	704	574	27	566	285	515	505	90	7	349	83	254	246	645	170	601	590	547	233	100	278	289	213	260	542	543	493	269	596	380	593	520	668	96	37	154	318	480	660	687	202	683	537	435	93	161	489
353	319	116	642	293	585	456	147	344	196	117	14	66	228	346	186	572	68	267	666	272	513	472	35	699	251	56	419	506	625	561	643	49	324	88	577	342	507	383	111	708	654	567	347	662	43	69	259	467	466
110	659	155	65	171	617	691	551	391	711	298	311	355	144	307	313	646	373	406	5	207	174	10	368	608	613	78	408	134	649	91	576	358	364	218	455	399	379	241	478	249	476	578	588	653	258	292	224	53	423
482	94	502	597	26	3	225	328	525	199	114	203	139	208	696	680	61	648	198	589	343	400	104	510	388	243	338	74	317	390	290	607	469	389	454	101	693	579	675	62	451	443	628	504	535	603	166	422	163	54
674	153	193	700	315	430	13	73	357	237	138	663	632	384	634	184	584	281	305	411	526	468	434	99	180	273	611	459	713	220	16	211	474	22	393	206	641	407	159	327	15	182	337	402	560	676	365	533	586	59
335	282	412	615	516	75	629	312	314	121	284	640	495	710	428	176	70	499	604	102	300	173	172	185	575	29	112	118	41	105	664	565	297	532	531	562	141	438	524	602	31	146	60	417	231	253	450	4	354	309
688	638	148	404	658	86	432	287	36	376	0	283	274	107	345	266	583	303	540	356	416	87	679	6	329	671	126	492	511	169	277	227	226	123	672	619	367	350	538	179	204	244	200	626	113	420	600	559	549	707
522	527	201	52	618	509	460	497	587	210	462	215	701	19	361	271	296	323	212	374	256	594	48	457	25	209	453	301	479	573	98	424	21	45	486	115	150	140	250	677	157	366	595	44	130	550	89	483	221	635
76	569	616	299	190	162	310	518	405	539	82	440	333	247	330	490	511	367	349	559	121	533	546	400	557	523	630	51	609	402	466	314	427	340	405	442	534	20	364	191	455	705	232	584	292	17	678	315	547	275
235	416	697	303	139	408	605	512	128	493	98	499	77	233	685	704	302	65	461	91	66	451	256	290	699	619	120	116	683	378	511	81	201	638	479	494	337	692	364	597	448	200	424	147	178	20	239	399	174	401
665	17	533	295	426	497	474	490	508	186	341	521	238	392	51	711	194	107	301	232	275	376	229	368	202	19	663	265	183	387	168	167	76	427	246	329	450	455	465	97	611	542	196	552	63	286	444	75	104	4
531	696	370	360	330	324	536	548	377	396	362	706	520	545	32	191	446	443	21	176	668	9	654	60	88	656	151	292	481	27	475	624	267	516	293	595	561	69	343	403	40	604	215	212	504	74	211	357	141	340
278	675	193	49	580	352	50	618	180	199	328	712	342	641	409	676	355	159	37	296	703	541	667	381	689	219	436	684	544	348	92	538	489	615	274	331	680	255	613	584	70	647	634	602	367	354	172	150	388	482
47	223	438	335	171	5	652	148	468	603	628	425	61	62	459	321	413	470	58	67	666	258	447	487	515	237	557	375	143	462	389	162	169	317	130	190	572	573	161	268	344	125	322	620	688	589	492	539	678	625
407	610	109	570	495	567	157	579	129	549	640	353	630	428	526	440	372	59	224	483	16	250	142	463	659	83	206	686	517	55	78	501	208	227	84	287	650	236	106	270	11	46	537	349	661	523	105	480	509	14
234	44	189	503	710	103	530	669	672	592	228	204	617	607	402	645	519	434	72	261	546	371	309	476	432	289	56	649	218	291	112	1	146	437	39	95	466	529	127	609	307	231	397	175	700	260	400	411	477	42
488	505	431	134	524	214	698	693	568	369	288	587	41	213	163	29	247	108	586	310	534	320	264	86	299	629	616	631	318	165	674	35	297	43	280	585	160	323	404	137	577	64	121	626	8	551	600	467	563	285
24	283	486	96	386	599	458	614	262	576	677	313	259	643	373	442	412	203	591	124	249	622	452	133	273	182	484	48	31	535	346	38	596	569	114	657	472	73	395	383	394	36	380	673	222	554	565	454	2	405
406	708	30	695	284	351	312	115	532	155	326	398	653	540	216	187	210	507	598	279	391	575	559	527	498	209	658	0	518	550	140	415	308	52	15	33	385	522	314	7	136	449	564	694	277	26	705	119	420	558
707	332	188	560	429	195	485	471	583	85	433	118	94	691	257	655	588	366	623	384	390	670	593	10	345	556	419	635	298	23	100	612	578	34	57	664	122	198	170	315	621	230	456	562	359	627	225	6	252	637
478	226	87	90	316	197	153	660	135	45	681	54	555	382	28	690	113	132	152	543	138	102	184	131	333	221	306	248	117	3	111	502	358	339	304	336	606	642	648	422	271	350	244	679	276	181	68	145	179	13
632	457	581	671	553	325	571	473	460	639	496	254	305	410	251	445	566	491	430	266	338	241	149	207	192	53	547	709	687	513	418	590	435	12	243	311	636	177	361	363	439	701	154	514	185	594	393	123	281	82
101	240	662	300	327	110	25	272	374	205	245	334	173	414	417	441	282	18	217	646	294	80	713	525	469	89	510	682	702	99	453	263	164	126	601	633	347	506	421	464	651	356	22	79	582	528	71	644	156	574
379	220	242	269	253	319	166	158	500	423	144	365	608	93	127	77	29	380	349	463	521	567	406	303	325	618	100	166	90	354	225	440	108	650	486	355	654	217	328	590	80	202	601	599	207	685	351	388	680	466
614	431	557	341	692	137	449	505	267	85	283	674	609	253	170	686	654	114	509	707	151	678	171	416	277	157	374	1	425	463	183	498	83	287	480	308	550	131	204	369	166	14	672	260	501	74	25	140	265	666
352	712	64	28	429	540	466	144	130	100	324	486	688	94	249	468	95	553	657	599	384	534	462	52	272	290	483	383	512	318	128	368	30	350	124	147	685	329	527	653	243	36	344	705	640	139	48	194	286	361
184	571	26	673	182	255	169	701	691	697	134	548	650	596	588	617	461	289	482	700	176	533	27	665	561	595	392	242	380	376	421	43	227	610	394	436	297	649	80	88	223	46	263	611	246	417	145	40	681	542
359	499	288	218	8	79	622	670	261	231	419	177	44	454	495	172	523	302	520	356	547	34	625	203	521	118	303	357	89	148	477	298	226	458	683	606	532	6	345	75	295	594	493	181	276	106	221	212	92	306
262	71	191	529	597	586	566	560	327	201	402	682	699	332	257	20	404	559	115	464	669	371	409	582	200	273	195	396	240	123	711	713	703	112	4	424	677	77	19	478	541	513	16	41	537	190	339	196	514	199
516	695	349	420	616	698	642	427	598	135	129	78	22	377	568	347	335	275	519	585	325	355	415	481	307	491	258	126	3	160	544	538	615	50	524	245	613	387	706	472	440	45	7	35	205	167	228	120	150	104
504	479	470	627	620	336	214	555	220	108	554	348	2	161	651	309	69	362	602	489	567	331	111	210	219	570	445	247	102	292	578	539	426	225	702	125	66	154	398	411	211	12	552	49	73	300	229	690	601	364
149	526	528	294	442	119	667	337	58	664	5	317	536	577	101	549	62	82	589	278	576	385	471	138	386	469	503	581	198	395	646	250	605	378	403	525	285	23	316	206	193	546	84	233	186	153	32	24	268	565
328	187	432	266	293	455	72	280	284	612	381	244	241	511	644	584	506	175	689	439	202	132	659	274	63	515	397	438	164	197	590	662	658	629	583	441	389	281	508	271	496	279	304	215	680	192	379	236	156	143
575	608	679	311	70	388	626	453	342	507	607	354	391	660	551	163	517	393	600	522	319	648	321	59	661	434	185	38	217	351	484	465	323	633	346	234	405	696	237	146	232	668	433	60	155	638	580	213	430	207
628	256	444	418	81	492	179	162	31	353	446	400	248	687	399	301	107	694	98	97	91	61	410	103	487	579	208	158	340	497	624	406	457	475	641	29	390	180	367	490	428	141	68	632	500	652	530	621	408	57
630	320	96	684	556	474	360	121	562	456	188	485	382	216	655	189	222	637	366	643	592	563	373	502	572	407	326	423	305	42	67	136	152	414	451	494	545	165	105	603	564	569	543	333	710	370	412	168	338	291
269	117	476	142	334	448	619	270	282	413	47	93	618	238	593	230	467	17	591	647	209	645	76	634	109	623	37	159	704	604	315	13	322	133	459	86	437	518	116	558	21	343	313	0	401	90	573	264	87	251
631	15	11	450	636	447	10	254	574	708	53	39	173	535	33	435	488	99	656	299	671	693	314	235	372	473	663	178	443	312	224	51	330	365	452	122	675	252	239	259	531	639	174	635	9	709	422	113	510	18
296	358	363	375	56	65	587	54	310	460	110	127	55	676	411	663	642	124	247	456	558	236	602	277	702	212	164	10	460	314	155	401	467	476	681	543	118	335	102	256	97	302	194	552	537	218	652	84	394	133
22	308	710	476	511	531	454	604	86	623	76	564	625	616	190	325	505	679	104	520	665	705	46	251	360	210	667	120	85	368	144	430	8	703	541	209	681	576	170	438	699	250	49	397	64	395	621	351	675	451
481	672	72	489	566	165	292	387	485	262	602	533	607	135	455	378	278	161	613	186	17	376	80	517	504	115	333	686	711	53	311	568	293	100	180	220	659	599	101	562	529	193	561	245	450	34	149	181	532	445
466	265	622	513	648	668	74	24	617	446	582	356	78	683	477	215	313	127	414	239	224	40	283	479	131	530	510	589	341	217	463	366	384	600	601	398	439	554	544	266	129	660	212	474	484	323	410	682	405	280
344	458	18	97	346	605	591	388	627	330	658	198	515	365	713	432	603	628	334	558	255	331	449	151	471	443	483	142	548	206	666	306	428	26	537	594	21	704	496	230	295	288	189	671	199	183	140	637	11	606
73	498	276	275	105	137	525	361	247	535	557	231	243	287	31	363	236	421	218	442	164	0	253	670	422	23	130	440	188	2	615	585	272	424	196	569	290	125	707	431	9	350	5	494	91	408	155	400	550	174
172	528	84	3	56	638	490	33	25	176	79	207	163	148	460	394	28	626	327	134	381	194	12	642	663	644	641	608	653	191	234	321	167	407	411	459	578	277	310	579	399	256	700	354	202	647	709	211	27	457
633	452	676	162	567	560	502	65	342	522	87	426	340	402	577	38	335	328	35	461	545	434	409	228	447	43	491	267	596	301	367	555	677	595	643	112	68	260	552	203	614	357	693	61	396	453	543	669	383	575
656	358	634	406	99	263	175	404	152	126	374	307	696	487	563	598	465	109	673	385	349	111	352	559	257	107	89	441	208	586	412	646	143	571	138	299	435	185	473	285	539	370	468	329	540	88	337	518	661	618
13	379	213	692	75	684	200	271	652	41	205	113	712	242	15	92	655	139	690	359	698	214	508	584	572	178	238	82	259	121	488	687	83	96	565	7	52	507	403	169	305	70	688	486	62	619	110	216	297	380
261	94	556	156	536	336	58	382	59	304	651	44	124	291	448	551	401	574	93	119	241	102	322	36	417	418	631	55	201	645	317	141	630	252	347	583	54	226	678	117	63	444	274	47	464	106	514	549	364	309
157	302	469	273	132	51	158	553	128	284	500	269	546	345	268	179	482	423	153	338	326	611	32	390	1	664	50	702	391	150	20	416	413	419	289	103	222	294	437	697	420	348	425	248	654	538	343	48	319	610
708	689	320	279	588	521	118	547	57	371	254	114	237	573	95	375	123	506	429	680	372	67	298	636	45	526	386	154	472	609	187	71	456	620	4	592	706	373	182	353	355	332	629	60	133	635	362	475	339	223
160	593	534	116	77	597	258	701	318	249	177	204	264	98	695	184	159	19	580	512	427	691	233	612	674	492	168	389	30	246	146	392	229	221	499	470	624	244	581	66	662	462	657	542	639	501	493	122	166	685
219	497	197	282	467	324	171	286	587	480	632	300	415	516	10	42	195	503	312	478	640	225	90	6	14	69	314	369	16	524	523	240	81	235	393	433	145	281	527	570	377	147	227	316	270	694	650	495	29	590
37	108	509	232	192	173	296	519	315	136	39	436	303	649	439	695	263	239	645	474	666	647	447	299	199	629	466	289	266	348	521	543	212	177	33	104	370	130	453	560	394	28	679	520	123	204	110	442	288	276