2,0
525	871	649	240	661	463	223	504	836	631	177	339	876	650	437	121	456	848	603	448	172	438	64	483	970	191	863	179	737	514	491	139	924	230	383	939	425	508	249	774	922	830	271	334	507	131	22	326	843	699
775	171	27	823	519	218	813	638	932	829	570	11	354	753	315	192	335	694	675	615	594	696	943	426	487	307	750	345	602	449	155	739	520	849	45	817	222	173	1	800	295	873	280	724	387	452	930	705	679	428
88	52	176	75	617	467	304	596	43	482	944	767	544	120	68	839	193	235	138	196	618	948	250	16	598	703	716	261	305	600	799	904	819	92	194	850	325	635	274	664	104	913	153	539	672	692	418	287	889	374
195	499	6	225	842	752	794	743	264	181	323	475	443	764	85	964	34	124	440	729	492	244	844	495	936	639	277	211	31	299	718	611	931	981	567	571	500	353	685	511	188	252	633	846	233	579	410	669	12	578
441	698	773	673	802	408	719	847	910	329	815	39	744	174	581	413	190	622	143	384	559	841	140	772	399	203	866	566	531	248	294	94	298	57	789	217	629	473	197	163	682	628	938	983	663	709	142	621	285	604
875	116	293	431	878	152	546	676	284	706	167	642	30	300	417	37	100	392	245	80	840	84	529	318	378	714	242	721	157	959	625	770	731	381	585	590	35	826	791	403	260	975	928	562	99	78	132	87	292	564
237	613	108	484	782	175	447	620	593	398	161	375	415	701	254	978	497	568	7	501	358	442	183	954	102	322	740	56	479	33	126	707	60	957	788	184	309	795	824	941	262	349	885	524	619	20	220	379	609	361
302	159	47	444	909	278	166	901	720	911	169	429	592	414	370	351	147	573	510	115	735	24	548	820	65	942	76	536	276	272	697	311	892	28	202	164	69	855	614	97	958	130	726	984	367	96	654	273	821	224
555	303	935	411	151	565	693	486	445	402	110	419	21	170	667	900	814	72	641	215	722	754	626	105	10	793	518	952	91	937	228	580	965	259	114	907	953	853	341	577	806	317	734	29	389	576	569	485	450	199
728	967	647	601	396	257	133	845	282	231	236	457	109	462	372	695	834	712	634	407	902	489	238	822	296	966	809	658	711	466	612	588	538	968	651	637	229	107	253	761	377	70	857	808	867	659	390	424	687	759
333	141	435	537	923	386	777	547	812	513	792	118	336	154	686	956	955	723	136	610	50	241	914	98	572	451	918	83	584	405	61	146	400	162	59	306	3	700	765	751	119	210	509	884	688	266	807	129	279	522
81	757	769	469	178	895	891	558	111	908	893	14	214	586	327	160	476	974	458	26	666	678	880	896	582	25	643	742	646	49	439	38	921	730	946	786	343	710	312	549	66	205	494	858	226	481	289	433	148	478
301	227	149	212	101	979	838	605	587	332	488	623	947	23	704	113	861	308	934	985	738	982	365	560	550	912	877	828	63	517	835	219	854	460	58	2	208	599	477	833	391	906	505	275	348	106	541	748	198	17
790	763	575	281	352	972	636	940	532	359	187	207	165	976	888	269	616	927	288	684	768	251	512	36	394	297	19	310	553	267	112	805	632	291	887	644	874	189	247	5	660	563	851	702	145	471	204	862	894	397
316	432	886	533	362	787	915	127	561	778	837	314	423	331	656	552	404	474	368	781	831	42	388	117	493	270	324	803	0	9	55	890	776	905	455	869	595	920	717	319	385	556	977	434	18	827	950	186	86	882
503	46	168	674	859	221	903	436	811	945	971	810	816	258	137	330	376	454	158	708	180	521	771	32	150	263	103	347	551	540	350	727	516	681	949	213	465	206	665	980	542	255	412	328	725	648	583	346	870	427
832	680	973	741	736	683	607	779	421	470	627	459	872	373	48	960	506	589	758	879	82	355	95	446	67	608	534	766	422	380	756	201	357	671	128	144	401	209	286	498	268	90	41	929	745	337	416	852	234	366
53	690	785	243	79	51	526	883	338	340	784	797	515	535	640	677	713	557	898	865	747	313	749	554	232	897	591	185	969	62	480	732	780	624	523	662	746	597	246	134	655	899	461	783	360	290	182	364	818	856
916	917	4	645	44	472	864	762	468	801	796	715	135	430	657	926	961	71	630	464	933	15	393	216	74	668	963	760	606	919	406	951	93	530	283	804	825	543	321	652	89	670	798	342	860	653	382	409	755	13
453	77	962	691	689	868	200	545	574	122	363	344	54	395	239	356	528	371	420	502	40	490	256	73	8	881	925	496	733	156	123	369	320	527	125	265	813	469	808	598	195	697	971	928	889	877	115	8	601	799
681	237	864	978	832	885	409	806	230	877	751	88	921	674	144	801	267	814	360	778	2	865	607	136	138	643	447	726	293	810	920	388	608	365	947	235	424	396	376	451	353	931	502	346	749	581	275	571	909	808
218	29	175	355	659	487	454	420	150	730	519	95	663	838	961	564	429	435	802	969	102	633	981	701	791	53	3	829	250	101	322	456	431	334	394	507	212	895	586	313	45	148	781	965	176	385	84	229	307	651
196	985	690	263	462	233	691	842	840	554	747	677	510	374	574	539	423	761	575	324	772	940	704	847	395	645	347	866	379	884	216	110	458	471	676	470	598	958	836	339	304	57	418	765	387	125	939	912	90	465
466	570	795	566	662	559	268	174	341	200	968	589	311	672	286	949	636	561	172	735	789	668	68	906	804	517	272	540	759	280	91	960	953	154	264	294	126	460	494	105	684	629	219	323	733	134	225	132	756	316
325	38	773	638	936	179	16	9	828	241	911	103	966	444	792	915	459	740	439	932	579	522	246	678	499	872	98	285	549	952	783	800	28	22	178	400	383	375	27	446	938	627	837	777	308	626	386	871	161	868
372	972	276	40	610	82	474	226	326	92	774	859	20	13	128	843	398	145	743	437	736	26	407	52	335	923	917	820	412	603	295	205	983	404	0	245	182	650	708	248	80	582	682	480	130	472	512	422	181	107
405	856	190	899	329	975	399	689	55	408	127	532	731	373	970	165	236	140	867	979	962	861	982	479	658	830	333	419	56	156	709	870	849	786	321	443	340	137	151	298	719	680	18	66	860	934	622	605	312	568
83	413	576	427	762	234	815	489	338	303	763	495	336	254	142	256	955	104	222	614	752	901	31	152	279	881	382	380	119	858	591	728	692	282	47	58	397	189	392	857	766	160	87	139	746	121	6	213	231	15
42	767	696	278	224	634	240	641	550	718	482	114	97	515	595	613	526	330	852	277	822	168	900	54	688	873	169	239	255	453	352	980	984	141	100	854	547	173	548	537	171	33	648	492	536	149	48	185	887	442
484	675	769	25	700	129	954	927	862	657	496	706	292	96	167	764	863	528	744	929	183	673	469	64	426	433	115	147	197	898	356	889	514	580	46	61	198	755	79	192	76	557	332	367	473	49	43	498	202	757
665	73	210	562	588	468	687	609	359	51	403	265	819	207	727	317	78	797	331	831	436	464	959	833	745	543	913	907	805	457	592	166	525	621	649	112	604	807	577	628	117	421	694	135	23	155	918	666	908	977
262	599	361	784	488	565	337	705	62	261	883	59	430	653	193	531	534	878	617	357	664	667	782	619	7	545	827	533	1	824	711	841	593	935	611	695	644	654	214	742	811	948	916	209	297	249	11	390	368	299
305	809	503	223	635	370	351	350	191	39	401	558	587	748	846	195	702	258	620	72	655	623	703	771	358	289	686	393	269	118	455	406	364	164	242	590	504	910	896	516	563	625	70	309	116	143	389	89	441	201
844	208	445	123	584	893	306	615	825	823	973	511	211	452	501	366	77	381	639	642	597	914	572	971	925	215	232	882	707	342	14	812	486	904	497	879	753	71	567	345	560	530	848	775	509	481	153	17	685	34
270	886	780	741	890	274	722	624	111	75	729	553	86	500	228	327	875	897	737	529	302	738	170	527	888	874	699	776	320	957	602	943	632	50	5	252	199	779	63	946	697	411	671	926	880	328	606	124	251	723
44	296	652	131	203	631	524	475	712	817	485	253	163	669	12	924	391	122	919	937	902	184	964	640	616	508	227	41	855	794	146	660	434	271	244	478	618	106	188	739	10	661	798	963	257	273	384	596	281	483
734	646	438	839	344	74	467	450	260	448	343	288	922	754	724	30	159	194	715	930	238	60	793	24	750	601	612	287	850	410	725	477	542	974	716	720	853	378	113	521	585	490	8	221	428	538	950	414	362	941
440	583	220	493	349	760	785	520	65	476	243	133	541	594	544	463	967	94	869	162	693	796	821	816	301	523	945	108	4	505	826	206	120	461	310	555	314	425	956	569	491	369	803	928	556	573	158	732	600	204
670	348	99	813	377	32	417	713	177	799	93	835	371	851	315	363	69	892	291	535	788	944	109	19	186	551	721	942	318	157	717	637	647	976	876	845	21	518	36	679	714	506	905	933	416	402	710	768	187	449
415	247	758	81	513	290	217	656	787	790	578	903	266	770	894	432	283	951	630	35	284	354	891	698	259	818	319	300	37	552	834	85	67	683	546	180	144	390	954	301	133	4	923	369	64	897	69	430	450	53
620	166	595	930	46	784	591	124	279	762	190	615	453	206	871	42	366	849	731	133	870	572	877	926	705	841	120	484	396	554	847	16	855	711	907	107	342	97	65	693	495	869	189	126	327	456	310	398	537	229
274	712	282	463	432	81	969	294	679	394	681	340	692	963	31	573	70	79	820	984	325	702	757	968	363	644	723	949	201	961	424	101	643	276	747	868	269	194	905	23	778	494	85	90	304	20	566	140	683	666
556	222	675	476	143	515	9	579	443	502	300	404	108	136	248	87	368	135	134	54	339	333	545	612	470	825	30	483	267	948	445	622	498	439	292	582	703	843	677	49	376	452	958	824	943	434	536	414	659	704
645	249	89	597	538	983	600	88	60	740	485	311	121	815	454	801	821	289	388	181	43	726	725	743	353	935	510	435	945	362	192	981	794	283	628	787	335	854	117	286	147	41	805	529	727	758	640	755	307	374
900	534	618	193	261	418	578	672	588	772	753	161	790	944	354	12	264	457	95	715	132	769	98	314	406	28	780	338	497	53	142	346	475	979	637	306	808	227	245	474	11	760	137	889	29	876	525	528	774	555
218	355	146	375	66	15	746	577	322	719	587	382	330	169	377	319	581	559	420	430	878	110	586	978	804	977	440	413	751	931	605	629	839	967	706	472	237	425	936	924	71	818	45	212	208	593	647	521	603	487
129	929	427	24	116	115	450	517	492	518	228	568	887	909	103	285	834	230	344	714	291	776	792	662	184	464	183	331	80	196	272	897	73	347	951	284	334	861	277	902	738	231	141	874	213	179	721	970	548	859
546	975	729	881	875	960	114	32	316	433	168	275	831	673	224	885	888	389	766	922	372	551	616	385	493	259	67	916	251	632	553	508	542	718	809	621	459	575	235	928	630	152	244	370	170	653	350	744	482	748
223	0	130	562	918	239	880	891	775	123	3	198	506	694	685	563	686	148	505	411	204	63	745	942	17	797	851	639	883	50	436	674	665	174	149	219	8	923	361	606	956	544	609	337	516	810	323	560	271	756
691	982	164	750	205	543	408	964	946	826	250	422	92	576	109	336	165	857	318	511	490	96	676	955	866	172	175	904	552	159	478	884	386	145	417	1	467	113	697	858	268	658	303	309	611	491	139	952	646	298
441	899	569	873	882	921	896	448	957	240	803	698	477	263	156	689	742	623	886	660	791	667	914	633	953	527	768	243	209	985	154	86	106	185	400	151	732	197	631	835	655	589	390	836	496	500	4	592	919	253
51	641	845	853	696	373	850	369	962	865	410	349	461	532	176	270	819	814	177	764	345	312	22	941	829	35	180	535	594	737	215	838	601	480	894	238	901	828	305	599	10	252	39	68	449	925	26	321	590	777
93	18	614	188	25	91	150	216	898	462	173	765	570	700	971	947	56	567	171	796	798	939	351	383	278	409	226	598	48	503	789	912	938	749	722	783	381	246	733	62	127	144	260	846	980	519	203	33	822	649
82	856	736	707	530	626	864	254	735	501	842	214	830	608	392	915	36	195	14	717	927	763	752	77	317	466	867	966	247	893	100	604	341	365	447	44	596	670	690	625	812	131	840	585	258	509	890	301	550	937
807	7	38	257	69	202	158	793	739	75	232	83	255	320	119	19	634	806	266	379	431	785	297	779	64	523	872	671	55	557	973	167	571	426	308	479	343	52	21	236	419	5	610	816	471	879	499	428	332	469
654	405	155	393	416	118	782	217	6	458	761	442	860	695	911	669	465	539	713	699	932	504	220	813	680	636	832	837	817	848	128	513	664	407	564	549	802	138	380	234	488	651	940	281	265	657	710	767	863	299
795	359	522	105	102	437	191	910	624	607	558	326	387	315	663	687	514	862	788	13	37	72	451	678	74	481	358	972	199	507	512	397	950	401	827	78	423	221	273	47	160	903	391	412	547	489	446	468	280	182
187	296	444	112	371	688	934	741	225	799	565	635	541	178	773	111	61	892	906	754	360	34	526	122	399	329	759	602	242	682	650	84	163	823	701	661	59	811	262	27	421	724	415	2	162	460	781	287	295	531
524	908	734	627	402	313	920	104	638	293	965	455	288	438	771	895	852	709	364	211	157	844	954	580	574	617	378	533	324	974	976	302	913	648	153	429	833	94	770	367	210	668	357	728	384	207	959	395	473	917
352	619	716	786	356	328	233	561	486	583	584	800	708	76	613	684	720	348	520	730	99	125	642	656	200	256	540	652	403	290	933	57	241	58	40	186	697	774	661	158	587	785	582	135	300	829	967	151	592	475
534	51	32	819	791	520	128	638	879	84	191	967	890	777	769	699	85	579	187	852	848	502	632	188	64	563	28	143	63	963	165	501	598	144	426	957	129	125	154	545	715	917	456	108	120	554	840	163	954	17
614	81	358	248	478	9	604	334	570	697	749	363	464	195	642	707	219	505	901	541	581	771	79	544	100	603	983	392	106	496	136	503	588	348	302	753	938	321	671	97	776	68	710	861	326	939	183	830	592	341
720	696	841	406	116	765	77	475	122	46	223	904	414	543	265	23	259	435	912	605	145	245	455	422	261	320	875	799	878	940	937	973	167	152	669	239	177	759	760	880	674	810	33	783	858	55	18	547	590	582
294	872	628	485	318	452	961	489	631	829	767	537	578	519	203	447	189	445	676	40	763	429	641	633	127	839	357	325	139	823	186	814	386	729	885	304	217	235	716	974	506	608	936	71	966	446	351	408	876	222
472	373	766	401	124	109	773	394	390	652	625	894	826	484	275	768	844	585	933	706	461	385	24	612	175	920	610	868	818	487	234	410	381	340	567	387	208	149	507	252	494	923	552	705	347	690	104	276	133	794
151	914	470	362	465	744	42	205	597	542	693	698	58	648	850	30	142	153	751	504	331	546	242	555	576	572	514	344	811	388	703	168	919	593	725	802	369	717	94	960	854	709	164	523	95	558	467	230	448	398
280	903	601	748	624	927	12	556	775	382	380	922	39	493	611	147	968	214	263	372	736	360	264	845	793	815	96	278	908	803	423	758	798	292	653	137	232	353	236	378	131	433	395	473	982	413	158	869	291	47
688	330	38	103	661	34	72	536	56	156	427	575	352	969	654	680	322	286	2	439	651	786	425	796	332	528	723	790	441	907	336	57	238	857	772	959	262	636	491	864	867	695	824	975	92	181	480	270	224	701
842	375	49	451	311	289	258	670	160	893	529	482	682	444	702	313	295	535	421	359	764	8	577	521	419	481	911	820	399	14	308	778	781	797	1	899	659	199	306	873	135	925	288	229	948	926	666	770	500	437
316	192	349	463	615	981	847	713	257	930	755	673	664	898	403	328	132	672	110	240	553	101	80	50	644	279	255	197	67	866	650	646	119	513	883	26	268	833	488	471	74	832	371	918	806	27	727	285	665	91
984	90	7	808	418	83	254	246	207	370	170	342	888	910	233	792	343	458	663	213	260	584	396	787	269	929	722	508	591	37	637	202	886	640	785	409	515	477	93	161	62	319	836	979	510	498	293	171	442	466
449	196	415	117	526	952	228	346	734	267	891	272	889	35	809	596	657	951	324	88	742	658	383	111	804	397	846	566	837	43	931	627	838	856	155	65	900	807	391	609	298	355	681	431	307	980	5	174	10	368
548	645	78	741	364	955	620	379	241	249	687	743	897	564	853	53	851	606	714	780	3	225	678	114	909	882	953	932	198	761	976	916	660	243	338	586	317	290	789	469	389	613	905	691	667	443	862	655	692	784
166	977	874	193	913	315	430	525	73	237	949	752	825	384	827	184	686	574	281	305	411	805	468	662	434	99	738	935	273	812	530	459	928	220	668	16	211	634	474	22	393	617	206	944	407	159	327	801	15	182
337	402	721	877	365	533	756	59	689	335	580	282	412	800	516	75	712	822	312	314	121	284	834	495	924	428	176	70	568	499	757	102	300	173	942	746	185	739	747	29	629	112	118	41	105	962	630	599	863	565
297	532	531	972	562	750	141	438	589	718	934	782	31	859	607	146	60	965	231	700	253	450	4	683	754	685	354	708	309	896	831	902	947	719	404	855	86	647	432	287	828	36	694	376	0	283	621	274	985	970
266	639	583	643	303	679	737	711	540	356	416	87	795	881	6	329	649	816	870	126	492	511	169	277	227	226	123	871	619	367	350	538	656	179	204	244	200	731	626	113	420	600	559	549	921	522	527	201	52	618
895	884	509	460	497	587	210	462	215	906	915	978	19	361	271	296	323	212	374	256	594	48	941	817	25	774	209	453	301	479	728	964	98	424	740	21	45	486	821	860	115	865	730	150	140	849	250	677	157	762
366	724	945	595	726	44	704	971	550	89	483	221	635	76	813	946	616	956	190	162	310	518	405	539	82	440	735	943	247	490	684	69	950	194	524	180	551	560	788	476	66	457	172	333	835	745	569	148	454	138
571	561	887	61	251	218	299	512	623	20	622	602	892	216	573	417	732	436	843	339	345	130	675	11	958	178	400	54	733	377	779	13	517	134	557	107	137	919	851	427	603	701	764	125	307	116	952	742	20	505
530	931	136	224	486	89	418	100	634	533	630	956	761	812	438	378	709	245	353	967	901	564	76	492	911	340	905	362	830	814	817	28	743	329	468	898	108	482	794	505	302	863	610	29	288	775	305	640	298	456
520	485	14	434	286	313	148	266	907	693	77	857	613	201	539	296	915	274	519	63	311	865	143	493	787	33	321	835	921	515	714	707	552	445	333	750	758	606	786	369	733	435	669	579	66	87	35	90	587	464
16	804	368	107	514	734	457	696	725	158	441	568	685	572	875	86	558	541	764	751	207	598	193	950	501	687	160	339	314	625	691	686	906	626	240	726	223	577	653	422	881	774	840	534	912	883	398	10	220	363
499	518	71	983	565	249	273	272	677	580	389	815	735	981	84	860	705	180	593	202	376	523	235	721	125	899	178	347	831	327	532	91	970	78	449	913	843	437	793	763	460	882	17	377	586	395	297	47	116	196
752	19	355	229	506	969	934	182	769	545	632	594	360	345	928	540	166	800	622	516	354	810	706	337	943	629	766	710	324	648	246	59	430	808	65	510	837	417	603	869	776	729	259	581	621	789	424	862	524	708
575	349	312	156	521	543	53	940	699	578	176	5	962	267	665	191	854	561	81	391	550	121	359	615	18	436	475	502	335	226	744	159	469	181	595	846	791	806	798	973	864	251	279	695	604	308	874	149	200	795
777	719	639	910	841	20	576	420	476	412	232	44	168	567	257	548	893	947	237	447	968	647	442	117	716	216	387	711	126	293	607	234	753	891	588	664	941	388	458	462	849	680	283	57	167	527	151	909	208	374
799	784	592	190	666	977	584	366	507	704	346	122	945	544	620	655	397	124	25	372	496	73	762	439	935	130	421	97	879	294	128	918	805	659	61	403	342	386	49	563	307	384	69	668	600	140	822	619	924	829
300	104	807	147	99	88	115	670	306	396	2	850	868	497	929	731	152	871	553	454	583	40	239	54	858	878	557	820	9	256	591	270	211	960	472	892	4	326	944	617	616	844	932	34	676	866	26	258	692	96
535	415	154	529	813	517	265	678	113	316	419	15	788	698	599	536	684	690	12	785	24	796	238	174	262	118	481	70	373	187	922	627	408	332	885	490	623	222	838	980	818	802	268	673	745	459	290	98	765	21
407	123	560	546	394	93	413	633	310	855	966	37	834	842	138	119	727	608	352	45	278	36	280	27	169	410	13	358	1	173	712	111	939	473	978	574	242	189	867	85	139	671	904	183	645	790	281	484	920	145
429	330	192	916	618	185	562	631	260	254	194	295	778	741	448	450	367	511	894	184	32	679	269	426	730	890	375	589	489	979	985	723	322	102	153	233	628	357	826	702	783	0	163	42	683	824	380	304	134	859
285	214	974	937	747	444	715	651	654	531	495	839	757	171	197	350	341	60	51	287	64	961	414	244	755	22	94	770	797	133	982	656	657	361	195	292	828	663	954	884	832	825	155	487	120	811	688	205	58	172
48	737	900	275	749	392	601	908	946	609	713	889	432	856	955	614	500	75	282	141	402	343	319	742	455	212	203	382	624	930	248	895	903	569	466	638	370	959	170	365	186	41	38	847	135	672	675	433	277	252
953	393	338	188	537	703	406	336	975	494	315	674	177	427	781	914	760	566	780	888	325	933	880	227	323	471	253	602	400	467	215	461	573	738	351	409	74	7	886	79	491	503	509	463	291	356	508	452	50	697
348	570	958	129	512	662	667	779	549	976	876	431	199	649	217	255	219	547	740	301	371	483	230	443	243	768	728	92	479	682	816	925	334	759	261	965	451	919	132	164	952	845	465	582	635	383	700	364	43	927
150	416	732	559	724	611	827	942	972	209	660	179	873	488	80	289	694	317	474	62	131	771	67	896	385	110	643	30	399	833	137	162	681	642	446	440	161	480	984	637	661	405	542	284	206	754	821	861	109	650
767	538	644	157	3	641	689	303	555	453	809	646	722	31	498	636	8	318	271	264	571	836	887	736	390	401	52	848	528	250	142	902	328	241	717	83	948	504	718	938	247	55	877	590	658	852	720	872	739	951
596	236	957	101	748	477	411	106	782	870	11	381	46	198	554	39	522	105	652	597	526	746	404	556	701	263	144	428	103	612	6	605	331	963	756	228	425	897	204	525	823	470	971	276	792	114	379	72	853	773
225	344	926	320	309	299	68	801	56	82	851	218	803	423	112	513	146	585	551	964	95	210	949	23	478	127	917	923	213	819	231	221	175	936	165	772	576	392	290	164	442	77	955	695	527	74	472	819	559	617
549	289	265	327	185	513	86	728	158	606	947	884	805	285	301	583	922	652	516	364	141	568	931	93	307	73	499	253	643	91	627	648	602	787	459	575	194	121	753	659	169	535	264	430	948	537	334	811	892	416
747	711	44	589	46	432	905	564	148	807	314	392	662	639	13	610	61	829	408	881	103	277	582	857	757	152	174	111	70	477	167	761	226	720	187	849	835	203	917	518	631	773	670	344	734	840	579	600	385	164
162	860	481	562	741	686	500	53	496	425	911	764	27	681	553	718	175	721	124	821	653	593	621	49	217	597	712	752	64	769	925	832	222	191	791	899	645	153	960	813	896	842	95	467	123	389	618	181	980	852
5	420	542	851	362	339	943	865	218	366	649	378	624	479	613	895	278	76	269	485	939	212	255	283	56	978	824	118	204	394	616	116	77	598	654	625	445	290	758	82	79	756	418	607	391	209	570	354	702	407
730	679	294	249	540	455	427	322	412	722	168	306	312	661	106	96	547	480	448	350	43	365	444	576	806	954	268	567	906	507	523	206	19	492	62	701	127	237	784	804	630	871	241	546	514	777	372	247	250	429
611	909	984	666	183	834	802	581	10	921	404	157	454	128	658	90	687	14	410	414	328	872	11	594	526	374	470	15	563	522	282	293	882	324	923	138	682	373	494	208	426	232	192	751	529	704	7	637	675	360
854	476	841	170	2	578	84	959	402	685	975	94	133	815	318	945	411	707	735	257	677	308	100	574	619	976	932	300	531	102	785	585	691	665	346	215	165	97	827	798	620	396	421	525	650	447	808	302	886	596
628	207	717	236	228	867	23	869	870	837	552	776	838	971	254	297	210	343	930	304	242	9	487	816	361	580	887	33	694	503	558	739	491	515	406	377	484	812	358	21	803	98	456	673	646	908	85	261	919	315
72	252	962	178	195	155	635	331	299	3	466	240	733	422	588	182	965	873	200	713	156	401	352	836	348	140	700	858	698	171	338	35	633	55	706	560	83	551	384	942	638	449	398	47	724	850	273	356	609	332
292	45	369	831	719	511	434	409	57	107	6	974	51	163	846	225	69	230	565	982	623	759	801	605	501	891	109	305	29	256	244	510	28	464	555	973	145	180	902	952	772	778	907	439	37	87	413	664	325	725
528	363	790	216	452	663	603	783	319	25	229	861	245	878	26	774	359	451	395	810	142	497	668	794	371	527	81	956	453	710	368	893	788	655	615	845	388	766	626	303	617	699	490	968	744	671	634	938	274	189
483	337	39	92	951	957	823	874	657	214	104	221	311	309	595	937	504	66	298	279	760	89	667	386	789	898	0	750	915	755	584	819	904	796	173	767	260	262	866	335	918	901	571	475	355	134	782	38	341	814
132	489	592	636	4	936	353	590	495	146	271	68	198	538	120	809	22	569	541	642	786	743	63	486	855	284	333	188	482	894	177	651	1	276	197	599	771	740	969	110	440	748	723	746	601	726	548	101	457	40
441	258	818	48	468	688	399	160	465	131	660	233	676	736	532	875	75	287	799	914	135	32	644	201	749	393	370	737	36	248	935	190	940	689	530	944	80	640	460	431	572	246	920	224	949	150	545	239	34	272
505	251	843	502	692	329	800	313	715	853	223	340	913	556	683	450	509	473	678	205	520	139	267	897	967	143	731	934	336	151	231	880	591	539	972	129	108	924	41	351	136	926	113	888	779	387	953	65	825	119
632	474	403	435	543	286	446	557	234	512	184	876	868	8	738	219	381	768	291	544	147	729	517	775	641	900	780	862	963	323	310	521	781	461	745	977	144	105	54	848	762	833	903	400	847	243	31	985	130	320
202	375	680	885	166	830	559	820	18	856	506	419	122	941	488	561	966	270	88	604	213	608	211	443	380	59	910	238	397	955	690	797	524	950	693	577	275	321	586	795	709	472	519	161	227	929	765	674	345	266
859	705	469	696	326	463	281	405	883	890	669	367	822	695	99	536	946	927	498	714	71	656	12	793	716	979	933	20	742	508	357	176	844	390	708	179	958	342	220	172	566	330	534	16	533	864	114	382	196	296
964	235	614	259	193	961	159	423	647	554	684	493	697	424	280	74	349	379	727	437	347	42	433	415	754	295	417	316	125	916	199	24	137	828	763	438	612	186	126	60	478	115	52	154	58	550	879	288	428	587
839	30	383	471	112	462	117	573	672	376	458	17	826	912	981	149	78	317	770	703	732	817	877	263	983	970	629	622	436	442	67	50	792	889	863	928	90	55	982	885	533	639	252	370	416	411	389	134	471	304
886	429	310	30	419	406	357	29	19	776	349	446	617	27	351	507	943	8	537	934	497	713	655	486	757	471	263	872	604	903	597	984	534	889	392	820	443	635	28	660	544	158	9	463	203	609	142	102	764	359
196	423	678	611	245	187	250	201	657	302	864	570	804	625	415	659	926	608	841	71	403	618	910	469	17	442	771	300	453	569	940	500	508	23	740	444	754	800	206	194	702	53	482	240	189	32	243	954	238	685
457	580	878	766	893	226	277	430	119	283	626	432	672	922	715	532	464	797	858	871	319	337	762	752	120	830	282	748	111	948	983	594	733	127	911	555	614	472	499	335	217	230	915	131	818	209	164	959	832	370
139	947	518	814	41	188	110	200	47	296	565	668	758	648	264	68	330	262	106	503	613	843	867	473	974	868	225	828	788	853	117	951	628	924	233	690	152	365	573	159	641	973	575	396	350	930	0	247	145	395
681	921	723	798	10	739	195	174	704	183	658	979	221	962	12	79	793	643	58	479	22	706	417	424	82	885	810	675	505	151	931	455	603	249	170	731	297	958	126	304	936	802	859	554	404	526	77	460	716	498
59	881	870	305	840	371	317	134	770	89	136	833	74	227	630	560	572	198	734	591	516	901	834	397	299	707	115	339	506	977	63	341	652	543	386	452	485	615	366	950	167	175	519	439	566	769	884	254	687	708
52	51	428	811	813	92	633	295	639	610	522	179	504	822	144	232	168	323	137	474	749	873	542	686	874	235	373	670	104	50	435	93	817	935	184	329	275	273	314	290	266	360	601	928	847	94	914	780	854	85
985	961	321	113	340	616	364	622	270	385	724	409	394	654	239	495	877	216	964	982	562	303	70	191	285	969	551	642	851	932	842	78	801	785	927	612	653	377	358	909	719	468	899	165	792	166	205	925	16	849
48	138	778	481	981	750	773	796	466	521	342	95	214	5	412	445	883	557	124	411	882	698	21	718	398	581	178	344	514	215	756	458	478	477	379	916	132	258	515	821	827	467	683	677	857	140	421	56	923	298
26	402	876	380	929	805	172	722	694	837	399	362	777	327	108	550	942	488	548	220	328	806	782	646	844	816	433	324	819	311	410	81	269	729	346	13	517	448	647	784	271	880	561	87	825	590	823	568	375	976
520	952	475	162	100	272	160	584	538	121	803	11	897	252	367	155	332	605	627	945	898	736	709	18	536	941	621	530	598	753	244	91	57	968	67	535	286	700	374	890	920	563	246	157	689	154	182	576	383	599
896	640	663	705	36	237	826	210	546	73	107	787	141	408	197	259	260	523	501	219	361	368	43	426	431	193	743	65	289	190	14	69	808	334	459	487	441	287	957	684	975	900	866	306	963	917	422	838	850	665
906	436	732	313	944	862	447	629	465	356	638	710	37	224	146	919	98	970	577	420	746	326	727	596	888	112	202	387	400	347	946	55	980	634	470	571	528	451	363	147	645	966	388	712	545	251	835	772	741	4
354	384	391	454	839	181	274	133	378	861	83	171	905	284	967	156	62	913	856	789	241	462	781	135	682	703	281	88	636	574	434	401	902	288	527	236	343	588	493	345	308	186	815	177	129	105	794	489	956	582
751	33	938	153	476	204	101	416	38	372	414	960	589	510	161	765	114	606	405	848	20	331	829	39	72	61	863	895	908	512	257	738	218	760	320	150	248	726	742	933	7	86	130	494	696	593	253	525	255	680
97	783	720	761	25	939	693	879	265	461	541	697	212	540	294	807	502	875	169	918	96	393	223	437	509	407	667	721	845	123	619	1	90	318	558	143	592	173	549	949	382	972	438	418	692	583	312	492	24	664
730	242	907	228	578	45	34	553	759	887	390	231	118	763	352	125	338	75	631	234	211	185	595	747	440	369	66	279	31	586	547	965	744	894	662	54	427	809	307	676	229	425	860	222	795	148	688	891	109	450
567	714	322	855	208	348	711	42	315	953	559	511	717	122	76	767	513	824	316	256	552	556	533	624	737	755	213	309	149	84	449	768	192	812	852	971	602	779	892	774	666	579	199	651	180	725	103	791	679	99
60	669	2	671	116	278	661	80	632	745	701	456	799	336	291	869	207	775	40	637	587	496	333	644	831	673	6	904	937	128	490	865	3	786	531	268	176	483	261	163	836	978	912	600	292	46	524	280	955	267
15	790	607	325	699	35	64	695	355	44	276	389	564	484	656	650	301	539	846	293	691	480	376	381	620	623	353	585	674	491	728	413	529	649	49	735	278	1	378	140	886	942	623	681	256	799	413	409	17	869
357	273	353	340	889	272	30	150	214	254	653	777	327	132	728	771	56	763	120	939	373	750	963	369	160	22	719	583	929	767	380	637	553	189	971	483	913	32	476	655	671	8	312	328	449	977	834	760	499	222
187	302	901	798	479	293	931	902	887	948	788	440	423	800	658	290	966	80	883	83	484	624	722	854	361	787	794	792	716	228	232	735	741	539	436	900	710	1	420	242	167	117	227	965	670	146	264	797	408	397
492	843	190	668	602	49	138	616	62	867	959	134	204	872	615	78	559	686	790	578	145	582	962	629	285	55	463	507	863	52	922	526	289	661	208	501	979	813	472	697	643	858	878	679	894	749	764	831	16	527
534	151	490	34	868	451	891	704	277	441	594	656	426	90	789	752	569	435	611	119	213	424	617	233	180	837	432	344	714	842	44	299	431	969	110	916	495	740	973	480	343	745	206	291	304	529	954	882	237	320
780	241	827	142	500	199	524	144	906	379	385	707	403	368	839	453	946	726	746	762	530	847	148	461	29	362	951	841	590	88	317	469	517	568	60	411	391	513	474	93	444	10	812	282	218	718	13	892	640	681
288	502	115	389	50	99	753	849	211	450	161	466	721	599	322	666	307	866	98	850	271	177	876	864	903	730	700	535	75	669	970	188	69	113	74	597	467	133	45	983	405	407	347	950	945	684	485	649	412	216
709	968	24	768	890	506	859	224	566	179	796	961	857	350	557	606	183	35	40	936	509	504	364	458	486	421	601	192	926	840	830	374	4	528	927	65	974	783	2	657	738	324	86	166	498	809	683	659	508	339
980	852	76	398	667	625	445	576	378	862	607	706	457	881	720	265	175	705	556	776	354	18	59	135	67	270	943	255	329	275	561	301	72	742	603	804	429	108	137	725	631	774	419	230	153	579	71	100	824	308
702	641	17	880	944	618	48	821	751	908	675	310	941	280	775	157	200	23	982	654	860	541	587	97	687	642	256	79	953	300	287	182	688	898	523	217	240	367	106	736	316	377	381	589	428	816	533	201	109	94
802	114	178	546	371	413	197	564	626	20	621	632	122	836	223	560	732	972	365	698	418	276	356	899	370	58	41	555	933	404	186	193	61	510	715	514	387	292	570	439	511	149	588	554	784	335	547	692	633	438
156	585	723	392	266	209	38	415	278	773	102	942	73	869	372	896	437	470	494	930	409	855	107	947	677	761	505	696	51	497	691	383	503	141	826	155	693	36	795	239	918	454	448	928	727	663	584	219	807	915
874	596	895	920	756	136	26	359	610	400	518	306	935	865	627	234	263	399	81	845	634	124	7	651	127	690	11	885	247	147	250	333	957	414	744	835	562	184	212	43	129	622	808	538	331	489	934	660	769	838
772	9	785	84	191	295	53	515	525	731	430	819	286	464	493	956	694	91	262	924	870	574	856	352	442	342	375	911	591	550	540	66	382	456	981	598	162	170	805	89	912	235	711	176	846	823	748	803	665	952
3	791	861	552	313	325	976	619	416	321	820	28	12	174	315	910	388	363	567	638	68	226	779	873	949	967	131	386	635	139	298	811	5	203	572	15	42	708	358	520	417	46	664	543	817	393	260	919	563	778
251	130	64	195	822	210	165	220	549	123	164	345	712	844	829	252	628	512	743	349	581	455	799	198	648	488	608	782	531	893	402	459	759	960	314	14	575	118	268	427	877	848	39	244	181	577	305	647	955	336
77	713	468	639	925	303	171	111	125	897	54	487	703	662	917	376	593	620	600	573	964	168	644	346	297	475	674	281	401	406	786	958	460	806	172	551	724	434	729	443	478	269	682	207	126	680	481	701	832	532
757	482	221	47	471	238	225	814	95	985	904	828	154	521	536	737	159	112	614	173	348	245	447	63	319	366	781	105	905	754	274	332	544	296	586	571	309	558	351	337	793	104	70	330	103	390	815	21	612	921
545	258	739	909	888	940	326	755	652	25	645	672	163	19	284	128	978	623	580	853	338	818	196	422	27	734	257	261	318	595	452	565	766	236	542	689	185	143	810	907	685	57	477	101	975	465	875	279	267	871
6	801	37	833	410	121	938	202	650	717	215	31	92	673	462	194	229	984	609	678	676	747	733	311	636	231	473	496	884	758	446	519	886	695	384	770	253	360	699	0	355	604	334	491	548	259	294	923	605	522
152	937	96	85	205	341	851	243	323	825	246	537	879	630	394	158	395	87	433	765	116	932	140	592	82	283	425	169	516	248	914	396	33	646	613	249	153	238	894	401	81	42	846	750	852	726	531	585	758	984