2,1
87	26	76	68	78	149	127	60	69	124	227	183	201	95	120	194	56	83	103	102	49	138	199	159	178	146	24	63	35	19	192	186	160	47	170	214	188	121	61	152	20	131	5	129	70	166	98	1	2	59
55	10	58	46	6	111	176	187	52	99	132	114	172	7	228	39	173	189	91	169	196	109	119	207	163	72	218	220	116	215	202	43	162	21	165	37	191	75	117	203	180	147	182	142	67	66	161	22	38	225
221	101	185	216	130	223	219	190	148	90	41	80	105	81	32	206	106	48	110	25	53	136	17	213	193	51	14	144	82	84	212	29	3	23	128	45	154	97	184	42	195	79	205	12	112	11	85	134	143	155
171	104	34	108	50	174	167	168	4	133	44	96	204	28	135	145	175	208	71	118	181	226	137	74	222	210	94	151	150	198	93	18	27	36	57	31	65	140	89	158	30	86	92	141	126	153	13	197	77	209
179	177	211	200	33	62	122	107	88	54	139	100	16	115	164	40	0	73	8	224	157	217	156	123	113	64	15	125	9	73	43	142	199	129	42	88	175	200	205	195	222	24	164	179	91	65	207	78	122	61
150	139	187	188	199	75	157	131	59	39	170	113	101	11	32	93	228	148	163	27	206	102	35	184	104	45	57	12	52	43	79	122	112	89	8	63	127	44	143	215	178	64	210	7	161	124	191	158	162	212
208	83	123	78	183	155	66	90	218	205	42	33	62	211	146	13	180	53	67	30	108	37	152	9	224	196	171	5	46	31	194	22	49	38	119	73	14	120	207	145	92	142	186	137	219	149	177	24	23	82
65	181	223	76	172	227	20	16	6	209	55	175	28	193	36	69	51	106	97	71	41	138	15	195	68	18	125	202	225	96	17	99	34	47	192	201	110	21	198	221	48	147	135	132	84	105	10	72	226	54
160	98	159	100	3	114	213	87	85	204	217	61	173	29	174	19	176	182	169	0	115	86	140	1	133	222	26	109	116	185	128	167	190	151	4	197	95	40	126	144	58	153	56	74	164	2	107	166	121	70
81	165	111	103	134	168	189	25	77	141	179	60	130	91	129	94	220	156	118	80	154	88	200	203	117	214	136	216	50	25	92	106	136	0	177	70	193	135	150	226	156	220	164	50	61	129	186	213	128	40
11	195	72	217	228	126	145	221	216	187	63	49	62	85	220	22	179	136	65	102	7	188	225	17	43	148	2	166	98	68	81	129	86	10	29	191	48	61	149	200	124	138	161	110	60	87	74	182	99	194
199	92	67	197	3	202	18	214	77	171	53	134	94	19	192	227	71	64	47	204	54	180	128	210	172	50	127	170	189	162	186	152	52	40	83	27	114	16	163	208	97	156	5	117	226	193	35	39	112	131
109	89	119	103	157	45	56	130	121	55	51	4	167	15	108	0	177	125	96	12	69	38	113	26	80	66	76	116	181	100	58	168	13	107	174	106	73	120	139	84	105	118	176	144	203	141	44	21	218	224
8	207	33	88	184	91	104	24	82	9	23	223	57	31	219	201	160	206	173	169	158	111	123	209	34	20	6	93	25	37	146	222	32	147	90	36	115	14	133	78	159	196	1	143	95	28	153	185	41	42
164	213	165	155	59	215	198	122	175	151	101	150	211	140	183	135	142	70	154	79	46	178	30	205	75	137	212	132	190	158	94	106	127	92	159	208	199	45	56	89	120	164	146	87	62	17	207	99	41	82
77	68	194	87	193	129	107	152	44	91	181	170	31	125	59	104	11	36	100	21	168	227	172	219	184	95	61	123	196	161	79	76	186	188	228	114	3	47	0	222	120	174	56	9	94	2	60	92	58	108
165	66	35	93	88	37	90	134	197	171	5	135	154	39	34	17	67	200	204	115	97	159	140	81	173	191	103	50	130	64	23	71	223	24	215	72	131	42	138	189	46	4	113	85	132	116	15	82	149	212
209	40	38	187	216	177	160	74	106	164	33	89	20	203	206	195	12	176	166	214	30	182	183	101	26	14	167	73	211	8	142	163	141	124	148	118	25	201	51	110	54	143	133	63	84	158	127	13	139	218
7	6	220	70	98	151	62	157	105	111	96	207	109	150	205	199	147	226	27	117	128	175	41	146	86	217	145	153	224	180	144	155	126	162	19	10	225	198	156	221	53	16	112	48	52	43	169	192	83	75
202	178	179	102	29	213	80	136	208	185	121	69	78	32	49	45	55	122	190	137	28	18	99	65	119	210	1	57	22	26	8	10	123	191	14	138	105	49	146	133	113	67	72	154	9	88	212	35	17	103
163	191	103	53	57	76	113	194	133	69	68	137	56	17	8	119	178	91	61	166	86	208	218	41	195	227	77	94	153	11	132	171	144	226	190	215	130	92	158	225	47	183	96	143	136	105	80	169	184	87
115	49	93	221	108	51	42	116	204	33	154	174	60	124	200	20	201	202	217	151	90	203	197	106	121	173	179	75	36	39	182	155	112	32	18	211	0	156	65	31	159	1	164	219	16	19	22	114	198	152
135	48	27	168	35	28	216	58	160	50	63	196	37	40	181	85	134	43	34	145	7	110	44	167	104	26	176	214	139	185	126	72	54	175	172	2	30	102	12	186	88	15	210	188	84	177	150	187	127	101
99	206	213	71	38	209	59	9	46	81	3	73	118	109	162	107	129	64	55	45	189	180	67	21	5	192	25	147	161	6	199	128	74	24	97	149	66	52	207	4	14	193	146	140	78	100	122	29	148	224
222	223	95	220	117	212	205	138	123	157	70	142	79	10	120	13	98	165	141	89	62	131	23	228	82	111	170	125	83	195	92	65	43	101	79	214	28	82	37	95	0	130	54	219	152	80	21	190	35	47
136	88	8	97	17	185	119	210	114	110	27	176	20	60	93	207	118	54	34	30	195	224	179	92	56	128	0	197	16	168	162	111	38	106	175	133	52	28	63	85	94	163	184	198	66	100	107	142	158	206
161	205	124	145	45	87	40	138	222	196	65	95	225	151	48	57	80	186	165	25	157	201	221	37	67	102	109	36	147	12	170	113	171	29	55	96	42	90	115	141	217	146	122	70	177	120	188	121	169	76
89	154	164	104	140	211	73	82	208	144	84	71	39	226	149	167	9	108	126	47	79	99	143	150	156	61	24	64	223	139	129	10	3	131	190	14	50	166	192	75	74	199	132	189	181	152	153	173	216	159
78	200	13	117	49	194	23	155	35	51	98	77	219	6	43	105	204	182	81	18	191	62	137	227	5	215	174	183	193	123	58	86	19	22	4	2	180	228	127	125	178	172	68	203	212	7	33	160	31	218
21	1	44	213	220	83	53	26	46	202	116	91	135	72	214	59	32	187	69	209	41	148	130	11	15	134	103	112	101	220	73	68	176	141	212	96	90	74	8	150	12	117	58	108	88	125	161	24	190	123
182	80	223	79	11	119	210	109	170	108	181	29	185	138	136	24	221	177	93	195	42	87	225	145	156	158	167	186	114	161	132	205	48	199	121	59	17	124	172	74	25	6	228	30	220	207	19	117	26	206
146	16	50	56	191	72	188	162	149	89	194	2	20	112	150	45	166	213	3	142	130	76	173	171	51	197	211	92	154	99	215	212	94	96	34	178	163	222	69	23	134	122	148	169	217	118	81	190	37	31
27	66	0	82	13	7	52	78	41	202	133	98	102	143	95	193	4	101	139	43	70	32	152	120	198	189	224	155	46	157	200	159	58	83	137	5	36	55	88	61	47	21	227	85	64	14	218	219	184	116
35	174	160	128	196	77	10	53	131	67	9	62	39	216	209	107	129	123	33	84	86	38	60	91	15	141	22	8	97	113	73	135	75	54	40	115	71	203	12	140	175	65	151	127	201	187	110	68	100	153
168	28	147	103	180	144	179	111	106	183	104	226	204	164	1	63	57	44	126	105	176	125	165	18	214	192	208	49	90	201	111	89	21	187	94	27	212	160	196	112	165	1	120	137	9	175	141	116	51	79
183	216	191	20	136	76	89	38	113	176	142	165	18	163	87	73	107	121	224	123	128	174	161	129	102	228	66	92	42	6	101	41	81	32	43	51	209	144	220	79	137	158	47	217	185	227	110	199	5	134
204	15	49	88	190	60	206	169	57	122	14	155	157	105	126	131	210	71	213	106	211	64	40	182	80	83	34	93	3	201	103	72	35	75	125	187	205	145	120	221	193	10	196	179	166	77	30	171	59	207
22	58	153	39	197	82	124	214	50	24	141	133	132	167	226	27	78	96	85	194	25	97	188	31	55	104	218	63	12	140	56	202	53	112	111	178	170	52	154	184	91	1	164	225	219	54	149	186	180	168
150	99	2	156	130	189	222	67	86	26	212	13	177	200	16	61	45	11	62	17	28	44	94	148	7	48	84	181	119	215	8	114	118	46	33	138	172	100	23	147	65	159	195	74	135	115	127	90	9	203
29	160	117	37	4	36	70	152	21	146	175	95	0	68	139	116	19	162	143	192	98	109	108	173	69	223	208	151	198	100	81	181	37	208	86	16	165	133	56	132	186	40	72	145	52	217	197	180	98	91
203	25	7	69	213	160	4	42	71	85	126	18	115	64	152	45	14	199	73	89	28	163	201	149	46	22	8	93	132	107	154	78	90	193	21	20	53	0	86	117	24	88	47	185	23	216	156	182	10	188
206	223	148	181	31	183	37	140	119	133	6	30	94	43	35	168	108	139	58	66	222	178	111	157	209	189	131	40	110	68	87	172	141	15	144	198	191	162	65	51	147	39	36	9	5	225	186	118	194	195
52	77	84	102	192	103	128	164	55	143	41	114	113	120	217	105	72	220	197	17	44	151	74	38	153	97	204	211	221	146	81	79	106	145	176	135	96	13	104	136	95	219	62	187	16	177	137	76	170	184
166	161	158	127	138	150	210	123	48	207	60	159	226	75	34	218	49	82	173	165	215	26	180	1	101	11	57	175	2	169	190	227	32	179	228	129	155	67	83	124	142	214	109	27	63	98	121	59	196	202
171	29	3	125	100	224	174	130	54	61	212	92	70	122	134	33	56	200	19	12	205	112	208	91	80	50	167	99	116	110	33	26	77	191	215	41	195	22	164	15	203	199	187	113	142	152	45	30	48	106
166	180	40	74	102	164	43	31	176	12	173	181	46	129	75	79	3	28	190	189	227	197	76	216	54	154	99	83	27	217	24	5	106	200	81	9	167	57	126	211	133	107	124	8	204	103	15	219	132	16
150	64	37	199	224	120	140	47	110	29	50	179	67	20	148	186	203	146	105	128	130	161	156	121	177	162	134	193	19	51	35	218	195	97	108	226	52	6	168	192	17	139	70	118	34	149	119	184	71	80
182	112	89	115	10	143	142	68	141	210	26	65	49	78	72	138	122	93	170	42	198	60	157	66	91	145	88	39	171	11	196	13	58	98	152	30	56	55	117	215	116	111	207	185	223	22	123	86	48	32
41	151	125	194	62	213	101	169	144	183	174	4	220	33	63	137	187	153	87	25	18	114	59	135	214	0	96	136	104	36	201	163	14	21	23	221	77	82	61	159	175	188	212	100	92	85	109	191	225	53
84	228	90	206	113	44	209	95	155	131	160	73	2	127	165	45	178	222	94	172	7	208	38	1	69	205	147	202	158	206	209	127	198	133	38	54	200	197	207	36	74	23	193	219	134	228	22	18	90	192
47	219	129	175	68	204	169	101	220	42	225	198	143	97	4	22	126	16	134	178	223	135	10	102	70	79	136	26	33	197	34	78	174	81	202	226	160	77	65	208	91	25	21	141	214	31	62	99	2	37
85	186	228	40	167	38	193	14	90	63	201	46	113	176	75	83	17	156	106	170	8	190	116	23	76	181	215	20	13	120	180	36	124	166	123	9	52	64	32	104	200	152	87	153	111	168	54	24	222	159
182	7	30	125	80	211	107	139	148	149	45	18	187	150	140	194	122	108	109	49	67	145	5	74	55	130	35	205	44	86	69	133	164	89	114	0	58	93	88	60	177	1	157	121	165	183	154	72	110	210
