1,0
578	440	341	223	485	414	379	536	448	92	191	445	143	565	569	39	27	615	45	300	583	349	567	449	252	387	64	614	322	179	424	463	561	595	277	370	43	532	475	398	309	173	611	599	576	282	272	12	307	616
563	284	375	392	334	274	299	372	94	52	329	194	57	78	35	304	552	443	192	651	193	586	240	295	257	564	31	367	437	80	573	242	478	230	262	197	190	218	467	244	619	428	500	217	7	609	669	161	584	211
172	157	410	102	447	231	533	458	142	673	579	638	33	60	195	572	235	618	259	556	696	568	6	131	358	176	626	294	296	285	317	303	302	663	163	476	22	538	629	271	169	152	548	276	183	254	433	24	537	278
65	76	203	639	514	16	442	553	697	311	69	494	655	97	562	389	68	711	181	261	188	96	435	486	34	47	585	175	237	333	264	293	110	509	405	121	710	383	171	196	402	484	84	403	105	505	72	273	685	546
425	698	100	298	678	91	517	642	641	541	292	647	354	590	220	351	499	228	236	550	429	469	115	507	140	1	133	260	510	636	109	512	116	694	426	167	456	151	649	378	238	596	700	126	483	674	473	667	462	153
56	441	708	419	222	233	229	107	253	70	539	345	679	141	664	695	386	118	154	487	88	686	525	136	50	114	280	384	594	519	241	245	444	98	215	396	166	411	648	83	689	407	61	146	588	305	249	59	634	390
408	164	547	139	119	418	210	11	491	266	417	28	129	279	10	81	323	495	306	644	108	524	381	627	598	593	580	450	111	477	14	214	327	160	704	26	520	184	99	650	687	25	582	431	680	326	513	49	399	336
662	497	665	531	343	625	312	159	37	66	205	623	610	226	353	130	289	622	549	301	174	227	374	149	212	101	706	287	608	677	75	332	225	504	147	23	511	113	457	581	308	672	712	177	709	365	155	592	617	38
361	452	654	633	681	170	518	339	439	377	492	605	219	248	325	620	138	58	162	2	208	250	628	87	613	391	604	482	348	199	106	29	544	489	438	17	30	555	315	63	281	352	702	124	676	559	20	359	187	207
165	600	224	460	501	601	640	451	269	104	288	481	318	560	251	529	36	394	488	688	297	19	466	310	612	267	112	479	120	291	522	85	275	668	132	202	400	659	189	198	631	247	5	148	621	178	508	413	145	471
204	415	3	643	397	571	316	432	577	21	335	362	575	656	127	607	314	423	331	404	474	368	602	42	388	117	493	270	324	0	9	55	566	675	455	661	319	385	705	434	18	558	683	186	86	570	503	46	168	637
221	436	587	701	632	258	137	330	376	454	158	180	521	32	150	263	103	347	551	540	350	516	682	213	465	206	707	542	255	412	328	346	427	603	703	421	470	459	373	48	690	506	589	635	82	355	95	446	67	534
422	380	201	357	128	144	401	209	286	498	268	90	41	660	337	416	234	366	53	243	79	51	526	338	340	515	535	557	313	554	232	646	591	185	699	62	480	624	523	597	246	134	461	360	290	182	364	657	658	4
645	44	472	468	135	430	666	691	71	630	464	671	15	393	216	74	693	606	406	684	93	530	283	543	321	652	89	670	342	653	382	409	13	453	77	692	200	545	574	122	363	344	54	395	239	356	528	371	420	502
40	490	256	73	8	496	156	123	369	320	527	125	265	225	267	593	697	658	86	97	425	102	449	362	502	261	81	681	87	7	189	576	63	56	635	343	332	685	74	675	589	247	31	120	279	707	475	234	671	493
695	693	195	510	587	401	130	426	96	78	119	33	194	104	455	524	653	105	90	258	684	42	168	663	443	182	358	676	272	68	467	70	404	47	624	546	374	179	603	97	240	292	263	589	134	655	397	314	297	316
525	334	197	694	382	501	247	111	680	531	332	191	610	711	538	163	345	41	659	269	330	635	611	151	246	555	18	520	353	224	215	136	210	581	299	173	338	420	499	166	74	475	436	152	250	430	392	189	223	352
329	177	386	287	75	199	145	409	441	291	342	295	110	321	360	174	56	578	340	196	264	688	76	469	80	216	188	645	412	400	549	471	252	480	658	175	17	8	428	133	454	509	172	94	403	642	48	518	343	604
208	209	465	302	363	536	259	43	58	617	113	347	212	248	380	203	689	158	545	305	484	121	32	181	384	93	704	115	309	526	282	712	69	706	230	564	20	207	500	219	298	39	570	311	710	623	222	556	582	77
547	294	36	390	202	572	320	160	470	521	479	607	656	591	482	647	245	217	144	19	22	241	606	339	419	257	176	27	183	705	35	28	677	691	437	638	388	63	453	37	40	327	85	562	650	644	180	670	293	44
405	306	26	153	318	66	270	633	72	54	99	67	703	364	30	155	12	142	573	331	417	10	341	265	629	46	620	3	596	577	700	162	365	55	682	646	432	496	451	699	654	25	147	313	361	381	368	379	567	52
138	260	427	14	100	333	232	324	667	569	402	322	117	238	507	613	522	266	120	641	359	89	548	279	370	366	83	375	584	154	190	127	371	285	566	631	227	413	201	679	497	442	580	11	640	141	515	184	565	372
351	554	394	233	574	315	234	506	5	464	423	686	150	254	553	107	226	249	186	449	82	185	452	1	696	255	108	304	239	149	543	450	317	445	31	634	116	165	50	474	167	708	461	535	537	237	557	344	391	605
550	511	95	643	281	460	377	661	192	674	261	122	211	539	101	60	88	369	702	262	516	348	308	399	504	463	169	488	662	29	434	143	307	373	87	477	103	296	220	590	61	530	466	213	349	448	236	672	612	335
24	277	621	367	615	498	123	395	235	685	64	697	495	275	387	4	632	459	707	625	476	408	114	505	588	560	290	671	681	0	492	362	276	148	608	701	600	424	206	586	433	456	534	421	288	45	683	528	164	129
527	283	690	81	444	228	84	692	551	286	128	218	159	614	592	415	156	425	170	673	200	687	79	502	139	303	59	664	242	193	346	541	512	457	106	483	411	513	102	602	253	651	267	440	579	559	214	568	62	396
274	205	221	244	576	561	533	627	407	92	628	204	289	609	422	626	378	356	21	326	657	637	593	357	478	468	563	398	132	490	91	225	660	278	300	131	354	571	414	393	6	523	161	137	540	616	73	98	431	529
337	544	491	435	447	418	135	187	284	2	487	15	312	649	268	429	438	57	598	652	503	86	323	125	256	112	350	668	665	9	514	389	675	126	109	446	355	485	494	481	517	13	53	231	34	273	648	601	301	157
171	472	65	328	146	310	599	508	71	473	376	585	619	16	669	178	666	23	583	280	7	51	558	124	251	38	618	597	319	271	594	118	462	552	678	595	439	198	709	416	532	486	336	383	140	49	639	542	493	410
385	325	406	698	243	489	519	229	575	458	636	622	630	675	295	548	102	311	627	683	632	235	483	353	539	522	212	687	329	188	543	194	392	2	496	51	95	271	324	325	705	472	296	347	606	489	85	101	467	546
473	666	85	405	628	307	483	168	428	157	708	679	105	696	195	387	77	20	578	410	553	139	76	225	32	201	420	319	41	323	154	632	637	299	492	698	369	53	456	335	498	349	544	109	4	588	262	385	675	140
644	477	101	215	69	683	426	389	170	185	668	559	221	42	533	662	627	176	593	316	600	441	329	573	561	634	261	594	172	301	509	313	182	526	622	538	520	664	14	13	507	640	616	554	638	145	238	3	427	422
657	484	344	188	506	580	434	348	187	671	591	510	155	235	451	440	453	466	106	589	345	274	227	367	499	166	674	332	579	470	607	667	488	306	501	295	711	625	642	408	103	386	147	328	199	17	445	97	692	570
125	660	193	394	35	18	338	571	87	80	585	515	712	432	129	362	327	437	439	512	83	339	550	64	359	198	584	51	236	279	461	658	122	661	685	351	352	709	690	60	641	88	633	549	636	1	120	382	626	31
132	411	431	629	222	296	253	246	375	612	29	462	26	251	532	286	93	374	240	449	704	450	124	469	9	415	656	548	530	209	104	552	96	494	177	424	79	413	355	169	126	396	56	324	43	57	613	587	247	293
457	697	623	689	290	65	280	5	331	15	402	113	25	647	206	524	618	377	595	609	357	302	478	343	400	183	333	545	421	75	229	639	560	259	592	128	72	237	244	583	121	74	699	164	645	505	423	202	378	173
670	568	30	44	59	130	234	150	58	167	341	586	82	611	681	178	574	468	181	277	27	78	376	281	572	406	635	556	358	191	12	217	621	117	216	211	309	368	112	134	111	603	197	284	529	486	693	91	257	16
264	448	390	575	54	219	669	384	393	380	99	521	519	522	364	610	438	531	342	282	0	269	614	416	272	537	213	45	233	687	62	602	688	300	350	263	504	84	114	430	472	119	710	650	517	118	46	33	138	223
100	23	624	403	249	655	159	115	330	391	489	127	239	495	459	419	455	160	373	37	476	292	566	577	21	608	175	652	525	68	672	395	569	511	418	143	558	365	108	429	325	454	475	137	485	297	620	266	648	71
398	144	171	34	541	285	49	165	294	265	617	110	224	337	179	686	220	665	356	63	481	606	651	701	210	479	518	231	204	151	190	487	372	123	513	52	562	630	305	371	308	94	184	601	276	346	404	458	133	7
446	10	289	207	304	245	141	228	208	555	452	275	142	161	496	194	535	596	260	252	443	258	214	388	514	256	414	278	503	490	536	539	241	47	534	11	6	61	102	67	24	508	255	409	691	40	116	298	599	464
254	135	676	242	564	81	700	320	98	86	363	695	397	379	250	291	326	36	205	546	463	412	682	310	540	407	267	152	604	653	148	230	460	203	528	50	677	153	287	360	158	516	598	334	707	654	370	315	399	684
590	174	273	543	156	8	576	39	146	163	212	631	19	192	523	392	582	551	401	149	361	312	288	131	189	2	48	381	186	581	491	55	354	218	317	311	500	615	417	283	678	89	497	322	136	383	527	271	425	314
605	705	95	303	270	321	435	353	162	567	474	659	480	663	465	243	347	92	180	318	107	646	542	22	467	447	248	90	597	444	336	502	442	268	557	702	706	471	28	66	340	547	70	200	565	366	694	643	433	673
232	436	649	38	563	226	196	493	680	73	482	703	619	664	31	537	345	148	688	339	460	404	246	615	487	301	492	485	228	521	480	320	103	146	626	613	346	106	681	508	541	418	271	667	80	479	180	224	411	419
202	491	470	385	598	679	22	707	279	15	51	355	101	434	246	229	181	30	146	702	600	647	461	683	353	291	531	606	128	289	534	382	563	652	678	525	684	54	2	159	465	302	260	319	160	58	9	88	458	330
309	653	691	410	658	506	422	269	298	116	569	530	278	326	628	664	501	462	0	143	392	315	676	631	141	495	124	184	46	118	321	669	372	668	396	553	31	487	265	157	103	294	356	333	72	584	601	578	38	150
120	562	637	616	648	270	603	248	52	667	100	526	489	81	644	320	122	6	125	166	692	267	472	381	638	409	446	115	589	393	640	273	712	119	469	108	500	399	426	254	386	45	673	709	147	363	140	689	65	335
455	220	412	37	599	53	34	609	420	675	389	559	286	105	107	20	339	205	654	477	484	625	153	602	95	687	517	546	360	476	502	43	1	61	218	366	280	521	620	249	123	614	596	245	70	209	342	536	686	274
138	87	97	216	519	595	180	682	583	214	503	488	162	694	167	626	529	649	573	327	401	549	380	290	206	365	479	610	139	608	518	416	197	425	379	182	468	376	552	527	67	130	586	264	240	497	221	26	318	255
666	582	597	587	435	104	79	629	398	263	391	369	207	390	541	645	661	660	42	90	144	230	688	10	305	176	427	135	55	233	225	283	459	83	627	13	672	511	436	533	706	282	430	441	145	650	681	565	575	191
387	16	158	674	362	36	558	561	222	133	32	14	284	40	418	190	605	172	548	641	655	423	134	127	493	540	699	25	271	656	175	76	370	232	670	483	523	235	378	142	346	322	165	514	109	703	288	439	126	406
348	451	471	75	178	194	325	634	189	71	524	698	136	474	261	23	226	41	85	444	276	195	407	292	613	212	450	593	454	137	604	80	338	395	310	572	636	7	535	336	515	373	424	513	301	18	415	57	449	404
555	49	704	433	5	74	311	413	482	591	300	192	86	69	345	304	89	618	186	201	617	314	93	344	60	700	581	257	19	550	121	464	187	295	448	340	623	543	437	131	456	238	615	368	307	224	156	619	236	223
306	554	504	155	537	499	313	453	580	252	219	161	48	185	588	696	414	400	117	633	560	297	12	442	11	630	383	564	522	217	467	59	163	203	509	171	193	27	39	29	677	227	371	528	312	417	570	173	452	268
429	259	542	632	275	242	132	94	98	359	82	28	384	532	621	516	690	701	285	243	440	539	547	66	567	151	199	705	388	708	33	475	466	169	566	111	695	352	460	402	556	331	351	110	328	231	102	73	505	258
663	577	91	47	639	237	473	428	665	659	403	112	557	208	374	68	545	188	113	129	200	62	24	611	432	354	303	571	228	177	375	590	293	646	671	463	607	347	394	210	183	498	405	592	196	272	377	287	585	612
343	334	64	277	308	421	21	213	179	490	253	710	99	508	211	299	4	256	622	84	443	329	114	544	316	693	494	168	657	77	262	324	711	56	568	367	579	485	251	697	624	507	349	234	510	266	397	457	358	35
152	431	244	170	492	281	350	96	332	512	642	680	364	239	594	576	635	438	3	198	419	486	44	106	538	148	551	411	204	63	341	357	17	78	445	296	574	247	50	8	317	447	250	174	149	520	215	361	662	651
478	92	337	685	323	643	241	164	480	154	408	496	481	329	12	100	43	466	221	300	543	189	42	553	361	354	63	502	48	294	241	633	437	78	75	658	608	56	476	641	432	579	337	186	394	135	605	36	699	109
638	128	542	702	51	529	341	401	188	597	109	217	543	97	441	415	145	377	64	655	706	369	238	58	321	222	568	547	195	294	439	464	205	136	467	449	670	696	419	349	79	261	77	232	23	216	394	510	42	642
263	46	657	340	177	436	644	525	351	506	108	149	81	477	581	325	406	151	624	589	482	556	580	339	363	665	378	359	530	40	693	279	558	427	370	579	129	71	106	175	165	288	9	248	395	485	17	95	463	85
125	709	191	375	326	63	142	639	409	219	24	120	168	421	122	536	12	446	429	306	634	242	152	637	84	270	586	592	425	633	687	295	661	167	541	187	700	544	304	612	472	403	137	632	502	331	353	124	189	131
245	576	442	691	236	598	316	158	47	230	38	623	553	72	465	410	156	183	471	334	570	127	235	515	561	133	34	344	30	164	214	322	397	593	234	480	643	308	330	252	682	275	493	625	431	20	611	380	608	500
534	302	178	92	181	280	352	239	11	649	555	694	55	33	2	517	160	503	606	391	435	535	28	57	39	478	658	103	621	8	286	291	545	475	645	348	686	673	143	382	448	520	470	504	396	18	1	371	672	437
276	546	135	602	669	32	229	262	683	604	192	705	426	360	640	257	489	615	678	132	653	381	240	572	491	80	50	255	197	67	473	469	119	613	268	627	455	692	610	27	554	285	494	508	90	7	332	83	254	246
414	170	526	578	521	233	100	278	289	213	260	320	383	269	552	362	392	501	656	96	37	154	318	458	699	675	202	671	452	413	93	161	466	336	319	116	630	293	385	507	147	196	117	14	712	228	346	186	710	68
267	654	272	387	584	35	607	251	56	398	685	582	636	614	49	324	88	650	342	484	111	386	528	711	347	557	43	704	259	445	444	110	647	155	65	171	605	679	697	418	298	311	355	144	307	313	588	373	5	207
174	10	368	596	601	78	134	498	91	564	358	364	218	433	690	379	241	456	249	461	566	512	641	258	292	224	53	423	447	94	666	585	26	3	225	328	513	199	114	203	139	208	703	668	61	537	198	577	343	400
104	487	388	243	338	74	317	390	290	680	389	454	101	681	567	663	496	451	443	505	481	523	591	166	422	163	54	662	153	193	688	315	430	13	73	357	237	138	651	620	384	648	622	223	184	519	62	281	305	411
372	514	468	674	265	488	264	434	408	99	609	399	708	273	599	459	701	220	16	211	474	22	393	206	629	407	159	327	15	182	337	402	548	664	365	533	574	59	335	282	412	603	516	75	617	312	314	121	284	628
495	698	428	176	70	499	575	102	300	173	172	185	563	29	112	118	41	105	652	565	297	532	531	562	141	438	707	590	31	146	60	417	231	253	450	4	354	309	676	631	148	404	646	86	432	287	36	376	0	283
274	107	345	266	583	303	540	356	416	87	667	6	329	659	126	492	511	169	277	227	226	123	660	619	367	350	538	179	204	244	200	626	113	420	600	559	549	695	522	527	201	52	618	509	460	497	587	210	462	215
689	19	361	271	296	323	212	374	256	594	48	457	25	209	453	301	479	573	98	424	21	45	486	115	150	140	250	677	157	366	595	44	130	550	89	483	221	635	76	569	616	299	190	162	310	518	405	539	82	440
333	247	490	684	69	571	194	524	180	551	560	476	66	623	652	357	208	524	309	611	696	308	17	530	393	256	374	1	248	20	536	365	414	121	37	540	51	49	581	609	710	555	237	181	300	27	16	311	103	663
486	376	616	151	678	307	407	317	586	657	97	465	425	400	452	76	595	454	186	368	432	680	194	474	191	167	19	709	401	196	688	65	517	609	200	75	523	536	515	51	562	66	20	606	91	408	596	202	201	592
237	442	613	696	4	619	295	120	494	662	699	238	193	32	670	116	81	21	141	627	9	60	620	171	663	128	27	666	448	512	255	355	527	396	480	446	364	694	147	69	265	477	270	63	268	40	258	532	463	610
139	531	77	168	246	329	631	74	467	330	578	585	107	540	322	278	652	649	331	381	229	49	558	342	50	413	335	233	159	174	293	176	412	449	37	267	341	642	492	172	309	621	638	183	402	92	511	378	370	589
286	577	275	70	622	215	521	349	150	692	369	178	572	302	5	148	235	239	61	223	416	180	219	354	58	67	211	367	443	470	600	199	321	143	541	352	162	169	287	130	190	550	551	161	324	125	274	509	703	399
693	484	587	643	353	548	450	545	157	98	557	682	669	47	499	485	629	232	212	404	386	377	290	62	483	357	59	375	520	296	438	224	451	673	700	706	16	387	142	640	581	431	476	83	677	206	641	55	109	78
461	256	208	104	227	88	84	372	625	236	106	11	471	516	518	301	489	105	436	462	14	691	44	479	458	684	103	507	466	646	569	228	698	685	303	668	348	505	72	261	647	389	289	56	624	218	503	112	1	146
397	39	95	524	559	127	328	231	504	175	343	260	362	371	434	42	444	584	388	134	604	475	667	546	636	468	564	41	213	163	29	247	108	508	310	605	320	264	86	299	544	567	318	165	426	35	297	43	280	563
160	323	137	555	64	121	526	8	530	392	704	285	24	283	96	576	437	607	262	554	664	708	259	648	701	203	568	124	249	598	409	133	273	182	440	48	31	346	472	573	522	114	632	459	73	495	383	394	36	380
493	222	533	602	411	2	405	406	455	30	501	284	351	312	115	705	155	326	398	628	519	216	187	210	428	575	279	391	580	538	498	654	209	593	0	481	490	415	308	52	15	33	385	488	314	7	136	542	560	277
26	679	119	482	537	681	332	188	539	429	195	561	85	433	118	94	665	487	288	257	630	46	38	565	366	672	697	292	660	189	337	599	420	384	658	390	671	250	570	690	140	659	345	535	419	395	552	427	611	529
129	695	23	291	360	497	214	100	549	588	556	702	34	57	639	122	198	170	315	597	230	456	534	707	603	225	6	252	612	478	226	87	90	316	197	153	635	135	45	655	54	382	28	626	113	132	152	543	138	102
184	131	333	221	306	248	117	3	111	502	358	339	304	336	617	623	422	271	350	244	653	711	181	68	145	179	13	686	457	645	553	325	571	473	460	614	496	254	305	410	251	445	566	491	430	266	338	241	149	207
192	53	547	683	661	513	418	590	435	12	243	311	177	361	363	439	675	154	514	185	594	393	123	281	82	101	240	637	300	327	110	25	272	374	205	245	334	173	414	417	441	282	18	217	294	80	687	525	469	89
510	656	676	99	453	263	164	126	601	633	347	506	421	464	651	356	22	79	582	528	71	644	156	710	379	220	242	269	253	319	166	158	500	423	144	365	608	93	403	674	10	234	344	447	340	298	583	634	204	618
615	712	591	689	424	650	579	359	313	17	574	276	373	455	340	599	390	303	424	700	422	316	29	658	532	530	80	275	502	193	632	391	592	427	570	202	363	485	576	308	127	336	296	327	16	267	428	298	321	195
166	83	538	634	25	522	374	671	546	139	433	621	289	255	261	566	404	263	28	64	246	227	283	580	673	427	148	683	472	376	30	481	524	653	201	14	335	537	1	595	257	324	650	712	137	409	203	302	607	297
571	591	453	586	157	362	85	249	392	660	487	200	645	177	134	27	172	640	626	145	100	74	394	43	114	378	95	258	306	332	182	46	196	130	128	575	40	630	505	597	194	661	371	655	242	570	8	79	486	590
533	169	565	610	550	245	396	562	471	569	424	468	395	295	557	426	548	34	147	689	199	170	525	26	89	454	512	94	417	140	298	318	478	632	6	260	75	554	231	449	106	277	377	700	402	204	71	184	646	446
352	265	511	288	190	20	604	398	651	519	386	421	649	544	440	347	345	709	659	495	181	112	4	555	77	19	536	690	697	41	696	357	212	540	331	273	176	325	144	92	624	123	638	361	135	275	88	129	631	118
704	131	78	684	22	329	411	221	559	223	711	432	380	368	36	419	648	484	431	267	303	676	461	462	240	272	126	3	160	438	498	218	226	425	601	707	115	50	599	572	594	243	549	389	482	529	383	45	253	662
183	35	205	44	167	52	492	643	686	104	441	504	506	583	577	292	214	685	220	108	622	309	2	463	605	69	515	416	501	677	287	111	210	219	397	247	102	477	532	225	339	458	66	154	349	359	702	12	517	49
73	300	229	503	561	317	149	665	294	385	526	620	58	617	5	341	369	101	668	62	82	551	278	336	556	138	337	553	679	552	198	420	387	250	403	445	625	285	23	316	206	193	483	84	233	186	153	32	24	268
530	328	187	266	293	682	280	509	710	244	241	513	508	175	637	663	674	132	479	274	63	455	381	164	197	496	615	616	564	384	694	444	271	489	279	304	215	629	192	379	236	156	143	568	628	311	70	388	582	342
627	567	354	391	613	516	703	465	393	560	470	319	603	688	464	614	185	38	480	351	539	323	588	346	234	405	644	237	146	232	609	60	155	593	542	213	430	207	584	256	418	81	179	162	31	693	400	248	171	680
641	399	348	636	528	301	692	119	125	290	120	107	436	161	491	642	98	520	91	61	410	103	195	541	97	208	158	429	340	612	217	507	356	581	406	457	579	344	475	434	59	499	228	596	547	29	390	180	367	490
442	428	141	355	307	669	654	262	500	284	606	647	578	408	57	705	320	96	633	521	474	360	121	527	456	188	485	382	216	608	189	222	698	366	598	373	502	407	326	423	701	42	67	136	675	414	451	681	545	165
105	563	543	333	658	370	412	168	338	291	269	117	476	142	334	448	576	270	282	413	47	93	238	695	467	17	602	209	600	76	589	109	37	159	652	315	13	322	664	459	86	437	518	116	558	21	343	313	0	401
90	573	264	87	251	15	11	450	447	10	254	574	656	53	39	699	706	33	435	488	99	299	314	235	372	473	178	443	312	224	51	330	365	452	122	252	239	259	531	639	174	635	9	657	422	672	708	18	296	358
363	375	691	65	587	54	310	460	110	127	55	439	7	523	687	619	151	667	514	68	415	286	113	493	202	152	308	466	80	364	276	494	72	678	48	670	150	133	321	469	327	56	666	353	281	230	497	16	592	173
350	305	211	163	618	585	535	611	510	191	534	623	124	200	56	268	284	303	183	208	406	461	300	157	194	569	454	363	519	368	207	536	416	204	341	249	254	631	648	222	218	73	252	425	488	546	225	210	72	402
676	458	550	571	630	17	49	556	140	196	86	359	490	328	8	363	53	277	652	180	657	245	188	619	631	306	104	190	615	22	451	595	101	385	24	572	654	457	463	206	189	613	560	479	431	172	580	74	624	46
486	567	365	487	397	701	554	64	651	575	100	287	621	535	620	78	650	464	220	333	508	521	442	144	251	278	504	471	293	280	149	406	217	599	617	120	547	310	330	183	321	76	430	635	198	135	368	626	646	454
357	360	557	510	34	127	403	597	639	677	186	247	525	455	418	515	142	500	561	231	532	444	477	255	234	384	589	151	131	441	209	404	576	311	230	295	105	137	511	262	696	481	502	346	210	625	494	266	544	546
358	682	699	170	174	461	616	250	548	253	536	9	5	91	155	683	658	552	193	3	56	538	644	33	664	25	695	445	79	163	148	694	383	438	335	712	579	11	398	239	256	134	323	667	482	12	585	218	412	288
409	474	396	688	272	388	191	224	568	236	31	489	334	604	115	610	563	181	283	394	308	697	167	407	342	446	352	349	459	275	351	21	212	73	265	292	555	513	0	559	647	301	202	598	632	72	674	551	700	211
27	161	591	125	354	666	533	665	162	432	517	401	65	290	460	87	553	341	465	38	594	367	35	395	410	414	228	381	43	668	267	426	618	539	402	593	112	68	260	203	569	633	61	387	496	408	325	469	607	374
344	99	263	175	379	152	126	642	307	601	473	520	452	622	327	111	679	107	89	522	208	543	350	421	143	687	138	299	370	185	711	285	483	400	329	698	88	449	611	537	13	213	641	75	485	271	603	41	205	113
680	242	15	92	606	139	673	214	434	541	529	178	238	82	259	121	417	636	83	96	7	491	600	169	305	70	435	592	62	488	110	216	297	684	261	672	514	156	484	336	448	707	708	304	424	44	124	291	660	663
93	119	241	102	322	602	447	55	201	428	440	141	583	669	347	710	226	627	117	690	274	47	106	439	505	364	309	157	706	273	132	51	158	573	128	284	269	596	345	268	317	179	376	423	40	276	399	584	58	153
531	638	661	578	338	326	566	670	366	453	32	164	361	390	1	628	443	450	689	50	391	150	20	416	413	562	419	289	518	693	176	103	194	507	222	200	80	294	437	420	348	52	425	411	207	476	248	36	605	243
26	343	48	319	540	565	558	422	655	637	320	468	279	545	118	57	371	254	114	237	705	95	375	123	506	429	702	372	67	298	577	45	526	386	154	472	564	187	71	456	574	4	549	653	373	182	353	355	703	582
60	133	588	362	475	339	223	160	534	116	77	258	648	318	249	177	204	264	98	643	184	159	19	512	427	640	233	623	492	168	389	30	691	146	392	229	221	499	709	244	581	66	681	462	608	542	501	493	122	166
634	675	497	197	282	467	324	171	286	587	480	300	415	516	10	42	195	503	312	478	225	90	685	14	69	314	369	16	524	523	240	81	235	393	433	145	281	527	671	377	147	227	316	270	495	29	590	37	108	509
232	192	662	296	519	315	136	39	436	303	686	109	173	498	2	466	586	84	378	252	199	570	94	645	678	219	313	331	129	257	659	612	704	692	380	6	649	528	337	614	63	246	340	97	18	215	165	609	356	130
656	85	629	332	23	530	302	382	59	470	54	405	28	341	568	377	130	621	344	43	489	511	110	369	471	618	330	671	119	475	557	593	685	165	611	47	307	462	327	390	460	708	156	426	50	572	194	123	345	135
591	106	53	424	703	423	351	249	209	521	635	232	605	314	641	44	392	394	543	29	9	30	359	196	551	76	49	187	335	321	421	576	47	127	131	681	475	371	398	203	607	201	68	8	379	529	704	229	482	290
28	189	503	235	530	661	238	198	677	256	139	417	353	358	613	456	327	409	568	195	674	520	666	693	501	411	183	683	519	119	544	303	496	599	300	626	152	506	222	175	22	291	339	82	167	159	32	389	230	323
515	341	360	602	581	243	618	555	556	557	487	285	365	370	280	262	531	59	41	0	712	604	364	375	6	282	27	273	164	89	349	74	412	404	337	554	200	659	443	488	302	396	357	563	504	263	115	651	63	226
452	346	402	676	176	362	342	656	283	310	485	653	627	569	79	225	366	550	657	355	149	571	491	615	52	397	708	240	233	126	92	686	295	621	415	254	442	655	179	474	662	317	144	71	168	445	134	194	137	439
264	460	245	174	102	472	538	600	110	296	104	585	490	142	93	479	12	184	648	19	17	227	58	333	10	516	435	458	466	94	367	297	208	85	170	699	50	572	611	113	646	536	647	522	507	206	584	495	467	270
622	614	463	275	645	239	299	455	344	427	70	191	517	514	3	433	78	685	671	116	518	322	617	99	165	309	166	453	579	16	630	48	138	684	340	505	428	468	329	705	95	214	5	429	694	430	124	192	596	21
471	178	215	634	325	406	207	132	258	449	702	508	330	680	688	42	140	56	616	298	26	386	128	689	172	639	665	108	464	395	620	220	328	432	668	710	477	324	700	311	486	269	13	679	682	271	480	87	532	350
513	162	100	272	160	121	687	559	701	419	315	155	145	670	410	385	46	35	268	632	77	18	692	575	319	448	381	560	444	570	158	244	91	523	697	380	213	57	67	23	286	598	188	587	136	567	469	534	246	610
373	157	588	413	580	154	552	182	217	383	457	498	497	103	542	629	425	561	450	252	51	603	36	237	706	564	304	678	643	316	210	247	690	73	107	250	673	478	141	473	197	259	260	658	11	305	408	219	377	361
548	120	368	499	43	216	426	332	431	221	193	624	65	289	403	612	190	14	399	483	277	69	649	446	293	117	481	334	459	698	500	348	441	287	594	15	81	638	60	573	306	484	663	374	422	307	535	566	562	205
436	266	628	313	151	292	111	642	707	695	625	526	447	533	465	356	652	608	37	224	146	565	98	590	420	640	326	623	199	112	202	387	400	347	524	55	537	470	528	451	363	147	546	301	388	545	251	54	660	636
4	354	384	391	454	577	181	274	133	378	511	83	171	278	284	539	156	62	336	609	675	241	462	667	135	597	601	281	88	574	434	401	2	288	527	236	343	493	345	308	186	696	177	129	105	489	64	582	644	33
261	153	476	204	101	416	38	372	414	276	589	510	161	654	114	606	405	109	20	331	709	39	72	61	122	512	257	633	218	711	320	150	248	637	672	7	86	130	494	593	253	525	255	97	669	25	163	84	265	461
541	212	540	294	691	502	169	40	96	393	223	437	509	407	148	123	619	1	90	318	558	143	592	173	549	267	382	376	438	418	583	312	492	24	664	242	80	228	578	45	34	553	390	231	118	352	125	338	75	631
234	211	185	595	440	369	66	279	31	586	547	650	180	355	189	277	670	422	140	70	709	232	691	43	304	485	582	471	568	248	11	110	694	162	147	395	392	314	358	659	445	591	425	142	512	459	231	373	105	163
490	392	689	197	307	107	492	414	214	113	141	142	684	568	692	148	45	44	662	369	16	480	410	312	494	427	584	296	129	26	519	358	98	106	212	52	237	625	590	73	485	598	79	91	396	365	401	210	287	139
78	48	99	109	622	284	165	440	483	264	86	1	186	705	575	616	291	321	614	617	269	266	28	151	122	319	286	276	34	475	156	493	665	184	446	331	527	708	500	11	405	422	332	383	60	463	699	539	174	342
8	693	364	404	213	506	305	452	273	450	416	562	51	17	386	211	188	75	461	445	538	309	709	623	394	372	698	352	329	706	553	325	330	69	637	424	371	454	333	175	277	35	535	585	38	226	278	58	14	318
610	411	659	328	230	643	208	49	668	703	347	232	594	712	602	207	700	125	23	650	541	537	193	472	120	219	550	687	589	302	470	532	482	677	162	658	145	391	695	691	172	39	315	375	317	491	657	679	168	478
241	476	671	67	638	469	223	542	65	443	252	64	408	304	238	154	642	9	24	337	190	178	180	528	244	663	146	102	290	503	191	567	77	560	251	531	385	525	299	633	76	32	40	647	697	661	59	282	72	581
265	389	634	81	295	507	70	576	21	100	314	631	652	429	303	361	346	704	133	160	163	19	128	666	111	68	655	423	701	675	558	460	53	254	419	683	177	641	368	515	173	607	555	349	279	593	624	289	37	457
688	559	459	377	447	31	326	639	497	608	355	664	685	164	402	221	479	587	231	604	7	183	258	601	187	0	92	381	682	294	580	466	417	596	511	513	243	436	431	246	397	118	592	87	253	471	140	517	630	518
169	4	248	694	690	101	453	20	66	526	572	336	41	117	354	94	204	696	143	407	138	435	524	413	509	300	121	335	379	551	522	686	573	628	147	119	640	227	89	529	123	533	420	403	390	606	434	636	104	85
215	270	235	603	578	22	313	586	247	557	206	660	543	18	359	583	216	496	201	236	130	400	316	27	673	298	196	137	474	635	114	676	627	456	444	418	514	218	116	362	678	176	30	437	224	250	234	421	502	61
179	605	380	520	136	669	571	565	202	370	83	149	393	428	654	619	10	439	259	338	646	438	225	468	645	55	415	155	189	498	71	681	90	268	484	477	373	512	566	57	455	260	523	366	595	47	510	194	311	505
256	97	382	306	152	159	629	374	249	398	360	552	387	205	579	465	495	80	283	674	508	530	217	588	327	600	320	3	499	563	632	13	132	582	516	462	649	255	308	42	144	441	534	376	388	546	274	134	620	62
621	157	399	345	451	310	185	124	261	433	702	356	395	110	50	412	618	233	167	348	680	458	504	74	262	263	103	341	561	323	464	46	150	357	378	228	288	409	29	521	599	195	158	267	182	239	96	343	548	153
105	344	43	271	339	115	384	489	229	63	577	209	293	597	171	285	242	297	353	301	564	108	570	425	6	613	181	200	672	611	82	488	449	486	95	487	367	536	275	161	2	556	540	554	340	626	198	667	426	281
54	363	322	569	93	648	88	170	612	5	12	448	220	292	501	574	351	653	135	615	591	432	651	245	240	257	406	467	549	126	350	711	473	442	710	166	36	656	324	56	547	127	84	481	33	203	25	707	544	15
545	222	609	334	644	670	131	112	430	272	192	280	199	204	653	248	254	553	533	672	680	380	363	403	156	504	572	495	599	702	12	651	548	50	206	498	443	230	272	527	405	509	3	139	286	596	146	401	418	78
632	642	548	372	589	363	87	209	46	239	213	613	549	618	371	489	659	621	135	155	159	2	42	98	460	97	532	200	636	449	394	180	541	471	166	295	644	575	629	501	600	519	626	466	275	502	190	653	521	456
80	182	614	497	149	331	70	439	634	707	35	50	545	552	406	619	89	173	417	335	297	291	203	138	689	131	437	407	346	400	51	4	153	62	384	423	71	81	414	316	711	682	118	469	77	123	695	658	493	690
39	388	32	267	241	451	398	710	511	343	557	635	68	495	237	374	397	588	61	317	74	652	649	459	622	452	145	30	453	476	586	692	342	441	596	261	504	259	288	442	546	509	481	31	240	345	506	424	585	583
554	320	440	410	708	154	337	606	699	419	305	160	597	647	20	595	435	270	289	677	381	324	385	225	697	462	194	215	178	293	696	242	248	487	537	703	152	344	601	292	36	283	247	639	57	568	643	253	610	9
116	357	675	631	383	447	238	144	243	691	16	592	475	69	300	315	40	637	91	536	499	370	365	328	477	251	581	666	422	201	67	399	157	628	350	379	479	615	226	576	58	33	367	227	574	52	207	444	348	661
307	22	14	705	163	202	188	611	140	120	10	353	679	7	224	147	90	523	483	185	651	113	655	23	197	286	222	558	688	654	359	127	468	551	533	524	529	413	234	445	590	518	318	161	341	391	21	420	141	377
53	550	268	78	109	260	470	512	151	454	198	252	246	82	99	102	514	500	368	531	411	684	136	327	378	416	105	591	206	93	656	641	181	313	126	620	496	369	278	516	678	577	498	463	680	488	312	303	559	266
269	555	428	148	298	8	6	64	128	211	526	534	390	75	396	282	37	134	284	133	5	366	673	296	63	349	143	229	210	704	231	279	358	609	544	276	169	132	373	119	106	175	448	196	66	528	339	535	121	356
