2,1
179	598	43	411	623	248	831	544	759	237	271	751	445	819	441	379	790	1	403	817	323	860	605	52	27	712	284	567	463	375	374	193	578	429	698	826	252	725	399	791	835	68	753	717	16	92	131	153	600	777
378	800	859	244	121	538	223	191	354	728	138	299	211	604	396	620	531	235	177	410	75	171	457	871	45	570	824	307	754	705	788	868	6	261	361	635	230	173	547	195	555	697	774	124	294	104	730	174	850	34
438	841	413	621	85	588	603	407	449	678	625	31	673	415	546	197	444	222	351	830	304	501	857	752	176	277	64	329	744	706	847	475	837	190	619	218	741	280	764	428	688	856	714	616	426	519	646	300	192	784
560	143	387	514	140	601	581	672	442	240	335	94	242	57	703	418	483	163	614	615	264	188	181	196	142	225	539	447	116	322	203	152	675	602	571	636	618	305	699	326	194	809	39	349	167	592	562	233	100	274
80	12	84	334	260	367	642	157	696	765	686	639	250	504	217	35	529	525	507	37	579	383	833	172	30	495	448	509	78	132	87	599	771	549	775	325	849	482	566	628	634	175	285	862	292	569	358	785	22	161
309	302	584	402	650	120	293	254	384	573	7	637	295	723	183	613	102	318	56	381	33	126	629	60	687	593	679	577	487	596	262	287	485	631	20	220	484	298	159	47	832	823	278	586	508	641	500	169	353	398
315	424	440	345	115	24	568	425	65	702	76	450	276	272	417	311	467	202	654	69	758	97	511	130	647	874	96	273	224	656	303	389	339	151	499	735	392	772	110	805	21	170	722	72	431	738	768	105	617	707
419	845	91	808	228	259	558	408	497	756	341	694	718	721	29	513	820	643	370	199	649	576	536	257	133	750	282	231	236	109	372	739	466	836	238	729	296	437	633	524	456	580	229	107	253	377	70	676	489	443
684	611	582	333	141	451	818	386	692	492	667	473	118	336	154	610	88	848	644	136	50	709	114	711	147	727	661	241	245	585	98	215	155	166	813	797	83	520	405	851	510	61	146	587	400	537	564	249	59	479
3	622	748	559	390	164	682	669	139	119	162	210	658	11	612	266	565	28	129	279	317	10	81	414	674	663	486	469	178	306	435	793	108	462	770	594	873	731	726	491	590	111	803	716	14	214	452	522	327	160
476	866	458	26	548	769	184	858	779	99	794	518	25	572	660	49	439	38	816	651	839	700	343	632	312	66	205	494	761	226	481	289	433	148	478	301	227	149	212	101	869	743	332	488	840	23	626	113	710	308
828	875	638	872	365	550	807	776	734	63	517	740	219	757	460	58	2	208	477	609	391	505	275	348	106	541	666	198	17	704	767	575	281	352	864	834	532	359	187	207	165	789	787	269	766	288	685	251	512	36
394	297	19	310	553	267	112	781	291	786	773	189	247	5	563	822	145	471	204	763	792	397	316	432	664	533	362	701	810	127	561	693	742	314	423	331	552	404	474	368	708	736	42	388	117	493	270	324	659	0
9	55	846	829	455	595	815	319	385	556	867	434	18	806	843	186	86	695	503	46	168	802	221	799	436	720	838	863	719	724	258	137	330	376	454	158	180	521	32	150	263	103	347	551	540	350	516	681	842	213
465	206	665	870	542	255	412	328	648	583	346	427	737	680	865	683	607	421	470	627	459	373	48	852	506	589	778	82	355	95	446	67	608	534	422	380	201	357	671	128	144	401	209	286	498	268	90	41	814	745
337	416	234	366	53	690	243	79	51	526	782	338	340	515	535	640	677	713	557	747	313	749	554	232	795	591	185	861	62	480	732	780	624	523	662	746	597	246	134	655	461	783	360	290	182	364	811	812	4	645
44	472	762	468	801	796	715	135	430	657	821	853	71	630	464	827	15	393	216	74	668	855	760	606	406	844	93	530	283	804	825	543	321	652	89	670	798	342	653	382	409	755	13	453	77	854	691	689	200	545
574	122	363	344	54	395	239	356	528	371	420	502	40	490	256	73	8	496	733	156	123	369	320	527	125	265	26	738	470	660	10	208	357	348	339	604	25	263	490	594	315	708	699	123	700	534	703	657	299	743
693	516	561	53	178	317	340	422	38	236	52	841	128	452	356	711	256	161	372	777	213	427	447	20	241	610	575	230	205	268	88	498	132	420	16	443	471	325	222	648	347	200	691	388	570	700	307	57	805	409
29	649	398	390	818	579	176	332	423	615	603	40	752	295	401	856	663	248	272	846	740	303	245	484	770	105	765	456	45	687	216	102	28	515	424	731	826	616	27	407	181	612	331	539	499	182	684	125	224	66
500	592	56	368	681	326	532	626	725	312	624	246	179	586	136	816	553	137	716	599	799	385	237	80	168	352	0	845	842	104	92	832	710	655	715	686	583	737	533	672	47	58	145	590	429	87	139	745	121	720
854	42	582	454	806	807	316	873	114	97	218	370	277	522	134	54	469	494	190	486	705	657	141	709	380	285	444	235	534	171	311	346	868	827	563	492	169	543	337	264	25	548	685	831	758	357	707	481	640	581
167	510	263	689	835	636	183	98	726	453	286	115	654	197	589	734	673	717	250	609	351	79	588	225	439	76	457	474	280	43	855	430	219	110	706	210	174	329	360	529	727	341	650	722	9	597	608	175	207	837
828	275	151	189	152	858	339	129	629	375	426	811	587	361	692	545	549	166	13	404	762	154	392	293	383	617	810	330	772	747	49	823	321	23	155	871	622	262	531	808	680	801	324	833	719	59	278	802	193	602
755	22	382	359	668	172	68	571	497	464	7	33	160	559	333	638	1	503	460	771	768	386	26	574	202	606	785	135	560	214	413	634	675	627	781	297	843	249	547	783	530	399	299	305	192	336	223	313	750	96
462	150	191	656	703	458	501	195	645	258	212	365	395	240	282	759	764	744	358	289	441	433	809	269	118	364	164	732	242	78	623	408	598	51	567	70	309	116	143	389	792	789	201	208	779	72	393	611	306	103
89	558	847	431	511	701	77	766	614	234	127	130	665	625	714	659	39	215	504	232	466	455	342	196	403	387	736	664	436	619	292	502	585	577	71	797	298	345	48	18	670	507	153	468	173	34	435	509	605	528
565	851	294	735	512	112	798	111	75	479	526	794	350	228	699	11	482	487	17	302	419	489	170	15	853	763	644	756	712	144	90	637	760	50	5	252	199	527	708	63	276	198	775	411	554	209	741	328	753	514
124	862	211	44	296	140	131	203	119	270	804	366	475	604	485	253	163	12	633	391	864	694	618	184	508	776	41	721	146	434	690	682	478	106	188	728	540	257	273	384	281	483	438	568	849	74	467	450	733	448
343	288	631	30	159	194	748	848	830	287	652	410	477	683	660	580	378	113	863	490	8	221	695	671	646	414	362	641	440	220	493	349	520	65	476	243	133	541	544	463	647	94	593	162	301	786	860	108	4	505
206	120	788	310	555	314	425	651	569	491	870	866	556	573	158	869	204	874	678	850	32	865	177	93	371	315	363	69	291	743	642	109	19	817	551	318	157	729	21	724	36	506	416	676	187	449	415	247	861	822
290	217	578	782	432	283	800	35	284	757	259	319	769	37	552	85	839	546	180	519	576	538	688	791	126	584	814	566	99	67	451	857	812	542	446	667	524	142	852	405	271	84	820	875	872	428	101	355	10	327
784	265	521	46	81	3	73	840	374	834	674	813	320	55	557	459	742	323	496	261	658	537	147	417	518	338	536	353	698	661	322	564	138	260	718	472	14	739	402	396	480	100	82	535	595	95	815	117	238	394
379	778	669	591	266	632	525	354	165	397	601	62	279	819	367	226	381	83	767	300	666	334	803	702	639	185	751	838	227	123	713	495	754	465	550	91	523	787	461	653	60	696	400	795	821	796	2	844	233	412
630	746	596	373	517	836	825	6	662	442	254	418	244	107	738	761	376	186	335	594	697	86	513	255	620	304	239	149	61	24	829	824	31	421	621	628	677	562	867	679	229	267	445	148	780	470	437	749	790	344
859	274	730	607	473	231	488	793	64	377	643	704	251	773	122	723	635	613	572	600	369	406	774	156	348	308	819	13	421	357	295	177	728	185	42	338	405	510	125	783	349	862	489	332	675	439	759	751	519	476
547	133	533	413	866	735	418	722	638	798	410	110	492	707	237	730	679	705	88	836	121	389	156	863	467	537	558	632	216	43	853	739	839	488	714	3	737	511	141	80	847	534	775	699	732	572	349	301	816	844
322	761	812	749	180	453	822	696	742	370	66	813	136	97	286	825	507	753	612	738	428	709	103	758	772	583	42	407	71	310	275	543	270	750	148	28	252	107	244	657	346	719	669	135	773	848	792	143	723	658
605	333	179	63	347	577	16	406	298	524	470	526	393	672	306	411	181	440	300	9	659	510	837	253	146	365	697	246	129	164	51	15	619	532	548	147	219	514	731	20	522	671	271	655	321	441	132	833	751	630
649	688	224	756	668	433	458	23	338	576	718	454	17	602	194	294	640	541	760	678	501	555	641	250	561	68	779	26	550	177	430	809	693	93	264	206	493	518	284	245	91	150	39	508	565	786	633	770	109	408
188	204	846	343	278	334	238	788	566	56	835	646	622	117	161	330	400	677	351	452	422	243	685	746	22	477	450	631	86	48	808	361	491	213	639	710	838	291	538	855	345	62	218	681	675	25	763	516	260	862
192	4	776	648	274	303	656	581	824	676	674	82	804	780	18	114	828	165	789	814	96	228	336	36	636	227	471	327	320	339	279	535	251	77	517	463	344	100	92	840	801	309	443	113	235	131	601	854	73	258
680	871	436	7	606	337	69	205	202	158	381	341	765	232	785	715	845	119	489	485	682	266	375	297	599	64	660	873	159	55	45	144	626	475	308	551	624	257	374	21	703	766	592	98	404	717	574	708	155	595
784	373	217	768	307	806	183	600	479	201	755	748	480	168	557	420	426	497	869	564	128	795	1	152	52	409	745	468	747	139	523	281	366	265	589	590	255	449	645	283	359	10	105	864	191	502	874	95	46	326
387	615	151	175	483	448	276	392	666	37	72	166	414	74	684	130	670	0	525	397	529	401	419	315	78	423	596	273	47	160	767	391	412	35	280	603	620	643	584	651	371	176	842	579	225	826	53	123	29	178
447	261	111	607	482	498	652	360	711	549	743	399	329	247	90	242	170	851	138	634	432	593	830	189	149	59	299	262	435	597	421	212	841	706	162	460	653	287	295	692	12	790	783	222	115	852	402	313	695	104
126	293	698	424	455	288	438	733	689	777	197	364	858	157	530	585	324	539	302	819	429	94	367	210	759	725	559	395	741	818	614	328	233	486	76	859	520	99	805	200	256	865	403	290	811	241	58	40	186	821
65	456	762	8	353	608	650	623	802	207	764	815	417	727	793	683	379	774	431	469	563	384	24	490	625	60	193	544	215	229	223	444	79	312	296	378	171	415	857	644	198	478	5	163	383	118	221	875	849	820
570	382	578	182	506	154	663	832	89	368	627	580	861	552	356	425	734	598	726	396	527	528	209	124	720	332	752	292	495	629	575	664	108	461	769	358	195	754	451	41	617	376	208	187	145	556	586	38	787	481
476	810	465	269	466	81	472	800	335	362	673	704	184	647	226	352	13	616	318	67	199	803	272	11	137	588	33	116	49	736	304	127	757	662	635	240	560	386	316	694	248	34	19	305	594	700	856	282	172	398
829	101	870	267	569	445	2	169	142	355	484	771	372	385	323	83	380	654	744	621	249	27	319	354	377	571	817	504	499	254	239	427	285	259	125	174	642	796	573	582	348	473	70	794	134	799	712	234	220	531
268	464	167	611	628	437	363	394	618	357	277	342	173	331	545	75	236	494	6	84	690	691	515	85	721	474	190	340	311	716	613	546	416	500	827	231	263	604	850	214	591	513	843	434	122	388	54	30	686	568
140	661	317	860	442	667	446	203	32	637	872	57	120	31	562	314	542	196	665	153	369	14	553	521	807	509	487	729	350	791	778	230	61	512	519	462	728	554	496	50	44	587	834	325	868	687	781	610	457	831
797	724	503	185	536	505	289	701	867	740	782	87	390	713	102	540	609	211	106	405	702	823	112	459	439	567	558	63	369	524	159	406	588	874	689	518	6	309	344	362	65	410	193	765	300	469	22	318	82	525
655	701	763	330	782	46	539	355	51	723	596	43	7	642	268	661	813	358	507	133	122	598	321	541	529	441	245	382	639	290	103	213	282	816	563	533	784	63	401	845	526	600	121	96	485	800	670	371	703	143
265	705	519	459	848	202	142	501	272	494	62	586	729	156	843	84	166	516	422	92	611	99	664	753	42	397	864	433	844	85	837	850	648	287	9	318	412	78	741	818	399	508	771	649	224	419	852	847	520	429
568	685	460	168	350	314	502	454	789	181	231	285	203	175	185	72	556	207	58	694	34	708	129	381	718	634	715	147	222	208	538	56	853	627	570	673	91	743	29	149	633	506	117	653	480	16	196	657	477	416
145	118	292	790	644	744	335	22	567	50	566	760	640	798	592	404	548	740	524	379	471	643	64	693	24	4	492	518	384	748	682	237	273	781	631	560	874	135	176	423	257	36	865	647	646	624	487	263	438	587
819	234	297	255	60	127	421	665	713	390	801	738	100	678	368	308	211	320	254	73	751	232	473	126	750	169	449	436	605	413	240	851	271	554	383	334	94	377	144	67	856	204	409	571	823	811	807	312	365	710
164	564	726	37	511	742	15	201	52	106	278	614	861	839	294	656	298	793	585	618	692	862	25	752	690	442	329	557	573	542	583	115	341	150	140	447	165	768	250	820	323	698	214	44	192	343	619	786	821	778
76	301	555	104	732	190	575	405	531	767	553	247	425	580	327	437	12	180	537	48	276	66	172	814	846	148	138	547	49	342	558	366	299	674	828	20	704	628	491	61	635	746	339	130	163	544	178	868	221	267
13	5	714	727	581	93	217	500	187	456	132	225	424	197	378	540	218	869	87	602	496	253	347	870	411	677	615	26	261	184	755	475	572	354	830	769	476	238	11	612	167	530	446	367	311	215	313	638	75	815
514	712	322	394	189	610	119	725	440	393	522	361	195	637	759	486	81	623	33	340	808	662	795	31	183	402	124	630	791	17	465	305	824	504	717	613	415	757	109	236	406	543	764	116	521	463	353	288	804	279
663	346	836	364	707	152	374	107	470	14	588	230	590	112	357	772	545	461	716	467	90	241	326	574	721	867	151	153	324	589	684	632	188	871	671	509	788	711	306	683	123	561	171	2	479	591	407	161	3	792
857	158	315	170	731	77	622	125	32	344	27	307	200	19	565	689	794	41	430	186	593	242	227	719	699	651	448	363	205	859	660	510	284	796	578	159	854	577	833	601	114	503	806	40	388	141	337	59	8	191
484	35	805	452	626	478	528	98	534	351	761	216	776	417	88	512	625	349	396	310	387	444	569	595	270	735	375	39	780	80	525	687	134	392	82	432	295	362	777	609	376	69	464	621	645	228	706	739	488	667
74	108	765	832	146	489	636	849	758	259	6	258	756	431	841	466	389	826	256	369	420	681	728	812	333	462	797	762	458	386	481	604	391	380	300	220	89	774	695	654	505	658	418	497	317	83	328	120	435	720
136	474	679	445	650	385	302	155	428	304	469	451	840	691	434	783	745	652	427	23	65	822	68	246	0	426	659	274	160	597	336	680	53	97	629	603	513	666	669	499	209	360	309	675	599	855	70	229	594	697
515	356	291	280	110	722	803	733	532	549	113	535	785	252	616	875	773	641	608	863	372	495	775	709	128	546	838	45	559	536	316	283	866	79	810	162	139	10	842	450	95	802	825	455	468	457	331	799	277	319
770	137	607	827	248	352	873	194	266	332	154	453	293	55	829	38	482	779	157	443	736	269	173	517	226	193	219	617	490	584	251	325	198	620	766	831	606	286	410	672	835	872	398	686	359	174	239	439	730	734
576	817	688	403	551	527	21	809	131	472	395	562	498	30	233	206	370	199	787	373	212	348	582	400	289	737	1	834	111	338	345	724	702	696	260	105	223	493	47	483	71	700	28	101	303	296	57	244	243	262
858	676	408	102	281	860	179	264	579	249	754	210	749	668	523	182	414	275	54	177	18	747	552	550	86	235	848	787	18	816	299	398	245	113	419	149	711	589	358	812	576	808	66	329	316	436	20	350	569	145
63	261	762	19	600	713	405	544	378	839	848	215	278	212	759	176	841	603	50	719	293	733	606	66	65	332	262	482	174	232	513	645	588	750	61	555	191	638	425	323	815	408	368	206	681	844	690	845	769	821
407	680	426	264	722	116	183	726	776	70	148	322	97	285	9	354	433	286	380	169	92	563	37	74	21	786	565	295	200	91	139	652	318	218	795	523	605	47	577	463	208	658	384	360	273	443	462	397	283	459
151	147	530	596	576	270	599	541	388	840	401	858	685	448	77	428	142	246	76	509	109	710	868	128	237	475	675	586	84	706	568	106	143	855	11	125	389	193	593	779	653	623	498	618	44	310	747	825	369	247
694	75	345	258	684	20	539	853	349	72	321	711	687	616	575	820	646	671	308	56	527	83	231	167	112	508	432	280	636	95	852	127	771	343	51	676	486	489	4	705	736	520	303	42	58	320	274	665	552	695
567	584	807	859	598	748	32	436	784	157	150	760	532	255	688	108	302	351	816	413	582	522	491	723	637	442	399	437	749	632	604	792	446	467	162	729	615	466	630	160	67	130	137	791	190	211	121	429	431	8
472	16	780	709	768	29	787	96	456	348	621	662	478	326	735	542	249	495	629	416	182	307	48	782	329	452	366	114	731	701	610	36	342	222	398	718	2	740	30	284	115	353	814	770	216	703	773	531	455	639
481	503	209	810	851	341	52	744	33	427	758	136	395	789	26	119	386	578	188	390	678	85	118	94	617	288	257	533	46	38	438	570	837	854	189	496	502	465	250	484	607	745	385	799	515	129	590	23	291	704
100	766	381	775	34	124	312	866	122	198	790	474	367	104	230	357	524	493	597	754	337	6	673	756	224	516	103	788	87	90	316	480	490	663	538	649	698	45	265	328	558	487	43	382	641	847	827	499	529	113
634	132	171	682	31	753	793	692	131	333	625	871	835	391	306	214	133	355	248	613	612	111	155	135	783	823	501	668	640	371	550	304	146	631	336	471	444	627	526	699	811	271	350	244	521	556	601	181	411	396
863	732	620	830	145	179	739	511	194	512	457	836	228	461	117	547	548	41	674	325	843	767	377	697	669	518	741	765	259	197	305	410	624	251	445	225	727	805	430	875	479	266	338	642	375	724	725	330	715	505
296	192	53	655	35	227	656	562	1	418	78	315	435	12	243	311	738	803	363	439	572	154	514	185	393	801	281	82	856	240	696	826	327	110	25	272	686	205	245	334	173	650	764	441	282	18	794	294	846	594
763	469	808	677	559	785	99	453	743	164	126	347	819	421	464	356	22	79	528	813	817	806	796	717	269	253	737	619	158	500	831	873	798	842	403	10	234	344	447	340	809	583	204	602	591	424	579	359	313	17
574	276	373	746	561	49	372	585	123	707	449	609	3	564	560	256	635	595	14	166	777	483	346	352	849	221	27	400	217	551	370	519	165	549	543	287	752	235	60	824	402	554	778	670	180	691	850	301	702	383
755	476	314	105	712	387	580	202	141	751	365	339	394	812	62	134	101	614	864	460	611	275	728	772	833	309	175	510	195	633	238	40	152	666	55	693	374	818	488	299	497	874	184	159	679	331	540	861	507	865
720	647	440	187	774	236	742	220	648	297	553	5	13	870	260	239	156	242	412	458	643	213	120	86	149	207	172	168	406	392	838	535	138	689	661	203	98	319	177	654	862	254	470	263	15	140	107	802	454	664
290	716	39	829	485	414	468	163	7	534	757	93	872	867	417	358	672	59	450	81	362	797	252	210	415	419	587	68	781	589	196	241	800	492	233	573	268	24	226	277	170	64	504	828	832	420	700	267	660	409
404	608	581	361	857	54	379	219	89	298	0	422	153	71	708	161	721	659	88	822	434	626	506	477	279	376	300	73	102	557	451	423	628	178	289	834	69	537	667	622	714	517	761	186	657	569	80	28	644	223
536	335	860	592	292	546	683	494	201	651	364	869	317	730	734	571	57	525	545	473	199	324	804	144	566	229	90	440	16	805	588	29	855	387	374	241	412	303	345	553	335	156	627	267	700	680	485	767	398	851
873	815	306	280	171	814	262	849	403	601	584	875	556	290	221	714	665	458	425	445	477	861	123	77	377	552	542	708	140	669	74	181	295	311	30	75	562	842	1	583	818	644	628	94	242	139	177	28	392	341
114	608	277	577	511	852	570	431	660	751	426	26	166	261	183	347	801	643	554	164	176	869	351	199	740	472	25	194	52	352	421	664	581	131	231	19	537	95	336	184	438	257	255	732	137	800	345	679	265	203
287	106	803	630	838	204	837	134	820	715	835	298	212	515	132	529	566	253	128	197	561	100	342	246	14	809	386	64	325	195	89	622	130	805	92	557	551	157	329	648	83	169	687	507	384	85	237	756	356	781
612	762	243	144	355	553	170	368	501	597	404	283	463	857	318	36	470	798	807	727	677	744	147	223	263	832	672	303	411	802	546	416	307	824	757	513	376	794	213	540	267	27	302	479	491	856	273	758	226	496
43	506	297	691	516	633	825	779	828	836	88	823	532	46	339	323	693	260	118	145	40	777	614	509	420	241	853	182	289	606	519	8	79	704	721	770	607	227	331	419	172	44	547	567	748	696	512	190	590	774
822	789	34	503	578	580	694	767	148	218	559	427	240	482	324	478	626	6	371	610	860	799	829	402	71	872	816	617	440	196	332	201	698	249	827	690	335	20	369	115	848	396	784	462	647	658	200	788	627	288
468	112	4	526	773	275	560	613	765	272	41	609	866	778	434	385	528	481	135	129	78	464	22	471	632	525	417	845	589	155	795	662	395	409	550	594	539	387	747	533	258	126	3	160	710	831	697	50	741	245
695	486	851	527	357	659	45	361	819	35	205	843	167	870	228	120	344	449	844	359	104	575	707	723	394	709	702	749	214	726	220	108	686	654	2	161	742	646	504	641	309	69	625	185	146	346	603	576	111	210
436	219	680	446	192	247	349	769	102	292	652	544	232	517	225	548	348	125	66	154	616	640	398	383	863	505	12	624	49	73	300	229	840	682	454	149	354	596	598	549	294	536	119	759	337	58	674	755	5	362
317	442	489	524	101	621	62	82	668	278	650	782	483	380	441	374	555	138	786	683	520	657	198	599	538	565	250	541	378	508	424	736	455	595	602	285	23	316	206	193	600	84	461	484	233	480	186	153	32	24
268	638	328	187	465	865	498	771	266	637	429	293	388	284	711	381	651	499	244	175	817	271	772	750	274	432	63	397	868	753	645	685	661	279	389	579	304	215	776	379	236	156	495	143	649	689	775	70	453	391
864	521	393	692	319	738	847	59	785	38	217	761	234	405	522	433	60	725	655	430	207	568	256	444	418	81	492	179	162	31	400	248	783	399	301	107	605	792	98	97	91	61	410	103	487	653	208	158	340	855
706	406	457	588	475	571	728	29	390	180	367	490	428	141	826	716	500	743	530	703	408	57	713	320	96	780	629	582	474	360	121	793	456	188	485	382	216	746	189	222	739	366	733	718	563	373	502	572	620	407
326	423	862	42	712	67	634	136	833	586	745	414	451	839	545	808	165	105	684	564	569	543	333	813	370	412	168	673	338	291	615	269	117	476	142	334	448	701	270	282	413	47	681	93	700	238	593	854	467	17
591	766	209	735	76	722	109	874	37	159	806	642	604	315	688	13	322	821	730	763	459	86	720	437	518	116	558	21	343	729	671	313	705	0	401	90	573	264	87	724	251	631	15	11	450	636	447	10	254	574
810	53	39	858	867	33	435	768	488	99	656	811	299	764	791	314	737	235	699	734	372	473	663	178	443	312	224	51	330	365	452	122	675	252	239	752	804	259	531	639	174	635	9	719	812	422	717	830	871	18
296	358	363	375	760	797	850	65	587	54	310	796	460	110	127	55	676	787	439	7	523	846	619	151	667	514	68	415	859	286	113	493	202	152	308	466	80	364	276	494	72	678	48	670	150	841	133	321	469	327
56	666	353	281	230	497	16	592	173	731	350	790	305	211	163	618	585	535	754	611	834	510	191	534	623	124	480	841	618	327	445	619	168	549	691	811	558	13	753	53	206	836	46	678	222	679	802	799	152	838
373	702	408	199	665	223	607	386	686	676	99	739	841	359	856	461	475	670	627	391	106	47	64	668	844	428	215	742	714	293	126	840	602	788	865	648	333	24	319	286	147	188	507	851	758	83	131	663	50	531
617	325	766	43	341	721	593	792	635	460	18	38	518	111	105	240	495	345	128	368	772	521	121	79	716	89	67	208	863	180	383	371	377	546	264	54	387	828	647	435	508	90	144	87	645	104	436	1	545	306
789	513	30	744	230	423	109	22	181	626	458	229	78	289	431	493	375	367	250	683	806	527	589	807	46	673	496	675	98	577	290	82	107	134	150	51	232	309	488	243	351	442	751	166	20	340	825	775	193	213
603	80	390	576	167	212	679	470	235	348	75	237	706	682	409	434	370	190	502	677	538	364	42	652	596	81	94	605	334	316	849	846	353	483	762	72	554	441	543	558	19	467	100	560	176	551	632	819	157	469
565	629	446	39	97	425	826	693	600	567	292	27	198	705	381	448	135	581	544	48	330	220	659	400	335	537	715	868	817	332	426	0	761	657	45	262	407	477	405	326	620	628	646	173	412	719	304	179	534	656
209	808	3	336	108	570	388	244	145	492	115	838	23	588	564	533	542	346	450	598	9	569	741	186	774	362	76	120	653	520	729	297	514	10	389	750	815	743	730	342	247	783	735	834	734	123	660	503	189	103
523	747	129	254	77	146	485	7	580	455	324	398	114	494	700	773	101	338	270	308	224	161	429	650	360	731	703	174	382	246	231	797	233	609	86	323	399	314	291	170	862	672	798	278	445	552	344	421	836	256
95	411	152	406	473	142	642	857	437	125	140	210	500	40	867	452	710	471	651	472	327	616	723	592	795	160	704	49	536	802	197	843	149	430	59	17	282	572	206	517	680	203	315	820	310	479	712	228	402	695
779	218	793	740	782	837	253	644	864	249	277	234	637	860	416	794	272	8	12	295	787	92	586	263	649	489	869	718	165	757	127	755	769	397	69	376	476	784	255	85	13	585	810	102	708	692	573	357	549	597
350	698	356	275	192	459	590	414	748	610	21	749	110	404	481	515	260	654	516	303	245	236	172	805	53	827	528	484	499	711	225	584	532	691	801	501	74	842	413	276	355	463	529	478	733	678	732	685	561	737
34	540	280	133	661	759	634	285	283	873	163	175	667	462	490	183	447	35	811	785	608	296	583	422	288	73	331	688	424	151	182	60	57	790	396	671	786	818	724	14	159	137	118	847	612	768	848	701	217	530
294	717	760	195	204	457	11	522	674	736	116	764	813	239	800	804	361	568	482	418	358	487	812	854	830	266	578	684	26	184	866	696	267	799	124	639	777	251	321	466	613	211	641	31	662	474	643	164	512	615
384	535	130	56	2	440	268	196	363	265	5	91	155	269	84	259	312	71	575	449	33	465	258	25	511	591	207	148	510	858	366	765	28	168	374	752	194	524	770	66	831	694	191	369	354	443	287	697	365	432
433	410	378	311	301	113	681	41	468	763	829	845	187	438	372	37	722	202	122	491	328	385	136	539	839	655	221	822	439	666	162	870	313	318	119	65	707	417	32	599	415	154	550	112	547	556	279	746	850	874
216	555	62	823	853	241	178	624	68	320	726	61	767	824	248	713	419	754	562	171	727	778	611	504	395	687	776	664	638	420	257	307	219	226	526	403	339	745	621	6	497	756	349	623	394	352	619	601	582	833
456	720	859	143	579	138	299	832	451	185	548	861	835	329	480	541	88	337	153	300	699	525	379	725	227	454	587	393	200	271	709	553	205	625	242	15	604	139	29	214	872	4	298	690	238	594	771	633	855	281
498	595	96	519	509	52	871	169	305	70	444	796	852	574	875	486	622	728	809	380	261	606	630	453	156	222	58	571	816	689	44	636	803	401	557	93	631	753	614	322	36	392	55	201	302	317	141	505	658	252
347	427	566	738	506	16	117	63	274	559	464	618	780	177	821	669	814	273	132	563	158	791	640	284	781	343	28	92	422	835	373	441	751	119	214	191	321	753	824	74	536	629	433	365	22	273	240	30	295	793
416	392	679	140	509	216	805	570	489	364	44	411	746	851	863	326	215	149	119	323	145	444	51	520	583	576	789	334	405	525	858	382	659	715	785	619	670	73	285	516	654	189	171	626	195	304	592	358	588	541
791	526	300	311	630	865	818	848	611	862	709	70	217	340	139	770	752	303	287	580	43	810	281	677	11	749	142	767	533	483	856	569	521	46	660	236	766	254	850	669	117	54	822	370	87	772	348	226	338	377
240	784	779	409	306	353	469	771	85	538	763	374	458	606	187	494	395	19	565	256	556	249	711	453	673	825	750	9	780	168	204	301	172	803	840	185	599	49	800	446	103	60	603	464	36	163	400	645	452	638
394	682	795	398	666	473	99	372	594	498	492	147	769	234	56	414	775	6	777	317	500	53	404	661	635	783	823	447	685	184	422	517	568	515	457	633	617	262	479	549	546	869	737	158	93	14	624	806	190	497
742	337	436	794	27	496	644	734	199	695	536	765	636	676	456	373	308	102	798	680	80	154	166	540	817	206	725	564	231	595	232	744	165	593	278	263	841	248	375	652	174	135	502	100	419	415	96	64	113	674
182	125	782	745	112	120	821	778	59	597	246	235	511	1	365	274	432	180	857	528	445	376	846	605	836	219	293	368	828	459	169	28	128	703	351	544	720	37	689	251	812	115	136	539	460	242	175	567	18	282
531	793	371	571	804	69	157	130	391	649	773	33	560	72	81	294	23	506	701	241	690	191	731	148	842	260	612	17	122	721	683	563	350	173	693	507	754	123	733	637	367	625	360	76	756	42	150	327	354	94
831	201	355	443	819	477	399	35	615	824	386	708	29	15	224	542	608	441	146	30	692	713	418	678	237	61	342	607	557	866	393	151	265	801	482	748	275	653	104	808	455	442	861	90	86	297	736	95	258	38
616	153	91	186	872	739	207	332	280	164	396	664	283	118	450	532	253	176	179	743	16	503	723	454	276	609	133	209	349	208	501	590	267	555	286	719	341	665	389	759	813	407	8	577	67	843	755	329	425	807
705	74	854	729	512	347	829	305	230	724	550	302	874	40	7	601	71	786	524	656	830	134	320	471	468	402	613	618	121	433	325	647	339	774	485	834	228	426	20	84	849	646	519	714	192	48	867	212	493	658
344	385	510	799	222	558	273	298	631	361	491	572	32	387	193	336	79	622	668	651	238	220	699	57	312	289	728	600	554	438	343	686	641	357	792	835	827	796	63	437	548	495	83	585	196	534	870	390	574	470
596	362	88	655	89	127	229	143	39	463	397	648	578	591	205	58	847	582	504	124	579	316	573	129	47	295	697	406	688	467	431	768	741	486	562	687	356	787	255	34	462	852	369	758	2	639	381	681	875	223
722	108	198	620	111	480	712	844	328	264	488	602	561	753	116	3	581	815	290	259	211	717	213	478	310	449	126	97	315	628	472	476	802	319	757	839	233	75	271	552	873	481	22	66	296	188	203	632	474	448
292	487	440	672	345	284	751	50	704	245	614	257	227	762	279	156	412	439	530	25	137	853	845	250	832	333	421	359	738	379	12	598	21	428	820	621	331	10	527	65	864	523	518	696	675	505	321	545	710	838
529	584	324	52	788	352	499	730	833	291	114	247	221	535	170	218	537	41	427	434	694	855	309	700	62	77	288	420	202	144	270	726	322	586	543	194	131	167	466	513	776	522	313	809	484	706	684	98	859	490
45	623	547	4	177	106	718	413	155	760	429	181	740	318	383	610	732	13	252	346	475	152	5	423	363	667	643	55	299	702	269	797	141	243	707	575	716	587	604	553	366	110	650	671	559	589	627	435	107	781
68	814	330	162	871	161	735	727	410	566	214	200	465	698	92	424	132	31	634	629	642	816	811	826	761	461	403	408	277	764	225	178	159	307	78	860	837	384	662	657	0	26	401	138	514	551	24	239	266	640
451	430	747	378	183	244	508	417	105	868	197	268	335	380	261	314	691	790	101	210	272	82	388	109	160	663	329	151	354	98	276	575	579	347	290	781	403	635	595	511	146	414	49	568	391	369	16	762	122	463