1,0
431	349	605	192	849	225	417	75	174	443	358	43	68	562	740	709	179	628	836	520	831	424	190	181	277	874	440	211	693	1	307	124	456	138	22	763	244	27	121	475	701	637	587	600	710	389	625	582	510	723
419	800	601	672	375	177	16	753	584	721	52	104	539	92	647	646	812	842	411	500	626	378	838	381	786	64	217	656	295	772	305	353	611	173	549	287	487	489	615	45	717	426	730	766	473	171	524	6	153	555
197	711	784	131	580	384	271	457	880	334	300	578	567	729	335	34	323	660	370	407	85	684	781	403	302	120	285	191	222	193	31	248	309	264	837	322	513	868	546	396	522	644	514	603	872	176	795	764	685	688
537	195	700	834	726	223	437	885	832	802	761	673	525	250	143	392	758	140	793	298	252	696	188	649	94	593	57	818	429	638	163	572	529	196	558	194	531	142	230	547	260	116	329	218	152	767	612	759	447	571
536	367	413	598	326	39	240	167	351	235	687	757	100	292	80	12	203	84	883	280	576	844	845	157	451	565	698	449	261	354	233	35	242	635	345	37	339	829	663	172	30	507	573	99	78	132	87	609	274	315
294	564	237	614	776	590	387	175	702	284	161	415	299	254	610	735	7	485	843	410	183	623	102	325	56	579	33	126	639	60	577	602	184	586	499	835	262	293	497	559	20	220	777	304	159	47	724	616	278	450
742	651	641	169	361	408	318	492	508	765	115	613	24	538	486	65	676	76	495	276	272	428	311	479	202	467	69	770	97	519	130	821	886	96	273	224	817	303	399	708	151	511	631	402	374	110	633	21	170	808
734	72	442	727	566	105	483	719	820	857	91	441	228	869	259	706	418	509	768	341	548	482	383	29	699	629	398	379	199	659	871	585	544	257	133	814	282	231	236	109	372	751	588	810	238	741	296	448	643	666
504	737	229	107	253	377	70	484	501	714	466	621	787	333	141	463	830	386	704	569	678	425	718	118	336	154	620	88	860	654	136	50	592	114	438	147	739	445	241	245	594	98	215	155	166	570	809	83	870	405
444	863	518	61	146	596	400	861	664	249	59	491	3	632	744	568	390	164	694	725	139	119	162	210	669	11	622	266	862	28	129	279	317	10	81	414	686	682	756	469	178	306	435	805	108	462	782	789	858	743
738	679	599	111	815	617	14	214	452	667	327	160	476	878	458	26	650	791	806	771	25	581	750	49	439	38	828	661	851	712	343	642	312	66	205	494	773	226	481	289	433	148	478	301	227	149	212	101	881	853
332	488	852	23	636	113	722	308	840	887	720	884	365	560	550	819	788	797	63	517	752	219	769	460	58	2	208	477	728	391	505	275	348	106	541	778	198	17	716	692	575	281	352	876	846	532	359	187	207	165
604	799	269	859	288	619	697	251	512	36	394	297	19	310	553	267	112	618	291	848	785	189	247	5	563	634	145	471	204	775	841	397	316	432	675	533	362	779	822	127	561	705	754	314	423	331	552	404	474	368
658	748	42	388	117	493	270	324	847	0	9	55	816	703	813	455	595	827	319	385	556	879	434	18	695	855	186	86	707	503	46	168	674	774	221	811	436	792	850	875	731	736	258	137	330	376	454	158	180	521
32	150	263	103	347	551	540	350	516	681	854	213	465	206	665	882	542	255	412	328	648	583	346	427	803	680	877	683	607	421	470	627	459	373	48	864	506	589	790	82	355	95	446	67	608	534	422	380	201	357
671	128	144	401	209	286	498	268	90	41	826	745	337	416	234	366	53	690	243	79	51	526	794	338	340	515	535	640	677	713	557	747	313	749	554	232	807	591	185	873	62	480	732	780	624	523	662	746	597	246
134	655	461	783	360	290	182	364	823	824	4	645	44	472	762	468	801	796	715	135	430	657	833	865	71	630	464	839	15	393	216	74	668	867	760	606	406	856	93	530	283	804	825	543	321	652	89	670	798	342
653	382	409	755	13	453	77	866	691	689	200	545	574	122	363	344	54	395	239	356	528	371	420	502	40	490	256	73	8	496	733	156	123	369	320	527	125	265	499	700	230	734	385	129	404	414	10	174	344	458
341	503	423	487	609	638	385	549	471	604	57	694	710	430	851	636	245	275	473	762	510	16	862	700	756	720	776	587	488	858	458	424	140	38	816	102	823	447	340	469	20	181	807	237	174	628	161	90	280	572
616	356	110	136	205	52	88	765	324	216	189	758	692	844	732	277	272	407	872	268	145	581	29	626	657	53	582	392	570	263	294	332	579	608	755	641	497	182	346	40	250	329	457	644	709	404	603	806	775	105
285	125	534	712	132	386	868	574	264	863	45	426	479	532	137	28	835	179	256	717	631	27	295	619	128	9	633	482	588	529	235	567	627	231	501	66	822	56	728	380	236	144	248	502	436	804	763	881	689	443
80	734	0	562	104	222	92	887	152	531	721	401	312	836	200	119	623	869	571	359	47	58	178	399	176	699	768	427	87	139	796	121	190	15	42	561	420	337	528	218	861	352	156	114	97	331	671	246	454	559
168	134	54	774	592	225	230	241	752	886	141	791	431	316	507	382	286	171	347	224	276	468	882	622	826	169	554	586	624	514	25	547	703	330	778	809	845	219	267	675	832	494	167	553	339	333	293	325	859	183
98	213	852	516	317	115	770	197	813	321	360	883	198	79	383	76	885	43	815	326	753	210	462	766	395	303	701	175	207	530	860	151	64	870	129	654	602	311	489	719	533	614	398	618	645	166	13	599	740	154
731	522	801	509	484	864	390	421	798	49	878	499	23	155	803	307	464	663	708	262	466	649	372	577	515	854	361	790	819	59	278	474	607	511	193	716	673	22	433	678	715	172	68	610	365	684	7	33	160	597
388	681	1	543	540	781	419	818	580	26	810	202	439	838	135	736	214	785	589	688	668	209	297	148	249	470	11	568	455	368	357	299	305	192	336	223	313	429	370	96	351	350	150	665	191	548	739	771	558	811
195	512	258	212	409	727	651	240	282	453	413	643	408	560	840	358	289	504	833	460	640	269	118	406	375	364	164	782	242	78	865	664	747	741	422	51	605	70	309	116	143	389	456	705	441	437	201	611	208	445
831	72	393	652	306	103	89	856	800	492	452	693	366	748	77	598	817	655	234	127	130	711	821	795	704	39	215	629	232	642	112	342	196	403	387	722	786	590	498	486	660	292	211	625	444	545	71	760	298	345
48	18	615	481	714	153	17	173	34	435	270	646	724	539	650	274	526	111	75	847	500	228	779	769	302	612	170	527	648	635	563	759	680	50	5	252	199	565	63	411	328	124	251	44	296	131	203	764	475	593
485	253	163	12	757	391	122	670	682	659	184	842	508	802	41	575	146	434	737	729	478	106	188	745	877	257	273	384	281	483	438	606	344	74	467	450	834	448	343	288	672	30	159	194	799	843	884	287	617	410
477	730	706	879	378	113	749	585	490	8	221	742	784	690	414	362	685	440	583	220	493	349	520	65	476	243	133	541	814	544	463	691	94	634	162	301	839	687	108	4	505	206	120	841	310	555	314	425	695	569
491	369	676	556	573	158	600	204	348	725	377	32	772	177	93	371	315	363	69	291	794	686	109	19	871	551	318	157	637	647	707	21	773	36	679	506	416	723	187	449	415	247	828	876	290	217	656	578	805	432
283	853	35	284	808	777	259	319	820	37	552	85	726	683	546	180	519	576	538	735	743	126	584	788	566	99	67	451	846	866	542	446	667	524	142	850	405	271	84	792	308	825	428	101	355	10	327	837	265	521
46	81	3	73	229	374	621	674	867	320	55	557	459	793	733	323	496	261	658	537	147	750	417	518	338	536	353	698	661	855	322	564	138	260	718	472	14	789	402	396	480	100	744	82	535	595	95	812	117	238
394	379	830	669	591	266	632	525	354	165	397	601	62	279	873	367	226	381	83	767	300	666	334	857	702	639	185	797	751	613	227	123	713	495	783	754	465	550	91	523	787	461	653	60	696	400	848	875	849	2
780	233	412	630	827	746	596	373	517	677	880	6	662	442	254	418	244	107	738	761	376	186	335	594	697	86	513	874	255	620	304	239	149	61	24	829	824	31	101	295	69	416	855	355	733	514	376	129	261	448
660	452	129	212	555	66	185	16	310	523	344	189	28	717	814	565	825	237	792	773	9	238	43	143	222	646	719	767	88	346	135	164	696	517	148	682	853	327	136	787	488	609	294	608	835	126	745	639	406	722
121	557	779	243	393	103	741	334	760	141	250	627	524	844	882	538	614	420	436	710	147	149	823	753	110	698	765	270	577	3	731	603	532	133	597	810	811	797	271	80	351	669	701	322	161	146	449	881	585	192
306	849	867	505	405	828	645	426	409	365	381	97	12	291	467	390	253	107	734	845	851	42	624	685	71	558	668	666	744	375	543	813	477	274	413	768	743	470	370	63	345	887	197	832	884	252	704	181	713	219
880	805	625	4	771	156	204	51	15	450	275	433	117	549	804	656	632	605	298	20	657	244	756	683	606	649	132	670	786	507	600	735	725	22	838	347	179	684	501	213	23	626	321	180	752	454	17	822	422	224
559	848	871	441	529	541	708	757	579	471	697	435	68	601	264	26	774	177	593	551	458	278	286	93	879	389	590	758	245	25	194	91	150	216	39	566	595	841	206	530	535	739	480	109	493	188	400	689	510	303
336	561	827	440	537	821	56	374	612	650	341	424	706	718	333	644	659	86	48	497	775	246	62	218	711	361	284	260	748	800	339	869	847	705	703	82	485	338	576	18	114	457	165	829	658	96	228	584	36	664
227	727	547	349	483	279	859	251	77	539	631	536	100	92	883	309	876	337	574	113	300	235	131	865	475	73	258	301	414	602	432	7	633	648	69	205	202	158	418	373	802	232	824	749	788	320	119	724	503	592
266	411	297	404	330	64	688	502	159	55	45	144	777	514	308	343	763	652	257	410	747	21	737	803	766	687	795	98	443	868	599	742	155	622	764	793	408	217	806	307	489	183	498	516	201	479	785	439	168	581
459	680	525	677	638	128	720	1	152	407	52	448	428	511	750	784	139	819	281	366	265	615	695	255	492	299	283	359	10	105	102	191	730	482	430	95	46	326	387	878	700	151	175	877	491	276	392	783	37	72
166	453	74	663	130	699	0	548	397	640	401	419	315	78	423	623	273	47	160	115	391	412	35	463	846	468	280	630	550	671	610	607	679	371	176	857	676	225	522	53	123	29	178	447	261	111	634	518	526	508
360	723	572	780	399	329	247	90	242	170	759	138	714	620	59	262	830	421	818	740	162	460	287	295	402	313	534	104	293	455	288	438	364	211	157	864	790	533	324	855	564	302	860	429	94	367	210	796	596	583
395	873	693	641	328	233	486	76	776	520	99	643	200	256	540	403	290	852	241	58	40	186	862	65	673	456	799	8	353	715	678	651	842	207	801	856	417	762	833	808	379	770	431	469	563	589	384	24	490	653
60	193	544	215	229	223	674	444	79	312	296	378	171	415	733	672	198	478	5	619	163	383	118	221	567	874	861	570	382	578	182	506	154	675	875	89	368	655	580	87	552	356	425	769	598	761	396	527	636	528
209	124	754	332	789	292	495	629	575	692	108	461	866	358	195	872	451	41	617	376	208	187	145	556	586	38	863	481	476	850	465	269	466	81	472	840	335	362	736	738	184	647	226	352	13	616	318	707	67	199
820	272	11	137	588	33	116	681	49	772	304	127	694	794	662	635	240	560	386	316	709	726	248	34	19	305	594	732	289	282	172	398	831	101	817	812	702	267	569	445	2	169	142	355	484	809	372	385	323	83
380	654	781	621	249	27	746	319	354	377	571	858	504	499	254	239	427	285	259	125	755	174	642	836	573	582	348	751	473	70	885	134	839	712	234	220	531	268	464	167	611	628	437	363	394	618	357	277	342	173
331	545	75	236	494	843	6	84	690	691	515	85	721	474	190	340	311	716	613	546	416	798	500	870	231	263	604	837	816	214	591	513	886	434	122	388	54	30	686	568	140	661	317	782	442	667	446	203	32	637
112	815	57	120	31	562	314	542	196	665	153	369	14	826	553	521	807	854	509	487	729	350	791	778	230	61	512	519	462	728	554	496	50	44	587	834	325	106	58	250	155	449	573	805	265	175	775	2	492	560
541	885	433	707	586	143	166	100	873	853	237	595	318	298	268	181	721	278	383	844	699	390	292	706	366	826	84	312	575	735	522	493	63	845	772	287	825	501	442	401	477	801	524	92	7	692	168	561	703	879
424	565	51	767	103	175	125	94	508	802	647	43	14	254	796	407	511	581	232	804	365	96	587	548	834	651	644	570	342	521	761	492	72	149	732	379	412	625	335	399	504	494	343	147	413	297	753	648	509	574
645	241	85	765	487	355	785	437	164	429	67	303	346	769	78	471	224	757	519	556	203	133	722	715	683	46	446	73	101	571	476	856	62	329	738	627	142	9	243	99	459	689	667	755	832	42	240	790	324	257
122	543	529	566	285	321	456	678	676	577	382	598	32	408	208	170	725	713	810	272	129	245	234	626	763	848	467	156	308	255	265	465	636	58	34	121	202	441	578	777	425	850	518	176	696	580	56	516	102	663
729	374	213	185	631	91	371	29	653	421	776	117	526	222	815	16	330	290	279	491	341	145	118	282	211	855	811	670	792	22	288	320	411	50	447	822	531	870	585	378	263	671	694	592	800	540	719	60	161	231
538	64	502	775	24	4	171	563	506	196	409	632	350	712	207	314	86	135	273	36	182	784	662	294	656	127	496	780	463	573	867	851	438	334	307	812	326	126	169	809	514	646	558	327	423	568	144	179	204	244
475	813	698	847	609	786	37	368	797	15	201	52	106	877	473	210	470	454	633	358	555	271	296	789	612	742	882	381	507	25	655	745	635	460	600	602	637	829	422	747	115	613	150	140	440	887	165	830	250	886
770	642	214	44	192	841	749	654	416	123	76	301	615	104	397	190	621	605	530	27	630	520	705	247	384	764	741	819	12	180	579	48	276	66	172	854	323	880	57	148	138	593	49	622	405	866	640	299	726	111
20	760	523	682	542	61	684	807	339	803	130	163	461	178	400	54	221	377	267	13	5	611	884	107	93	217	547	187	560	132	225	500	727	197	449	723	218	177	87	704	828	253	347	18	601	731	419	589	26	261
184	817	533	614	354	345	557	116	740	238	404	11	553	167	436	230	353	716	367	311	215	313	864	75	881	554	779	322	394	189	658	119	590	773	393	564	361	195	858	821	852	81	545	33	340	874	754	861	31	483
183	402	124	537	618	17	859	305	289	660	690	691	415	583	485	109	236	406	805	596	223	364	152	90	634	638	112	357	486	693	480	717	710	275	151	153	677	728	188	628	344	306	849	2	479	3	857	264	158	315
791	77	544	539	200	19	610	744	860	41	430	186	814	242	227	720	752	701	448	363	205	249	711	510	284	862	624	159	281	623	751	649	114	503	872	567	40	572	388	141	337	59	8	591	191	484	35	871	452	674
478	528	98	534	351	823	216	839	417	88	512	673	349	396	310	588	387	444	569	643	270	795	375	39	843	80	525	718	134	392	82	432	295	362	665	840	657	619	376	69	464	743	695	228	762	799	488	702	74	108
827	771	146	489	685	262	831	259	6	258	818	431	756	466	389	1	256	369	420	808	788	878	333	462	863	824	458	386	481	639	604	391	380	300	220	89	837	750	700	505	708	661	418	497	317	83	328	120	435	778
136	474	733	445	650	385	302	155	428	304	679	469	664	451	71	746	434	846	806	652	427	23	65	582	68	246	0	426	681	659	739	274	160	597	336	680	53	97	629	687	603	513	666	669	499	209	360	309	675	599
816	70	229	594	714	697	515	356	291	280	110	781	869	793	532	549	113	535	783	252	616	758	235	836	641	608	668	748	372	768	495	838	709	128	546	759	47	45	559	536	316	283	414	79	876	162	139	10	28	450
95	868	737	455	782	468	457	331	865	277	319	833	137	607	774	260	248	352	550	194	266	332	154	453	293	55	338	38	482	842	157	820	443	736	269	173	517	226	193	219	617	490	584	251	325	198	620	766	724	606
286	798	410	794	672	105	552	398	686	835	359	174	239	439	730	734	576	883	688	403	551	527	21	875	131	472	395	562	498	30	233	206	370	199	787	373	212	348	617	589	419	781	67	665	572	623	814	84	310	836
785	742	509	354	19	66	575	322	826	649	765	438	780	355	563	388	425	637	589	196	237	804	515	246	686	576	411	879	590	596	183	194	862	367	475	734	20	377	621	437	657	232	265	321	150	76	4	116	75	65
342	792	728	97	32	128	715	21	190	855	9	174	729	324	451	349	693	167	396	489	212	712	200	628	293	409	659	147	741	139	69	704	642	545	63	573	775	91	219	328	607	598	77	498	151	378	736	74	193	783
882	274	523	307	656	733	629	229	577	480	692	303	50	616	681	296	532	353	446	752	467	268	645	717	255	51	815	37	258	623	622	329	176	853	375	819	756	92	587	459	638	670	341	302	70	602	599	380	751	270
201	833	171	289	811	148	369	653	61	766	722	652	568	675	58	67	813	233	416	443	737	397	714	143	492	335	162	169	562	130	533	161	330	508	186	486	593	881	426	703	191	630	495	530	503	701	157	838	539	472
511	47	791	694	405	215	368	541	211	758	671	873	876	567	432	544	556	818	691	16	524	142	381	548	745	83	386	206	364	778	109	78	286	774	208	869	227	782	84	632	677	605	803	850	295	829	106	718	278	698
842	11	125	444	490	740	769	462	747	570	559	709	669	44	452	431	663	103	512	434	626	720	228	676	348	856	884	72	261	504	371	56	604	218	112	1	146	376	727	95	398	474	127	389	231	343	770	699	814	465
408	42	501	721	837	477	448	646	529	620	546	41	821	863	29	247	108	479	310	487	320	264	823	784	527	724	318	723	401	35	808	43	280	160	323	137	537	64	121	695	8	586	407	399	285	24	283	96	558	731
796	262	739	631	685	259	442	836	550	484	249	683	874	133	273	182	413	48	31	713	482	555	499	114	612	404	73	36	466	222	516	526	749	2	428	30	795	284	351	860	115	481	155	326	665	493	216	800	885	705
859	730	391	831	521	471	209	797	0	851	463	308	52	847	33	385	461	802	865	136	627	542	277	26	658	119	455	520	660	332	188	522	429	772	725	85	433	118	94	779	565	288	257	610	46	38	674	366	651	761
292	640	189	505	750	420	384	798	390	624	250	552	668	848	613	345	518	419	395	866	427	680	129	673	23	291	360	214	100	531	569	538	572	34	124	312	877	57	619	122	198	170	315	762	104	230	357	707	456	517
578	436	684	584	225	337	6	702	767	768	224	592	478	226	87	90	316	197	867	678	135	45	635	54	382	28	606	113	132	776	832	102	787	131	333	857	306	248	117	700	111	502	872	755	304	336	597	603	422	271
350	244	639	688	181	711	145	179	748	588	457	625	810	325	794	763	600	496	843	305	410	251	445	738	491	430	266	338	788	824	825	192	53	547	732	641	513	418	435	12	243	311	840	361	363	439	841	154	514	185
594	393	696	281	82	760	240	617	300	327	110	25	272	781	205	245	334	173	744	871	441	282	18	719	294	80	777	870	469	89	771	636	655	99	453	845	164	126	601	773	347	506	421	464	356	22	79	582	528	71
644	753	687	379	697	817	269	253	839	710	158	500	423	144	754	608	868	403	10	234	344	447	340	298	583	634	204	618	615	834	591	424	650	579	359	313	17	574	276	373	854	561	49	743	372	585	123	806	449	609
3	807	564	560	256	875	726	595	682	14	166	68	483	346	352	223	221	27	400	217	551	370	519	165	549	543	287	858	235	60	279	402	662	554	706	241	764	180	786	536	301	799	383	690	880	476	314	105	812	387
580	202	141	816	365	339	394	153	62	134	101	614	835	460	611	275	828	883	178	309	175	510	195	633	238	40	152	666	55	708	793	374	88	488	299	497	566	184	735	159	679	331	540	789	473	507	571	887	647	440
187	886	805	236	844	809	220	648	297	746	553	5	13	199	260	239	156	242	412	458	643	213	120	86	149	207	172	168	406	392	667	535	138	827	689	661	203	878	98	319	177	654	317	254	470	263	759	15	140	107
581	454	820	664	849	822	290	716	39	557	485	414	468	163	852	7	534	757	93	494	525	417	358	672	801	830	59	450	846	81	861	362	267	252	790	210	415	864	723	806	757	789	548	543	229	212	730	654	558	241
737	233	873	84	166	625	440	290	669	836	211	384	89	86	164	28	311	79	365	355	690	619	64	157	263	654	479	174	194	19	231	255	538	716	276	741	108	846	55	372	313	589	176	835	351	486	700	648	814	520
183	314	557	420	436	306	484	783	80	192	501	197	170	717	735	137	181	149	177	749	273	51	470	540	128	616	123	686	793	296	659	704	856	532	611	140	713	645	852	106	462	146	450	364	347	295	134	74	426	469
801	730	212	261	368	339	784	506	33	114	719	131	377	724	225	277	624	692	607	701	708	696	558	299	199	26	139	747	458	172	75	404	30	127	527	435	817	361	763	58	834	496	416	2	627	267	7	612	548	221
523	202	376	193	95	77	253	867	672	734	509	48	242	349	781	124	287	629	357	144	751	94	213	226	739	185	1	286	841	744	438	488	552	309	422	761	697	573	885	402	427	712	666	773	132	760	53	12	154	766
327	512	516	715	265	324	303	718	195	294	872	562	576	329	551	25	613	52	36	723	830	691	243	746	8	590	682	104	369	378	526	826	145	281	622	633	254	556	848	171	210	403	150	392	419	251	318	816	100	65
182	257	358	542	395	546	882	742	54	481	779	533	508	14	539	130	113	223	92	460	297	415	702	83	237	595	386	790	792	85	122	661	323	581	578	870	823	356	640	827	203	775	736	341	657	515	241	283	731	184
169	752	21	828	466	147	350	385	330	246	605	204	858	789	567	862	685	302	748	262	27	566	260	332	16	278	443	774	43	32	678	876	777	638	628	555	336	88	151	352	46	738	855	639	118	785	40	307	229	755
289	337	694	411	425	505	643	847	335	869	342	656	534	227	44	797	698	359	190	727	99	559	34	709	417	728	472	235	345	148	218	782	434	765	240	762	535	214	655	205	6	537	331	531	618	646	676	594	857	298
18	461	811	478	71	191	280	831	758	833	196	489	201	138	819	249	649	600	529	20	528	803	115	608	560	239	491	603	703	806	200	493	714	288	652	464	383	794	465	112	4	651	178	878	275	689	754	617	272	41
750	446	445	721	866	597	409	550	650	394	711	575	675	653	665	599	778	135	325	344	129	454	606	375	463	387	78	743	22	610	62	72	577	580	757	726	155	111	119	513	598	767	861	679	316	541	547	553	842	363
10	849	258	126	3	160	668	875	504	886	769	482	601	860	353	371	50	592	245	680	815	807	525	818	45	759	519	439	35	510	583	167	308	228	585	480	120	706	764	874	66	825	220	810	398	517	449	561	839	514
161	503	15	630	840	471	473	69	396	346	725	498	219	483	756	431	247	401	102	292	799	670	602	232	24	348	421	125	877	524	468	49	73	300	808	437	354	677	662	507	570	829	813	5	362	317	442	101	820	641
574	82	477	733	380	441	374	684	614	647	804	198	626	664	250	837	424	455	554	511	285	23	206	621	596	186	153	544	536	268	328	187	266	429	293	388	584	284	788	381	844	499	244	175	259	271	812	644	310	274
432	63	397	660	173	865	845	809	279	389	710	579	304	215	224	379	236	156	495	143	796	850	312	70	549	453	674	391	565	163	521	393	838	319	87	321	59	39	38	217	884	234	405	658	522	433	60	795	116	802
430	207	568	256	444	418	81	492	179	162	31	400	248	683	252	399	301	663	631	771	632	107	805	745	9	98	97	91	61	410	103	859	487	800	609	208	158	340	729	497	871	406	457	588	475	571	740	343	29	390
180	367	490	428	141	68	883	500	11	530	868	408	57	880	320	96	452	770	582	474	360	637	851	121	695	780	456	188	485	776	382	216	881	447	189	222	518	366	0	821	563	373	502	572	620	667	407	326	423	305
42	879	67	634	136	832	152	586	636	414	451	705	494	545	587	165	105	843	699	564	569	543	687	786	333	822	854	768	110	370	412	168	673	753	338	291	615	720	269	117	787	722	476	142	798	334	448	864	270	693
282	707	413	47	681	93	863	238	593	772	230	467	17	591	264	791	732	209	90	76	887	109	623	37	159	56	853	642	824	604	315	688	13	322	133	671	635	459	790	185	651	611	528	191	585	266	551	481	736	111
682	450	748	640	190	350	47	806	340	90	492	353	758	135	572	305	18	579	407	741	641	757	165	500	126	106	538	368	445	402	29	199	727	177	661	488	55	837	626	6	653	210	504	664	660	671	816	817	250	503
75	72	240	235	264	631	742	618	104	50	43	383	886	166	299	803	681	428	437	608	872	820	767	205	531	502	364	770	729	69	421	208	662	134	171	829	605	306	222	219	562	409	180	88	1	232	39	508	252	576
862	798	99	203	533	167	519	536	128	286	728	377	349	157	391	429	790	459	756	342	397	292	448	38	885	446	131	637	341	871	4	594	595	690	212	493	111	471	100	351	552	237	83	430	64	262	348	577	411	881
456	434	574	188	458	534	127	835	561	518	36	483	485	214	316	94	734	373	175	81	117	570	381	24	79	150	96	585	209	863	406	673	651	645	121	109	543	327	390	169	89	560	200	260	732	516	765	413	523	581
684	672	105	181	676	405	309	600	590	213	650	720	394	230	324	887	704	771	774	601	67	847	141	799	427	753	46	293	733	63	198	289	54	431	87	633	147	138	398	218	769	215	110	529	544	386	528	841	416	22
850	652	30	173	831	722	78	875	584	460	144	568	521	778	362	586	160	284	804	98	726	82	107	51	223	489	627	302	801	45	27	304	20	481	452	708	249	735	80	229	243	698	444	334	749	319	707	513	795	192
494	822	376	571	42	19	809	845	882	346	298	762	788	832	13	814	193	379	93	335	712	441	794	271	336	484	781	787	255	176	669	775	197	475	295	97	478	332	58	545	797	470	622	389	370	537	644	635	48	691
526	220	583	403	454	132	360	792	0	649	297	592	810	387	606	53	557	290	245	760	623	864	382	451	333	179	805	455	3	499	108	206	244	145	614	115	754	23	479	225	330	793	647	497	355	367	659	435	515	345
840	9	359	851	464	388	186	227	34	338	76	120	325	495	40	139	738	352	473	142	10	830	589	420	818	763	257	694	380	247	721	868	876	836	702	821	392	123	730	408	133	189	103	654	412	706	532	713	542	129
371	254	77	425	326	146	610	7	426	714	507	705	678	687	442	400	677	849	114	226	869	860	8	399	101	501	270	308	224	161	632	549	140	307	275	174	826	246	231	419	461	776	233	745	86	467	648	436	323	551
314	291	170	877	824	375	16	278	692	582	665	344	625	657	256	95	616	234	152	558	685	52	125	796	273	469	878	602	759	277	172	423	812	563	598	49	514	201	773	149	870	59	17	282	833	315	261	310	884	228
846	815	554	238	476	719	588	143	253	859	638	597	486	272	520	12	92	263	300	613	853	527	472	477	724	242	717	85	525	578	102	580	668	620	357	856	356	747	496	718	414	857	517	21	401	463	404	607	628	802
629	303	236	564	565	612	573	711	791	848	656	74	567	276	643	839	680	546	280	185	777	285	283	163	819	693	462	490	183	447	35	639	15	744	880	296	710	422	288	73	331	842	424	151	182	60	57	780	596	396
540	823	737	70	395	14	159	137	593	118	505	751	153	808	674	217	530	609	294	743	548	670	195	204	457	11	522	827	339	116	480	695	239	569	498	509	361	736	482	418	663	358	487	566	506	44	266	701	697	838
764	26	785	184	696	634	343	854	603	267	281	124	784	617	393	251	321	466	752	615	739	211	786	31	642	866	474	807	164	512	755	604	384	535	130	56	700	2	440	667	268	196	699	703	363	265	683	5	825	91
709	155	269	686	84	259	312	71	575	449	33	465	258	25	688	511	591	207	675	148	510	274	366	689	541	28	168	374	646	559	194	524	858	658	66	636	852	800	191	369	354	746	443	287	874	365	432	433	410	378
679	311	301	783	113	834	41	789	468	329	843	761	317	187	438	768	372	37	611	202	122	491	328	385	136	723	539	322	655	221	630	439	666	162	158	766	313	318	119	65	873	417	32	599	750	415	879	725	154	550
112	865	547	556	279	619	347	844	553	740	216	555	62	779	453	731	813	621	861	716	811	241	178	624	855	68	772	320	715	782	587	828	61	867	337	156	248	883	8	475	474	9	159	764	646	371	834	622	243	195
536	482	455	423	450	741	61	140	214	485	533	335	517	538	338	204	881	663	443	142	395	222	299	382	541	744	806	442	657	871	842	531	479	456	556	810	607	40	106	699	304	386	473	668	869	603	595	195	847	446
539	73	163	751	799	313	358	210	48	809	555	839	606	770	152	9	705	67	557	791	793	30	185	580	447	181	797	827	134	14	254	340	212	646	500	154	493	409	521	265	45	256	399	772	441	819	683	588	516	119
306	51	384	285	99	451	403	653	118	873	490	886	726	688	411	609	615	110	351	760	243	559	44	434	674	322	612	168	311	308	240	172	360	572	860	377	851	93	622	353	618	5	837	161	414	756	141	274	103	634
639	346	774	585	848	777	483	880	190	845	200	654	586	68	56	215	11	574	753	84	392	747	829	182	452	600	459	558	635	217	158	131	703	363	877	650	597	722	189	445	802	70	43	404	820	714	231	145	664	370
846	679	171	519	120	417	361	326	139	570	784	868	433	405	13	515	700	389	393	524	208	46	64	26	372	430	278	74	475	371	19	54	582	821	501	87	269	105	638	429	149	367	314	293	887	702	422	187	184	776
396	262	162	85	661	745	258	117	420	498	697	216	419	616	375	830	394	689	281	337	836	567	0	318	364	49	354	510	758	60	569	263	36	594	287	232	344	850	410	730	234	376	228	735	305	133	147	701	391	540
6	55	323	226	368	815	53	104	862	828	790	677	546	704	166	494	601	644	812	218	554	355	778	415	167	878	648	477	194	766	666	671	801	27	249	266	199	709	20	733	750	457	102	107	268	80	883	665	31	206
77	236	78	678	165	334	589	863	248	113	831	317	867	174	135	803	100	350	96	620	427	125	619	112	132	418	59	738	246	235	348	857	731	1	844	599	525	710	672	789	180	303	630	577	858	611	138	416	24	626
497	219	804	365	633	617	640	436	693	566	277	388	548	374	591	169	512	28	128	549	872	817	669	788	489	592	301	732	37	655	855	251	838	762	115	136	825	151	242	175	641	300	18	432	282	398	484	537	813	528
465	82	864	69	157	130	543	755	718	33	506	547	72	81	294	23	624	373	453	660	241	856	191	288	148	153	260	458	823	17	122	652	244	507	694	508	764	811	461	173	861	757	401	625	177	123	754	834	526	565
859	76	209	42	150	327	782	94	178	201	513	553	492	605	550	35	761	496	542	879	629	29	15	444	224	780	332	146	656	502	563	380	71	237	454	342	631	875	90	92	339	101	275	8	86	400	297	95	690	826
38	91	186	207	280	164	795	835	283	511	870	253	176	179	698	16	575	544	460	276	349	469	593	267	682	286	464	341	407	520	711	692	329	425	876	183	144	843	347	383	230	62	302	160	786	7	583	658	225	320
471	468	402	759	509	768	121	325	787	748	590	426	503	532	596	170	192	560	366	746	385	627	435	686	273	298	785	491	32	387	719	193	336	608	79	773	651	808	238	220	571	822	57	312	578	289	202	742	564	681
438	343	852	798	357	807	197	408	781	676	691	63	573	779	437	673	495	83	721	196	534	272	390	708	470	737	637	362	88	814	724	89	127	229	143	568	39	463	397	805	576	647	579	712	729	636	205	58	239	685
885	504	124	713	316	763	707	129	47	295	866	406	854	467	431	252	522	486	723	562	613	853	356	587	645	649	255	34	462	98	727	706	369	155	684	2	796	381	739	800	818	223	309	108	198	771	111	687	610	480
720	884	514	328	752	264	488	602	561	4	116	3	743	581	424	659	728	769	290	783	259	211	41	213	478	310	449	126	696	680	667	97	315	628	472	476	736	330	319	413	816	233	75	271	716	749	552	109	481	22
66	296	188	203	632	474	448	292	487	440	840	670	715	345	284	623	50	874	725	245	614	257	227	643	279	156	412	439	530	25	137	378	551	250	792	824	717	159	333	421	832	359	466	767	379	12	598	21	428	642
621	765	331	10	527	65	261	523	740	518	695	865	833	675	505	321	545	882	662	529	584	324	52	841	604	734	352	499	270	307	849	291	114	247	221	794	535	775	404	786	884	883	585	16	78	49	69	134	494	380
687	732	773	849	62	356	52	2	32	226	500	607	752	592	768	293	462	790	81	883	776	573	787	636	543	46	785	255	750	80	584	420	797	751	746	368	845	440	811	231	755	689	297	303	278	71	30	443	259	127
594	249	545	515	455	830	470	702	736	691	327	659	116	97	508	339	341	673	415	713	213	61	855	475	185	449	135	512	69	157	267	141	14	740	344	433	701	120	589	595	131	479	36	671	39	447	33	270	151	597
229	161	465	525	870	160	317	619	459	657	328	424	144	391	846	291	738	518	572	374	188	7	305	633	529	581	885	82	562	203	318	563	350	754	629	432	275	140	224	474	815	843	566	887	791	482	138	153	580	22
402	9	516	286	842	166	359	414	729	561	583	279	227	237	148	42	8	717	698	839	313	75	647	863	37	611	134	514	201	5	238	410	40	63	820	456	539	826	23	551	813	20	169	652	132	363	831	268	119	106
427	661	648	66	523	384	337	653	565	107	631	721	431	556	874	537	395	392	707	442	645	834	86	612	777	26	163	12	676	590	386	760	326	837	603	576	45	644	110	571	775	786	766	560	685	197	535	377	136	605
290	528	179	257	425	397	709	411	164	193	176	609	822	534	111	498	819	375	372	139	627	854	389	122	54	218	137	357	623	272	347	361	575	114	725	502	876	783	208	877	610	616	211	250	824	25	808	577	47	782
217	58	253	637	85	536	585	204	483	109	762	693	10	517	745	632	599	598	189	780	481	256	758	626	679	526	643	457	362	639	833	492	851	422	333	78	471	801	192	84	848	696	827	507	329	484	93	15	177	450
541	403	553	788	618	695	409	263	521	503	769	41	547	202	73	156	19	209	330	172	124	417	761	454	519	49	241	310	423	178	190	665	836	821	650	399	264	311	463	320	162	803	244	115	548	823	448	664	385	878
416	234	825	94	183	125	276	570	688	683	829	542	358	718	56	280	527	258	299	568	859	578	490	59	335	852	615	175	3	68	261	353	315	50	306	884	150	88	304	708	737	421	487	460	832	349	43	654	113	640
351	67	847	165	544	677	579	191	60	210	376	336	757	408	558	602	608	348	342	352	396	18	232	51	867	281	170	742	540	604	401	587	630	546	301	871	586	485	538	53	404	473	240	283	582	634	805	436	100	596
11	524	158	235	703	65	159	308	464	230	57	354	478	549	672	262	574	199	429	387	24	513	233	83	314	274	219	104	146	714	248	294	784	613	216	466	720	800	367	700	87	591	559	152	850	345	567	292	435	844
334	407	143	154	108	658	749	861	756	1	98	445	606	809	413	504	682	186	338	802	102	710	206	325	55	509	112	167	428	187	495	799	796	312	182	461	748	360	588	437	730	601	866	323	669	879	467	651	254	668
694	765	532	76	35	642	781	621	727	223	674	296	0	288	4	807	27	355	856	810	869	90	868	792	488	101	79	497	458	770	862	706	684	881	617	168	239	723	522	145	31	295	324	472	493	251	6	343	733	491
452	469	149	686	130	382	480	666	96	763	510	133	873	406	486	184	194	818	772	277	520	798	774	242	38	795	554	530	690	221	734	716	419	655	441	418	381	371	741	400	705	74	712	373	620	379	366	77	64	388
735	246	243	265	641	494	759	129	117	236	228	383	649	180	289	680	731	646	380	252	220	390	171	624	614	319	126	173	880	298	340	174	365	196	200	307	269	103	628	743	147	764	699	207	118	468	638	739	332	622
284	378	697	789	704	767	675	779	453	793	331	439	70	394	531	860	564	426	505	13	499	667	17	364	28	496	882	489	198	92	681	816	195	300	625	804	476	865	48	552	215	506	245	663	369	72	662	670	260	828
16	817	840	858	875	34	557	722	370	222	692	569	446	778	430	155	99	121	89	214	346	555	393	322	719	285	753	835	444	511	282	715	857	205	91	593	44	872	853	128	838	812	21	747	438	405	724	600	321	316
95	477	678	771	728	123	806	271	309	212	864	841	726	225	398	181	266	105	142	412	711	635	656	273	814	434	794	287	501	886	29	247	550	451	302	744	533	660	649	554	419	496	774	653	589	343	314	128	152	9
776	686	730	504	789	523	581	718	646	616	857	27	366	86	541	372	221	836	771	549	332	664	708	806	835	500	275	46	103	253	503	734	638	612	318	335	138	334	126	21	853	352	696	640	140	645	39	399	606	167
219	840	844	592	356	142	884	14	689	623	43	299	796	28	60	51	625	119	228	692	3	250	659	705	485	882	266	420	823	657	637	831	665	65	444	7	685	636	382	230	134	762	435	446	856	413	137	828	185	511
32	777	757	797	560	10	767	104	752	843	212	285	506	16	360	833	122	661	704	177	808	205	779	528	749	361	441	802	256	237	87	525	269	5	583	73	556	532	861	310	312	674	347	190	875	40	408	401	217	255
497	405	35	12	652	874	687	53	211	621	342	546	68	112	651	75	238	265	467	855	52	247	706	116	772	313	744	582	429	389	188	130	479	510	711	331	254	881	30	604	671	78	647	432	292	300	607	453	62	764
507	328	1	309	59	539	316	216	376	721	832	590	37	200	481	390	649	169	719	362	38	311	323	482	648	642	526	750	273	274	723	735	774	398	814	270	156	469	786	491	324	168	306	428	862	249	430	868	827	294
8	337	887	609	197	196	496	489	99	181	488	115	127	63	233	462	276	778	307	11	146	803	315	850	865	859	760	394	540	153	305	509	472	289	0	554	192	226	161	586	400	628	355	136	617	691	339	769	97	712
466	867	700	74	174	775	873	688	572	885	768	834	690	293	147	277	632	849	545	611	143	883	559	624	411	326	839	841	2	596	643	6	681	501	220	301	55	537	245	218	258	72	184	297	203	761	737	544	724	155
666	631	677	533	564	71	680	815	321	741	284	699	431	746	364	47	145	461	48	396	739	69	438	872	707	210	325	351	639	296	375	451	279	620	124	812	9	42	443	173	555	758	403	101	726	755	440	409	131	348
558	542	819	329	387	94	717	278	852	622	455	650	374	15	41	567	215	536	170	80	578	538	179	282	381	502	454	385	522	449	392	424	386	4	260	66	157	518	783	863	804	379	236	658	189	484	132	397	742	476
406	530	568	442	811	380	529	847	662	456	810	369	44	393	795	231	159	505	781	22	29	186	330	547	84	766	345	319	824	669	629	213	471	837	13	512	694	67	187	473	77	422	663	383	709	869	458	202	801	602
368	110	516	314	25	111	493	860	842	448	599	763	33	283	570	825	569	838	519	404	589	877	595	800	114	288	149	163	209	520	683	816	494	344	487	585	425	82	244	248	644	521	418	427	267	89	693	579	508	178
770	634	227	239	125	878	139	395	171	45	151	327	591	550	259	675	160	206	790	373	736	272	817	697	587	54	759	829	280	388	577	603	879	271	474	475	92	193	785	655	414	371	195	729	527	457	782	367	754	365
144	407	780	234	17	703	150	452	534	436	682	830	593	120	565	566	214	480	615	743	672	600	618	286	821	477	805	673	627	813	656	854	304	121	459	573	263	257	668	350	543	98	340	793	714	198	725	50	302	64
336	460	194	626	88	728	79	740	791	799	31	756	57	162	133	243	630	225	826	820	26	268	100	152	610	359	605	619	204	748	575	298	377	720	416	794	654	713	415	320	303	597	370	787	660	83	391	252	176	118
91	90	242	410	880	470	19	108	486	135	423	56	588	531	49	353	548	580	358	338	76	450	240	733	614	513	433	85	866	773	576	463	229	676	563	468	851	871	109	702	384	864	207	698	846	349	465	722	241	164
524	158	308	765	208	822	180	182	417	322	128	557	224	261	667	498	514	598	281	295	102	701	357	679	633	499	601	105	222	490	107	175	437	727	447	235	58	426	20	747	478	166	363	562	745	61	517	809	584	751
551	439	402	341	738	287	715	492	165	141	464	412	191	716	290	613	608	251	264	678	421	552	154	653	695	24	123	34	876	807	36	574	199	23	495	343	106	317	346	183	710	445	262	886	246	753	148	684	113	81
117	788	333	535	96	201	223	172	354	784	845	792	818	732	129	561	483	18	95	70	291	858	553	515	419	93	571	870	635	232	798	434	731	848	594	378	670	641	250	393	476	697	791	599	205	480	845	768	311	478
613	827	241	559	40	159	420	389	821	451	72	189	624	405	0	387	203	285	511	547	80	434	792	709	554	418	877	727	701	194	500	235	527	542	649	800	416	376	15	467	785	371	565	247	786	470	867	67	864	187
854	581	509	253	243	212	472	270	200	869	714	522	742	348	136	176	174	57	545	852	741	513	552	338	488	772	445	137	841	117	181	388	61	462	90	205	177	477	109	50	503	557	758	597	113	43	151	158	209	759
431	683	12	59	46	216	254	616	402	699	659	717	505	145	16	4	47	56	739	580	734	213	65	684	718	249	248	706	582	878	164	556	724	66	2	612	313	871	368	793	38	340	728	593	876	692	746	550	579	820
409	630	245	58	459	293	358	665	586	126	353	237	641	843	673	206	351	574	308	840	179	551	790	482	79	606	885	197	102	583	430	41	686	324	536	658	214	316	839	828	611	346	331	37	39	106	681	715	857	491
622	861	795	372	680	280	523	77	407	846	738	183	125	152	128	28	720	291	344	446	860	448	44	490	569	175	51	661	862	426	655	26	427	753	483	396	356	814	123	835	374	532	413	847	540	204	506	393	275	201
256	474	171	855	82	269	600	89	479	369	823	663	268	127	881	266	45	646	806	5	94	875	395	874	289	112	887	381	607	259	105	186	229	100	48	279	703	745	713	609	162	870	367	333	76	342	775	343	225	403
219	802	18	517	377	319	303	86	566	590	818	302	494	231	10	92	819	399	83	568	74	778	498	520	782	667	184	707	481	408	139	167	207	639	856	392	404	763	155	647	495	336	774	872	497	458	301	287	687	721
544	708	97	526	660	332	273	825	440	496	172	558	414	238	521	334	771	49	648	320	217	664	101	643	355	809	508	21	87	138	265	766	853	512	366	831	34	202	518	704	325	258	441	221	633	631	131	570	603	598
215	638	276	432	31	350	516	226	24	429	278	591	695	261	850	362	306	456	365	373	528	601	656	736	651	575	813	829	122	119	604	682	799	553	363	386	452	614	832	321	747	140	487	589	657	379	653	454	198	69
35	3	81	345	415	339	147	826	116	267	705	791	564	599	144	236	833	464	626	654	364	555	335	360	260	635	255	810	129	824	628	142	317	244	328	461	619	592	710	436	341	93	153	8	322	382	670	698	761	726
