0,1
954	299	177	799	909	179	675	294	629	986	11	315	955	235	842	663	16	754	617	546	953	411	651	719	643	280	757	121	883	437	577	658	419	252	181	442	538	823	479	250	959	879	940	631	64	349	171	939	233	43
191	155	922	946	211	882	588	354	473	788	926	120	353	27	222	230	891	139	22	172	358	284	329	686	463	562	625	885	195	249	759	378	948	555	507	659	508	770	673	614	612	131	384	142	441	815	696	264	325	274
752	429	45	859	567	486	811	1	998	307	520	707	994	852	566	285	618	334	415	444	88	52	710	75	635	593	678	621	374	138	68	816	304	240	497	769	173	767	1000	887	443	920	840	92	601	573	866	196	649	518
153	104	610	821	729	843	712	664	298	905	386	889	688	6	218	858	271	938	450	484	193	335	800	529	778	85	261	34	124	456	743	176	513	449	564	572	980	667	827	841	31	720	845	862	379	947	381	580	244	277
192	957	929	524	188	194	482	773	431	248	592	425	739	12	225	345	609	787	687	817	223	539	838	820	781	375	39	833	174	594	428	190	830	143	398	485	857	140	300	414	203	452	487	544	408	548	94	970	57	951
217	751	958	197	163	646	642	693	559	152	753	318	709	116	305	730	584	706	789	295	410	167	944	30	413	611	37	100	525	245	80	907	84	501	500	287	650	242	735	157	975	639	876	669	323	438	604	35	547	806
293	418	260	902	620	666	99	78	132	87	292	339	237	775	108	894	579	175	326	491	763	855	161	387	448	897	254	504	440	475	7	141	370	581	183	703	102	322	399	56	483	33	126	721	60	558	679	184	309	901
839	684	262	361	676	417	633	20	220	392	623	828	302	159	47	403	694	278	166	917	734	565	169	445	514	647	492	351	147	596	927	115	969	24	722	835	65	761	76	603	276	383	272	447	982	311	634	28	202	164
69	871	628	97	622	130	740	1002	877	367	96	941	273	836	224	568	303	499	426	151	578	738	776	590	402	110	519	21	170	511	916	829	814	72	654	215	819	768	960	105	10	808	531	968	91	536	228	908	981	259
114	863	576	869	341	711	619	317	813	29	389	748	832	582	495	467	199	742	983	661	615	396	257	133	861	282	231	236	457	109	462	372	672	850	726	810	407	918	510	238	837	296	892	824	973	809	537	466	626	602
723	984	803	613	489	229	728	764	107	253	641	377	70	705	570	390	424	701	333	435	638	792	569	807	118	336	154	700	972	772	737	136	873	50	241	849	98	585	451	699	83	598	405	61	146	400	162	59	306	3
714	822	765	119	210	509	900	702	266	794	129	279	522	81	786	974	469	178	911	872	571	111	924	695	14	214	600	327	160	476	990	458	26	934	692	896	912	750	25	930	846	704	49	439	38	937	586	744	962	992
343	724	312	549	66	205	494	874	226	481	289	433	148	478	301	227	149	212	101	1001	854	605	587	332	488	637	963	23	718	113	812	308	950	1003	731	999	365	560	550	928	893	844	63	517	851	219	870	460	58	2
208	599	477	685	391	880	505	275	348	106	541	923	198	17	805	790	575	281	352	988	636	956	532	359	187	207	165	682	904	269	616	774	288	698	782	251	512	36	394	297	19	310	553	267	112	697	632	291	903	644
890	189	247	5	660	563	867	716	145	471	204	878	910	397	316	432	943	533	362	802	931	127	561	793	853	314	423	331	656	552	404	474	368	884	847	42	388	117	493	270	324	964	0	9	55	906	791	921	455	991
595	936	717	319	385	556	993	434	18	898	966	186	86	795	503	46	168	674	875	221	945	436	826	961	987	952	831	258	137	330	376	454	158	708	180	521	771	32	150	263	777	103	347	551	540	350	727	516	681	965
213	465	206	665	997	542	255	412	328	725	648	583	346	886	427	848	680	989	741	736	683	607	779	421	470	627	459	888	373	48	976	506	589	758	895	82	355	95	446	67	834	608	534	766	422	380	756	201	357	671
128	144	401	209	286	498	268	90	41	935	745	337	416	971	234	366	53	690	785	243	79	51	526	899	338	340	784	797	515	535	640	677	713	557	914	865	747	313	749	554	232	913	591	185	995	62	480	732	780	624
523	662	746	597	246	134	655	915	461	783	360	290	182	364	818	856	932	933	4	645	44	472	864	762	468	801	796	715	135	430	657	942	977	71	630	464	949	15	393	216	74	668	979	760	606	919	406	967	93	530
283	804	825	543	321	652	89	670	798	342	860	653	382	409	755	13	453	77	978	691	689	868	200	545	574	122	363	344	54	395	239	356	528	371	420	502	40	490	256	73	8	881	925	496	733	985	156	123	369	320
527	996	125	265	759	418	207	119	174	432	176	158	575	978	465	245	317	675	788	396	890	69	973	703	547	391	737	306	926	37	426	863	42	155	36	364	304	917	26	843	906	8	564	370	695	115	642	844	443	735
323	102	663	698	264	246	868	791	462	216	795	779	51	494	385	814	832	29	335	356	842	454	218	564	605	969	684	730	383	499	304	763	380	456	931	588	502	833	326	98	742	557	514	798	921	575	559	400	513	387
480	175	617	856	852	37	979	498	2	469	180	136	292	733	948	804	472	235	230	641	722	183	212	286	620	419	790	437	492	429	101	675	219	275	329	489	148	449	88	676	689	403	718	767	85	316	196	237	95	546
470	432	397	811	150	487	35	576	775	839	731	313	759	909	283	267	53	3	768	458	45	353	386	589	138	395	272	510	537	174	843	465	726	233	200	84	268	968	453	294	250	355	830	894	307	939	810	566	229	484
40	645	365	954	548	825	423	392	341	333	110	901	532	398	28	147	431	144	263	834	407	786	408	869	57	978	758	885	176	125	346	379	858	90	809	376	73	764	838	103	479	808	405	678	784	690	889	241	840	172
334	719	482	744	747	774	592	593	373	926	649	543	582	68	972	865	917	963	570	695	682	91	611	81	701	154	293	324	126	285	512	64	105	280	667	686	27	919	777	134	871	132	903	466	311	308	741	347	38	806
210	916	677	879	994	295	179	16	9	614	276	783	619	388	322	740	225	549	756	604	778	22	178	446	496	997	439	422	539	161	409	447	82	474	226	847	515	92	653	945	970	20	13	128	895	444	145	765	881	780
26	359	52	704	981	167	870	460	887	325	205	952	451	0	245	182	912	752	248	80	633	528	940	396	130	517	404	621	181	999	107	702	197	190	956	420	360	691	651	55	668	127	552	644	413	284	165	236	140	920
990	266	914	67	522	340	473	659	769	367	854	56	156	753	339	418	536	655	321	735	862	137	151	298	507	634	375	374	787	18	66	913	989	459	435	312	599	83	591	664	709	700	372	947	815	234	863	192	338	303
681	586	336	254	142	256	290	104	222	918	495	958	31	152	886	382	930	279	399	936	519	424	119	911	626	772	848	282	47	58	443	189	850	805	547	973	160	394	87	139	643	121	6	213	231	15	42	960	836	278
427	224	673	240	662	609	762	801	412	114	97	883	630	672	554	330	904	277	817	168	761	54	598	864	169	239	255	638	352	550	577	141	100	906	471	578	173	579	975	819	171	33	687	332	565	149	48	185	943	442
941	738	607	25	743	129	540	962	888	571	924	802	43	749	96	846	629	987	964	426	433	115	636	955	915	622	46	61	198	79	76	49	568	202	623	468	729	849	265	707	207	771	317	78	966	331	882	436	464	837
884	789	574	526	562	613	757	853	457	627	166	525	658	688	112	680	998	855	610	666	117	421	561	736	135	23	155	976	705	965	300	262	635	361	831	488	844	337	748	62	261	938	59	430	692	193	531	534	932	654
357	703	706	829	580	861	7	545	878	581	533	1	794	755	893	628	595	897	648	737	683	603	923	214	711	873	187	974	209	297	249	11	390	696	368	299	305	857	503	223	674	370	608	351	350	191	39	401	558	587
812	898	195	751	258	657	72	694	828	746	818	358	289	728	393	665	269	118	455	406	364	164	650	242	590	504	967	953	516	563	625	70	309	116	143	389	89	441	201	896	208	445	123	584	949	306	615	992	874	727
511	211	452	501	366	77	381	957	639	642	597	996	572	354	983	215	232	937	875	342	708	14	860	486	961	872	497	1002	797	71	567	345	560	530	900	822	509	481	867	153	17	685	34	270	942	827	908	951	274	766
624	745	111	75	773	553	86	500	228	327	928	776	781	529	302	800	170	527	944	927	699	823	320	656	602	991	632	50	5	252	199	934	63	710	697	411	671	984	877	328	606	124	251	723	44	296	652	131	203	631
782	524	475	712	866	485	253	163	669	12	982	391	792	122	977	807	995	959	184	950	640	616	508	227	41	907	841	146	660	434	271	244	478	618	106	188	739	10	661	993	770	257	273	384	596	281	483	820	734	646
438	891	344	74	467	450	260	448	343	288	980	754	724	30	159	824	194	715	988	925	238	60	793	859	24	750	601	612	287	902	410	725	477	542	259	716	880	720	985	378	113	521	585	490	8	221	428	538	415	414
362	1000	440	583	220	493	349	760	785	520	910	65	476	243	133	541	594	544	463	247	94	922	162	693	796	821	816	301	523	899	402	108	4	505	826	935	206	120	461	890	310	555	314	425	217	569	491	369	803	986
556	946	573	158	732	600	204	670	348	99	813	377	32	417	713	177	799	93	835	371	851	315	363	929	69	892	291	535	788	1003	109	19	186	551	721	1001	318	157	717	637	647	319	876	845	21	518	971	36	679	714
506	905	933	416	537	774	69	613	240	294	765	193	446	938	20	903	881	72	358	333	78	584	351	671	811	841	566	882	995	744	854	925	132	906	589	974	119	816	880	860	332	64	904	4	53	430	128	199	261	813
97	279	404	420	429	864	959	406	87	679	330	994	797	802	310	935	746	459	463	861	903	248	443	843	484	70	430	433	333	264	467	384	81	900	425	319	414	31	874	954	229	931	101	720	482	619	339	108	79	388
454	424	189	366	95	660	586	261	696	885	206	772	637	543	593	207	915	146	783	555	124	65	620	831	302	991	134	135	594	492	673	702	107	723	730	877	632	355	968	497	294	218	389	16	30	648	222	338	708	803
569	340	782	888	147	120	992	951	42	629	289	140	46	90	190	9	518	850	818	801	286	859	551	835	249	520	194	142	662	15	143	76	521	292	898	493	579	346	245	852	40	427	916	126	322	133	554	847	282	780
595	546	166	881	376	728	159	136	742	798	23	41	85	844	20	495	205	731	729	560	396	432	925	686	762	868	314	618	290	240	54	750	374	963	545	342	655	394	857	830	487	511	880	353	854	987	435	784	776	49
706	581	817	905	800	476	307	770	490	192	556	774	566	485	791	89	385	578	201	348	58	658	88	60	498	375	548	721	121	867	609	276	506	901	891	181	589	368	57	641	974	43	821	267	537	434	563	753	611	269
473	630	362	883	787	483	738	804	219	161	689	584	836	117	440	12	552	436	644	834	372	890	553	676	193	300	494	29	621	363	737	538	690	464	325	132	860	98	722	28	938	53	588	528	283	227	704	11	633	137
975	829	544	574	577	311	66	707	837	587	820	331	643	452	591	327	169	540	403	382	328	613	525	508	274	961	110	439	614	536	884	957	904	233	605	953	516	561	894	956	921	418	777	491	237	502	306	937	474	271
71	450	45	212	208	871	876	697	970	793	335	129	304	200	505	24	116	115	760	755	453	303	653	228	622	568	996	103	285	705	230	413	786	347	291	422	872	354	475	184	617	183	398	378	80	196	272	377	983	73
926	725	715	284	334	344	573	277	806	813	231	141	529	213	179	645	986	99	612	879	599	256	908	965	958	640	114	32	316	727	168	275	470	739	224	726	973	616	736	356	838	748	674	456	768	259	67	840	251	515
606	615	667	790	913	665	681	457	527	631	235	324	691	152	744	244	370	170	716	350	845	386	824	223	0	130	822	364	239	846	796	698	123	693	3	198	816	562	486	764	752	583	826	148	559	411	204	63	929	749
357	17	592	445	934	969	745	50	8	756	942	718	174	149	853	361	478	985	337	323	241	164	639	580	408	597	906	932	719	472	250	92	109	336	165	517	318	603	268	96	510	949	172	175	941	1002	145	417	1	113
309	139	841	709	298	441	582	623	967	600	448	477	263	156	775	668	683	971	977	714	732	849	694	866	576	785	243	209	186	534	154	575	86	106	185	400	763	151	542	923	197	692	917	1003	647	390	918	496	500	4
964	211	253	51	703	927	990	832	373	933	369	814	646	948	410	349	461	532	176	270	899	666	177	842	345	960	572	312	22	988	910	35	180	535	652	812	215	920	659	480	980	238	700	909	305	757	601	875	10	252
39	68	449	810	26	321	590	855	93	18	672	188	25	91	150	216	984	462	173	735	570	751	125	395	56	567	171	982	878	628	833	367	351	383	278	409	966	226	598	48	503	869	1000	848	856	794	863	809	381	246
805	62	127	144	740	260	928	711	519	203	33	902	649	82	939	808	778	685	530	626	851	254	807	501	924	677	214	911	608	392	981	36	195	675	14	789	533	765	828	77	712	317	466	950	792	247	979	100	604	341
365	447	44	596	670	758	940	625	892	747	131	733	922	585	258	509	976	301	550	94	887	7	38	257	69	717	202	158	873	815	75	232	743	83	255	320	119	19	634	886	266	379	431	865	297	858	64	523	955	671
55	557	656	167	571	426	308	479	343	952	761	769	52	21	779	236	419	5	610	912	471	962	499	428	332	469	654	405	155	393	416	118	766	862	217	6	819	458	839	442	943	695	999	669	465	539	713	699	1001	504
220	893	680	636	914	919	825	897	930	128	972	513	664	407	564	549	882	138	380	234	488	651	210	281	265	657	710	767	946	299	795	359	522	105	102	437	191	997	624	607	558	326	387	315	663	687	514	945	788	13
37	72	451	678	870	74	481	358	642	199	507	512	896	397	352	401	827	78	423	221	273	47	160	989	391	412	547	489	446	468	280	182	907	187	296	444	112	371	688	153	741	225	799	565	635	541	178	773	111	61
978	993	754	360	34	526	122	399	329	759	602	242	682	889	650	84	944	163	823	701	661	59	811	262	947	27	421	724	415	2	162	460	781	287	295	531	524	995	734	627	998	402	313	157	104	638	293	684	936	455
288	438	771	895	133	48	188	662	887	674	371	756	487	922	58	858	36	415	12	536	725	310	588	377	230	989	63	962	237	189	1003	294	461	263	384	288	426	894	597	544	490	298	791	653	810	565	363	422	43	29
120	67	128	97	640	772	960	691	720	64	791	827	804	604	904	968	558	624	167	84	632	429	353	943	783	252	79	245	90	581	421	294	362	781	28	316	657	149	930	727	51	481	535	17	732	83	858	183	933	347
809	195	100	23	441	351	802	414	413	32	757	688	654	680	71	177	478	122	652	239	302	108	567	437	714	820	288	175	401	921	596	7	189	9	717	398	203	451	831	513	644	915	410	456	751	452	722	259	186	63
855	349	152	85	892	1003	615	963	188	597	917	145	125	721	881	520	536	455	165	764	134	154	931	777	620	681	593	139	588	610	922	129	692	763	682	645	334	585	653	852	81	381	360	194	861	378	785	864	582	965
839	116	261	489	925	770	888	608	713	68	625	219	333	636	446	736	326	106	829	77	144	13	46	444	504	151	217	348	265	392	491	143	666	408	425	765	66	551	304	11	222	787	136	385	331	358	512	427	650	995
725	251	382	507	563	33	372	170	325	55	18	964	884	590	753	191	627	638	556	997	485	320	811	611	223	769	885	101	163	825	951	826	579	977	623	216	927	422	605	993	672	659	889	678	187	471	40	701	501	321
552	318	234	127	912	980	503	496	109	883	363	542	631	248	557	388	275	667	403	545	937	830	418	124	703	970	896	560	975	276	24	661	208	390	808	240	954	448	235	755	546	104	979	426	812	461	528	133	898	887
42	205	872	584	747	752	58	698	999	30	142	454	153	576	859	487	875	505	612	242	761	609	836	554	555	433	880	760	544	168	996	900	467	799	840	950	94	671	775	285	744	164	373	95	601	341	521	447	230	598
871	500	953	280	641	229	958	674	741	12	901	955	357	436	406	738	340	592	394	473	39	877	660	147	132	214	263	439	794	423	264	464	854	387	96	278	841	655	493	988	866	292	705	137	232	369	843	879	344	236
380	445	131	506	463	523	867	517	482	158	944	291	47	822	330	38	103	934	34	72	475	56	156	788	465	352	339	693	386	706	575	572	322	286	913	2	472	702	853	780	670	332	570	27	602	135	983	336	57	238
716	838	20	262	686	502	939	942	395	749	893	178	92	181	529	270	224	470	673	375	49	192	311	289	258	480	160	969	742	911	119	735	514	756	313	295	577	628	359	903	8	537	435	886	419	924	782	987	541	399
591	14	308	663	845	984	894	1	824	876	199	306	699	484	664	834	476	257	810	974	328	110	80	50	648	279	255	197	941	833	696	553	26	268	494	905	488	74	844	371	994	1001	91	914	519	254	246	207	370	342
890	543	534	986	233	748	343	458	715	213	260	916	793	396	697	269	490	842	547	508	637	37	687	202	961	690	633	409	515	477	93	161	62	319	908	377	510	498	293	171	442	466	449	196	415	117	526	578	962	228
346	837	766	267	940	272	614	35	878	786	642	709	561	324	88	801	710	383	111	873	397	919	566	869	43	69	973	676	622	929	155	65	976	768	391	658	298	355	734	431	307	846	5	174	10	368	548	695	857	78
646	603	800	364	218	669	379	241	249	684	803	729	564	926	53	874	606	771	847	3	225	805	114	651	985	957	61	571	198	823	400	992	798	243	338	586	317	290	856	469	389	613	981	848	850	443	936	707	746	851
166	815	54	949	665	193	989	315	430	525	73	237	138	814	895	384	897	184	739	574	281	305	411	909	468	662	434	99	796	180	273	863	767	530	459	247	220	668	16	211	935	634	474	22	393	617	206	907	407	159
327	870	15	182	337	402	778	952	365	723	990	533	818	59	689	335	580	759	282	412	868	516	75	712	891	312	314	121	284	910	495	1002	428	176	743	70	568	499	819	102	300	173	172	806	185	797	807	29	773	629
112	118	784	41	105	967	630	599	1000	565	297	532	790	758	531	675	562	750	141	438	589	718	524	923	31	932	776	607	789	146	60	417	231	700	253	832	450	792	4	683	754	685	779	354	708	309	972	902	978	148
719	404	928	86	647	432	287	899	36	694	376	948	0	283	621	274	107	345	266	828	639	583	643	303	679	737	711	540	356	416	87	795	956	6	329	649	816	945	126	492	511	169	277	227	966	226	123	946	862	619
367	350	538	656	835	179	204	244	200	731	906	626	113	420	600	559	549	998	522	527	201	52	618	971	959	509	460	497	587	210	462	215	982	991	882	733	19	918	361	271	296	323	212	374	256	594	48	457	817	25
774	209	453	301	479	728	573	98	424	740	21	45	486	821	860	115	865	730	920	150	140	849	250	677	157	762	366	724	745	595	726	44	704	130	550	89	483	221	635	76	813	569	616	299	190	947	162	310	518	405
938	539	82	440	752	579	452	803	973	928	942	844	9	719	513	543	288	867	780	526	19	991	547	307	986	109	443	125	191	828	909	66	72	65	632	696	480	84	586	979	1002	785	262	92	438	522	399	655	616	343
148	276	417	401	574	327	561	854	497	702	29	16	916	221	104	599	108	442	345	631	403	939	193	353	764	1001	942	716	831	634	543	502	669	851	266	610	457	340	335	422	324	486	408	541	823	819	311	548	349	136
645	223	933	485	388	607	592	241	333	347	730	812	321	588	628	436	445	28	540	374	308	605	560	354	833	626	622	704	886	394	12	604	869	90	734	331	978	225	332	600	633	68	811	424	616	595	836	928	966	174
77	14	297	565	725	710	235	673	312	652	804	180	198	967	458	581	934	156	881	100	878	166	273	398	391	723	229	438	877	846	904	855	865	990	236	888	439	840	207	727	810	843	875	936	296	891	517	825	76	791
847	994	267	987	39	107	654	879	544	557	776	288	929	842	788	316	389	834	268	274	698	259	125	961	464	900	964	903	814	985	552	606	106	63	735	780	910	481	202	246	245	521	529	112	33	1000	794	658	501	240
530	757	997	419	955	89	591	515	143	558	178	684	892	462	66	87	35	671	158	305	54	623	562	783	546	460	862	224	618	397	765	775	733	625	583	579	86	944	647	519	160	434	95	750	496	816	883	688	211	359
717	860	78	201	957	83	651	627	363	302	693	368	421	71	666	692	534	46	270	376	10	115	912	578	805	572	617	310	721	249	507	344	286	477	366	116	587	387	84	741	220	328	298	680	362	947	956	927	527	91
568	551	378	377	744	528	17	476	140	47	196	19	909	766	182	103	917	701	492	850	890	993	412	499	314	59	678	958	65	585	523	748	841	665	713	906	827	922	664	620	53	425	893	800	988	864	272	176	5	785
355	858	191	984	313	390	81	505	539	853	121	470	839	575	18	829	685	1002	4	329	564	639	395	226	772	159	589	181	506	437	872	952	915	23	456	880	251	279	468	553	969	490	430	149	200	691	894	807	670	11
454	88	20	813	532	797	999	232	44	168	590	257	603	747	72	237	258	594	742	339	796	435	117	974	418	216	449	369	615	126	648	293	337	695	884	234	372	983	55	222	762	415	24	510	113	905	659	745	779	283
57	167	469	151	514	653	360	208	535	992	901	679	190	925	482	187	668	593	918	472	763	346	122	114	411	621	712	69	518	124	25	784	871	932	576	420	921	73	876	441	567	970	545	228	130	533	97	250	381	943
294	128	683	913	608	61	632	838	342	386	49	777	307	493	384	475	447	979	709	802	753	300	147	99	769	306	396	2	629	556	152	963	870	40	239	975	996	940	9	256	948	977	516	326	613	707	972	34	520	26
793	96	612	154	965	265	15	799	687	524	536	801	238	262	118	70	373	404	719	715	231	995	937	656	584	459	290	98	21	407	123	93	413	726	931	146	37	960	640	619	586	138	119	690	696	352	45	278	36	280
27	169	410	13	358	1	173	857	111	525	473	213	657	242	189	998	85	139	770	859	183	885	550	907	281	484	749	526	145	429	330	192	522	711	185	950	705	260	254	194	655	295	563	968	580	848	448	450	367	511
756	184	32	778	269	577	426	837	247	375	729	489	938	889	598	828	322	102	153	233	911	630	945	357	815	738	803	873	0	163	42	782	946	380	663	304	134	1003	285	214	478	504	856	444	820	830	751	531	495	954
920	781	171	197	350	986	341	60	51	287	686	787	64	218	414	244	760	22	94	887	914	706	133	175	908	755	361	195	292	676	714	953	761	309	822	739	949	155	487	120	930	789	205	58	172	48	844	677	926	596
275	798	392	737	601	962	379	609	818	204	432	790	299	614	699	500	75	282	141	402	343	319	849	455	212	203	382	624	6	248	981	101	569	466	752	638	370	708	82	170	365	186	41	38	976	135	672	675	433	277
252	320	393	338	188	537	703	795	406	743	336	731	127	494	315	674	824	177	427	898	554	874	566	897	718	325	423	142	227	323	746	808	471	253	602	400	467	215	461	573	845	351	409	74	7	982	79	491	503	509
463	774	758	291	356	508	452	817	806	50	792	697	348	919	570	56	129	512	868	662	667	896	549	105	52	431	199	649	217	786	255	219	547	941	835	740	301	371	483	230	443	243	768	728	92	479	682	935	263	334
759	261	513	451	597	132	164	144	973	465	582	635	383	700	364	43	428	150	416	861	732	559	724	611	951	210	863	773	209	660	179	736	488	80	289	694	317	474	62	923	131	771	832	826	67	720	385	852	867	110
643	30	924	399	959	137	162	681	882	642	446	440	899	161	480	165	637	661	895	405	542	284	206	754	821	902	991	109	650	767	538	644	157	866	3	641	689	303	555	453	809	646	980	722	31	498	636	8	318	271
264	571	971	989	355	277	309	211	986	157	551	645	788	242	857	164	747	359	529	590	385	199	782	19	647	114	170	837	520	818	552	267	263	64	146	922	937	106	436	680	577	996	537	341	166	750	714	84	464	904
925	739	385	111	630	801	825	901	755	811	86	832	588	957	354	646	484	422	394	585	693	414	418	79	175	734	753	607	115	784	56	285	392	477	297	247	582	472	651	749	266	415	549	255	603	726	268	21	406	209
743	649	985	958	830	217	480	27	605	250	835	575	76	822	172	339	476	922	148	843	481	99	203	152	64	265	600	327	796	425	817	815	713	737	725	731	760	383	525	519	210	449	24	181	771	936	882	295	933	892
993	420	434	810	558	379	426	604	526	903	294	269	72	972	447	238	666	430	140	174	978	328	43	292	304	728	411	608	836	374	191	73	307	807	857	185	867	305	404	795	769	462	638	212	437	685	361	893	178	894
643	577	344	455	562	570	121	273	636	859	96	459	631	672	432	334	49	813	534	206	62	528	253	911	611	5	746	389	578	757	839	816	527	278	346	44	124	289	935	929	384	93	650	290	621	665	797	162	372	55
770	407	141	594	91	979	529	427	364	513	778	949	576	493	106	802	469	288	53	412	46	1000	17	877	819	158	503	416	531	13	87	710	428	61	301	226	675	167	803	730	768	479	444	153	878	740	889	169	82	70
561	912	485	791	396	676	164	715	829	409	953	989	907	343	293	516	176	103	194	222	200	853	669	207	360	840	977	639	808	788	330	671	322	842	959	612	667	905	263	35	540	602	542	114	237	501	183	95	123	523
277	350	429	230	67	705	366	564	695	598	102	915	154	458	610	187	537	625	408	326	775	218	865	847	881	772	950	60	748	920	413	677	997	118	876	846	763	116	77	522	952	448	782	456	390	338	550	733	249	966
844	204	264	560	688	707	159	869	19	365	987	758	965	792	766	593	821	790	421	168	820	445	241	362	704	514	938	756	914	764	229	673	617	112	647	423	702	613	275	402	318	809	127	884	996	492	926	282	984	579
583	324	720	860	826	553	510	306	724	10	42	195	157	312	376	627	128	628	225	90	507	14	373	69	314	595	499	511	12	11	494	721	487	837	433	670	663	15	774	555	500	962	536	662	283	391	227	645	182	138
615	616	546	626	208	410	633	232	700	192	270	656	941	296	7	315	789	833	906	436	855	732	552	109	928	584	170	2	642	466	719	84	378	565	712	199	848	735	94	133	716	554	609	454	871	875	331	908	620	257
717	308	100	524	515	380	551	6	137	491	300	658	951	773	856	880	97	1001	215	165	356	986	563	597	23	302	767	954	470	659	405	799	614	236	228	316	535	71	321	684	956	948	254	242	9	623	78	722	342	33
216	862	419	568	661	377	122	358	780	995	98	586	994	85	261	252	657	155	624	299	3	240	668	352	319	149	47	580	156	401	852	348	863	171	547	567	874	83	689	52	596	325	398	998	896	369	701	332	45	891
367	467	57	698	107	518	51	163	496	942	581	699	637	992	752	363	29	256	244	28	464	687	145	180	761	439	37	786	566	897	723	939	452	823	750	967	25	245	916	26	961	793	359	451	395	1003	142	618	497	828
873	371	654	81	117	453	879	368	16	973	606	648	812	976	349	388	943	777	303	589	969	706	883	490	947	919	831	635	785	126	274	189	483	337	39	92	30	898	443	888	814	214	736	104	221	311	309	741	682	186
574	504	66	619	573	298	279	937	89	827	708	386	975	196	0	818	694	980	634	74	931	653	804	655	751	193	983	173	944	260	262	681	508	335	900	235	571	709	475	850	355	134	964	38	629	341	488	132	489	592
787	4	759	353	590	495	146	271	68	198	538	120	1002	22	569	541	652	794	918	970	917	718	765	63	486	463	284	333	188	482	533	177	806	1	276	197	599	902	664	913	870	110	440	923	982	921	601	899	548	703
711	101	457	40	727	441	258	88	48	686	742	468	851	399	160	465	679	131	783	660	754	233	838	909	532	442	75	287	990	280	135	32	644	201	924	779	691	393	370	910	36	248	438	190	478	714	854	530	58	80
640	460	805	849	431	572	246	347	224	587	150	545	239	34	800	887	272	505	251	161	502	692	329	834	991	313	886	747	696	223	340	424	868	866	556	683	450	968	509	473	678	205	520	139	267	382	317	143	864	904
999	336	151	231	357	591	539	20	129	108	930	41	351	136	776	417	113	220	744	974	387	471	65	59	119	632	890	474	403	435	543	286	446	557	234	512	858	184	397	498	8	738	219	381	945	291	544	147	729	517
872	885	798	955	641	50	963	211	697	946	323	824	932	310	521	845	781	461	745	622	144	105	988	54	960	345	762	981	259	400	674	243	895	31	861	125	130	841	934	927	320	202	375	971	680	179	166	690	559	940
213	18	281	506	614	122	156	791	246	47	473	649	878	962	289	188	96	647	492	549	479	532	104	846	456	208	842	319	948	135	41	724	740	607	808	725	103	248	30	664	140	758	257	531	218	43	50	971	777	166
256	715	303	839	786	531	149	842	498	415	166	232	892	899	174	499	27	44	474	920	532	505	30	29	580	142	601	473	9	245	139	643	674	201	621	19	328	771	910	95	32	622	71	968	585	207	754	611	305	315
772	424	762	544	935	578	279	189	359	610	518	788	573	211	80	285	846	264	912	641	76	406	87	240	319	569	808	379	562	732	997	16	469	671	844	324	638	273	124	349	99	385	366	79	891	310	896	925	666	815
701	472	226	940	703	196	446	439	765	203	455	967	119	346	793	317	209	187	948	972	375	208	230	444	952	607	945	483	737	399	58	442	992	991	766	113	429	602	958	322	556	843	108	870	698	685	409	564	809	691
8	402	936	49	604	53	783	339	428	924	576	542	719	617	316	435	628	723	126	516	965	478	357	506	1001	1003	700	116	781	778	280	466	323	503	796	373	953	242	364	695	22	929	480	164	889	901	120	825	694	521
712	158	937	423	28	296	529	479	102	656	690	947	731	686	581	655	669	520	351	371	460	769	56	205	338	217	457	570	941	687	390	976	12	803	21	238	353	394	291	325	127	849	467	309	767	11	805	6	464	250
773	397	822	722	872	262	365	17	453	661	658	222	895	247	221	23	263	170	752	942	233	515	682	485	188	672	646	779	514	270	678	427	350	290	728	448	836	835	10	625	194	709	756	878	893	530	111	35	804	862
106	206	753	812	639	297	403	220	430	620	152	915	624	650	131	784	355	537	616	300	554	243	195	452	944	733	337	41	110	630	432	47	77	495	633	626	68	417	330	162	392	559	729	594	801	995	200	770	711	132
31	906	117	913	304	299	249	277	642	225	178	159	884	78	381	918	145	0	605	575	631	957	999	986	534	458	675	183	689	486	477	706	268	739	572	873	550	543	821	877	699	635	82	797	908	443	151	943	45	741
475	471	229	799	714	962	176	959	526	960	5	333	282	370	59	961	883	348	519	134	964	283	875	89	136	180	852	74	227	395	598	702	713	820	198	522	916	425	352	740	75	360	832	618	837	488	118	115	504	160
681	579	63	904	497	561	677	954	128	213	759	496	847	13	491	973	508	15	167	637	175	551	760	649	445	597	335	971	302	708	963	565	627	591	254	816	811	440	917	52	640	481	51	552	231	647	724	419	341	665
989	92	828	603	468	104	295	856	548	555	329	179	396	100	144	613	168	860	450	536	137	184	560	449	777	676	235	833	380	50	398	93	275	314	266	389	982	907	94	921	85	742	321	817	340	834	775	789	981	239
590	386	216	987	704	70	191	293	688	888	3	983	744	764	413	377	358	404	456	751	165	840	790	538	48	138	507	81	584	996	614	652	342	214	517	412	140	411	192	869	533	897	727	344	215	258	644	185	463	679
600	42	421	568	298	26	482	557	172	734	864	362	900	327	845	802	684	34	490	979	566	433	234	311	410	738	269	933	271	599	369	657	500	651	612	272	887	670	121	228	660	990	252	367	155	645	332	757	780	46
547	718	919	865	880	18	668	838	774	662	710	868	244	91	57	854	67	535	286	871	374	648	827	735	867	705	246	157	855	615	977	154	182	939	383	683	748	103	859	659	998	595	563	881	36	237	66	653	609	210
546	73	107	985	141	408	197	259	260	608	523	501	219	361	785	368	43	426	431	193	928	634	65	289	673	190	14	69	949	629	334	459	587	487	441	287	956	850	975	745	60	513	306	484	969	422	307	567	826	819
717	436	914	313	663	292	623	758	447	782	465	356	792	882	37	224	146	791	98	654	946	577	420	932	326	905	596	199	112	202	387	400	347	524	55	909	831	470	707	571	528	451	363	743	147	800	301	388	890	545
251	54	966	926	4	354	795	384	391	454	841	736	181	768	274	133	378	511	83	171	716	278	761	747	284	539	156	62	336	749	885	787	988	241	934	462	978	135	848	874	776	281	88	829	636	574	434	401	2	288
527	236	343	588	493	345	794	308	186	930	750	125	177	818	129	798	105	993	489	64	582	938	33	261	153	476	204	101	416	38	372	911	414	807	746	276	589	510	161	970	886	857	1002	830	853	114	606	405	109	20
331	586	763	39	72	61	122	725	898	632	512	876	257	922	218	950	320	879	150	248	726	894	974	823	984	7	86	130	494	696	806	593	253	525	813	255	680	97	994	720	851	951	25	163	693	84	858	265	863	461
541	697	212	540	294	553	866	903	1000	502	755	169	923	40	96	393	223	437	509	407	955	667	721	148	927	931	123	619	1	90	318	810	558	143	592	173	549	814	267	382	376	438	418	692	980	583	312	492	824	24
861	664	730	902	531	890	936	838	813	883	354	113	913	142	736	806	51	823	958	337	331	243	910	979	522	299	289	761	571	141	868	677	718	553	790	370	48	14	385	533	796	184	129	359	989	924	392	60	678	355
682	120	125	881	528	431	229	349	303	206	741	153	75	872	545	812	786	1000	916	190	524	14	796	50	541	240	962	995	781	561	428	900	596	889	915	859	361	423	233	964	823	672	903	106	37	415	154	391	936	982
611	328	626	592	335	407	711	531	23	201	475	350	288	797	968	146	377	268	910	496	291	912	560	397	587	594	471	944	727	886	556	566	958	347	49	998	511	720	140	244	138	920	688	794	24	381	544	754	30	83
510	365	713	676	679	721	312	208	689	861	272	749	179	931	293	320	276	669	729	343	933	477	435	54	948	160	533	804	111	521	744	554	983	856	610	939	438	517	420	792	317	708	213	78	624	534	681	264	297	636
1	526	418	100	22	58	718	62	132	715	840	680	436	771	55	119	693	824	167	186	439	648	942	558	613	56	336	686	204	483	953	281	80	639	419	296	468	590	949	788	819	623	217	617	473	20	495	605	301	462
76	546	254	593	677	959	704	757	211	589	873	421	0	32	4	135	940	761	853	374	395	486	156	90	870	847	290	692	101	467	896	607	202	324	387	379	848	871	248	909	491	527	189	10	1003	758	600	798	455	145
946	947	441	736	986	1002	6	330	702	987	985	279	557	133	378	674	777	924	502	433	8	424	368	242	779	747	966	18	514	857	360	738	143	852	357	801	975	74	499	893	817	77	230	277	988	353	480	784	376	969
835	299	117	719	236	228	237	957	261	641	802	488	580	168	461	134	717	994	830	875	257	102	850	609	373	869	740	767	763	773	196	200	568	504	658	815	340	813	601	187	839	849	126	305	227	644	318	332	110	284
443	185	380	246	192	482	673	484	755	283	842	70	19	52	13	402	700	654	974	697	198	907	169	887	926	989	553	620	513	656	40	917	501	151	369	880	581	150	158	750	16	432	826	445	34	894	992	370	222	180
57	582	726	99	759	507	905	450	731	834	978	577	608	479	241	616	888	466	602	821	205	876	803	44	627	772	440	748	836	300	649	908	405	366	742	88	603	316	838	166	685	559	647	294	271	703	831	452	991	716
214	225	398	694	498	105	142	412	199	997	144	756	273	509	696	434	282	481	564	967	29	816	828	451	659	232	21	148	72	285	822	287	666	104	622	344	35	906	289	337	60	811	945	885	734	972	93	85	575	410
928	657	218	519	808	392	846	961	45	768	115	867	793	453	691	302	661	161	537	695	539	632	224	787	843	403	98	404	529	177	478	59	651	897	492	760	354	904	458	116	508	188	69	113	304	868	604	898	307	476
640	655	769	429	152	259	807	918	663	216	776	965	730	25	922	929	506	193	548	606	615	565	183	547	408	925	253	322	266	751	633	630	463	449	411	426	327	851	207	274	67	516	984	902	65	82	2	879	86	197
249	362	963	932	278	339	122	79	588	319	799	159	782	523	329	163	952	993	490	665	735	364	385	820	724	265	175	389	841	764	530	827	579	270	722	255	275	584	39	854	108	137	646	578	837	818	71	612	308	469
576	17	427	178	621	877	48	245	1001	862	599	310	444	855	280	485	938	157	535	33	927	457	914	371	829	97	256	892	597	182	267	746	367	618	810	555	883	671	653	109	94	221	114	690	774	500	474	472	413	976
532	809	634	309	223	172	652	795	356	783	570	41	832	698	921	61	732	252	833	292	805	733	149	919	980	775	668	806	710	209	38	346	614	334	73	858	512	372	314	437	470	494	446	409	355	107	311	956	487	505
979	51	497	860	973	383	583	503	141	323	155	770	36	960	943	239	865	650	454	643	448	542	460	937	825	219	536	194	27	844	465	955	890	171	625	136	26	359	866	400	950	739	518	306	394	128	586	569	891	234
684	263	399	81	390	899	124	7	923	127	990	765	752	645	11	970	247	628	147	250	333	662	243	701	414	181	585	571	562	184	709	212	845	737	43	129	884	670	95	687	595	538	331	489	384	785	934	573	351	913
629	9	551	778	84	191	637	295	699	745	631	53	515	525	800	459	430	642	753	173	286	675	464	493	258	977	91	262	874	901	338	660	574	780	326	352	442	342	375	706	766	31	591	550	540	728	66	382	456	396
598	162	725	170	238	89	707	92	235	999	176	814	911	118	63	341	47	941	96	683	3	705	791	269	951	552	863	313	325	425	619	416	321	667	348	28	12	174	895	315	882	215	388	930	363	567	638	68	789	226
762	406	422	522	87	131	386	635	139	790	298	121	5	203	572	15	42	996	714	358	520	417	723	46	935	664	543	112	393	260	864	878	678	954	563	401	251	130	64	195	971	447	210	165	220	743	549	123	164	345
712	103	231	981	741	642	468	401	107	292	736	460	427	24	573	340	815	594	369	93	407	163	739	483	390	318	782	651	145	680	305	763	446	176	271	760	228	337	988	772	439	774	985	21	131	352	790	901	59	182