0,1
754	68	728	529	424	714	274	818	121	693	765	735	669	509	294	260	744	138	230	500	358	261	524	43	402	599	244	737	466	27	564	642	544	644	407	52	619	374	322	254	700	787	124	475	702	211	173	75	318	287
375	85	794	660	399	482	511	378	45	549	188	140	675	233	522	403	6	181	223	592	305	562	345	573	686	801	566	235	615	462	34	302	222	625	361	163	285	271	819	761	131	31	450	176	171	278	793	788	457	548
194	64	426	104	250	647	419	341	92	721	334	143	789	833	190	786	518	193	810	817	177	659	377	684	578	415	16	418	484	413	309	262	634	577	547	240	504	408	192	153	197	94	602	57	252	705	351	537	633	590
217	565	142	218	514	116	383	152	820	575	538	398	437	280	299	293	39	195	167	587	191	203	100	237	80	12	84	410	307	614	157	405	628	772	335	329	741	35	196	372	816	491	349	729	172	30	519	479	78	132
87	572	242	525	264	298	520	441	672	559	175	822	698	536	315	716	22	161	284	626	507	325	622	120	497	792	722	7	695	367	617	179	618	1	588	183	585	102	632	576	304	292	56	277	831	370	442	33	126	601
60	629	673	783	756	723	603	445	569	661	443	20	220	300	567	47	295	579	600	593	613	646	169	323	658	667	386	711	354	115	24	508	387	65	637	76	411	276	272	379	428	202	720	69	727	97	486	473	834	96
273	224	440	303	311	151	469	339	682	703	110	611	21	170	692	72	780	531	105	649	381	805	91	392	228	259	384	725	742	431	809	768	467	458	483	797	199	621	550	510	257	133	719	282	231	236	109	709	681	763
238	699	296	605	489	417	739	229	107	253	70	734	447	609	679	555	333	141	676	781	663	429	639	476	118	650	154	582	88	808	616	136	50	612	114	688	147	697	396	241	245	558	98	215	155	166	828	767	83	485
811	718	61	146	560	400	571	687	249	59	438	3	594	425	752	390	164	798	641	139	119	162	210	776	11	584	266	539	28	129	279	317	10	81	414	635	444	178	306	435	758	108	738	448	451	701	696	449	586	111
580	14	214	452	487	327	160	826	26	749	717	184	495	99	759	751	25	546	29	456	389	225	326	501	49	806	439	38	336	463	779	248	782	499	623	799	796	343	604	312	159	37	66	205	494	730	492	769	226	353
481	130	289	433	148	643	478	301	771	174	227	513	149	212	101	829	736	332	488	800	23	598	113	685	308	791	835	610	832	365	770	743	704	63	517	710	219	726	460	58	2	208	477	570	391	505	275	348	106	541
638	198	17	674	651	281	352	824	795	532	359	187	207	165	568	753	269	678	288	656	251	512	36	394	297	19	310	553	267	112	581	291	740	189	247	5	563	596	145	471	204	747	757	397	316	432	636	533	362	708
773	127	561	664	712	314	423	331	552	404	474	368	620	706	42	388	117	493	270	324	631	0	9	55	750	766	455	595	778	319	385	556	827	434	18	654	803	186	86	666	503	46	168	731	221	764	436	724	823	807
694	258	137	330	376	454	158	180	521	32	150	263	103	347	551	540	350	516	802	213	465	206	665	830	542	255	412	328	648	583	346	427	707	680	825	683	607	421	470	627	459	373	48	812	506	589	745	82	355	95
446	67	608	534	422	380	201	357	671	128	144	401	209	286	498	268	90	41	777	337	416	234	366	53	690	243	79	51	526	748	338	340	515	535	640	677	713	557	313	554	232	785	591	185	821	62	480	732	624	523
662	746	597	246	134	655	461	360	290	182	364	774	775	4	645	44	472	762	468	715	135	430	657	784	813	71	630	464	790	15	393	216	74	668	815	760	606	406	804	93	530	283	543	321	652	89	670	342	653	382
409	755	13	453	77	814	691	689	200	545	574	122	363	344	54	395	239	356	528	371	420	502	40	490	256	73	8	496	733	156	123	369	320	527	125	265	826	58	599	270	26	108	835	710	267	742	316	102	573	804
757	797	527	556	197	66	286	121	571	606	423	457	88	443	241	625	324	387	275	38	763	520	547	826	207	382	263	430	218	761	339	27	47	297	641	306	638	825	136	114	526	435	766	504	0	169	499	821	161	389
52	464	388	812	383	152	20	16	80	92	167	102	604	364	175	633	278	587	141	171	441	28	806	56	500	658	40	483	54	365	372	778	145	767	725	224	190	804	709	454	695	230	97	713	735	179	333	57	285	678
168	803	590	25	752	831	828	176	583	586	486	462	675	737	299	351	770	657	608	345	582	775	331	189	341	151	42	346	115	139	386	510	245	745	79	401	541	76	820	183	436	110	507	330	578	262	268	453	605	749
264	834	636	182	129	434	623	282	210	674	634	809	663	592	561	427	452	539	132	447	166	514	219	181	154	487	714	575	742	728	13	823	670	49	611	413	155	774	293	98	744	544	236	503	43	105	471	317	570	529
567	659	246	137	321	375	469	404	174	216	458	361	58	193	756	554	22	326	672	588	593	466	125	816	172	68	498	237	250	7	33	160	732	256	560	1	392	272	352	409	359	739	753	53	502	340	202	225	642	692
135	794	214	59	603	455	549	385	426	249	313	357	710	192	223	289	96	150	191	316	627	579	390	195	342	439	708	303	240	411	543	720	329	336	269	819	798	646	460	78	545	530	668	780	492	70	116	777	305	574
201	489	688	72	103	478	475	356	619	77	637	234	127	130	585	648	39	215	393	232	358	474	196	649	667	332	292	482	515	395	509	705	298	48	18	650	153	360	173	34	398	531	532	788	294	548	698	810	703	111
75	370	422	700	350	228	617	11	683	534	17	302	380	170	15	533	522	597	833	629	144	90	559	528	50	5	252	199	424	813	63	822	198	685	690	209	479	328	589	124	758	211	501	296	140	131	468	119	270	790
366	200	467	682	253	163	558	12	555	311	391	280	759	23	295	711	540	184	44	128	104	433	41	248	481	146	743	609	602	764	431	106	188	664	616	420	693	729	444	258	257	273	384	610	751	612	419	222	134	801
511	746	74	450	647	676	771	343	288	553	242	497	712	212	789	159	805	194	203	205	309	484	722	281	347	731	718	661	89	654	287	508	410	786	477	30	580	665	368	208	715	378	113	9	624	490	8	403	221	686
671	689	26	568	815	362	818	494	440	71	782	493	349	65	476	243	133	463	569	94	726	162	301	565	108	4	505	773	120	694	310	314	425	573	491	765	631	158	204	768	598	747	32	684	177	93	371	315	363	69
291	656	645	109	19	719	551	318	157	581	21	640	36	506	416	706	187	449	415	247	622	724	290	217	772	432	283	35	284	669	259	319	680	37	552	85	776	546	180	519	811	538	750	614	126	584	651	566	99	67
451	699	716	542	446	524	142	644	405	271	84	781	769	428	101	355	10	327	691	265	521	46	81	3	73	814	374	734	717	320	55	557	808	655	323	496	261	537	147	417	783	338	793	353	322	564	138	260	472	14
652	402	396	480	100	82	535	595	95	673	117	238	394	379	687	591	266	632	525	354	165	397	601	62	279	721	824	226	381	83	300	666	334	707	639	185	738	227	123	495	465	785	91	523	461	653	60	696	400	701
760	702	2	233	412	630	596	373	517	736	727	6	662	442	254	418	244	107	376	186	792	594	697	795	513	255	620	304	239	149	784	24	31	830	621	628	677	562	762	679	229	267	445	148	470	437	344	755	274	730
607	473	231	488	64	377	643	704	251	122	723	799	613	572	600	369	406	156	348	308	399	448	681	827	577	29	599	143	307	87	51	615	220	518	61	807	213	791	748	485	407	312	335	536	277	86	367	429	835	635
235	438	576	779	832	787	516	550	459	741	112	817	408	626	740	414	178	802	563	118	512	829	276	660	796	325	337	206	456	618	421	800	45	733	754	164	701	562	234	664	112	130	360	5	290	768	345	510	368	351
697	433	421	528	291	598	701	755	596	783	453	606	313	485	329	830	703	56	426	322	592	109	831	384	97	309	361	419	647	147	523	39	702	194	205	407	253	729	251	507	771	393	791	280	22	620	613	715	772	245
808	88	180	371	42	802	113	252	778	339	645	520	250	4	310	671	370	100	91	719	324	297	121	18	150	158	653	618	243	338	235	36	649	391	257	146	213	321	23	114	375	800	364	271	82	711	555	379	493	478
458	589	768	775	179	489	599	278	270	488	341	345	761	751	774	3	93	411	683	833	347	834	639	284	635	577	7	812	820	680	69	201	675	544	183	119	294	276	742	679	333	792	188	237	64	159	797	406	809	803
549	415	423	192	656	455	535	133	132	490	320	643	399	98	691	148	334	538	543	664	527	461	404	603	431	224	586	374	558	444	807	436	628	168	722	734	349	479	728	244	724	337	1	710	238	52	716	741	281	762
139	25	110	801	631	578	667	779	829	682	713	10	593	814	720	782	303	260	561	676	46	565	815	460	255	420	175	563	534	20	522	776	37	581	470	166	698	387	264	738	579	508	614	732	128	141	96	397	283	286
78	612	659	17	47	160	298	733	811	449	627	176	367	622	225	53	123	29	178	261	111	417	299	279	712	708	566	832	90	242	170	138	454	401	189	149	59	816	373	212	648	661	403	287	525	12	301	222	115	452
498	756	293	336	637	559	197	395	157	422	754	468	21	344	346	804	136	624	94	709	574	156	582	408	330	400	700	274	365	516	71	72	288	429	76	430	707	471	655	506	99	557	414	144	200	256	28	432	290	491
241	463	424	186	626	131	65	590	580	8	353	418	529	413	328	795	447	611	151	672	514	621	492	548	706	77	24	359	673	60	216	193	615	483	215	229	497	696	823	312	296	692	765	666	502	651	688	564	198	5
107	163	129	789	118	221	55	784	625	177	58	826	66	182	668	154	477	633	89	597	368	443	748	652	40	356	825	786	86	552	396	601	790	15	438	16	824	510	124	547	757	332	796	767	265	389	117	604	670	486
63	585	308	108	641	358	780	588	572	766	684	451	41	467	482	428	551	410	105	376	456	208	187	145	640	209	74	38	92	693	476	818	817	269	717	81	472	644	335	362	634	617	184	135	226	746	13	785	770	392
351	571	318	537	481	694	218	217	199	595	210	272	690	137	669	116	49	304	127	576	240	386	316	686	34	19	305	532	650	747	172	398	677	101	267	445	2	169	749	355	484	744	385	323	750	781	663	745	27	319
354	753	773	504	799	254	239	427	285	259	125	174	607	348	473	70	605	134	234	220	531	268	464	167	437	363	394	357	822	342	173	759	545	75	787	494	6	84	515	85	474	190	340	311	821	416	730	231	718	819
752	758	513	705	727	122	388	54	30	828	140	317	442	446	203	32	660	57	120	788	562	314	542	196	153	369	14	553	521	509	760	350	798	61	512	794	462	554	496	665	44	726	325	658	610	457	503	185	536	731
289	674	87	390	102	723	721	211	106	743	736	459	737	567	155	50	171	570	130	33	526	518	207	441	657	583	95	602	263	266	714	300	517	73	662	11	248	530	533	546	685	227	161	228	67	519	480	594	556	735
806	409	206	295	695	642	51	687	550	258	793	619	524	103	315	681	232	466	678	273	699	609	326	540	381	246	587	434	835	412	500	505	0	35	725	181	112	439	654	343	80	440	306	405	372	249	352	282	68	142
83	646	214	377	62	48	126	307	591	331	487	219	366	162	764	378	763	292	450	191	104	402	143	623	600	813	638	202	435	501	195	380	769	495	632	223	560	236	31	383	630	360	810	152	704	233	573	275	230	499
541	9	26	739	827	584	204	511	327	45	636	575	740	777	805	539	262	465	616	608	629	689	277	79	475	425	382	302	568	43	569	448	247	164	165	469	315	118	88	743	718	119	157	365	593	2	30	805	560	655
741	58	731	432	329	99	172	7	667	599	829	561	570	650	422	405	9	738	744	36	595	669	806	412	825	64	440	100	697	497	416	563	469	768	521	715	500	754	358	578	640	294	609	94	661	652	641	29	254	776
682	556	794	481	344	273	63	394	784	56	421	371	810	662	749	798	547	12	189	387	48	78	515	145	834	44	673	786	297	196	496	454	835	505	43	831	241	743	61	473	52	702	541	181	699	605	797	659	267	528
133	342	808	314	184	413	484	93	703	760	224	106	148	726	207	509	42	542	204	778	180	771	677	337	339	428	357	660	817	26	801	730	553	604	688	656	742	712	208	491	238	603	305	75	462	66	420	698	119	681
645	516	585	81	378	655	84	720	396	31	361	124	518	448	747	49	33	350	781	109	150	276	488	116	190	384	230	288	430	653	636	709	282	638	118	322	298	759	318	389	112	584	631	679	435	90	748	14	775	390
620	611	592	633	130	135	762	740	811	231	431	346	50	725	734	805	2	323	151	161	363	142	525	158	279	170	782	750	502	692	32	299	27	51	200	19	705	341	573	287	756	237	799	188	728	548	464	263	242	278
227	792	186	4	463	710	301	221	646	506	790	268	549	426	312	664	310	379	803	614	813	335	114	764	445	696	40	60	141	732	8	166	513	222	780	409	366	191	35	15	615	16	594	98	22	722	538	668	195	88
411	364	467	76	745	587	729	830	752	362	159	39	540	80	13	134	444	295	354	545	476	793	823	675	557	377	392	704	203	187	183	386	415	74	588	402	772	351	785	719	146	367	436	544	684	757	522	164	259	6
258	529	449	228	487	475	562	419	581	690	526	340	334	520	127	601	92	300	220	89	536	381	608	634	819	149	317	802	666	567	120	474	136	272	213	651	612	533	138	385	302	155	313	304	167	152	582	434	308	311
333	511	108	140	461	65	691	616	687	466	369	761	169	724	647	274	160	566	700	336	678	168	53	97	117	452	407	665	91	763	404	758	531	209	360	309	163	328	727	670	543	779	424	229	82	623	751	774	185	3
383	356	291	280	110	477	607	503	20	624	804	23	644	330	252	104	711	714	5	129	693	438	156	236	372	791	800	537	197	812	470	34	247	485	45	676	736	429	765	514	283	602	79	559	162	689	625	822	560	501
706	450	95	492	437	721	176	374	820	455	575	270	468	457	821	277	319	137	572	248	352	194	266	332	154	453	293	626	707	38	482	157	443	621	173	517	226	193	737	490	251	325	198	683	783	577	398	815	174	239
439	565	403	551	717	21	558	131	472	395	498	30	233	206	370	199	373	788	348	629	289	733	576	111	338	345	260	105	223	493	47	483	71	28	769	755	296	57	244	243	262	597	408	735	281	179	264	579	723	613
713	182	414	275	685	177	18	648	550	86	235	153	649	210	399	535	326	654	586	214	773	269	10	632	37	637	55	796	622	686	59	534	746	368	382	126	321	628	591	41	824	674	205	128	479	290	564	427	552	832
72	380	25	465	701	292	240	246	355	777	234	619	787	753	767	175	504	178	826	320	519	539	663	67	306	69	580	471	388	446	250	201	215	286	658	54	400	68	827	139	569	441	125	96	307	739	554	245	349	376
85	716	143	546	353	391	347	574	121	271	532	657	11	523	610	284	460	527	17	809	324	600	216	249	147	423	253	87	639	327	480	46	630	1	123	102	789	219	489	285	495	530	192	458	442	456	433	718	818	255
77	261	494	73	459	303	343	590	816	478	671	0	589	571	555	316	694	397	486	833	508	165	144	218	202	217	393	62	499	70	365	507	828	410	635	425	257	417	212	24	642	256	171	695	451	107	211	593	807	103
568	512	83	598	113	596	447	618	770	375	115	315	643	406	265	359	524	606	766	627	225	331	583	795	132	617	122	814	232	510	401	680	418	101	672	708	504	755	183	757	552	32	485	798	357	749	471	772	706	51
560	200	387	341	215	307	51	230	433	588	656	711	804	325	243	398	58	833	752	214	8	336	627	320	249	240	257	198	617	151	781	497	63	776	21	128	426	108	65	303	626	780	46	212	554	499	801	515	133	224
389	809	355	109	129	813	760	145	768	671	30	171	467	628	812	333	487	799	754	66	549	724	244	323	216	179	266	85	182	311	6	114	84	427	471	147	668	92	193	805	461	817	113	750	490	787	800	291	769	191
4	43	330	457	581	429	56	405	259	369	430	33	169	206	673	411	416	272	747	646	157	111	354	605	502	739	248	579	619	796	424	586	296	794	742	582	192	436	562	377	20	437	642	470	306	565	344	516	117	443
551	395	480	174	486	181	685	295	802	761	556	698	751	119	466	678	359	705	385	569	621	1	522	237	384	591	447	365	124	734	442	285	393	593	521	713	74	222	449	563	366	137	488	738	584	531	744	347	209	44
246	694	566	679	797	118	622	683	675	173	258	519	269	371	578	749	346	38	18	537	262	767	484	232	228	658	197	765	784	329	29	126	513	492	91	704	820	208	479	789	834	666	125	274	70	16	547	132	655	788
342	543	468	293	402	338	253	305	831	458	555	504	454	162	689	10	651	715	251	756	583	611	616	103	662	418	670	388	472	67	444	261	17	345	276	438	383	49	185	464	663	528	123	511	740	3	412	557	688	256
413	482	83	507	14	166	343	374	221	27	217	510	530	165	37	606	287	446	235	60	792	717	225	762	194	304	830	795	612	811	618	301	255	613	824	790	314	105	397	524	202	648	660	700	535	62	636	101	496	407
748	275	719	532	309	175	823	121	633	815	703	154	294	440	380	699	481	526	520	370	597	288	653	793	539	367	159	322	167	463	331	538	493	542	462	403	135	587	390	570	425	577	610	647	559	41	5	455	553	260
239	600	242	131	213	120	786	421	207	682	168	406	392	155	807	764	396	315	755	378	372	736	360	775	435	710	98	319	177	142	399	548	254	631	263	746	661	603	107	505	308	601	630	310	290	204	39	45	414	163
340	7	687	735	652	13	452	708	358	160	766	318	59	450	690	81	491	763	500	252	278	681	808	818	419	770	75	68	641	77	439	580	701	832	589	432	233	743	268	24	741	349	357	718	170	64	529	116	420	650
267	571	409	404	96	534	691	544	783	379	791	674	602	89	298	0	561	153	774	161	771	523	434	506	680	279	376	300	629	102	624	684	178	289	69	517	186	828	28	223	536	810	716	292	494	201	364	552	317	57
525	545	657	199	596	144	229	667	152	234	758	829	94	623	54	363	110	448	501	35	236	696	733	282	47	149	218	723	826	495	196	625	356	445	573	328	514	187	189	798	728	12	302	814	541	645	324	299	40	408
654	558	822	140	127	227	31	247	106	271	772	608	180	460	615	48	400	87	489	592	620	474	130	326	451	211	281	643	567	73	714	368	533	238	664	825	134	720	485	773	115	483	231	410	280	88	568	297	141	456
637	730	93	508	156	782	273	473	835	286	401	15	697	644	176	79	649	52	386	669	332	693	264	50	692	78	55	574	540	827	477	816	172	205	423	778	76	22	614	509	334	361	391	476	512	635	706	665	265	676
339	316	639	441	95	53	722	382	785	219	394	677	469	2	337	518	546	150	277	712	188	777	821	220	375	327	351	604	803	594	572	11	312	707	726	245	575	757	634	599	97	226	146	61	779	721	607	34	99	576
459	190	465	702	609	428	122	42	672	659	731	373	737	362	138	732	632	729	143	32	745	595	136	753	71	203	19	350	348	82	686	527	250	564	164	417	86	806	283	139	284	431	550	184	321	475	640	453	503	638
381	90	819	241	270	9	36	23	415	104	335	498	112	727	183	598	210	72	352	759	313	148	709	695	353	195	26	25	80	422	478	158	590	585	100	725	422	660	830	576	593	87	200	515	107	803	531	418	347	558
641	140	686	793	821	468	585	386	518	676	478	666	30	1	267	519	623	206	622	601	635	824	486	778	131	475	332	227	71	715	138	765	4	77	417	735	369	88	41	265	34	325	759	699	717	590	102	342	646	223
711	27	134	170	115	677	431	556	536	561	459	311	359	237	734	273	258	530	543	597	746	456	104	704	550	368	94	754	129	598	218	737	361	85	370	680	767	100	204	526	811	229	66	233	707	632	608	245	379	605
833	763	44	810	391	757	128	403	200	708	329	148	504	253	582	575	463	201	480	326	5	114	586	266	58	418	788	426	644	612	427	593	748	804	731	324	661	396	198	328	319	528	698	349	373	344	278	300	84	570
214	567	157	673	685	773	653	524	24	28	465	771	246	591	544	3	297	595	490	822	219	823	533	182	498	432	501	78	272	215	221	783	243	420	834	433	770	712	156	776	255	26	656	631	290	132	380	395	366	14
263	135	689	813	672	336	137	390	637	816	705	488	261	762	709	185	38	741	512	781	728	392	548	149	166	146	828	177	345	407	411	317	604	542	681	775	660	298	650	367	560	179	639	307	668	190	503	619	565	143
316	540	464	301	45	451	419	294	120	507	320	445	472	98	357	657	413	347	796	688	97	648	158	738	283	382	377	59	228	29	180	141	511	609	492	421	625	564	337	805	70	287	280	780	125	360	121	183	188	477
706	774	642	611	449	399	674	355	292	750	829	108	309	509	539	42	831	67	461	136	404	318	517	74	573	409	434	489	165	105	482	437	52	721	31	175	740	562	428	362	256	523	168	161	241	338	291	103	397	269
117	502	744	142	571	727	450	270	551	282	195	610	169	790	93	832	238	81	725	697	812	79	414	279	789	209	412	578	109	111	37	616	589	487	341	130	454	742	315	176	701	322	506	406	442	86	352	208	333	800
532	574	46	814	343	217	159	553	803	193	0	401	90	61	264	304	87	212	251	119	15	626	385	546	10	669	244	62	491	53	39	331	537	768	700	655	713	448	719	144	732	826	453	471	314	277	602	235	820	222
703	508	614	779	580	274	772	51	330	607	452	761	541	252	720	745	485	259	819	495	174	584	9	207	515	422	205	356	514	18	794	695	363	710	375	621	285	531	65	75	54	797	284	576	110	127	55	470	164	389
430	538	275	743	7	11	527	678	151	600	555	68	572	286	756	629	202	152	308	466	80	364	276	494	72	654	827	787	592	469	327	56	353	552	230	830	16	173	696	305	211	163	535	510	191	534	569	664	346	835
69	181	281	313	683	792	739	378	579	691	640	755	398	687	376	20	497	12	549	124	32	588	415	423	784	438	624	439	76	73	818	634	186	139	692	440	106	425	513	557	758	145	809	82	254	268	133	340	620	388
155	563	225	636	213	289	747	365	83	262	47	667	288	424	714	665	483	769	358	171	335	248	467	547	460	479	505	568	240	493	799	496	199	455	726	43	473	154	736	630	236	752	499	760	101	36	197	231	348	663
242	224	808	167	48	302	447	91	295	107	306	118	436	702	444	299	192	733	441	594	239	484	724	662	410	293	764	40	659	798	730	802	339	649	25	226	679	402	716	429	618	63	123	617	8	690	350	545	271	112
33	13	729	806	384	416	408	529	520	718	393	89	394	435	178	446	599	35	474	99	670	638	566	153	462	260	247	749	647	782	203	303	476	189	232	786	57	250	815	160	633	95	753	606	210	628	723	791	22	334
457	500	184	92	521	807	113	516	234	583	525	122	751	558	766	50	522	627	23	21	643	257	651	817	216	383	249	675	458	443	777	785	581	684	116	671	323	596	682	220	825	577	801	554	296	795	658	310	381	162
6	2	603	351	194	96	372	147	693	321	172	126	17	64	652	405	559	196	312	19	187	481	354	587	694	400	615	150	613	60	722	387	371	49	374	645	313	46	273	757	307	409	723	674	98	460	476	360	82	735
596	333	334	477	367	468	217	662	514	572	72	461	388	22	49	552	791	618	280	582	323	450	46	706	479	253	365	594	426	8	399	245	218	101	680	453	826	601	745	602	293	561	80	86	525	765	676	115	446	642
76	186	539	531	496	485	64	100	551	564	266	161	374	206	746	802	170	383	17	190	127	755	131	592	424	144	432	53	751	616	667	610	727	447	104	669	290	563	820	619	809	663	406	831	673	435	559	733	135	363
335	445	558	412	74	24	739	604	452	701	781	230	473	716	210	699	410	438	748	40	700	638	212	685	783	764	660	442	308	251	306	683	692	695	771	275	634	463	747	724	224	633	529	720	723	451	679	537	622	603
454	744	743	243	805	430	384	327	807	752	262	344	565	428	600	625	780	555	250	459	394	151	541	439	247	142	598	328	181	376	357	26	350	591	21	773	265	668	292	385	189	220	678	183	140	834	11	288	73	361
631	272	105	137	522	455	409	532	544	360	488	31	487	231	481	164	0	823	411	471	732	749	641	188	255	830	330	507	295	196	573	287	125	276	278	779	750	5	599	91	404	810	396	665	174	172	346	717	813	56
578	486	193	784	209	714	25	176	79	207	163	148	579	520	762	623	134	414	194	12	283	666	636	458	554	476	191	234	605	167	434	407	517	545	277	795	576	395	256	696	351	799	644	705	211	27	718	630	460	311
162	502	557	465	65	726	703	87	422	341	398	574	38	588	325	35	457	646	556	761	766	443	43	440	267	637	301	494	518	366	715	421	112	68	785	549	203	611	354	808	61	575	449	540	474	397	566	653	655	536
402	99	263	175	400	152	126	387	307	647	483	560	595	674	710	670	381	349	111	817	729	107	89	768	208	583	408	489	143	568	138	812	431	185	821	285	491	370	490	329	737	88	738	515	658	577	13	379	213	689
75	681	200	271	709	41	205	113	708	778	15	92	829	139	687	359	819	214	504	635	569	178	238	82	259	121	484	684	83	96	562	7	52	664	403	169	305	70	505	513	62	508	110	786	297	734	804	776	553	824
796	336	58	757	758	304	643	44	124	291	448	548	825	790	93	119	241	102	322	36	417	418	628	55	201	648	511	141	627	763	347	615	760	226	675	117	740	444	801	822	464	106	510	546	364	309	157	756	469	273
132	51	158	550	128	284	500	269	543	345	268	317	797	482	423	153	338	326	608	32	390	1	661	50	698	391	150	20	416	413	789	289	103	222	294	437	693	420	828	425	248	651	538	343	48	818	607	704	835	320
279	585	521	118	769	57	371	775	114	237	686	95	375	123	506	429	677	372	67	298	621	45	526	386	154	472	606	187	770	456	617	4	589	702	373	182	353	355	753	626	60	133	657	362	475	339	223	160	593	534
116	77	597	258	697	318	249	177	204	264	798	691	184	159	19	580	512	427	688	233	731	671	492	168	389	30	741	146	392	229	221	499	759	624	244	814	66	730	462	654	542	639	501	493	794	166	800	725	792	197
282	467	324	832	286	587	480	632	300	415	516	10	42	195	503	312	478	640	225	90	735	14	69	314	369	16	524	523	815	81	235	393	433	145	281	527	721	793	147	227	767	270	650	495	29	590	37	108	509	232
192	777	296	519	315	136	772	436	816	736	109	782	498	682	2	466	586	84	378	806	199	570	94	645	728	219	313	331	129	257	659	612	754	742	380	6	649	528	337	614	63	246	340	97	18	215	165	609	356	130
656	803	629	332	23	530	302	382	59	470	54	405	28	719	198	236	228	316	535	833	71	321	39	310	260	254	722	711	242	9	180	78	173	342	33	774	216	672	239	419	571	811	497	377	122	358	533	179	98	202
713	274	613	85	261	584	252	368	690	707	155	120	299	3	581	240	303	352	319	694	149	712	47	827	156	401	787	441	348	652	620	34	171	547	788	567	700	271	636	65	363	809	18	808	611	390	156	89	121	178
676	264	765	127	819	29	9	27	727	392	71	798	622	469	529	317	677	719	305	497	617	579	485	664	323	442	666	601	406	44	732	561	153	782	759	80	598	805	399	20	448	646	30	658	242	625	531	580	824	355
379	208	462	76	19	682	757	553	87	349	736	32	290	240	393	302	201	308	429	207	99	761	474	745	95	624	684	678	437	394	230	602	440	279	558	486	554	226	686	692	454	555	83	453	586	365	763	526	16	273
291	119	262	88	724	189	339	236	142	337	495	245	56	483	79	416	174	613	7	695	797	730	644	346	506	594	597	211	139	124	478	604	626	430	590	232	475	754	257	802	149	656	390	319	84	737	726	647	58	166
133	254	504	439	296	113	505	803	217	125	371	740	605	325	108	238	709	123	636	402	455	280	8	716	672	49	324	53	212	434	813	616	196	832	480	187	643	576	473	310	808	532	315	752	126	770	539	303	328	700
565	693	541	569	116	550	815	423	338	350	496	667	518	477	703	415	351	457	265	22	741	725	40	164	628	610	704	120	444	562	723	544	256	158	97	203	764	28	322	552	834	499	102	209	649	774	309	756	651	715
373	807	714	581	543	381	403	250	205	357	255	12	86	21	642	427	809	712	508	755	418	11	669	6	650	718	33	285	397	17	694	522	353	222	466	114	247	221	674	23	263	170	786	25	233	354	711	611	188	701
359	288	817	537	270	375	464	417	316	491	488	1	341	10	787	662	194	744	446	588	276	432	111	35	4	177	106	206	780	181	665	698	297	438	220	467	435	152	564	776	827	131	822	385	560	364	300	578	243	195
492	722	479	366	41	110	821	391	47	77	826	766	530	606	652	68	428	330	635	162	476	583	790	618	54	607	200	806	92	132	31	122	117	130	304	299	249	277	668	225	178	159	779	78	799	696	452	150	145	0
762	655	671	39	24	573	631	498	443	519	183	687	520	772	831	268	458	551	261	556	534	278	101	748	661	82	835	109	409	630	151	163	45	536	515	540	512	229	627	382	591	176	336	570	789	5	333	282	370	633
59	169	384	348	542	134	96	283	516	89	424	136	180	343	74	227	395	503	731	742	747	198	460	545	472	320	425	352	773	75	360	267	689	135	514	521	118	115	509	160	710	603	63	72	812	585	706	294	128	213
795	702	401	13	681	471	148	572	15	167	788	175	575	796	445	621	335	548	639	378	769	38	52	729	502	481	51	231	419	592	468	104	295	329	179	396	100	144	637	168	749	450	559	137	184	584	449	814	705	235
241	380	50	398	93	275	314	266	389	582	758	94	660	85	775	321	511	340	804	811	549	720	281	239	614	386	216	274	751	70	191	293	746	161	3	143	777	800	413	377	358	404	456	784	165	638	828	538	48	138
507	81	738	312	640	680	342	214	517	412	140	411	192	64	533	405	760	344	215	258	675	185	463	641	600	42	421	568	298	26	482	557	172	792	129	362	331	327	620	708	574	223	713	34	490	90	566	433	234	311
410	771	269	525	271	599	369	685	500	679	612	272	510	699	121	228	688	376	252	367	155	657	645	332	816	690	818	46	547	750	248	589	372	18	697	2	810	691	739	489	670	244	91	57	493	67	535	286	318	374
648	62	768	721	734	246	157	345	615	619	154	182	753	383	683	781	103	833	659	284	595	563	204	36	237	66	653	609	210	546	73	107	173	141	408	197	259	260	608	523	501	219	361	735	823	368	783	43	728	426
431	733	193	494	634	65	289	673	190	14	69	461	629	334	459	587	487	441	287	105	527	593	785	60	513	306	484	407	422	307	567	156	171	717	436	778	218	313	663	292	623	767	791	794	447	820	465	356	830	414
37	224	146	829	98	654	186	577	420	253	326	61	596	801	199	112	793	202	387	400	347	524	55	632	825	470	707	571	528	451	363	743	147	251	301	388	434	437	582	318	347	17	40	73	598	503	547	403	426	311
357	273	353	340	202	272	30	150	214	254	466	779	327	132	782	773	56	694	120	0	373	752	545	369	160	22	721	584	760	622	380	755	554	189	185	484	675	32	477	657	673	8	312	328	450	169	700	762	490	222
187	302	483	461	480	293	706	37	143	607	731	441	423	759	660	290	395	80	236	83	485	791	504	812	361	435	796	684	768	228	232	817	820	632	517	6	714	1	420	242	167	117	227	158	672	146	264	764	408	397
616	330	190	568	655	49	138	618	62	625	827	134	204	196	617	78	560	688	479	579	145	583	440	604	285	55	615	508	19	52	735	506	289	663	208	502	248	676	473	623	645	654	318	681	283	751	553	833	16	528
535	151	491	34	722	452	57	537	277	626	596	658	426	90	444	469	570	436	766	119	213	424	659	233	180	431	433	344	716	70	44	299	432	767	110	229	496	742	594	798	343	815	206	291	304	498	205	539	237	320
650	241	829	142	501	199	610	144	799	379	385	709	403	368	337	800	294	727	748	705	730	21	148	462	29	362	360	104	592	88	317	561	806	569	60	411	391	513	777	93	429	10	814	282	218	720	13	792	642	683
288	533	115	389	50	99	641	649	211	451	161	467	499	601	322	668	307	500	98	546	271	177	257	284	835	732	702	689	75	640	116	188	69	113	74	599	831	133	45	726	405	407	347	152	259	770	486	651	412	216
711	789	24	602	687	507	25	224	670	179	803	595	802	350	558	728	183	35	40	253	510	527	364	541	526	421	603	192	474	795	832	374	4	529	530	65	82	785	2	621	740	324	86	166	457	811	685	661	509	339
463	445	76	398	669	627	578	747	378	163	516	708	458	566	582	265	175	707	557	523	354	18	59	135	67	270	492	255	329	275	588	301	72	744	605	472	559	108	137	597	633	776	419	230	153	580	71	100	826	308
704	643	17	453	449	769	48	823	715	652	677	310	606	280	476	157	200	23	33	656	749	723	589	97	631	774	256	741	79	85	300	287	182	690	267	524	217	240	367	106	576	316	377	381	630	428	818	534	201	109
94	804	114	178	547	371	413	197	565	718	20	738	634	122	309	223	495	734	140	365	564	418	276	356	519	370	58	41	556	697	404	186	193	61	511	717	609	387	292	587	439	514	149	590	555	786	335	548	666	797
438	156	686	725	392	266	209	38	415	278	775	102	334	73	719	372	736	437	470	494	446	409	355	107	311	679	763	505	698	51	497	693	383	503	141	783	155	695	36	794	239	611	454	448	542	790	665	586	219	809
194	27	637	465	699	758	136	26	359	743	400	518	306	772	128	629	234	263	399	81	390	636	124	7	653	127	692	11	691	247	147	250	333	243	414	746	585	571	562	184	212	43	129	624	810	538	331	489	384	765
771	351	646	9	787	84	191	295	53	515	525	733	430	821	286	464	493	258	696	91	262	671	338	574	326	352	442	342	375	31	591	550	540	66	382	456	396	598	162	170	807	89	92	235	753	176	739	825	750	805
667	96	3	793	778	552	313	325	425	619	416	321	822	28	12	174	315	215	388	363	567	638	68	226	828	422	522	87	131	386	635	139	298	813	5	203	572	15	42	710	358	520	417	46	664	543	819	393	260	678
563	780	251	130	64	195	824	210	165	220	549	123	164	345	712	103	756	252	628	512	745	349	581	455	801	198	648	488	608	784	531	101	402	459	761	246	314	14	575	118	268	427	261	612	39	244	181	577	305	647
341	336	77	713	468	639	231	303	171	111	125	279	54	487	703	662	613	376	593	620	600	573	394	168	644	346	297	475	674	281	401	406	788	323	460	808	172	551	724	434	729	443	478	269	682	207	126	680	481	701
834	532	757	482	221	47	471	238	225	816	95	249	410	830	154	521	536	737	159	112	614	173	348	245	447	63	319	366	781	105	121	754	274	332	544	296	456	762	690	516	50	470	687	131	834	744	42	597	616	410
360	769	461	348	537	654	783	538	10	558	408	733	578	333	120	564	446	510	415	638	150	393	508	430	307	618	505	211	764	197	22	504	33	807	303	379	511	157	401	515	729	296	53	398	725	103	145	786	182	31
541	815	262	646	376	616	605	787	63	32	174	329	251	358	397	282	692	791	667	34	407	451	575	495	345	657	648	682	480	494	718	267	400	819	712	265	126	689	23	73	218	635	721	652	236	436	524	645	658	767
363	630	158	552	95	788	589	534	143	180	3	204	622	516	302	554	685	777	250	223	9	91	80	260	790	780	707	380	427	99	206	39	456	69	59	156	766	639	399	642	209	651	285	257	347	493	277	319	613	662
418	344	152	719	128	593	588	177	617	255	665	577	79	782	215	391	432	486	569	49	101	219	778	695	765	107	314	83	193	323	41	132	449	121	465	190	713	202	42	743	474	161	579	681	833	131	761	582	661	686
784	745	816	110	254	21	454	165	47	468	352	545	246	660	711	762	647	670	412	750	356	680	108	308	625	834	607	612	417	266	256	591	100	213	382	664	553	263	123	5	29	576	781	87	565	803	394	693	794	792
636	147	389	501	533	405	51	626	518	677	425	503	644	290	826	703	385	722	604	675	306	594	283	478	192	340	452	78	435	410	580	550	606	476	595	649	82	717	592	440	25	727	802	268	532	216	637	122	317	331
509	175	217	230	86	61	760	280	164	203	239	724	276	514	261	641	814	318	403	585	699	24	243	300	544	603	808	458	402	643	710	18	413	228	353	698	65	259	621	742	835	332	448	338	124	800	19	45	64	135
526	28	26	519	288	141	547	487	37	70	426	35	527	272	2	694	275	688	615	171	574	759	361	56	111	96	183	114	334	414	500	734	15	709	60	227	199	619	746	548	690	309	531	170	129	799	369	812	821	479
832	343	706	0	52	112	305	113	249	520	167	824	330	367	237	543	349	628	805	27	472	633	793	153	749	525	85	189	757	264	188	271	404	701	443	723	433	744	601	434	687	106	54	115	507	739	221	30	125	366
342	539	185	387	623	146	416	248	370	390	740	208	566	245	811	210	196	130	771	447	785	820	214	71	602	324	181	240	315	151	294	488	93	653	752	567	673	813	137	830	1	571	596	247	804	173	419	38	355	684
671	11	755	827	555	536	429	289	378	498	328	194	668	634	484	270	134	620	142	43	81	178	320	179	119	286	312	336	753	6	200	58	631	383	409	13	375	14	614	195	301	253	341	776	481	144	674	154	439	232
386	573	756	48	696	220	310	655	311	118	176	138	467	549	350	362	583	679	36	68	731	7	420	464	374	491	676	747	632	754	298	806	563	459	66	599	98	224	354	411	163	441	650	737	669	44	335	396	542	683
295	244	496	568	586	627	229	471	716	517	697	205	160	357	590	368	351	231	117	489	470	279	559	67	297	292	90	551	166	775	796	326	337	97	422	823	825	453	562	475	149	278	316	522	392	557	736	506	546	535
136	162	809	365	313	92	600	473	758	72	168	442	587	817	428	184	818	797	444	700	728	772	705	828	381	513	102	373	492	748	186	388	466	774	191	450	212	801	201	763	281	584	715	424	795	325	666	77	462	8
672	609	528	291	624	372	293	485	751	431	284	242	273	640	810	258	187	608	406	598	222	610	735	597	512	822	457	560	779	207	16	159	198	89	768	529	738	364	691	346	20	116	46	395	377	831	490	463	460	611
235	94	477	469	274	789	299	720	663	238	629	561	50	421	155	829	659	172	88	339	384	708	521	62	139	570	148	109	169	287	502	523	438	770	304	581	140	269	359	702	704	455	17	133	556	57	678	252	74	233
225	234	732	76	714	4	321	437	55	798	105	12	40	445	497	84	226	127	104	530	241	322	75	730	327	482	741	540	371	572	423	726	656	499	773	483	106	103	189	202	453	306	255	413	230	105	671	411	249	649
450	183	824	153	24	208	386	236	413	55	524	290	665	284	361	766	282	231	209	521	317	456	434	589	120	453	675	104	682	333	275	131	202	757	81	379	823	441	400	114	331	392	528	731	63	668	157	20	451	360
711	600	671	672	761	375	640	159	2	216	660	65	71	94	812	358	585	745	271	732	480	663	316	272	618	330	88	781	591	310	351	552	779	655	803	97	542	799	205	773	108	135	203	9	206	667	424	691	523	42
470	59	483	102	32	235	683	134	787	627	376	100	223	822	772	759	96	514	522	652	747	34	639	342	337	67	393	646	546	739	709	594	323	616	629	628	68	593	287	370	163	728	829	553	833	366	608	274	587	797
560	150	166	474	578	363	129	243	286	388	143	181	559	571	54	567	690	304	315	815	703	25	723	184	700	798	705	212	305	721	558	502	288	220	372	460	294	318	729	550	412	111	219	262	109	679	359	525	16	508
64	597	246	564	128	621	283	266	626	478	678	200	277	189	509	768	704	588	443	12	681	447	538	70	796	806	697	197	487	244	35	365	174	93	338	795	117	311	399	322	439	433	336	540	419	828	320	148	557	800
566	565	751	748	512	239	448	133	127	595	210	335	217	469	499	654	662	599	544	278	547	611	494	44	167	402	23	176	740	486	250	805	139	827	495	492	750	592	221	429	325	165	57	377	656	80	504	146	185	6
17	116	145	702	541	215	619	786	98	818	698	37	752	688	151	771	417	606	362	77	79	106	475	658	186	775	816	144	395	631	260	198	604	649	610	344	156	328	596	814	29	687	199	228	689	33	532	5	647	180
196	811	99	343	178	613	763	784	607	201	437	21	490	793	548	692	125	86	445	832	299	491	577	819	66	645	661	177	36	73	158	505	229	436	426	357	207	484	428	625	341	256	3	238	498	227	446	257	764	352
767	549	554	409	1	458	43	461	556	575	802	695	770	830	171	251	110	774	466	141	264	383	252	749	291	602	527	479	782	14	680	51	387	485	821	142	526	397	190	744	149	726	121	237	792	105	332	130	817	529
