0,1
167	222	643	250	309	379	767	399	764	762	663	280	240	274	121	517	438	197	192	711	383	786	378	598	143	27	747	223	541	92	605	737	176	298	188	538	618	739	482	43	104	339	499	52	381	45	305	277	522	596
500	696	349	367	484	524	726	680	703	568	260	211	303	311	68	124	34	777	230	673	619	555	511	694	492	325	411	483	264	302	758	429	318	64	85	284	323	529	295	181	445	307	153	569	637	612	660	152	242	299
633	623	261	262	587	594	448	233	419	31	138	452	658	191	789	131	457	485	335	613	193	351	173	94	285	57	727	590	659	334	518	441	140	244	638	163	720	116	405	579	713	494	375	635	686	322	276	39	171	190
621	578	100	476	80	12	84	203	593	157	546	550	315	196	35	172	647	425	519	654	603	30	384	435	78	132	87	582	218	693	451	426	491	414	636	194	175	792	354	195	586	776	252	161	779	217	272	235	329	120
254	442	415	7	345	462	179	536	1	567	183	564	102	728	585	413	237	639	788	443	294	33	126	580	60	300	650	646	469	698	531	431	418	548	6	544	695	56	601	572	20	220	16	724	142	763	398	751	625	47
278	558	22	501	372	374	592	410	169	304	341	271	754	377	293	115	24	740	65	616	76	386	787	403	202	525	69	702	97	437	444	804	96	273	510	292	151	428	710	571	798	110	716	21	170	488	72	370	513	105
407	358	775	91	801	228	259	509	700	481	718	440	447	473	486	757	199	600	661	475	257	133	282	231	236	109	684	402	735	238	674	296	584	458	392	576	229	107	253	70	408	790	562	678	333	141	387	752	641	588
566	118	449	154	581	88	778	756	136	50	708	114	507	489	672	675	241	245	537	98	215	504	166	736	734	83	781	704	61	146	539	722	396	249	59	768	3	573	400	570	390	164	631	620	139	119	162	210	609	11
565	266	520	28	129	279	317	10	81	614	417	178	306	730	108	495	723	424	676	683	514	651	111	559	14	214	456	327	160	796	26	611	692	184	479	99	731	450	25	803	29	389	487	326	467	49	666	439	508	336
750	248	753	466	602	769	343	656	312	159	37	66	205	705	699	226	353	130	289	433	148	622	301	742	174	227	478	149	212	463	101	799	287	688	759	75	332	225	628	147	770	23	577	113	780	712	743	308	761	805
766	177	802	365	155	497	667	697	38	361	224	604	741	717	679	63	685	219	701	460	58	2	208	477	549	391	505	275	348	106	617	198	17	629	281	352	794	765	532	359	187	207	165	547	725	269	626	288	634	251
512	36	394	297	19	310	553	267	112	560	291	714	189	247	5	563	575	145	471	204	707	729	397	316	432	615	533	362	649	744	127	561	642	687	314	423	331	552	404	474	368	599	681	42	388	117	493	270	324	610
0	9	55	709	738	455	595	749	319	385	556	797	434	18	632	773	186	86	644	503	46	168	706	221	436	665	793	664	669	258	137	330	376	454	158	180	521	32	150	263	103	347	551	540	350	516	772	213	465	206
800	542	255	412	328	648	583	346	427	682	795	607	421	470	627	459	373	48	782	506	589	719	82	355	95	446	67	608	534	422	380	201	357	671	128	144	401	209	286	498	268	90	41	748	337	416	234	366	53	690
243	79	51	526	721	338	340	515	535	640	677	557	313	554	232	732	591	185	791	62	480	624	523	662	597	246	134	655	461	360	290	182	364	745	746	4	645	44	472	468	715	135	430	657	771	783	71	630	464	760
15	393	216	74	668	785	606	406	774	93	530	283	543	321	652	89	670	342	653	382	409	755	13	453	77	784	691	689	200	545	574	122	363	344	54	395	239	356	528	371	420	502	40	490	256	73	8	496	733	156
123	369	320	527	125	265	48	802	97	540	719	576	113	296	704	592	598	766	208	312	217	649	370	619	489	772	552	26	728	273	801	763	115	557	35	556	350	125	637	528	610	311	655	452	484	429	422	609	383	102
151	455	734	774	40	76	729	454	20	28	383	783	719	503	285	499	543	580	289	431	711	189	743	770	54	97	16	330	223	625	169	793	484	25	751	633	183	240	788	478	409	382	780	534	372	370	357	299	447	477
237	0	42	722	92	683	141	493	520	275	154	332	292	250	436	570	712	136	121	230	171	420	264	430	388	350	47	720	172	197	481	263	697	578	331	52	672	192	168	491	530	742	464	597	278	659	707	581	669	386
507	390	110	602	210	38	590	685	56	773	427	256	225	638	549	66	804	439	298	612	541	202	245	356	27	608	366	98	704	678	358	375	105	167	544	528	286	796	216	695	352	321	176	424	708	419	58	797	529	22
246	214	794	782	125	68	547	457	7	316	160	676	753	545	1	761	175	179	652	665	219	207	696	641	135	313	798	619	573	561	476	269	305	401	190	588	326	548	471	132	460	49	80	475	241	114	96	404	610	333
236	115	191	174	272	145	359	574	540	329	345	195	293	466	554	443	747	391	249	433	611	224	155	152	360	501	102	33	605	182	282	137	533	13	755	498	150	342	462	738	598	78	452	802	497	532	463	166	721	694
70	53	450	116	718	583	262	494	422	637	72	103	413	511	589	77	482	234	127	130	556	730	39	215	232	306	297	196	623	395	777	686	340	689	582	48	18	341	153	385	173	34	393	680	692	294	609	748	650	111
75	317	365	647	228	584	655	324	17	302	760	789	15	474	458	558	364	144	90	467	50	5	252	199	392	63	510	792	634	645	209	435	328	553	790	700	211	361	296	140	131	737	119	270	351	791	468	632	253	163
744	12	514	311	800	701	509	295	657	489	184	479	128	104	411	41	440	629	146	687	713	555	389	579	106	188	616	569	673	384	258	257	441	768	795	565	222	134	426	690	74	717	627	343	288	756	801	614	212	639
781	728	194	203	778	763	651	644	281	347	675	663	702	89	606	587	410	727	30	546	505	368	208	759	469	113	9	715	658	403	221	566	622	26	526	752	362	71	483	349	248	273	8	398	65	243	133	716	585	492
527	94	453	162	181	750	309	656	500	11	387	642	108	4	705	423	714	120	699	378	310	43	314	786	531	57	706	508	515	44	434	674	487	723	88	688	204	158	709	551	301	691	32	504	201	177	287	93	787	371
490	339	315	363	617	486	69	380	291	23	758	522	109	19	664	318	157	539	21	592	36	506	416	571	187	449	784	247	575	668	290	217	757	432	771	35	284	670	259	319	631	37	85	552	180	519	538	803	567	126
603	99	67	451	646	661	542	446	524	142	653	405	271	84	799	710	428	101	355	10	327	779	265	521	46	81	3	73	684	374	662	320	55	557	746	693	323	496	261	537	147	417	724	338	767	353	322	564	138	260
805	14	604	402	396	480	100	82	535	595	95	624	117	238	394	379	636	591	266	525	354	165	397	601	62	279	666	736	226	381	83	300	334	654	185	682	227	123	495	465	726	91	523	461	60	400	648	667	649	2
233	412	630	776	373	517	772	6	442	254	418	244	107	376	186	732	594	735	513	255	620	304	239	149	725	24	31	765	621	628	677	562	703	679	229	267	445	148	470	437	344	698	274	607	473	231	488	64	377	643
251	122	739	613	572	600	369	406	785	348	308	399	448	681	762	577	29	599	143	307	87	51	615	220	518	61	745	213	731	485	407	312	335	536	277	86	367	429	769	635	235	438	576	766	516	550	459	741	112	408
626	775	414	178	563	118	512	764	276	660	325	337	206	456	618	421	45	733	754	164	129	283	671	593	444	740	596	336	205	640	218	159	268	161	415	156	425	586	559	170	124	200	198	79	502	749	139	303	59	568
280	242	193	560	346	472	320	426	403	344	547	623	427	688	585	749	292	355	586	370	56	79	686	602	506	117	781	5	72	653	219	401	777	795	84	1	331	58	25	617	437	392	101	740	353	179	483	778	343	386
225	759	709	607	431	401	478	175	201	36	515	741	723	276	574	520	110	252	7	626	697	141	523	312	69	413	429	676	510	93	361	280	703	702	148	237	88	414	91	4	114	782	404	426	615	473	158	621	113	403
42	663	213	180	470	551	303	737	98	64	287	376	724	97	119	291	170	279	553	132	205	261	766	166	251	436	576	160	639	476	698	660	682	396	321	133	751	590	686	544	537	52	345	222	489	365	790	738	696	341
792	346	554	532	293	617	10	597	301	334	514	422	492	614	627	328	463	194	212	192	743	665	691	274	20	406	176	736	235	458	493	705	253	773	224	250	755	78	17	47	147	477	634	281	599	707	359	284	754	53
516	29	298	407	313	339	408	745	778	669	593	797	728	138	242	657	392	428	734	720	562	278	294	159	358	770	371	538	39	622	12	188	115	666	146	449	297	373	655	37	433	168	260	271	545	679	344	673	157	456
443	610	653	349	768	21	596	255	257	46	296	725	136	695	800	589	94	424	111	329	156	771	283	672	128	692	451	139	485	149	96	299	419	18	100	399	785	566	338	71	72	453	322	668	611	415	547	491	286	379
238	483	779	310	144	471	256	28	752	661	241	333	444	186	543	131	732	353	497	8	706	309	802	397	151	699	727	367	531	753	77	24	60	216	193	775	687	215	730	430	733	781	671	578	564	418	370	198	731	786
163	129	118	221	799	548	177	58	66	395	391	154	558	758	89	774	598	647	565	40	455	86	722	421	364	750	330	16	445	787	124	585	656	332	482	780	265	117	694	490	63	739	308	108	506	677	582	662	41	105
208	187	145	555	420	74	38	92	601	535	269	81	529	335	362	384	423	184	135	226	645	13	681	667	351	559	318	389	602	218	217	199	400	272	605	137	76	592	484	748	49	460	304	127	182	488	793	670	123	240
210	654	386	316	197	432	595	498	34	613	305	82	417	711	650	172	398	1	101	710	701	522	267	561	2	169	777	355	288	508	643	385	411	245	502	323	649	678	648	468	109	644	27	472	784	354	652	59	719	454
254	708	427	285	762	125	243	356	604	174	580	527	549	620	348	239	70	525	134	563	56	200	234	220	19	268	461	368	464	347	336	641	795	99	116	486	437	363	394	557	374	357	713	290	772	393	342	173	658	410
581	760	683	494	270	6	84	178	179	3	85	209	474	190	340	311	416	796	231	588	528	651	513	606	628	122	388	54	30	140	317	442	446	203	32	572	57	120	684	314	196	153	369	14	521	509	659	350	805	61
512	603	462	496	577	44	325	579	457	503	185	803	680	289	721	87	390	102	624	211	106	791	688	459	637	567	155	50	171	794	130	33	526	518	207	441	583	95	263	266	618	300	517	73	11	248	530	533	546	227
161	228	67	519	480	798	789	635	700	409	740	767	51	550	258	712	524	103	315	232	466	273	609	326	540	381	246	587	434	763	412	500	505	0	35	804	112	439	343	80	440	306	405	372	742	352	282	68	142	83
646	214	377	62	48	126	307	591	331	487	219	366	162	378	292	450	191	104	402	143	623	600	674	638	202	435	501	195	380	495	632	765	560	236	31	383	630	360	704	152	783	573	275	230	499	541	9	26	718	769
204	511	327	744	636	575	539	262	465	616	608	756	689	277	79	475	425	382	302	568	43	569	448	247	776	165	469	387	121	65	761	5	729	452	447	15	189	625	25	747	206	337	249	23	45	264	675	788	716	479
735	504	324	612	481	183	629	320	552	22	75	229	764	726	259	223	640	295	467	584	749	244	715	633	586	534	164	438	619	757	664	714	507	233	319	685	107	717	542	556	571	642	746	150	570	167	631	90	594	55
375	801	690	536	181	693	72	465	384	97	379	560	120	660	286	81	537	518	157	459	90	696	502	795	202	662	205	146	368	418	342	362	760	338	366	30	641	105	189	37	463	403	548	412	614	313	9	566	124	118
66	662	550	588	311	473	750	398	280	230	781	191	180	727	762	141	231	118	700	159	150	186	258	548	740	491	716	7	798	609	298	788	36	203	49	732	56	378	241	769	539	518	636	461	679	367	710	650	32	785
692	114	112	19	27	622	374	389	51	301	714	268	469	680	187	166	43	501	228	691	360	158	590	58	109	31	196	462	470	404	385	621	449	90	412	776	540	60	4	544	81	573	8	631	279	357	429	464	493	63
454	364	580	534	9	605	542	488	505	309	386	715	98	582	310	694	502	319	630	33	632	88	667	721	93	12	557	145	658	151	288	738	358	793	599	134	361	272	363	553	106	424	339	490	29	498	371	516	366	278
204	600	545	341	595	734	558	438	500	626	483	35	238	146	457	267	687	506	649	639	181	533	6	2	322	775	133	263	333	659	317	407	80	300	497	183	409	84	78	291	130	127	221	420	789	135	439	44	89	416
314	570	663	797	669	329	675	436	411	467	472	161	16	336	124	294	189	705	792	475	562	155	172	646	48	777	213	674	152	195	395	536	744	560	770	725	511	344	521	140	450	304	65	402	313	526	287	444	587	170
682	771	273	608	787	513	757	168	763	97	117	509	91	381	342	330	209	163	559	719	377	717	82	579	794	185	3	452	295	759	20	637	625	435	297	252	802	661	426	768	129	531	432	236	613	718	197	592	34	247
302	685	394	566	654	468	162	528	445	594	482	782	384	270	634	277	332	137	95	405	463	248	328	194	266	154	293	453	428	340	157	308	224	443	173	5	226	193	567	352	671	251	325	198	108	254	701	94	731	547
282	160	712	477	356	323	689	239	696	780	64	372	677	690	15	21	131	50	30	233	206	370	703	574	373	387	348	603	289	638	683	563	722	708	803	338	345	749	190	184	575	773	672	223	47	71	188	28	619	640
296	57	244	541	243	262	413	164	565	281	415	179	801	514	529	242	665	237	156	546	182	414	275	585	177	18	430	805	38	760	235	153	561	210	399	799	326	795	767	214	597	589	422	745	350	10	487	37	199	723
790	695	455	55	660	110	260	525	59	22	576	368	800	382	126	474	756	116	79	41	641	515	666	205	128	765	52	427	40	778	647	72	380	479	713	642	465	538	684	408	240	706	246	355	601	149	791	234	616	577
610	686	655	709	283	346	496	369	591	175	504	178	643	783	67	306	69	471	698	446	250	201	704	286	54	673	68	633	139	441	125	96	307	569	656	349	376	85	784	143	353	391	347	121	271	652	764	523	284	670
527	17	629	324	216	249	147	423	253	87	327	480	46	796	123	746	612	728	489	285	495	530	192	458	442	456	753	255	77	743	494	73	459	303	343	635	478	0	571	555	653	397	486	688	508	165	144	218	697	217
393	62	499	70	365	507	644	410	724	257	417	212	24	256	171	729	774	720	593	628	103	568	678	83	598	113	596	447	618	375	115	736	406	265	359	524	606	627	225	331	583	668	617	122	711	755	401	418	101	200
75	584	532	316	645	615	245	334	76	437	485	492	693	664	741	519	136	739	132	623	460	481	702	400	772	120	229	176	512	42	220	572	707	318	292	747	581	735	648	737	39	681	259	602	431	543	440	202	388	651
804	552	503	786	215	13	758	169	111	403	779	232	392	25	564	484	100	676	337	466	211	726	390	604	425	14	752	208	219	451	207	535	657	138	522	699	315	742	119	312	620	517	174	261	766	269	102	45	362	611
520	11	396	433	264	510	321	537	554	305	86	549	99	53	751	290	476	74	335	148	578	556	421	105	107	276	142	167	354	607	222	227	748	320	761	434	448	351	26	92	614	730	733	274	624	299	1	61	419	23
383	754	104	379	551	586	568	776	763	97	232	391	252	435	409	535	235	152	318	351	42	136	382	316	373	79	553	137	493	439	177	344	280	285	234	85	648	543	387	245	790	496	378	51	64	46	125	473	647	471
684	51	294	179	669	519	232	750	480	586	225	565	610	542	376	488	554	716	693	605	369	425	702	263	1	208	346	192	174	540	18	388	194	735	347	596	166	597	461	162	344	744	784	732	630	251	804	341	536	640
256	307	6	454	636	579	314	311	767	333	506	228	230	113	466	698	719	435	794	257	494	275	788	649	402	320	10	67	91	197	491	17	699	20	85	340	676	440	606	49	343	442	298	621	65	3	8	165	185	724
288	276	582	622	580	103	766	432	591	133	583	795	515	258	27	16	287	448	629	740	805	37	797	709	770	645	703	237	633	213	547	539	764	427	175	274	248	169	708	182	631	105	499	548	372	128	626	771	83	439
412	685	576	101	278	781	546	561	345	516	121	385	310	193	756	240	181	418	244	479	650	617	173	43	557	625	668	191	66	752	791	510	315	215	721	408	216	762	135	777	370	159	364	154	269	200	41	309	575	4
323	683	308	131	120	774	392	686	765	168	526	780	306	588	600	482	687	393	342	551	615	357	608	560	555	98	63	177	142	556	785	214	529	255	460	632	224	107	737	198	338	696	262	285	705	578	204	673	300	416
421	607	456	163	84	619	648	538	451	330	789	367	646	713	746	534	68	609	77	291	728	233	710	268	318	581	170	64	384	301	429	712	801	436	779	336	389	89	651	508	559	363	655	209	722	449	653	279	419	496
45	116	447	707	69	700	665	349	202	5	249	186	145	329	624	484	462	223	24	407	497	726	171	201	736	471	634	222	657	57	695	33	199	501	292	420	493	229	522	152	360	544	374	434	677	802	94	413	54	110
662	75	35	236	507	661	47	149	355	218	531	239	602	196	414	356	543	763	523	532	187	189	266	535	371	129	12	302	594	644	111	457	611	324	299	40	452	741	46	520	616	433	221	227	246	31	247	106	271	558
96	252	691	748	48	400	87	604	108	118	729	690	521	326	211	659	742	664	714	73	144	524	368	331	21	238	463	601	509	528	319	670	511	127	730	115	405	134	751	231	798	410	792	706	56	297	141	387	125	525
674	697	156	566	273	533	212	286	401	455	15	727	132	176	79	234	620	206	458	52	492	317	660	305	157	332	502	504	50	500	78	731	235	62	28	747	647	477	377	595	172	641	423	563	76	22	102	745	474	361
391	383	476	541	264	672	123	517	758	437	265	568	339	316	441	95	53	530	382	569	219	394	637	2	337	773	150	776	188	562	663	220	375	786	738	584	11	312	245	778	97	226	692	61	701	666	99	459	190	749
428	122	42	373	362	138	759	32	136	71	203	19	350	799	82	527	250	564	164	782	86	587	723	139	284	431	550	184	772	475	678	503	381	90	241	761	9	36	23	415	104	335	688	112	183	210	612	352	313	148
353	195	715	800	682	422	478	158	590	642	100	769	725	489	167	445	787	658	180	7	137	92	358	161	430	768	446	803	60	296	253	58	390	450	359	0	378	469	303	14	571	205	585	399	29	679	81	753	495	290
409	694	487	757	261	623	44	59	295	380	386	282	593	599	514	155	718	272	589	70	259	574	627	720	628	775	598	126	453	396	638	470	80	486	444	483	325	654	498	512	130	618	146	656	734	13	689	93	30	151
783	567	717	74	143	754	88	289	681	322	366	443	267	468	481	743	790	397	755	117	39	424	147	283	513	72	545	464	553	426	549	55	680	217	505	438	573	671	351	243	398	178	281	26	379	334	613	675	404	793
242	406	614	472	733	796	38	114	153	704	552	270	207	328	403	490	639	119	739	711	395	109	321	518	570	603	277	577	760	304	643	467	417	485	473	667	327	140	411	160	537	254	280	465	592	572	34	124	365	348
25	354	652	635	293	260	535	183	752	587	554	537	489	416	98	451	178	450	156	671	267	730	773	40	321	194	20	5	107	785	591	166	290	258	746	349	343	77	21	521	2	573	708	235	369	238	536	71	104	18
778	5	448	568	705	136	357	539	547	748	482	120	193	802	556	241	617	274	473	336	134	365	432	431	185	671	143	486	669	582	349	789	467	367	128	324	84	466	703	667	103	317	278	244	438	233	803	71	543	509
713	277	607	739	341	27	200	763	361	760	586	755	42	546	141	619	413	269	451	686	177	601	702	650	132	98	409	243	622	31	115	188	146	169	780	534	252	545	175	156	377	182	246	140	104	195	125	498	414	660
78	483	798	571	142	14	528	633	67	291	699	41	148	93	121	217	544	626	786	353	477	79	235	356	390	333	138	81	157	742	273	275	485	320	286	437	731	577	523	591	398	66	682	180	86	285	77	560	97	489
176	689	596	578	538	0	327	90	738	599	724	655	700	769	425	632	276	480	62	406	53	39	362	668	355	465	46	272	144	389	279	198	318	370	305	795	368	245	735	344	74	787	373	347	768	346	218	584	316	645
253	100	484	18	590	641	506	728	621	29	259	464	75	732	499	28	204	110	127	681	779	164	338	174	94	576	602	666	649	378	422	391	363	352	68	379	519	30	606	533	412	202	797	52	70	308	263	366	108	557
238	664	800	166	479	221	280	436	643	380	392	472	16	80	173	219	707	163	319	721	541	411	496	191	536	629	754	403	514	181	497	597	311	119	297	588	683	718	343	531	309	209	456	395	442	20	12	58	37	212
648	32	328	491	304	345	444	76	524	611	421	281	575	440	186	139	331	504	284	455	740	170	1	207	563	45	535	145	301	294	567	459	85	434	382	268	678	179	229	133	454	690	168	753	51	550	225	267	213	289
594	386	417	83	205	270	251	262	223	388	47	430	674	288	264	149	733	792	463	427	635	358	230	537	171	335	692	743	639	630	56	240	767	589	618	199	730	510	342	43	727	696	801	518	759	236	488	529	470	401
330	298	101	36	612	676	348	201	426	315	332	790	237	507	460	656	714	708	302	211	445	295	107	762	118	631	471	684	192	340	515	255	605	266	82	775	716	410	772	10	583	774	651	558	592	91	339	137	719	226
694	359	756	492	766	106	63	376	746	123	663	608	478	487	350	468	657	112	33	231	587	615	603	628	709	527	408	570	8	749	439	752	89	394	435	399	407	178	325	397	446	322	87	35	474	505	765	158	693	54
553	614	153	462	260	247	261	224	526	135	805	69	203	303	476	620	658	551	57	734	572	160	95	624	704	22	334	457	500	184	646	701	776	688	788	234	525	695	540	50	522	637	21	661	574	604	383	249	458	443
116	323	220	580	561	554	296	310	381	162	698	764	351	194	799	372	757	321	172	126	17	794	405	559	196	312	19	706	481	354	710	150	729	387	371	687	374	662	670	314	598	59	783	793	65	758	771	227	726	503
424	548	183	565	672	292	804	420	428	517	254	654	197	3	313	511	736	593	573	784	720	673	502	781	530	495	4	329	777	111	159	562	680	796	400	542	555	23	433	258	585	653	494	490	449	737	92	647	124	11
88	532	642	773	785	453	450	271	232	44	549	257	13	105	72	419	679	452	364	117	564	418	216	283	369	638	469	293	337	7	129	55	222	501	299	415	24	741	113	644	375	48	248	569	167	122	151	744	6	360
208	521	675	190	210	385	187	665	717	416	712	189	634	114	691	64	745	751	636	25	725	290	761	73	508	711	441	404	747	791	228	130	552	609	250	423	640	623	61	659	461	49	307	493	384	581	475	447	282	652
579	287	393	155	300	616	722	147	99	600	627	402	306	396	2	595	429	610	613	15	152	161	677	102	40	239	566	697	513	214	131	9	256	512	782	723	750	109	516	326	242	60	206	34	715	520	26	770	38	96
215	154	685	165	265	625	339	28	669	368	422	225	802	84	355	37	513	257	659	502	732	648	747	80	128	718	367	140	604	318	170	277	792	438	26	643	338	166	313	209	628	413	662	523	768	445	157	358	36	786
697	185	753	612	528	191	586	266	551	481	737	111	27	364	600	794	324	472	384	694	773	334	636	148	217	700	99	503	152	307	449	269	167	387	423	141	56	500	79	175	265	552	365	770	43	174	554	719	584	76
268	96	65	445	125	24	162	354	544	670	626	226	409	338	680	743	653	790	86	305	701	288	690	362	289	211	234	383	513	346	632	540	731	614	373	285	222	318	476	350	294	397	62	605	728	41	459	524	689	669
708	394	326	667	671	522	49	44	209	203	140	158	93	576	624	456	477	243	525	738	55	73	804	172	250	121	259	124	91	564	559	389	750	422	519	106	776	550	53	46	17	672	546	278	659	803	13	194	710	344
61	253	782	447	567	376	206	153	237	718	82	70	713	610	762	105	630	646	391	786	50	748	609	20	336	621	273	547	663	534	421	176	103	247	766	668	181	164	618	764	169	529	757	577	87	729	417	641	706	637
665	759	231	64	407	255	516	469	760	213	263	628	374	581	426	542	212	115	429	114	446	183	95	774	123	761	492	277	372	390	805	230	67	330	293	5	385	685	416	295	428	154	585	583	187	570	301	200	568	328
474	725	418	327	218	682	578	724	60	582	379	588	480	118	290	772	688	116	77	430	606	360	704	366	479	249	721	602	204	264	658	427	639	159	783	19	292	758	796	645	801	432	493	739	406	339	168	400	241	484
781	681	698	512	229	396	795	112	557	408	647	275	322	635	127	607	166	702	611	282	485	526	649	775	744	487	413	306	651	10	42	507	157	312	539	128	225	90	411	14	69	314	597	414	12	11	733	736	754	561
598	15	392	404	491	448	740	283	227	410	182	138	555	717	565	208	625	232	517	192	458	593	437	296	7	712	722	720	455	515	412	109	800	170	2	580	648	84	378	763	643	466	765	661	94	133	627	402	549	514
788	511	129	257	608	308	100	462	420	380	756	6	137	300	595	501	102	695	655	771	793	425	435	215	165	97	238	356	130	693	499	531	604	537	789	18	302	785	791	596	405	558	207	433	434	553	236	228	316	673
23	35	71	321	535	617	310	656	270	254	403	297	444	210	343	454	199	304	242	9	562	78	361	650	342	33	436	735	657	216	623	415	351	777	419	470	579	510	377	560	122	358	21	179	98	527	751	613	723	85
261	616	315	72	252	594	178	195	494	155	563	331	299	3	240	603	352	319	149	47	523	156	401	726	348	778	171	787	83	622	52	536	325	398	317	369	633	332	45	802	367	467	57	615	107	518	51	163	496	219
631	575	375	677	363	29	256	244	28	464	620	145	180	730	439	37	566	143	674	498	452	741	675	461	25	245	113	26	742	715	359	451	395	506	142	497	746	752	371	591	81	117	453	792	368	16	54	732	687	349
388	381	699	303	589	638	780	490	147	323	749	707	126	274	189	483	337	39	92	30	642	443	799	734	214	662	104	221	311	309	666	186	574	504	66	619	573	298	279	184	89	779	386	345	196	0	705	634	74	286
654	676	193	31	173	291	260	262	508	335	8	235	571	475	767	355	134	521	38	629	341	488	132	489	592	709	4	684	353	590	495	146	271	68	198	538	120	281	22	569	541	652	716	144	220	63	486	463	284	333
188	482	533	177	727	1	276	197	599	151	664	136	784	110	440	59	382	471	601	357	548	703	711	101	457	40	441	258	88	48	686	468	768	399	160	465	679	131	660	233	755	108	532	442	75	287	320	280	135	32
644	201	119	691	393	370	543	36	248	438	190	478	714	769	530	58	80	640	460	431	572	246	347	224	587	150	545	239	34	798	272	505	251	161	502	692	329	202	313	797	747	696	223	340	424	556	683	450	745	509
473	678	205	520	139	267	625	606	787	18	126	690	180	350	212	205	797	302	43	167	469	104	801	69	47	402	426	6	704	578	88	743	662	289	299	29	661	391	516	805	332	50	745	295	90	804	564	364	676	55
68	203	534	479	30	758	239	184	429	619	310	460	360	403	295	131	588	716	766	342	351	474	744	74	722	314	742	495	28	763	9	615	731	520	499	82	22	664	439	745	187	179	144	700	455	317	670	232	290	804
613	159	546	471	748	89	544	704	702	803	254	639	467	740	793	715	599	115	8	385	648	653	475	726	458	436	41	412	152	362	756	573	755	227	375	32	230	497	430	298	264	431	194	119	0	201	665	240	245	706
296	606	303	410	771	392	359	542	170	174	328	79	506	311	485	594	504	453	380	548	52	423	792	528	337	424	457	63	643	226	126	92	621	243	560	576	802	422	299	238	770	805	137	198	196	596	110	505	104	397
789	93	406	463	469	19	17	262	782	285	10	678	565	175	94	617	85	570	720	394	113	616	681	441	448	263	398	466	561	555	614	582	446	373	53	300	566	365	402	435	168	47	70	191	29	206	711	396	719	640
78	612	767	183	698	718	598	433	340	275	167	139	302	102	233	659	779	50	593	557	127	646	693	165	371	428	166	459	518	468	273	48	138	601	395	569	364	297	590	282	209	746	95	214	5	404	270	629	366	124
759	682	800	21	692	442	730	178	215	535	503	526	707	132	258	477	709	487	522	663	140	56	764	26	327	717	676	172	536	684	108	341	335	426	220	386	604	481	635	411	269	13	486	344	271	610	87	346	162	100
272	160	121	622	321	636	741	155	145	498	323	729	732	721	571	478	18	652	519	319	324	379	514	158	244	91	443	677	57	67	23	432	589	188	136	667	399	452	246	532	157	349	370	154	794	217	768	445	419	752
473	472	383	500	488	252	51	608	36	237	641	507	304	508	580	697	210	247	625	73	107	250	609	538	141	197	259	260	638	11	786	219	377	361	482	465	368	421	43	216	332	221	193	563	444	657	554	190	772	408
277	774	751	117	415	334	633	660	287	537	734	81	694	517	306	727	374	765	464	714	501	780	266	658	313	151	762	111	655	642	630	447	286	516	356	470	550	37	530	329	146	98	142	675	65	420	577	326	562	584
289	783	523	409	689	330	112	788	202	387	795	400	347	12	55	120	195	59	16	451	363	628	147	683	749	388	358	417	77	568	251	647	597	357	574	4	354	283	618	391	454	521	384	224	181	672	274	339	781	378
83	171	545	737	712	249	235	284	645	27	156	62	705	551	611	241	462	603	135	757	543	281	88	434	401	696	288	527	236	343	493	345	308	186	634	177	129	105	489	739	581	33	724	153	476	204	101	416	38	372
414	743	510	161	591	114	405	747	20	331	39	72	61	668	512	257	572	218	710	320	150	248	575	7	86	130	494	253	525	255	97	605	25	725	680	265	461	541	212	540	294	626	502	169	708	96	393	223	437	509
407	654	123	1	90	797	558	143	784	173	549	733	382	754	438	418	583	312	492	773	242	703	228	578	45	34	553	390	231	118	352	125	338	75	631	234	211	185	595	440	369	66	279	31	776	547	690	54	427	769
229	425	686	222	148	687	790	450	787	322	662	208	348	799	315	736	559	511	122	76	513	316	256	552	556	533	624	213	309	149	84	449	192	753	602	688	666	579	199	651	180	103	679	99	60	669	2	671	116	278
661	80	632	701	456	336	291	207	40	637	587	496	333	801	673	6	723	128	490	3	531	268	176	483	261	163	760	600	292	46	524	280	738	267	15	607	325	699	35	64	695	355	44	778	389	564	484	656	650	777
539	293	691	480	376	381	620	623	353	585	674	491	728	413	529	649	49	735	627	307	71	189	14	24	69	42	586	301	276	200	785	133	58	685	592	205	305	567	761	225	796	713	367	164	182	798	109	318	791	775
750	644	350	515	106	134	140	326	145	263	768	542	405	625	659	189	418	546	557	655	555	147	460	492	73	767	172	713	674	572	601	105	798	411	358	70	348	337	430	248	596	119	231	443	510	168	388	190	645	87