0,1
880	621	487	438	634	284	698	824	294	64	155	524	666	188	253	956	142	629	16	697	450	1049	598	349	730	223	43	133	520	529	821	518	828	964	250	799	1006	486	906	596	318	329	600	658	838	378	342	841	726	139
937	249	172	876	429	942	609	307	547	233	639	11	664	578	1052	299	791	638	641	817	778	584	479	699	109	819	384	975	795	742	413	277	952	672	285	855	536	973	131	1003	1021	143	300	794	831	339	369	31	244	191
576	915	695	646	196	924	287	883	120	955	966	27	492	573	177	916	618	1004	392	789	511	22	968	305	692	800	754	582	867	773	222	1010	75	546	88	271	823	1029	1	153	979	495	218	905	500	805	419	792	892	990
1045	467	940	485	411	45	888	614	442	612	203	901	559	920	370	121	678	179	52	264	519	564	448	171	568	933	211	261	345	68	428	386	722	452	473	770	590	217	610	676	325	138	230	514	1043	1001	896	567	912	92
580	781	910	945	225	475	195	274	1022	1008	482	923	353	709	776	104	304	569	228	613	899	1020	875	176	585	326	437	173	484	358	986	181	989	734	341	6	1035	298	963	414	335	114	417	334	972	403	693	29	854	1031
85	163	399	782	34	124	525	816	463	235	444	248	1015	827	724	39	240	193	858	900	1028	637	571	685	192	603	194	418	907	57	845	651	507	12	415	372	740	445	938	1038	895	410	259	832	174	849	510	190	252	545
935	140	626	908	719	983	94	893	881	581	197	706	323	592	152	361	1046	381	387	116	1027	483	1025	759	911	866	280	811	491	167	718	295	30	375	513	37	374	100	802	245	80	934	84	501	941	748	716	242	808	157
122	702	861	744	707	703	663	35	826	594	884	293	499	260	820	894	765	315	99	78	132	87	292	408	321	237	688	108	558	539	175	1019	757	420	886	721	1033	161	504	354	426	918	441	254	982	10	538	7	141	443
1054	930	183	775	102	322	943	737	56	544	33	126	793	60	643	379	891	184	309	729	917	752	262	440	743	739	694	20	220	623	898	398	389	447	302	159	47	970	804	278	927	166	998	807	619	169	687	705	565	528
649	351	147	769	1026	115	1024	456	24	615	913	65	836	76	712	787	601	276	383	272	862	625	311	939	28	202	164	69	950	696	97	822	425	846	130	833	125	852	367	96	735	489	273	959	224	622	303	806	431	508
151	635	958	229	731	647	402	110	874	21	170	562	997	72	720	449	215	809	844	105	91	566	572	633	948	679	317	537	555	531	199	815	497	1047	728	675	396	257	282	231	236	457	462	548	928	767	407	999	704	238
296	593	902	751	588	466	661	604	978	673	839	107	377	70	617	851	390	424	772	333	435	602	869	577	885	118	336	154	863	200	848	843	136	684	50	241	738	98	887	451	860	889	83	1011	405	61	146	400	162	59
306	3	786	1053	988	840	119	210	509	981	774	266	570	871	129	279	522	81	847	631	469	178	992	620	951	579	1042	628	111	1005	764	14	214	686	327	160	476	8	458	26	691	761	977	611	993	654	25	723	830	873
669	49	439	38	1018	586	965	382	878	343	1007	312	549	66	205	494	953	226	481	642	289	433	148	478	301	227	149	212	101	156	932	605	587	332	488	700	659	1037	23	790	113	890	308	1030	265	803	689	320	365	667
560	550	1009	1041	922	682	63	517	929	219	949	650	460	58	842	2	208	599	477	753	391	960	505	275	348	711	106	541	837	198	17	882	853	575	281	352	1051	636	1034	532	359	187	207	165	897	750	985	269	616	850
288	768	859	251	512	36	394	701	297	19	310	553	267	112	944	632	291	962	984	644	714	971	189	710	247	5	660	563	946	788	145	471	204	957	991	397	316	432	835	533	362	879	1012	127	561	870	931	314	423	331
656	552	404	474	763	368	814	925	42	388	117	493	270	324	829	0	9	812	55	987	868	1002	455	961	595	1017	717	319	385	556	496	434	18	813	857	453	186	86	872	503	46	168	674	810	954	221	1000	436	904	1036
1050	903	909	258	137	798	330	376	454	158	708	180	521	771	32	150	263	777	103	347	551	540	350	727	516	681	1039	213	465	206	665	123	542	877	255	412	328	725	648	583	346	967	427	926	680	73	741	736	683	607
779	421	470	627	459	969	373	48	363	506	589	758	976	82	355	95	446	67	834	608	534	766	422	380	756	201	357	671	128	144	401	209	286	498	268	90	41	1016	745	337	416	947	234	366	921	53	690	785	243	79
51	526	980	338	340	784	797	515	535	914	640	677	713	936	557	995	865	747	313	749	554	232	994	591	185	1048	62	480	732	780	624	523	662	746	597	246	134	655	996	461	783	360	290	182	364	818	856	1013	1014	4
645	44	472	864	762	468	801	796	715	135	430	657	1023	344	71	630	464	530	15	393	216	74	668	1044	760	606	919	406	1040	93	283	825	543	652	89	670	653	409	755	13	77	974	574	54	395	239	356	371	502	40
490	256	1032	733	527	1022	409	110	843	130	163	265	105	230	240	745	814	792	910	594	306	246	477	896	270	452	971	17	8	42	669	412	496	804	359	94	287	263	985	751	342	469	260	642	432	781	217	638	224	908
575	991	532	994	472	263	394	1022	29	725	722	264	307	908	292	148	1009	588	376	145	460	1014	888	325	290	1042	957	550	181	1036	709	285	749	621	392	519	1013	150	1034	230	340	6	945	442	3	571	449	410	902	623
246	737	83	326	762	0	649	700	985	833	803	814	395	951	648	133	872	765	231	848	513	422	60	245	880	702	322	923	683	212	367	138	898	870	210	679	969	108	863	914	764	479	831	718	1031	674	219	825	278	742
213	869	456	605	727	142	1006	626	172	614	573	981	890	976	594	637	286	1024	881	404	506	719	855	311	897	557	282	458	591	809	536	769	758	1023	334	459	520	515	690	1004	216	372	435	487	901	596	952	2	480	125
403	101	895	522	98	176	876	185	363	747	517	429	276	417	136	476	467	235	405	58	847	95	1033	1047	706	65	713	619	162	962	514	913	993	903	502	1010	330	741	25	739	738	549	1045	336	37	971	293	355	568	85
771	332	80	997	960	349	889	940	658	891	28	66	341	849	35	45	583	943	627	53	272	968	763	834	731	564	900	323	137	38	51	237	829	799	539	743	241	498	628	673	107	73	772	470	775	921	1038	346	955	840
720	892	678	353	495	843	183	280	189	884	444	365	546	761	1002	256	496	275	396	894	904	420	312	304	102	510	398	802	995	784	593	600	638	1035	385	499	655	780	174	221	983	992	88	668	277	543	250	425	922	728
493	811	877	40	233	781	729	333	447	664	826	463	853	196	552	682	188	676	812	680	57	200	343	180	437	547	190	427	33	84	1032	465	757	1020	453	620	474	240	8	579	113	382	408	851	494	507	247	941	1049	1026
140	175	321	151	540	360	1051	110	695	100	473	797	147	386	144	454	1025	705	938	204	842	818	958	313	1028	105	740	874	192	703	90	268	329	52	859	975	103	371	948	654	912	569	132	645	400	942	541	356	839	416
832	786	218	68	167	1017	687	324	643	965	267	373	432	413	91	798	81	873	154	651	521	130	229	126	734	64	735	748	838	857	27	236	867	134	466	388	56	622	967	805	634	294	379	604	21	179	16	9	171	610
446	359	677	633	528	205	378	451	919	946	910	732	225	696	578	397	316	657	899	559	937	609	961	882	22	178	42	443	462	283	694	36	607	119	653	55	387	1003	911	161	418	768	636	423	980	1001	82	169	226	744
548	759	92	693	820	431	972	661	20	308	347	13	128	926	617	295	419	963	26	1052	19	1050	935	613	512	182	630	482	933	248	565	310	698	197	335	469	1008	15	918	383	127	953	424	767	592	284	165	776	94	1000
266	835	67	688	774	998	156	934	339	566	582	681	298	32	489	439	375	374	380	896	18	243	484	149	988	686	369	989	407	234	1054	338	303	852	822	254	409	104	222	817	348	31	152	707	861	402	279	399	206	577
47	570	87	730	414	160	599	139	121	1005	950	554	492	224	844	944	836	412	114	97	701	635	220	611	168	54	753	871	1046	239	255	644	352	141	973	471	589	173	667	766	716	48	858	691	537	129	544	819	43	929
96	986	483	791	586	574	157	887	689	426	433	115	659	801	756	920	736	46	61	198	79	76	49	555	675	202	585	785	468	907	930	717	265	841	207	954	317	78	663	576	795	331	1053	436	641	464	1027	259	974	726
526	711	562	773	939	816	1037	457	789	166	525	828	629	666	860	112	787	850	450	928	1029	837	117	421	561	1043	135	23	155	291	987	177	300	262	800	361	1021	488	751	337	927	62	779	893	261	461	59	430	864	193
598	531	534	4	821	692	357	875	1039	1019	684	580	733	824	796	7	545	672	287	581	533	1	979	936	490	790	595	538	815	714	916	854	603	647	865	214	885	288	187	69	209	297	1018	249	883	11	783	390	868	368
299	305	1040	704	503	223	845	370	608	351	350	662	191	39	401	558	587	977	415	195	924	258	1044	827	72	752	794	866	830	925	1007	358	289	917	906	393	665	269	118	455	406	364	164	650	242	590	504	93	158	516
563	625	70	309	116	143	389	89	778	441	201	428	208	445	123	584	318	306	615	601	24	905	511	211	452	501	366	777	77	381	670	746	639	642	597	315	572	354	551	215	808	232	120	947	342	708	14	1041	909	486
377	804	978	755	497	505	982	71	567	810	345	560	530	362	1011	509	481	715	153	17	685	34	270	314	1016	970	491	274	806	949	813	624	745	111	75	956	553	86	862	500	228	327	523	959	964	529	302	931	966	170
527	217	301	699	1012	320	656	602	319	632	50	5	252	199	1015	886	63	788	710	697	411	671	721	612	328	606	124	251	723	44	296	652	131	203	631	782	524	878	475	712	194	846	485	253	163	669	12	186	823	391
792	122	990	535	807	518	99	184	556	640	616	508	227	41	760	1030	146	984	660	434	271	244	478	856	618	106	996	10	932	770	257	273	384	281	646	438	344	74	260	879	448	109	754	915	724	30	159	999	238	793
1048	750	440	477	542	972	88	482	69	774	276	592	322	588	711	911	916	349	114	535	751	680	753	56	286	18	898	344	982	845	786	278	490	493	91	133	737	914	36	281	100	253	987	523	283	257	426	578	678	7
267	115	562	561	603	711	464	116	718	289	807	687	587	817	122	248	528	246	529	791	619	380	382	205	663	709	436	87	159	986	291	547	1018	29	15	730	650	816	516	566	450	283	88	141	326	548	1012	160	765	886
588	202	30	739	593	605	683	6	622	521	166	54	286	474	229	499	726	371	607	623	254	691	578	913	70	556	546	1015	599	852	894	1050	294	43	681	509	124	981	363	960	346	260	536	766	669	668	600	729	990	9
143	118	58	917	393	146	97	997	841	1009	184	891	46	676	1030	128	707	595	101	774	366	342	404	433	502	1043	72	719	702	2	811	926	103	770	302	339	648	727	193	1045	518	370	958	553	214	860	695	1052	437	851
123	1047	245	120	0	458	488	1038	484	893	805	920	1008	413	755	495	946	998	330	989	31	155	181	773	837	1003	387	788	38	754	1005	398	147	526	698	925	855	647	947	100	1017	157	81	995	714	853	355	613	654	356
840	554	456	749	923	881	1031	335	362	696	560	684	487	119	550	108	265	708	497	658	368	944	264	45	760	965	629	446	140	789	776	65	589	558	686	896	511	37	680	53	864	34	835	274	978	762	1053	577	688	1037
675	105	107	20	828	1049	167	95	379	227	525	249	1019	584	616	218	967	722	829	821	559	470	104	564	899	734	420	912	138	255	868	381	953	412	220	678	991	632	206	279	217	738	690	269	89	927	182	117	753	596
67	130	980	240	856	892	768	392	468	386	961	353	79	900	935	319	360	378	207	859	586	406	818	290	327	399	418	396	963	42	90	549	907	230	847	972	376	610	482	922	257	280	135	55	233	824	430	973	83	955
924	759	28	333	633	934	797	282	493	793	121	531	872	736	459	476	638	434	857	1011	1034	16	158	344	614	771	36	630	844	222	372	682	133	742	32	939	284	40	834	190	314	822	573	94	741	425	134	1041	483	921
491	744	993	271	427	930	76	514	232	201	839	591	235	673	385	808	415	142	424	322	814	580	812	772	887	422	131	126	984	389	348	661	552	75	178	365	194	401	325	641	189	71	704	677	778	136	555	261	23	761
889	41	85	884	276	871	861	506	292	439	98	212	306	994	606	137	1024	848	416	80	338	1046	533	435	527	908	310	645	655	764	826	414	453	604	831	581	444	911	60	569	513	301	956	515	57	733	751	503	740	667
49	794	524	5	74	311	1027	845	982	300	192	842	69	933	454	304	1010	869	699	987	657	19	620	906	928	537	340	672	612	843	543	959	697	471	307	224	701	914	609	223	465	725	275	313	801	219	161	48	784	878
716	862	838	12	442	11	713	637	1054	467	858	874	1023	27	846	541	597	885	452	429	259	611	715	242	132	359	540	384	915	565	836	582	777	523	790	539	285	865	440	608	850	66	640	949	679	964	732	388	799	1044
475	466	169	660	916	795	352	460	402	646	331	351	110	328	639	231	102	73	505	258	750	932	1002	47	724	618	237	983	473	428	652	746	583	403	909	557	208	374	976	545	992	830	129	200	1040	24	1026	693	627	432
796	354	303	571	228	929	375	825	293	966	615	758	463	689	631	347	394	1051	210	747	621	183	498	405	592	196	272	377	287	880	694	343	334	64	277	308	910	21	653	213	179	490	903	943	99	508	901	299	897	256
705	84	443	329	674	114	544	316	833	494	168	1020	77	262	324	803	1021	656	568	1028	579	792	485	251	785	624	941	918	234	820	266	397	728	457	890	942	152	431	244	170	492	281	350	819	332	735	512	1001	767	364
239	594	576	1032	438	3	198	419	486	44	876	538	148	551	411	204	63	341	357	17	888	445	296	574	247	50	8	317	1014	809	174	149	731	520	951	361	662	745	651	478	810	337	685	748	323	1006	643	241	164	957
873	717	408	895	481	832	358	975	472	250	92	692	109	336	165	517	318	904	268	96	510	61	172	175	225	671	7	145	417	1	113	879	737	780	815	309	703	139	1036	203	298	441	875	931	634	163	898	937	448	752
617	563	477	263	156	409	1004	1029	59	391	1048	195	504	1035	522	867	320	243	209	186	534	659	827	154	575	86	106	185	400	954	585	636	151	542	870	936	197	288	78	1033	806	723	971	390	423	496	500	4	974	950
712	211	786	253	51	783	666	1042	489	112	421	373	187	369	236	969	111	410	349	804	461	532	176	270	13	706	854	849	999	177	823	455	644	345	602	572	312	775	22	14	787	507	35	802	180	535	977	52	1000	948
902	215	642	273	1025	710	988	480	162	238	800	1039	756	919	199	720	782	305	625	601	757	985	10	252	39	863	68	449	1022	26	321	945	883	590	968	221	665	93	18	1016	938	940	188	25	763	962	91	150	216	295
882	952	1007	462	173	779	905	996	877	781	700	191	570	866	447	970	125	798	395	979	743	56	567	171	721	813	628	664	367	383	769	278	635	226	598	469	297	407	670	426	62	127	144	519	33	451	649	82	153	1013
530	626	315	479	501	698	287	501	900	161	1000	693	504	578	442	1049	92	254	78	63	731	800	508	475	64	440	708	14	181	467	889	992	100	595	568	593	538	716	1032	84	978	1047	573	350	699	94	314	790	147	751
213	753	934	591	51	391	310	299	376	288	65	191	515	701	121	646	309	948	258	536	612	18	67	1	767	442	1004	776	17	193	20	449	850	955	695	611	708	182	558	154	357	287	425	685	984	251	410	407	1049	1045
330	742	624	932	575	910	679	946	990	556	544	859	920	551	502	392	320	1006	849	43	688	534	576	918	777	805	103	876	298	784	625	432	506	882	372	302	300	275	844	675	41	215	756	216	902	658	721	616	833	85
689	986	874	521	276	841	860	451	941	832	194	674	416	301	436	342	953	519	349	10	98	434	781	566	405	462	1016	387	420	633	840	1018	461	159	177	798	594	715	84	546	857	583	816	479	897	748	499	996	571	163
683	170	377	600	904	496	761	77	1037	501	962	593	412	344	101	1008	507	248	204	331	429	173	979	269	307	640	105	759	1038	175	670	809	783	877	831	906	535	550	848	699	463	976	400	578	517	872	580	930	563	198
1053	91	326	541	116	294	433	66	676	69	113	1023	587	364	202	5	186	628	145	924	374	792	370	452	223	985	678	368	527	1026	795	171	605	201	866	314	855	835	654	590	222	581	899	1007	609	33	441	471	199	68
896	620	621	263	806	1043	152	347	427	585	333	510	94	888	937	522	75	35	846	385	47	149	218	803	239	827	196	402	538	657	732	187	189	266	492	129	811	523	724	111	491	338	40	813	1052	46	440	1034	363	951
227	1030	961	935	106	908	977	884	252	638	887	769	437	533	108	118	680	785	211	706	367	73	144	21	780	981	500	656	414	969	698	388	393	356	115	134	231	696	768	870	989	141	125	458	610	156	413	786	423	419
626	1032	1047	824	176	79	234	547	206	540	317	305	992	892	542	754	78	794	725	62	28	903	524	172	661	602	76	22	102	655	361	439	830	734	123	845	666	265	928	339	316	192	818	127	720	448	971	418	382	673
773	394	454	165	2	337	922	6	991	1050	681	200	765	1019	188	526	329	482	528	909	709	564	921	735	648	548	873	601	555	11	787	530	825	245	63	956	459	826	457	226	509	607	324	61	967	650	209	318	988	341
881	99	529	64	447	456	1024	97	864	122	743	1017	993	634	219	812	891	362	138	220	120	618	617	32	737	83	136	636	71	203	1010	885	350	703	82	760	174	751	250	52	789	746	641	868	905	516	707	139	1042	284
431	898	664	184	677	475	128	596	957	568	1028	797	90	241	871	9	36	23	415	730	335	604	112	183	210	1025	817	926	148	353	195	627	923	599	422	763	799	100	623	637	716	167	862	691	582	180	7	843	914	358
161	1022	788	727	852	60	296	975	58	390	710	942	0	378	469	1003	954	205	399	29	597	81	662	495	973	853	1048	487	665	261	44	59	939	847	808	282	886	947	630	272	589	70	259	1027	632	126	453	396	728	1001
486	771	879	325	498	972	130	146	645	13	895	755	151	687	567	731	1021	143	995	88	289	322	366	443	267	468	481	836	694	397	663	117	819	424	764	283	960	72	545	749	822	426	974	55	217	943	438	573	351	243
398	178	281	1014	772	334	1000	1035	697	766	406	614	472	700	970	114	758	552	807	1031	994	403	1044	639	869	395	109	321	518	998	603	277	577	304	726	467	733	485	473	838	327	140	791	160	537	1029	810	747	592	572
893	124	802	348	25	774	652	635	293	1039	450	653	729	24	497	692	489	938	208	619	228	240	435	933	569	235	643	446	470	464	104	999	285	417	554	913	360	233	133	512	373	863	757	42	875	717	686	465	369	712
244	15	570	718	1002	30	142	455	153	557	945	839	958	478	1036	466	242	1015	719	901	745	444	944	854	354	87	814	1046	168	162	238	919	477	722	169	606	273	312	649	164	147	411	401	95	684	408	997	381	230	856
319	224	365	421	280	762	229	917	880	89	804	12	740	345	16	340	900	744	925	39	702	503	553	659	132	214	775	890	185	889	264	916	894	837	96	278	1051	3	667	249	107	292	705	137	232	865	236	380	135	131
959	181	562	940	987	1013	158	256	291	559	815	842	445	38	878	615	714	34	584	927	56	668	598	782	1033	352	851	383	950	1012	386	588	1054	290	834	286	514	311	54	86	978	225	332	867	27	93	966	642	336	57
750	48	4	532	262	829	493	820	271	212	907	671	739	690	92	693	1009	270	736	49	779	375	561	980	823	801	770	119	672	150	504	474	480	1040	1011	247	1020	796	313	295	409	8	359	505	379	520	586	1041	931	531
428	221	883	911	14	308	460	821	964	274	513	31	237	711	306	404	647	484	952	800	741	53	912	968	723	253	858	476	949	828	704	861	669	565	525	713	778	257	793	297	738	560	157	915	328	644	622	110	752	629
613	80	50	303	279	255	197	579	323	166	19	631	483	936	26	268	494	1005	179	488	983	74	430	371	190	539	346	574	595	254	246	207	682	511	543	965	790	343	384	260	549	155	315	660	490	508	982	355	608	37
929	963	651	45	389	1005	545	1033	593	619	838	59	897	1040	533	471	373	499	354	685	128	687	16	764	437	731	91	489	971	784	933	380	125	466	766	878	944	854	627	1028	88	575	20	922	376	517	546	287	692	905
253	741	78	612	487	539	560	369	492	85	780	871	501	94	137	448	14	714	776	771	342	887	886	367	442	362	464	190	30	465	134	691	640	621	214	926	537	148	390	719	71	140	486	1052	182	770	716	931	396	582
278	774	243	805	368	812	417	698	632	204	551	41	748	989	331	707	589	357	844	1	421	901	170	938	758	359	668	1049	27	956	115	969	543	975	744	818	131	1016	219	914	984	902	705	837	1014	426	711	128	311	925
754	893	646	782	77	740	685	983	100	1010	380	1026	319	526	1015	713	104	610	908	970	397	546	509	701	800	451	579	985	620	200	724	611	246	762	952	411	273	604	344	255	1041	166	389	244	732	1013	745	541	533	657
848	285	66	157	229	556	806	221	1022	917	614	1032	223	749	434	149	317	263	135	586	578	377	793	297	58	114	853	5	842	347	976	708	345	62	891	399	992	799	765	294	391	477	725	277	138	737	245	386	198	218
177	267	507	406	414	360	695	972	201	478	840	665	206	674	538	84	205	639	789	843	463	1023	1027	233	864	453	964	518	672	598	445	272	849	1011	24	28	395	831	1040	325	144	648	1043	298	404	965	504	569	527	132
552	519	574	909	45	336	261	164	710	266	828	300	524	215	772	935	616	156	143	991	475	824	1008	660	733	316	430	821	602	515	185	38	328	471	982	237	146	802	967	625	775	485	769	664	207	794	409	544	179	894
379	683	939	575	861	536	944	301	996	941	355	290	120	830	1019	332	540	98	324	721	588	419	356	382	97	1046	158	407	489	656	820	480	943	228	29	180	141	307	921	349	669	284	689	761	454	619	856	320	881	470
70	287	280	491	739	125	726	121	571	945	188	696	644	847	468	686	222	677	1028	366	576	403	949	978	373	913	108	309	742	916	326	592	42	572	67	752	136	946	318	609	74	508	957	461	959	482	75	165	1038	427
898	52	702	31	175	274	900	673	980	971	591	1003	370	412	168	930	241	338	291	103	958	361	269	117	392	275	813	142	788	870	431	1002	506	270	605	282	195	413	786	169	735	93	1021	238	81	868	918	905	888	79
498	279	863	209	904	432	650	109	990	37	472	1051	550	341	130	528	810	315	176	766	322	561	1020	1045	641	459	86	352	753	208	456	333	437	948	595	631	46	678	343	217	995	607	878	193	0	401	90	61	264	304
87	212	251	119	15	11	450	385	600	720	601	10	653	553	53	39	590	951	778	488	785	936	922	235	768	700	850	852	637	715	51	330	667	452	833	252	734	259	531	174	977	867	422	567	845	18	869	750	363	375
584	927	54	1034	808	110	127	1054	1033	1039	523	580	151	514	68	629	286	827	692	202	152	308	466	80	1042	276	1018	72	718	911	655	747	469	327	56	353	811	230	622	16	173	760	305	211	163	968	535	510	191	534
626	728	346	932	69	181	281	966	624	608	787	866	807	378	636	755	704	825	398	834	376	20	497	12	570	549	124	32	919	415	423	857	438	687	439	76	961	1025	697	186	139	756	440	106	425	513	557	829	145	885
635	597	82	960	268	133	340	862	388	155	563	814	225	699	213	289	1035	365	83	262	47	731	288	1017	942	779	729	483	841	358	634	171	335	248	467	547	854	460	479	505	568	240	493	874	496	199	455	792	43	473
663	154	804	987	236	822	499	832	101	36	962	231	348	727	242	224	757	167	48	302	447	91	295	107	306	118	436	1006	444	299	192	801	923	594	239	484	790	662	410	1048	836	40	998	873	798	950	339	649	25	226
679	402	781	429	618	63	123	617	8	690	350	545	271	112	33	955	920	797	882	986	416	408	529	520	783	393	89	394	435	178	446	599	35	474	759	1036	670	638	566	153	462	260	247	773	736	819	647	855	203	303
476	974	1050	933	57	250	892	160	973	95	823	606	993	210	628	723	988	22	809	334	457	500	184	1024	521	910	817	113	516	234	815	583	525	122	751	558	838	50	522	627	1004	21	643	839	257	651	940	947	383	249
675	458	443	777	858	581	684	116	671	1009	323	596	682	220	994	577	876	554	859	296	795	928	310	381	162	6	2	603	351	846	194	96	372	147	997	321	172	126	17	865	64	652	405	559	884	196	312	19	187	826
481	354	880	587	694	903	1001	883	890	615	907	150	613	60	722	387	371	49	374	645	13	1044	314	937	59	512	34	65	658	99	161	953	709	860	227	730	676	441	654	681	895	503	424	924	548	183	565	216	875	292
979	764	265	897	420	743	428	784	688	517	254	1030	197	954	703	3	313	511	1012	593	573	256	803	633	189	283	502	9	530	877	835	816	796	495	4	329	384	630	889	706	111	738	899	1007	906	159	562	693	659	1053
26	400	542	555	23	872	767	763	433	791	258	666	585	1029	999	934	1047	661	494	915	490	449	712	623	92	896	88	532	642	102	73	232	44	680	1005	981	929	1037	105	7	717	851	364	1000	564	418	963	879	293	337
1031	912	746	129	55	1002	870	73	327	318	116	545	961	218	531	1025	978	538	897	208	354	655	752	228	283	887	973	118	217	877	226	771	82	138	409	157	807	727	951	955	660	64	402	394	91	504	378	826	192	277
135	853	778	481	1002	783	852	798	871	568	823	72	828	39	47	761	639	501	794	1047	819	671	967	18	180	406	908	166	800	448	677	411	528	43	83	373	970	889	929	975	473	960	529	586	1027	969	922	104	111	106
400	940	260	818	209	743	421	1000	181	1029	613	38	460	134	683	647	610	665	649	855	190	297	654	710	409	643	978	262	668	883	932	64	199	471	387	581	779	223	175	90	340	212	330	442	128	735	99	126	793	906
799	362	767	672	350	742	364	919	450	910	213	370	81	94	567	24	79	515	642	865	445	286	402	198	131	704	435	167	572	121	109	368	702	89	232	534	383	502	516	596	105	999	188	333	607	768	230	833	758	787
1044	1035	872	355	461	476	1036	695	951	54	346	87	240	215	585	518	674	110	407	459	520	359	235	335	342	746	428	30	173	721	243	78	22	881	870	708	998	46	1042	1019	573	762	485	441	434	388	943	551	989	98
470	144	982	377	82	652	107	208	977	51	157	336	763	673	493	147	367	250	488	469	45	765	27	745	979	264	777	810	100	834	332	650	80	776	229	697	915	500	784	644	292	701	75	293	192	580	860	536	431	608
408	42	19	730	334	304	926	455	774	700	13	351	193	306	824	499	629	353	859	832	602	255	176	593	1040	446	97	381	891	316	856	648	892	1010	984	675	220	324	935	0	1011	981	398	53	478	290	245	667	950	341
309	360	1049	707	561	3	507	108	589	244	145	543	115	661	23	382	225	957	877	584	801	412	686	9	492	545	186	850	426	76	120	325	1034	917	494	875	739	974	458	685	678	670	789	531	247	637	641	734	936	436
1038	645	133	189	1003	802	714	554	837	129	254	77	961	146	576	7	405	963	807	577	600	475	114	792	861	1007	811	101	399	270	308	224	161	503	514	995	790	275	174	747	246	231	680	233	656	86	323	588	314	291
170	766	724	375	862	278	527	590	344	996	583	256	1037	484	152	479	869	142	698	692	1001	513	125	140	897	210	34	40	990	1023	632	537	483	172	327	663	907	949	992	953	854	160	533	49	578	866	197	909	612	149
941	389	1041	59	17	282	986	206	558	732	203	1016	898	310	805	770	228	508	598	874	841	218	489	452	544	1006	844	430	933	253	694	653	249	277	234	565	532	756	879	858	272	8	12	295	851	92	902	263	616	542
605	682	165	560	127	893	831	397	1048	69	477	376	885	847	634	85	102	993	549	357	752	356	657	496	635	414	985	517	21	882	463	404	1008	749	705	900	303	236	628	744	812	74	276	954	737	845	546	280	820	681
285	283	163	718	462	490	183	447	35	894	890	727	296	627	422	288	73	331	754	424	151	1021	60	1032	684	396	540	722	651	968	782	1045	159	137	1028	913	659	830	842	597	217	530	994	880	931	195	973	457	11	522
726	795	116	826	729	239	569	864	868	361	717	947	418	358	487	930	920	895	266	760	736	26	184	964	750	603	267	863	124	987	617	839	251	321	466	660	615	211	857	31	773	474	693	164	512	662	849	384	535	130
56	2	440	944	196	363	265	5	91	155	269	84	259	312	1050	575	449	33	465	258	25	511	591	207	148	510	924	366	827	28	168	374	646	813	194	524	903	914	66	896	748	703	191	369	354	443	287	751	365	432
433	410	378	679	311	301	113	733	41	468	825	741	952	187	438	1017	37	928	202	122	491	328	385	136	723	539	905	655	221	886	439	971	162	959	313	318	119	65	764	417	966	599	415	835	154	550	112	759	1030	556
1020	806	916	843	740	216	555	62	887	731	822	716	241	178	624	68	1018	715	785	61	945	948	1004	713	983	846	562	171	786	840	611	504	395	775	687	838	664	638	997	257	307	219	226	526	403	339	804	1025	6	497
817	349	623	394	352	769	619	601	582	899	1052	720	808	925	143	579	138	299	867	451	185	1005	797	927	901	329	480	541	88	337	972	300	699	525	379	725	227	454	587	393	200	271	709	553	205	625	815	242	15	604
836	139	29	214	1012	1054	298	690	238	594	771	633	921	281	498	595	96	519	976	52	938	169	305	70	444	796	918	574	942	486	622	728	809	380	261	606	630	453	156	991	848	58	571	816	689	44	636	1026	884	401
956	93	631	753	1031	322	36	392	55	201	302	317	141	505	1051	252	347	1053	566	738	1039	16	117	63	274	559	464	618	780	1013	876	821	669	814	273	132	563	158	791	640	284	781	1009	345	268	829	179	482	888	423
552	788	911	904	1022	153	557	696	621	937	338	326	204	711	878	965	32	676	873	390	1	1014	955	962	10	50	509	391	150	20	416	413	620	419	289	626	609	688	103	706	1015	222	712	592	294	437	495	420	348	564
425	923	719	988	248	548	467	755	538	343	48	319	939	177	666	934	315	1043	320	1024	279	182	570	521	1033	958	803	757	118	772	547	1046	57	980	371	912	237	95	123	506	691	429	523	372	67	14	614	386	472	946
71	658	456	427	4	19	444	617	715	446	639	879	970	430	481	942	1002	993	997	873	126	663	264	323	538	142	1008	29	580	703	815	8	424	980	203	743	485	822	769	27	520	201	297	304	299	221	479	729	544	30
17	250	1007	629	76	278	654	113	867	441	536	908	853	622	485	428	775	453	389	346	702	555	482	746	696	1016	842	877	68	726	219	838	378	1005	404	931	40	310	338	296	48	484	655	51	1	398	21	19	178	405
936	184	902	782	762	670	789	750	73	204	215	669	604	825	769	23	145	661	652	1054	878	258	777	619	31	941	190	798	788	488	1009	673	940	256	433	528	553	754	490	361	790	875	634	884	906	718	786	558	679	517
631	565	973	393	154	869	187	11	512	730	749	521	995	918	355	611	254	683	929	423	945	456	396	140	766	601	982	699	499	963	41	436	1037	870	440	792	304	168	917	375	858	904	691	539	948	605	119	510	680	377
123	850	1033	814	344	531	876	360	892	14	259	548	386	849	442	232	778	479	684	359	933	415	585	419	60	265	794	820	1032	580	844	988	251	116	106	287	800	30	211	773	760	61	757	797	758	394	314	354	662	751
516	533	172	392	45	950	832	879	598	382	323	370	712	907	566	189	808	759	742	767	399	1040	525	318	236	277	806	999	306	270	946	835	593	55	305	537	737	416	1053	152	159	805	118	142	477	711	1015	231	831	695
417	67	434	653	368	783	212	80	500	420	607	658	217	992	860	868	828	705	519	741	299	13	1052	449	311	1023	855	947	1020	466	865	22	795	274	526	134	300	667	403	694	615	447	185	990	657	261	979	1043	418	110
50	233	809	989	262	260	263	666	664	214	46	563	688	736	515	374	747	9	326	1042	195	549	575	182	591	570	957	991	505	609	465	271	115	969	942	975	546	177	523	109	293	345	866	171	285	242	779	714	1019	125
524	678	984	6	572	175	451	771	810	745	905	200	939	99	82	1051	358	651	507	161	874	916	372	1029	413	44	371	677	793	42	986	114	198	450	391	335	281	478	473	363	322	912	93	163	136	961	1044	624	5	12
909	530	839	351	141	538	103	900	139	245	240	457	847	288	674	247	126	350	313	459	268	768	862	993	218	547	833	541	56	241	901	815	181	816	84	340	446	445	337	203	25	971	732	493	243	698	222	846	334	494
158	131	796	430	954	625	353	257	872	1011	914	584	188	210	70	43	893	829	910	1046	246	401	682	617	65	550	427	976	557	120	28	603	409	729	395	1022	707	716	922	364	614	269	291	748	632	384	501	208	840	64
26	367	321	85	74	153	958	1026	54	644	373	752	87	952	105	556	149	612	452	660	755	998	162	925	52	117	439	448	676	216	675	848	589	137	133	497	671	0	135	303	49	324	960	234	799	807	483	36	628	836
199	763	1021	723	308	955	228	813	859	1041	551	508	147	731	827	226	1047	518	567	169	96	882	932	53	756	599	104	915	475	582	429	166	692	656	791	597	983	167	414	811	710	920	697	194	411	701	27	249	639	1004
266	20	638	845	102	107	592	410	422	559	543	206	77	812	78	600	165	421	854	640	686	248	317	174	100	899	642	1049	974	623	112	376	132	709	455	59	1030	235	348	489	513	379	861	388	595	1008	180	498	926	672
138	24	1031	896	365	706	681	506	753	804	443	1050	703	574	540	128	784	923	201	951	319	173	301	1012	37	934	577	333	1035	627	648	156	151	911	18	432	282	1039	1001	704	594	327	69	472	157	130	823	834	33	315
781	72	81	294	535	883	921	191	148	787	458	938	529	122	244	94	610	733	424	761	461	987	689	635	739	75	803	744	588	209	554	150	606	966	980	738	719	492	857	903	35	3	496	693	772	307	891	29	15	444
224	949	332	146	542	1025	502	801	380	71	237	454	943	342	895	970	569	90	663	92	339	101	275	616	780	8	1045	86	400	297	643	95	770	1048	412	38	764	665	91	186	207	280	164	1038	279	283	630	511	830	253
176	179	994	16	837	544	460	276	776	944	721	349	720	469	841	267	968	286	464	341	668	626	407	520	1000	978	650	618	329	425	352	586	183	144	889	347	383	817	230	62	302	160	552	7	620	583	937	824	633	225
646	320	471	468	402	4	509	290	121	325	330	851	863	590	740	426	503	532	596	621	715	170	192	560	366	724	111	856	385	887	435	927	972	273	298	476	873	491	641	32	700	387	886	928	1010	193	336	765	894	608
79	864	213	785	822	967	735	487	238	220	571	227	57	312	578	898	774	289	722	202	802	1034	708	564	919	953	965	734	888	438	343	331	481	357	292	197	408	97	913	959	1036	977	63	573	964	437	956	495	821	83
1014	196	534	819	272	390	997	470	381	637	362	88	284	717	1018	89	690	930	127	229	143	568	39	463	397	474	576	647	579	1002	713	1024	636	205	58	239	880	685	1006	504	124	1003	316	581	985	996	129	47	295	545
406	897	527	467	431	252	522	486	1017	881	562	613	852	890	10	356	826	587	645	649	255	34	462	885	98	935	727	369	155	2	66	725	223	924	309	108	843	687	480	981	221	514	328	264	871	602	561	1028	818	1027
743	1013	962	659	728	669	702	380	37	655	1038	857	884	676	340	208	445	524	698	624	335	483	190	694	547	873	740	827	1034	254	49	466	815	1018	120	796	290	213	132	938	291	1054	320	248	596	609	431	276	30	50
123	93	1029	985	297	1026	24	307	1048	1028	509	862	552	469	562	1027	466	356	489	107	490	809	964	182	181	153	523	150	953	406	639	131	243	895	630	875	270	993	315	460	680	413	486	1008	21	974	407	707	318	697
176	400	441	771	873	732	377	1035	262	498	152	271	678	558	200	859	521	157	598	793	305	503	830	275	300	428	871	945	495	14	35	345	444	180	737	518	281	163	798	553	478	477	26	87	808	2	677	336	962	514
939	665	966	922	919	273	419	835	130	54	841	369	736	379	647	905	423	594	610	827	730	386	555	635	796	726	228	346	80	909	774	68	1053	231	32	118	591	122	493	361	145	912	448	756	1041	42	1001	742	279	173
108	237	337	390	888	724	331	30	744	719	499	794	185	833	363	223	544	1032	599	705	626	1047	78	481	358	660	424	411	340	574	592	840	138	36	90	39	488	519	70	81	815	580	699	540	320	267	303	199	255	516
149	429	982	839	608	585	567	536	569	253	23	681	422	632	883	341	324	750	409	290	547	482	383	368	869	259	772	768	568	641	316	692	360	215	292	885	902	240	31	868	296	671	709	872	803	483	667	615	842	186
595	1009	659	738	1043	512	471	874	201	1046	996	584	401	77	849	160	97	1049	893	986	239	242	391	353	968	187	1022	643	760	792	421	451	785	365	557	600	16	484	651	89	317	676	293	179	20	289	749	46	656	700
899	930	439	468	260	1023	208	427	1037	551	388	689	396	504	370	762	492	88	755	510	62	1052	531	613	941	1004	850	940	959	304	576	609	715	865	904	890	734	978	545	166	828	74	588	225	944	825	502	887	4	918
786	759	445	685	779	710	1040	916	226	628	104	701	446	795	672	75	398	327	229	1038	60	820	144	261	110	1012	238	554	880	351	529	526	661	999	797	11	811	655	965	487	889	799	121	801	435	248	50	989	834	601
739	572	915	920	652	979	654	111	589	898	135	583	158	573	838	942	668	663	976	53	343	291	851	203	596	949	98	934	928	543	410	235	542	1011	829	381	910	684	159	274	506	137	241	5	247	286	780	866	51	132
581	877	745	675	227	190	161	881	71	209	790	860	417	437	116	374	61	456	848	921	748	704	743	384	295	782	288	399	33	926	679	395	1045	578	867	344	452	357	334	642	63	213	882	725	856	956	1051	328	52	1019
981	787	414	593	155	500	586	778	802	549	577	863	194	727	29	1020	355	404	906	378	1016	38	58	348	546	950	402	818	154	754	364	886	879	416	776	992	420	532	884	998	946	637	272	604	100	57	178	937	197	219
805	824	134	769	900	925	708	48	548	212	251	694	901	447	1050	9	372	722	603	1014	55	497	528	141	511	831	69	658	673	40	757	878	91	246	1024	807	664	462	534	126	783	837	67	876	741	712	961	980	958	564
207	800	975	283	22	170	202	188	211	140	120	650	10	718	65	508	367	7	224	147	602	648	927	936	454	717	853	113	127	387	535	751	491	222	761	929	28	766	115	891	216	359	119	836	234	99	669	284	397	175
763	533	781	653	852	991	371	394	565	463	268	911	695	109	696	539	151	990	198	252	82	611	997	102	817	342	335	537	515	1031	951	136	385	983	791	105	501	206	924	476	682	128	713	693	313	350	638	683	846	706
645	496	442	278	559	265	812	277	520	624	312	933	449	479	266	269	524	819	148	298	8	6	64	640	857	1018	106	587	758	282	37	470	810	646	133	517	366	575	349	143	210	83	858	467	459	276	169	644	431	464
373	631	618	1030	389	196	66	716	339	597	914	440	619	393	674	938	142	777	249	864	475	129	1036	146	347	86	233	0	538	12	620	1010	943	34	76	767	332	112	45	843	622	740	426	1015	453	326	392	733	294	691
257	988	236	1	164	193	688	735	1054	430	380	325	728	434	623	969	814	813	612	789	214	455	1033	561	117	984	139	1034	855	541	1005	894	634	566	218	649	775	245	784	527	947	230	457	114	174	670	957	729	333	720
287	306	963	977	550	473	27	723	250	764	25	636	167	47	195	821	822	438	319	217	570	458	765	436	485	465	954	85	220	935	972	204	698	621	582	1042	522	711	1000	1025	17	254	189	686	525	256	165	79	221	731
917	232	703	948	657	205	362	752	987	1007	845	590	375	530	633	192	84	896	321	952	323	308	329	301	605	408	418	15	461	177	1006	826	955	606	666	432	405	907	560	43	973	556	263	816	747	13	903	41	804	714
73	156	19	474	721	932	330	172	124	258	629	95	311	494	960	49	753	310	571	425	505	450	913	690	507	702	184	415	44	96	1017	931	1002	264	971	823	433	1013	832	162	309	480	472	244	443	627	302	322	1039	844
897	403	314	1021	746	285	94	183	1003	125	788	923	614	806	382	354	513	870	892	56	280	616	770	299	338	3	59	847	967	171	687	773	994	970	662	103	168	1044	861	625	579	412	607	191	376	92	72	101	854	352
908	18	563	617	995	174	7	86	994	87	467	127	875	200	211	810	63	270	617	479	738	981	1034	277	51	736	331	456	184	455	461	532	629	314	5	155	382	12	669	1000	764	578	694	466	16	898	967	785	408	147
272	437	790	824	219	925	9	758	606	465	716	749	855	393	283	805	59	20	129	591	1004	1049	220	764	34	143	686	859	957	782	1043	538	405	109	672	831	701	215	239	380	698	157	502	65	853	486	641	185	575	167
250	915	526	163	382	608	135	862	685	504	153	849	931	176	836	67	453	970	372	639	713	88	942	419	625	458	860	720	741	976	541	760	866	16	795	665	469	323	63	440	236	678	819	217	330	387	934	549	545	120
128	917	434	398	1026	278	476	523	544	734	954	1041	351	640	335	35	875	221	93	364	359	117	867	305	100	360	344	485	150	340	212	944	646	431	127	667	1009	967	669	159	12	71	879	949	1028	498	366	652	484	719
402	189	181	589	1053	32	695	847	399	23	197	564	2	25	439	282	184	947	919	763	933	594	429	521	426	294	436	607	165	1047	274	80	802	316	205	433	17	116	708	145	558	139	613	662	318	717	677	778	899	400
37	131	417	768	914	700	494	792	556	478	863	958	79	507	106	688	776	186	604	696	144	987	338	981	286	528	602	450	632	645	156	595	912	341	133	827	844	592	244	199	451	317	781	1050	363	811	495	180	901	1031
196	311	446	654	178	310	271	974	615	201	932	21	277	365	332	386	445	447	503	572	633	66	666	609	177	36	894	158	342	508	207	675	673	256	377	238	534	697	480	554	413	530	443	43	337	676	516	916	585	756
680	110	668	141	806	1039	636	754	906	800	14	586	799	648	840	689	190	1000	149	628	121	237	715	509	331	46	50	997	709	173	375	724	940	45	448	927	15	392	659	630	723	577	292	658	890	218	559	91	161	590
258	626	424	254	793	1029	225	379	479	1006	737	525	204	92	746	491	1044	883	227	751	551	361	369	747	118	861	721	3	70	642	260	394	788	339	347	395	367	1016	871	661	499	456	817	211	315	397	253	555	569	54
103	699	1027	588	166	474	230	263	610	111	683	968	519	113	560	765	293	649	492	321	527	302	327	868	269	892	663	1002	362	75	160	515	982	880	0	605	114	209	524	801	102	598	740	1	251	86	490	322	383	297
275	228	48	536	900	224	345	243	213	1013	1012	848	142	497	1005	712	401	49	948	24	62	105	611	459	726	952	346	10	978	657	996	856	410	999	1042	441	26	702	681	182	815	477	619	571	872	557	51	259	208	4
247	543	276	418	690	455	415	466	229	794	97	169	770	924	548	936	529	733	56	627	553	319	750	837	694	813	744	990	517	452	295	629	542	298	977	471	1024	546	843	953	38	482	941	61	743	170	268	823	430	808
682	308	582	1021	353	416	281	7	644	488	567	245	172	766	306	384	618	803	923	578	391	865	772	126	992	463	255	19	821	84	389	279	1045	1034	921	561	179	959	18	1020	851	385	727	132	373	584	822	403	193	789
580	878	539	623	464	454	533	576	119	563	581	777	427	905	854	520	354	226	755	435	1015	1001	998	371	882	779	40	814	303	753	693	13	241	396	155	893	637	710	414	826	423	834	748	757	1014	188	115	312	531	82
937	406	438	90	87	356	784	617	374	796	1048	975	489	653	69	432	301	85	222	786	309	704	889	537	285	730	467	687	154	8	728	162	651	714	168	973	828	807	993	462	1025	812	966	896	995	810	614	368	473	635
493	457	943	857	314	232	31	187	122	89	140	902	472	684	869	745	771	735	60	44	409	325	231	47	888	123	411	679	877	183	348	30	500	725	986	732	265	195	404	739	304	104	57	547	692	769	783	638	775	1054
501	152	540	988	1017	248	1008	898	583	655	513	787	73	884	816	965	845	870	593	535	112	718	574	27	287	670	929	147	98	979	1030	858	518	550	124	711	422	6	216	326	284	838	989	358	1035	956	390	76	151	532
885	191	146	1023	918	42	264	809	240	797	601	5	874	296	1011	99	210	852	910	1019	1010	408	938	1022	108	960	650	818	39	483	742	994	200	804	261	774	1037	378	55	886	909	759	53	11	873	631	963	94	1052	81
600	78	334	597	660	706	171	864	33	752	920	470	833	846	664	972	566	832	352	634	270	74	985	299	101	412	28	444	621	357	761	307	164	125	202	674	249	1040	603	897	280	643	980	425	762	29	1032	95	289	266
825	707	449	731	891	961	570	137	134	705	895	273	647	1003	887	343	703	908	407	738	487	72	475	194	907	835	911	107	329	388	1036	951	288	522	722	984	991	138	175	616	881	850	922	421	468	612	511	1007	242	512
767	791	333	926	596	930	203	290	77	381	324	573	246	1038	969	313	950	223	22	955	599	620	267	773	913	496	328	841	320	903	136	198	64	842	96	370	691	376	349	552	928	622	939	820	514	83	1051	214	350	291
780	1046	839	336	579	565	41	656	481	235	568	442	876	68	420	624	935	829	506	587	58	234	983	300	192	233	428	52	945	946	904	148	971	1018	736	130	262	206	964	252	798	785	962	562	460	1033	671	830	355	461
729	257	174	510	505	984	821	158	695	599	90	216	1053	365	777	763	267	28	1025	655	43	113	591	285	159	371	245	487	176	123	40	209	882	128	415	395	1019	364	663	637	241	474	269	249	289	509	203	420	797	339
408	61	485	705	102	640	40	7	487	710	735	242	480	897	967	286	228	758	294	920	928	248	199	654	669	951	530	541	994	968	8	474	678	592	943	269	448	635	999	639	500	409	737	415	106	120	264	815	743	964
899	397	803	876	794	413	372	754	1016	606	932	854	503	85	559	331	834	895	356	935	136	597	334	78	880	79	374	1000	131	55	50	1010	772	833	931	364	365	698	300	785	440	142	445	733	762	926	233	974	165	285
97	403	558	663	317	520	745	320	761	1019	716	719	103	393	1031	207	985	94	236	796	801	742	1002	385	272	346	1048	827	460	627	1012	258	684	163	191	824	728	981	230	808	508	299	1027	528	959	696	545	818	731	1029
877	550	643	587	315	275	677	323	246	734	1043	128	952	451	787	426	186	332	423	221	552	599	736	598	336	533	955	891	125	631	518	77	16	547	1041	523	69	499	652	784	436	223	238	865	638	1	15	701	555	588
739	802	89	554	823	140	987	307	1007	449	1005	549	753	585	868	425	166	633	80	184	691	816	349	683	524	686	830	608	1036	768	780	484	580	175	354	630	813	74	645	399	181	527	825	755	1008	27	100	434	502	291
636	563	6	401	715	501	621	257	115	155	215	644	63	1030	196	665	556	481	957	135	937	367	506	941	407	890	759	642	1001	730	717	394	773	615	507	804	712	132	439	198	311	20	668	486	1037	178	189	593	224	187
245	800	108	160	1035	342	296	763	60	476	347	29	308	174	864	538	971	672	770	441	234	924	71	12	1003	43	406	464	574	179	68	265	844	462	767	188	241	778	304	722	965	343	706	227	159	983	903	471	618	81
591	70	604	856	619	620	836	477	249	989	724	913	130	516	919	1022	333	1047	991	568	239	195	75	879	28	466	944	760	675	463	435	157	546	412	906	602	625	969	1054	283	667	428	326	312	727	904	339	709	688	977
33	1050	885	515	268	976	95	975	278	646	23	328	713	21	896	59	231	361	992	938	875	358	488	148	359	459	4	786	118	18	170	437	993	966	927	747	584	866	64	553	351	152	795	945	583	707	133	573	473	14
87	1046	173	513	431	718	1028	711	271	855	570	119	526	565	2	254	202	156	909	1014	586	845	209	145	680	579	200	661	310	289	832	112	24	1051	276	858	49	954	444	306	88	456	270	656	495	222	578	883	3	857
970	67	443	764	614	493	840	835	139	124	819	629	995	458	821	860	622	1011	167	252	392	1038	53	979	72	267	962	725	76	344	183	738	756	936	806	702	848	47	341	433	429	379	519	809	262	1052	164	31	290	561
203	542	37	250	420	126	32	779	117	892	505	948	504	353	205	1026	30	149	475	453	577	918	295	39	450	335	498	805	44	153	208	461	777	197	497	572	930	93	509	370	279	946	424	92	206	893	649	324	562	256
963	517	582	831	769	48	958	147	782	492	422	494	1020	355	266	624	887	917	771	274	0	1009	417	375	357	58	1040	973	960	322	557	82	110	217	534	327	560	902	240	259	313	314	567	284	496	670	863	1032	329	590
337	65	42	107	741	62	319	1034	662	852	305	997	1039	544	129	839	797	194	531	793	427	387	695	19	418	383	210	798	878	867	692	704	416	214	154	280	576	226	104	1044	921	273	916	746	682	211	161	288	41	277
213	455	281	613	338	182	490	282	882	405	729	398	911	799	45	634	641	915	380	402	360	596	376	421	381	752	25	539	886	151	261	138	212	1006	253	766	11	790	287	940	469	38	610	700	454	235	529	180	127	172
510	369	51	482	714	980	146	685	84	914	655	775	66	36	325	177	73	676	788	114	1021	410	225	386	884	851	870	651	220	411	826	452	934	829	251	532	595	947	881	158	1024	366	748	907	687	776	389	201	939	243
750	514	842	1023	218	1015	483	54	540	263	838	373	388	123	302	740	171	511	548	609	22	923	185	789	340	811	362	99	623	703	666	219	810	681	846	589	950	111	491	382	244	46	1017	637	404	699	368	1049	822	143
137	350	720	98	150	986	603	648	632	757	321	204	144	659	657	255	1004	438	10	1042	414	543	391	1053	765	837	468	1025	229	650	653	820	457	872	121	536	898	419	922	521	617	862	105	1033	689	594	162	467	345	658
551	390	34	664	168	908	571	942	352	348	52	113	900	841	853	984	1013	363	628	933	674	525	869	660	478	91	910	972	690	605	949	134	176	566	318	564	378	90	447	384	470	732	13	961	679	169	888	303	293	807
190	874	86	774	791	432	708	996	978	849	673	871	905	894	56	247	465	611	873	57	843	601	297	912	430	371	697	925	749	726	237	395	442	193	141	953	990	693	5	96	537	301	109	232	35	512	400	723	721	101
612	850	9	192	216	956	569	479	694	616	861	446	575	792	647	581	26	607	83	396	292	472	535	814	889	600	1045	1018	817	298	828	260	929	626	17	847	309	744	998	316	489	812	377	751	901	859	982	122	783	781
522	671	330	116	988	707	245	50	51	227	375	438	959	791	1053	510	910	277	144	752	304	152	745	34	617	345	658	997	984	468	582	760	524	190	790	458	945	763	401	701	590	1017	1006	724	952	400	492	784	644	715
949	812	261	336	858	363	661	371	639	53	34	838	1017	389	52	948	397	66	63	584	416	419	168	430	274	445	475	151	103	377	552	797	313	322	892	295	188	867	927	15	595	213	227	740	14	591	254	516	677	477
235	923	804	193	492	991	665	185	19	304	597	941	565	277	937	162	1053	444	1025	488	245	95	434	30	107	9	915	490	732	1026	478	489	638	392	523	818	979	572	98	74	71	918	648	20	938	814	928	568	167	982
100	45	632	354	700	1019	787	18	670	184	453	501	312	519	216	171	42	500	564	206	822	624	156	62	1050	205	316	671	338	1027	839	654	132	150	582	169	47	973	704	975	1041	323	497	696	815	715	760	895	239	576
587	209	653	449	197	575	956	233	327	331	451	357	306	599	754	725	303	593	486	529	198	72	1038	757	57	930	408	364	439	262	108	628	129	875	179	550	566	138	75	831	621	755	39	393	8	889	544	964	56	909
113	769	1031	984	898	887	190	61	590	617	912	1010	146	536	866	859	255	934	351	136	87	686	368	562	147	794	783	318	672	543	865	567	1047	913	614	803	693	799	985	506	27	1046	258	114	813	153	574	662	526	299
834	688	413	788	1052	182	181	96	502	163	547	644	767	112	315	469	1020	418	109	507	339	681	513	961	446	257	999	394	369	0	1000	921	417	893	456	358	891	366	525	511	801	264	337	333	594	789	1006	509	443	275
836	1029	1004	90	425	116	166	1054	663	605	49	1032	615	210	620	809	130	976	712	733	992	846	782	703	589	279	844	344	223	240	495	660	546	217	1024	723	1042	67	619	616	370	807	904	196	189	690	852	903	461	960
765	484	744	698	504	728	924	287	884	201	251	989	939	17	682	611	630	551	610	697	758	735	158	947	252	957	724	41	120	868	870	32	93	332	174	862	773	871	326	741	320	772	58	988	16	905	325	750	268	353
542	684	608	689	349	823	972	228	675	324	706	149	211	864	215	448	705	64	785	479	935	669	117	1002	535	128	442	718	721	396	645	73	60	634	270	200	493	1043	411	143	219	847	717	800	118	404	263	637	1045	395
1007	764	944	498	1035	860	1008	569	753	588	187	214	491	334	890	719	192	273	878	65	777	746	802	962	157	7	406	968	29	539	659	549	391	780	857	853	561	85	335	694	970	977	770	115	373	288	51	692	545	253
965	640	82	165	278	154	1009	281	537	462	26	612	246	585	24	642	464	580	897	383	739	482	926	606	1	101	470	995	518	499	742	1022	183	774	636	70	508	914	510	720	83	86	911	437	494	88	942	966	99	622
