0,0
373	804	994	495	688	950	977	31	995	244	334	1109	74	793	771	230	946	629	832	67	1134	730	1040	565	889	225	222	739	387	669	43	896	1045	487	853	938	816	1125	299	615	217	924	374	27	414	339	973	443	788	742
203	613	757	142	1061	1038	580	602	1115	342	467	64	349	11	69	425	504	261	60	932	673	410	417	131	498	157	935	381	1029	1140	722	989	947	894	125	22	234	358	562	486	577	264	1001	56	548	871	578	437	863	1019
255	318	750	852	7	596	844	962	341	948	965	87	967	188	151	999	80	139	484	361	445	29	848	748	675	729	1010	345	213	981	463	16	781	514	657	903	753	491	109	323	700	329	882	307	1106	554	441	1132	734	528
102	883	699	913	52	1156	612	280	442	305	271	450	20	429	508	897	692	969	704	524	41	518	800	849	1002	211	274	124	479	173	121	191	684	820	1011	126	143	546	867	448	421	846	840	991	440	666	633	30	984	180
939	179	573	278	814	807	273	354	1144	709	228	685	369	416	884	802	120	693	392	1067	531	728	325	6	873	811	683	618	698	1118	1008	393	372	196	177	716	1127	1015	284	426	1005	482	637	649	104	172	24	82	964	841
839	872	942	218	547	513	782	754	461	572	1152	1088	879	953	910	431	731	375	681	133	78	765	764	153	646	664	95	428	603	761	155	735	403	569	591	378	954	631	1105	1039	483	559	687	1096	866	253	798	249	752	809
75	702	88	242	795	617	1050	1	326	250	1047	1079	643	223	447	622	363	890	366	10	276	604	585	1074	828	1066	427	45	411	233	691	608	775	961	53	51	132	986	475	384	858	298	195	420	959	171	824	1091	68	821
304	521	1164	147	672	529	723	452	584	501	138	1108	838	1150	300	901	1062	92	790	705	537	568	413	245	202	115	857	507	175	418	383	952	609	510	216	302	176	114	945	1130	386	647	1003	181	592	454	277	751	292	492
520	555	37	370	567	628	558	941	511	285	1160	743	85	163	979	949	34	1069	933	990	337	408	76	235	823	248	759	1046	564	39	287	240	1056	193	934	900	786	1133	654	778	916	229	1153	192	353	1112	1131	444	194	294
499	48	57	1025	794	623	614	12	1161	740	744	169	1048	1059	73	770	976	430	601	33	259	525	1009	174	1122	625	190	252	1137	399	779	668	1082	140	1004	721	707	963	260	1051	638	322	907	909	94	35	1124	123	473	708
831	197	419	335	860	1022	725	880	152	539	576	663	808	357	971	161	116	773	931	1081	920	485	263	855	167	295	968	544	321	100	1076	84	619	978	590	980	122	854	593	293	829	315	99	415	237	1087	108	745	438	1053
571	582	254	500	635	1080	519	141	695	183	861	1155	996	720	545	379	908	184	309	887	262	845	1054	899	220	598	398	389	718	159	47	817	166	758	1093	792	589	351	1104	922	456	536	65	1013	588	868	956	951	272	639
706	311	28	164	581	943	97	997	1163	130	402	1094	367	96	895	489	1064	224	303	776	1123	665	789	110	21	170	344	835	72	878	449	215	982	1024	105	1143	566	91	610	1023	712	697	774	243	888	317	658	791	679	538
1138	199	988	497	1154	886	822	396	257	1026	282	231	236	457	621	462	1162	1072	869	407	1116	1111	238	1058	296	726	470	1102	719	466	805	741	891	819	1016	107	377	70	756	767	390	424	937	333	1028	435	738	1042	641	703
1052	118	336	154	936	600	200	1060	983	136	834	50	626	836	594	970	241	898	98	784	850	678	451	862	583	83	1121	405	634	694	61	146	400	661	162	59	306	3	955	893	676	1033	1018	651	119	870	210	509	523	940
266	570	1044	129	279	522	81	1027	772	469	178	1114	620	768	526	579	1148	769	1030	111	468	926	14	214	803	327	160	476	8	458	26	842	1000	696	1101	611	182	1086	25	881	1007	885	833	815	49	439	38	1126	864	586
993	382	465	343	966	312	1071	549	66	205	494	338	1103	226	481	642	289	433	148	478	301	686	227	724	149	212	101	156	799	1085	605	587	332	737	488	859	659	1142	23	960	113	874	1055	308	1135	265	975	689	320	365
667	560	550	904	135	1099	1068	682	843	851	63	517	144	219	1129	837	79	650	460	58	1073	2	208	1120	1136	599	477	915	391	1089	505	275	348	711	106	541	1014	198	906	17	542	1031	827	575	281	352	1158	636	1139	532
359	187	207	165	1057	911	892	246	269	616	1157	288	930	830	1036	251	512	36	394	701	297	19	310	553	267	112	1017	632	291	1090	1107	787	918	644	714	912	1159	189	710	876	247	5	660	563	1083	957	925	145	471	204
927	515	1113	397	826	316	432	1012	533	847	362	1049	1128	127	561	1043	209	314	423	331	656	552	905	404	806	474	763	368	987	1070	42	992	388	117	493	270	324	1035	0	1092	9	812	902	55	1110	1041	1119	455	677	595
1063	530	717	875	319	385	556	496	434	18	813	1034	453	186	86	350	503	928	46	168	674	810	958	944	340	221	1117	436	1141	627	998	258	137	330	376	1006	158	972	32	150	777	103	347	551	540	727	516	929	1037	206
985	877	412	328	648	346	680	736	607	917	459	506	1100	923	355	446	534	766	422	380	201	671	128	1020	401	286	268	90	1065	464	1084	921	1077	690	785	1075	797	535	914	640	713	557	818	865	747	313	749	232	364	185
62	480	732	780	624	662	746	597	134	1021	655	856	783	360	290	71	4	645	44	472	762	801	796	715	1095	630	15	1098	1151	760	606	919	406	1145	93	283	825	543	652	89	670	653	409	755	13	77	1078	974	574	1146
54	395	239	356	371	502	40	490	256	1097	1032	733	1147	527	1149	56	773	554	196	419	766	940	950	808	430	1051	546	47	432	888	105	590	687	160	331	1106	183	907	497	210	511	857	0	733	150	341	302	176	1071	783
989	418	1068	903	963	398	389	125	1158	109	69	1006	403	4	237	658	307	777	299	650	728	494	188	678	229	611	345	546	531	1079	473	995	1052	951	624	1080	851	707	1021	522	607	176	209	923	349	968	475	415	805	193
974	222	450	1144	432	478	892	978	905	878	42	795	391	744	708	430	950	259	798	1148	880	1145	1126	279	705	510	850	185	1136	999	610	1056	682	416	847	472	41	380	1117	1090	1109	660	17	358	651	201	101	758	261	1134
1053	738	496	236	1048	85	53	933	807	836	80	400	1161	177	920	301	364	566	1138	830	445	172	972	449	511	872	145	784	51	562	395	394	936	535	1033	1050	290	60	943	88	621	215	1	120	327	262	1004	456	350	396
333	166	997	538	558	1077	29	1106	913	1129	235	93	629	608	406	539	124	253	1031	911	421	810	486	1009	987	479	929	362	79	448	126	1064	56	724	43	931	246	736	390	630	648	351	65	5	281	844	344	113	25	376
195	1054	343	1060	606	656	720	280	422	77	410	590	885	367	342	680	1078	293	64	513	734	87	489	620	75	386	437	541	3	341	1085	603	952	572	286	72	35	550	97	121	74	888	164	1087	901	689	1149	940	585	1155
902	506	1140	1108	1096	1116	631	536	30	668	59	130	234	150	58	1128	686	553	1123	864	714	504	556	181	870	845	970	377	778	1132	420	191	783	217	117	216	211	781	112	134	785	1005	1016	1012	1039	652	853	854	889	264
962	914	348	1098	219	858	896	99	537	900	883	826	1046	488	788	0	946	332	355	272	499	213	45	697	891	508	876	647	820	263	942	84	114	368	405	925	571	1143	1141	33	138	793	688	23	588	782	618	159	947	330
1025	821	427	580	357	468	1083	37	408	292	503	544	671	1156	175	727	873	841	509	514	966	143	526	365	108	325	549	1069	137	601	827	584	266	1157	796	893	670	438	285	1022	1027	761	265	519	791	457	337	179	666	877
626	356	483	413	750	614	210	411	846	231	476	787	756	960	372	1018	461	819	530	737	814	1051	694	941	766	696	276	346	404	133	7	1076	692	207	304	245	895	228	800	446	275	477	309	161	822	83	579	1042	938	194
495	775	591	454	1121	260	132	834	1058	252	742	919	441	258	560	459	894	62	1081	948	589	725	1082	582	1040	278	1099	142	1154	1130	76	578	1030	63	823	1072	613	1007	1113	241	47	633	282	690	170	1162	967	6	574	1147
990	745	587	916	24	655	711	1125	634	982	458	409	515	40	116	298	525	813	747	998	636	242	532	81	959	320	98	86	363	996	907	884	250	1075	326	762	205	772	1023	860	991	540	1061	267	1024	570	616	148	230	460
203	528	50	637	730	287	360	158	516	765	674	664	617	370	839	399	831	1010	273	543	1011	8	39	944	163	212	595	969	904	523	392	749	401	149	731	312	1120	131	684	2	922	849	186	581	856	1127	698	755	1055	713
500	1002	921	729	869	497	322	136	1017	1092	764	425	712	605	662	95	303	270	786	825	353	162	1015	474	480	465	1049	347	92	753	318	107	992	767	467	447	986	90	597	444	336	502	780	816	557	1160	1104	28	66	340
547	1066	751	565	366	643	433	232	1164	1044	38	563	1097	958	493	73	983	1001	44	912	34	886	247	57	334	803	632	706	378	1111	183	296	1115	428	189	837	533	797	677	667	256	594	979	835	949	681	739	233	354	102
123	875	485	171	1043	1029	792	559	817	46	1088	323	314	311	917	36	174	221	715	927	740	600	573	1124	277	561	865	484	155	862	1014	909	417	552	628	291	521	934	384	622	498	1084	910	196	1101	67	700	254	703	551
569	200	776	180	732	840	190	867	545	442	596	294	718	908	271	653	1102	22	240	453	520	501	463	452	746	625	1107	507	627	1035	759	359	249	12	140	687	321	151	639	915	1074	110	100	879	147	103	144	984	106	1118
208	204	676	769	319	313	300	382	105	381	274	726	192	464	1032	602	268	385	329	52	882	1057	1059	615	371	435	961	1133	973	842	14	644	641	838	977	1112	898	1119	289	315	218	68	429	167	1013	1159	455	324	843	926
779	373	818	91	257	593	723	154	640	971	993	741	638	470	811	576	361	635	118	89	27	748	306	646	828	388	1037	1105	187	223	251	1094	806	466	379	897	21	487	691	16	9	683	924	871	214	1114	623	481	1034	890
451	529	302	994	812	225	10	397	316	866	387	887	598	964	517	1026	534	178	1093	443	462	283	1122	548	1086	119	809	55	899	815	673	930	799	763	423	808	122	82	169	226	773	94	434	604	146	431	269	115	20	308
859	13	128	855	491	1152	295	733	1091	657	419	575	685	199	26	760	440	564	1041	19	1131	238	609	735	1135	717	699	224	512	757	182	932	1110	482	111	975	248	592	1045	721	710	310	1062	642	857	669	654	672	693	1089
328	619	754	197	702	335	469	965	861	1065	716	1047	1036	15	153	567	1003	383	774	127	135	424	1153	955	1073	1019	284	165	402	393	645	928	1142	852	985	490	789	568	156	339	375	583	833	32	649	439	374	1038	18	243
1095	824	770	935	988	317	369	239	945	881	675	407	542	1151	338	1137	70	848	768	802	104	956	31	152	206	874	1150	577	832	794	1071	701	414	160	906	599	139	980	976	863	518	743	527	554	492	665	790	939	752	801
412	829	184	1008	471	220	168	54	1028	505	255	352	1020	771	141	612	173	1000	1146	953	288	661	48	937	954	1163	129	719	1067	804	96	679	524	297	586	157	695	981	426	1139	659	709	305	868	227	244	1070	61	198	918
1103	704	1100	49	555	202	722	71	1063	78	663	957	11	331	436	420	470	938	753	453	621	796	750	1035	1055	42	142	1060	1015	284	457	510	1077	463	874	346	261	46	975	330	222	852	316	264	832	361	861	601	85	1000
768	389	64	887	7	665	637	798	511	998	1153	743	717	278	36	1107	1150	599	189	944	969	346	912	416	145	1025	1026	559	1034	799	106	576	689	469	880	735	452	29	78	463	63	854	1136	963	667	58	93	659	1127	787
12	757	48	926	683	1002	9	44	273	1044	958	848	595	363	745	919	1129	1096	43	1041	1062	1005	815	805	196	647	734	1072	1006	238	181	190	731	783	582	910	430	204	231	688	861	585	394	542	871	263	254	133	1128	907
791	412	470	487	995	844	56	516	180	594	1049	828	1100	701	906	1022	698	776	697	52	835	724	237	900	608	422	740	242	1105	445	66	909	1035	381	816	691	81	184	970	84	845	1146	31	124	488	960	704	49	33	553
109	150	674	792	116	1073	454	1017	1087	473	891	378	506	779	1015	118	656	241	1139	628	367	112	693	1094	294	786	90	622	917	461	668	533	601	1079	609	130	135	477	575	361	1138	889	50	605	720	344	2	613	151	161
684	979	908	1113	268	170	834	736	749	678	1122	287	27	51	824	19	705	288	563	978	663	785	188	626	670	464	358	267	987	778	870	4	867	634	560	666	221	728	436	310	357	1011	629	186	682	631	540	1063	1080	632
1159	1148	377	298	696	714	366	588	1083	931	323	114	545	649	518	40	60	141	784	8	166	882	726	1046	762	690	191	35	15	501	16	98	22	903	529	655	195	88	475	497	716	832	1045	577	797	1137	943	1141	159	874
531	80	893	134	428	295	342	536	727	875	781	661	547	364	1019	341	203	1024	183	371	914	968	971	386	758	339	409	949	146	992	420	1078	855	505	513	164	876	6	258	814	432	228	502	729	597	541	640	384	1123	340
831	127	1104	996	300	862	1048	544	538	711	621	616	149	317	1134	1114	557	857	1085	272	213	402	836	929	302	155	1032	1101	1056	152	864	838	308	311	333	1145	108	140	444	65	771	1007	673	449	369	747	866	710	1108	1001
160	973	686	336	664	168	975	97	117	1163	407	652	91	561	404	515	930	209	1059	309	163	328	713	767	872	765	424	858	82	1028	941	185	3	1009	356	291	280	110	899	925	474	20	997	790	1008	462	330	252	1013	644
707	5	129	679	438	156	236	372	777	558	528	197	1000	34	247	467	869	570	722	851	965	738	283	592	1125	962	162	675	612	573	521	692	450	653	833	789	1054	374	894	455	565	270	468	457	807	1075	277	994	514	319
224	1050	413	429	95	662	562	248	1091	902	1077	706	1154	266	1029	154	453	293	923	633	38	482	157	443	950	173	983	226	193	723	490	251	325	198	669	769	567	398	801	873	239	439	1103	1042	703	21	1084	131	472	395
498	30	233	1043	370	199	373	774	348	811	289	1068	566	897	338	345	260	976	223	1120	47	483	1158	28	755	741	296	57	244	243	262	1151	408	1030	1037	1047	955	1055	709	603	1070	1095	414	275	915	177	18	794	550	961
235	153	636	210	399	927	1020	641	1018	214	945	946	10	937	37	55	782	1088	59	534	985	368	382	126	957	591	1164	810	660	205	128	479	966	905	427	888	817	72	380	904	465	687	868	240	246	355	763	234	619	1081
863	1098	175	1033	1152	812	1014	842	539	67	306	69	1106	471	885	446	250	201	892	286	658	54	852	68	1102	139	569	441	125	96	307	725	895	830	349	376	85	702	143	546	353	391	347	574	121	1132	826	928	952	1161
610	284	849	527	17	840	324	600	216	249	147	423	253	87	1131	327	480	46	630	1004	123	947	775	920	489	285	495	530	192	458	442	456	954	718	752	255	77	940	1061	73	459	1117	1027	590	922	478	671	0	1065	571
555	827	694	397	486	980	1051	1142	144	218	883	217	393	62	499	70	365	507	813	410	635	916	257	417	212	24	642	256	171	695	1121	977	911	593	793	103	568	860	83	598	113	596	447	618	825	375	115	933	643	406
265	359	524	606	766	627	1092	331	583	999	847	617	122	901	956	401	1093	418	101	672	708	200	75	584	821	770	532	316	645	615	245	334	1144	437	485	1023	1119	492	884	841	1116	938	519	136	780	936	744	132	623	460
481	890	1099	795	850	1082	1147	120	229	176	512	42	1036	739	572	737	896	318	292	1110	581	886	648	1089	39	681	259	1155	1160	602	431	543	440	202	879	388	651	1016	552	712	503	1156	215	13	806	1012	1097	111	403	984
772	1135	392	820	25	564	1111	100	676	337	466	211	918	390	604	746	425	14	953	208	1053	732	1071	1126	451	881	207	1162	657	138	522	913	699	315	939	119	312	620	517	174	261	760	829	967	764	759	269	102	45	362
611	520	11	396	433	264	510	321	537	554	1112	86	549	99	53	751	290	476	74	335	148	578	1140	556	421	964	105	107	276	142	818	167	354	839	607	921	1118	227	748	320	761	1090	982	448	351	26	92	614	730	1010
1058	274	1067	299	1	61	1076	803	23	383	853	754	959	104	1086	379	551	988	586	1057	326	1109	677	808	187	804	650	343	1074	332	721	948	313	504	405	1021	220	1039	419	281	305	990	898	206	279	387	756	179	89	1143
137	508	182	1115	859	579	981	685	733	360	809	1149	1124	230	79	589	1069	624	719	991	932	802	1130	426	865	986	1038	951	1066	509	301	878	742	1003	548	843	989	496	819	934	434	352	225	680	525	1052	500	169	753	400
282	304	972	750	1157	822	580	350	411	935	1031	484	1040	158	856	219	1060	303	222	846	493	924	32	526	796	1064	942	314	172	94	646	639	271	76	788	232	715	385	415	654	800	322	165	329	1133	491	638	974	823	494
297	587	178	877	194	837	993	625	71	700	773	523	535	435	41	794	812	785	873	84	837	316	433	889	310	809	757	577	686	418	581	1086	556	899	657	640	753	522	108	1031	783	361	382	456	475	563	1010	1030	363	811
495	775	660	677	116	524	378	807	482	930	958	1158	337	570	190	686	1065	997	859	77	837	909	657	795	809	1041	621	1139	538	467	1046	128	575	438	489	1011	380	81	353	598	1116	1012	139	798	1088	494	860	91	2	136
159	1067	907	762	920	367	104	322	9	63	562	567	639	265	993	749	475	200	1070	962	894	147	1160	892	295	864	452	20	899	1040	167	508	831	275	955	21	870	857	705	694	587	804	874	343	873	515	772	927	1079	1021
521	507	811	76	1155	1110	766	98	96	622	522	443	493	620	878	593	996	330	1117	1150	233	707	604	307	656	545	193	910	1125	969	829	1128	258	321	329	951	292	858	239	504	888	437	896	637	1101	946	4	237	1096	702
799	499	806	348	530	744	754	922	897	32	183	596	779	396	65	229	119	880	211	1054	397	86	919	66	273	278	627	375	392	232	929	825	748	794	178	695	285	760	976	201	517	832	935	151	900	293	29	563	1098	1135
529	1100	511	286	731	19	1047	607	302	613	171	812	619	357	649	369	1010	51	118	586	965	174	985	803	533	663	721	176	904	914	670	699	572	194	610	546	917	474	1013	1136	999	1164	552	1151	371	389	947	202	143	431
821	867	711	407	1103	600	1075	391	625	466	1073	172	48	791	948	692	335	481	881	883	733	97	655	743	187	75	1106	768	603	1083	1003	584	1120	484	700	736	905	196	532	342	186	41	963	810	727	160	681	939	715	1153
862	191	283	544	701	977	413	800	1060	377	777	1016	730	1027	426	462	479	819	296	918	722	215	61	776	74	7	436	556	262	246	291	696	818	50	942	901	58	531	840	617	523	155	362	37	501	784	1069	602	875	274
433	1141	576	802	323	516	1143	708	833	983	640	92	1086	623	953	868	471	388	1	503	490	885	884	427	70	850	665	364	442	150	349	841	47	212	684	1137	805	351	261	975	148	780	1094	788	589	612	1090	62	408	599
902	314	67	487	653	1029	355	673	745	950	399	416	938	162	169	1000	130	1030	161	891	125	815	624	632	1045	940	765	886	1055	455	444	109	742	255	659	738	157	354	753	129	717	303	578	577	1033	520	719	605	828	318
769	264	1115	324	224	987	559	52	764	16	250	368	142	991	328	782	865	83	341	206	518	568	1044	926	78	537	936	208	360	227	526	84	755	1161	855	1062	448	669	411	106	783	270	461	758	11	381	46	703	42	1007
685	105	140	85	988	933	1124	44	189	729	925	428	103	588	331	1107	228	425	941	470	539	774	114	913	72	713	934	1127	1068	912	778	56	854	218	712	112	826	146	95	691	693	548	127	213	231	592	1038	1002	718	1023
0	480	1091	38	687	214	1087	310	732	401	288	1056	1129	1080	498	1104	505	541	247	108	465	882	569	320	299	671	35	297	43	606	280	472	986	137	817	1133	446	121	931	678	8	720	642	24	486	386	781	463	1085	259
1015	1148	412	203	770	124	509	249	1108	542	133	432	182	15	982	31	1092	1134	580	710	1059	73	459	395	1025	394	36	851	222	723	477	843	405	30	284	312	115	787	326	398	216	210	747	728	716	661	209	512	1053	308
980	527	33	385	1020	1001	979	734	1131	26	631	420	756	921	332	188	429	1102	597	630	94	1146	257	861	558	550	949	366	668	1018	384	565	390	1163	956	932	652	345	725	419	1052	641	937	23	100	614	1113	752	34	835
57	871	122	198	1132	315	814	616	230	456	724	954	824	225	6	1036	847	981	478	968	226	87	90	316	197	1144	866	135	45	889	54	555	382	676	28	972	856	113	132	683	152	1004	1084	1156	1050	131	333	1081	306	726
645	248	117	978	111	1005	647	502	358	704	1032	635	304	658	336	793	844	853	422	271	350	244	1042	887	960	181	638	952	990	145	179	13	1017	1114	457	1093	740	629	879	1066	967	325	698	1058	473	1035	838	496	254	771
709	305	410	1051	251	445	1014	680	1022	491	430	741	266	338	1019	1076	1077	1157	823	808	192	53	547	739	923	898	513	418	590	827	435	12	813	243	311	636	177	361	363	1043	439	915	154	514	1008	185	675	1119	594	393
973	688	785	281	82	1034	240	1130	1154	327	848	110	25	272	374	205	245	761	334	173	1028	1111	441	282	18	998	646	294	786	80	928	1109	469	1142	510	890	916	99	453	263	164	822	797	126	601	633	347	863	1149	421
464	845	651	356	22	893	79	582	528	71	644	1071	959	1140	839	974	1072	269	253	319	989	158	500	1159	750	144	365	608	93	403	674	714	10	234	344	447	340	298	583	763	634	204	618	751	846	615	961	591	689	767
424	1061	650	579	359	970	773	313	17	574	276	373	107	561	49	697	943	1026	945	1089	792	372	585	123	1099	1057	449	609	3	1064	564	836	560	256	1082	1006	595	682	14	166	1121	483	346	352	223	221	27	400	217	551
370	519	165	549	543	984	287	39	842	235	60	1152	402	662	737	872	554	706	816	1122	611	180	1049	536	301	383	690	796	414	476	387	141	339	134	101	460	1118	309	175	195	238	40	666	1145	55	895	88	488	497	566
184	735	1162	679	540	908	789	876	571	1074	440	746	236	220	648	924	553	5	1037	199	260	156	242	458	643	120	149	207	971	168	406	995	667	535	138	957	759	906	654	1147	317	1039	992	581	454	820	664	849	290	1063
557	1009	485	468	163	852	1031	534	757	525	964	417	672	801	830	59	450	1105	252	790	415	68	1123	241	1138	492	944	573	268	1048	869	277	170	64	1126	628	267	409	404	1078	379	219	89	1024	153	1095	903	911	1112	506
434	626	279	376	300	1097	102	966	451	423	994	289	834	877	69	134	702	820	263	775	28	377	1069	85	550	526	362	579	905	891	1	456	277	824	471	1116	965	949	332	836	853	828	464	14	94	359	491	822	888	100
549	289	265	327	185	513	86	1021	1125	606	948	885	806	285	301	583	923	652	516	364	141	568	932	93	307	73	499	253	643	91	627	648	602	788	459	575	194	121	925	1065	169	535	1005	430	949	537	334	1089	893	416
1043	711	44	589	46	1164	906	1039	148	808	314	392	662	639	1049	610	1116	830	408	882	103	277	582	858	758	152	174	111	70	477	1006	791	226	720	187	1085	836	203	997	518	631	1154	670	344	734	841	579	600	385	164
162	861	481	562	741	686	500	53	496	425	964	847	27	681	553	718	175	721	124	1090	653	593	621	1075	217	597	712	753	64	969	926	833	222	191	1038	1034	645	153	961	814	897	843	95	467	123	389	618	181	1003	853
1121	420	542	852	362	339	944	866	218	1109	649	378	624	479	613	865	278	76	269	485	991	212	255	283	56	979	825	118	204	394	616	116	987	598	654	625	445	290	759	82	79	757	418	607	391	209	570	354	702	407
730	679	294	1105	540	455	427	322	412	722	1155	306	312	661	106	96	547	994	1097	1139	43	365	1033	576	807	955	268	567	907	1159	1010	206	19	1100	62	701	127	1008	746	805	630	872	1129	546	514	778	372	1111	250	429
611	910	896	666	183	835	803	581	10	922	404	157	454	128	658	90	1001	14	410	414	1098	1148	1146	594	1096	374	470	15	563	522	282	293	845	1002	924	138	682	373	1027	208	426	232	192	752	1149	704	7	637	675	360
855	476	842	170	2	578	84	960	402	685	971	94	133	816	318	946	411	707	735	257	677	308	100	574	619	977	1068	300	531	102	1024	1122	691	665	346	215	165	97	973	799	620	396	421	992	650	447	809	1152	887	596
628	207	717	236	228	868	23	870	871	1028	552	777	951	818	254	297	210	343	931	304	242	9	487	1009	1072	580	888	33	1044	503	558	739	491	515	406	377	484	1079	358	1133	1058	98	456	673	646	909	85	261	920	315
72	252	827	178	195	155	635	331	299	3	1077	240	733	422	588	182	966	794	200	713	156	401	352	837	1011	140	1161	859	698	171	1041	35	633	55	706	998	83	551	384	943	638	449	398	47	724	851	273	1081	1136	1018
292	45	369	798	1031	1016	434	409	1138	107	6	890	51	1140	766	225	69	230	565	874	623	1074	802	605	1050	892	109	305	29	1093	244	510	28	464	555	1131	145	180	903	1106	773	779	908	1020	37	87	413	664	325	725
528	363	935	216	1052	663	603	784	319	25	1147	862	245	947	26	775	359	451	395	811	142	497	668	834	371	527	81	957	453	710	368	894	789	655	615	846	388	767	626	303	617	699	490	771	785	1054	634	939	274	189
1142	337	39	92	952	958	824	1145	1064	214	104	221	311	309	595	938	504	66	298	279	761	89	667	386	1157	899	1162	751	930	756	1092	820	905	832	173	768	260	262	1101	335	919	902	571	1053	355	134	782	38	341	815
132	1103	592	636	4	937	353	590	495	146	271	68	198	538	1163	810	22	569	1153	642	787	1026	63	1118	856	284	333	1115	482	895	177	651	1025	276	1017	599	1127	740	976	110	440	1047	723	747	601	726	548	101	1060	1128
441	258	819	48	468	688	399	160	465	131	660	233	676	736	532	876	75	287	800	915	135	32	644	201	1030	393	370	737	36	248	936	190	941	689	530	945	80	640	460	431	572	1141	921	224	950	1078	545	239	34	1099
1014	251	883	502	692	329	1137	313	715	854	1102	340	914	556	1076	450	1019	473	678	205	520	139	267	898	968	143	731	764	336	151	231	881	591	539	1124	129	108	755	41	351	136	927	113	975	744	780	387	954	65	1048
119	632	474	403	435	543	286	1123	557	1061	1158	1132	829	869	1057	738	219	1151	769	1117	1023	147	729	517	776	641	901	783	823	913	323	310	521	781	461	745	978	144	105	1091	849	762	796	904	1015	848	243	31	929	130
320	202	375	680	886	166	831	1062	1035	1066	857	506	419	122	942	488	561	967	270	88	604	213	608	211	1046	1007	59	911	238	397	956	690	1080	1036	1143	693	577	275	321	586	1130	709	472	519	161	227	917	765	674	345
266	860	705	469	696	326	463	1056	1095	884	891	669	367	822	695	99	536	880	996	498	714	71	656	12	793	716	980	934	20	742	508	357	176	844	390	1126	179	959	342	220	172	566	330	534	16	533	864	114	382	196
296	965	235	614	259	193	962	159	1114	647	554	684	493	697	1059	280	74	349	379	727	437	1067	42	433	1110	754	295	417	316	125	916	199	24	137	828	763	1082	612	186	126	60	1004	115	52	1037	58	550	1084	1055	428
587	839	30	383	1088	112	462	117	573	672	376	458	17	826	1119	982	149	78	317	1112	703	1013	817	1063	263	984	970	629	1134	436	1144	67	50	792	889	863	928	77	850	1083	1108	940	1087	5	480	840	986	999	560	918
748	1120	324	981	478	264	167	380	237	972	523	348	671	732	505	400	511	197	332	1094	439	728	350	544	786	1	743	494	838	11	750	719	1070	444	900	821	524	154	983	564	694	338	489	1000	1156	366	443	749	963	13
501	168	452	475	1012	288	281	8	804	424	457	234	1160	877	1032	659	18	347	990	423	657	813	361	61	760	1104	683	466	150	1071	797	356	438	507	879	988	1150	525	471	812	985	54	584	256	509	405	526	448	328	272
492	867	223	1042	49	249	953	1107	933	1045	415	1086	1113	770	1069	188	1073	291	486	912	687	993	585	446	878	158	708	772	40	241	795	974	184	21	622	432	609	801	57	1022	163	246	483	995	442	875	1029	229	873	529
247	381	302	541	774	1051	1040	790	512	989	559	700	0	120	1135	1131	306	872	30	1083	460	405	1045	568	958	1038	484	246	208	660	702	325	1062	541	1030	964	736	900	869	661	873	925	801	237	353	912	755	135	165	417
1055	931	263	265	1038	875	1156	166	862	394	572	504	556	909	562	576	80	113	1149	356	249	418	476	561	226	219	526	1	567	209	639	1058	254	1081	579	571	623	978	43	982	731	897	677	195	409	597	913	815	891	149
686	486	790	385	415	1128	588	1076	676	830	1035	297	727	950	457	530	709	117	1071	1000	438	866	28	145	1121	44	119	626	658	1037	217	267	349	583	488	578	99	924	984	651	174	991	1103	142	697	822	123	364	935	829
53	564	305	425	206	814	458	375	995	443	701	1136	477	598	1009	1039	529	548	496	942	509	569	242	661	351	692	932	1099	752	861	973	927	1005	304	971	668	795	35	682	395	1115	718	880	29	936	811	918	1145	146	691
87	334	737	393	706	550	325	988	649	300	742	1051	9	454	365	373	448	19	772	724	180	139	256	187	207	543	1011	655	285	406	189	95	928	945	680	153	642	1122	1161	919	76	613	656	834	23	27	681	894	1117	646
985	16	745	857	337	432	1160	360	962	753	541	959	786	519	498	747	30	964	761	767	462	416	338	976	151	8	808	591	643	803	1013	169	232	164	472	399	74	501	783	756	956	323	390	230	1054	303	1074	637	478	1162
1027	71	302	1044	853	906	930	1091	1073	1024	603	810	1143	84	570	755	521	765	818	212	804	864	1018	283	768	32	705	540	193	491	96	79	371	273	943	238	220	1007	459	961	907	262	1033	632	532	402	895	1151	856	222
444	721	1064	617	1031	63	776	479	622	1097	339	196	809	516	633	1093	1124	1111	749	627	1043	726	1045	127	229	847	56	446	977	989	963	348	201	1152	354	474	58	614	1017	350	124	316	397	845	874	47	869	506	495	560
355	357	524	1087	773	986	835	554	133	467	868	1138	381	890	536	565	872	605	695	370	437	910	900	392	108	671	710	452	464	483	175	544	208	520	908	328	240	264	905	899	49	777	1049	769	824	740	775	843	147	785
716	594	290	688	1023	211	923	455	310	126	739	734	400	573	97	1084	542	315	317	116	492	1030	1066	848	581	319	708	453	233	75	341	904	1107	1001	40	1158	22	1002	296	531	188	1139	715	120	1059	440	469	158	353	203
979	994	111	1123	580	693	245	102	1153	664	537	279	1014	833	439	1150	25	738	618	1146	250	442	280	826	205	601	473	650	863	1034	359	1100	255	379	12	86	21	1012	1159	837	428	253	877	704	10	699	65	629	11	922
6	667	503	505	638	825	33	518	1155	17	72	324	714	675	499	534	602	291	1140	247	221	170	218	41	427	1113	879	309	970	77	1116	1069	1078	884	270	322	194	131	167	466	513	522	1130	484	774	624	911	45	938	1090
1125	106	802	1004	934	429	181	966	883	665	1132	346	475	152	969	423	1063	1080	299	898	1068	788	243	553	366	110	559	435	1015	68	1003	330	162	744	1077	983	1028	947	200	849	92	821	132	31	596	1041	403	974	277	225
178	159	307	78	771	1141	654	0	867	1114	819	514	551	24	782	758	1067	430	711	183	949	508	417	712	631	1022	268	707	748	1131	757	1142	1010	917	82	1085	109	813	163	871	916	902	702	610	382	806	176	336	5	933
333	282	873	59	384	485	1046	134	1106	89	424	136	1118	1144	227	13	480	981	361	497	555	198	460	515	320	352	1052	797	684	135	713	118	115	967	160	912	575	952	766	1126	669	294	128	213	1134	901	471	148	781	15
679	687	784	465	558	445	855	335	552	743	1075	1095	105	38	52	741	502	481	51	231	419	604	807	468	104	295	993	582	329	179	396	100	144	878	168	1032	450	1016	137	184	794	449	199	975	634	235	703	1104	380	616
50	1094	398	93	587	696	275	314	266	389	778	852	792	1036	94	839	720	85	662	306	321	625	1147	340	98	751	1148	549	584	760	812	1109	239	841	386	216	274	903	1020	70	191	293	992	161	3	585	590	754	143	628
1053	1065	413	870	377	358	404	456	621	1056	611	165	854	678	717	647	528	538	48	138	507	660	81	832	1008	770	312	881	972	342	607	214	517	412	140	630	722	636	411	192	64	533	405	1040	690	344	215	689	641	746
893	719	644	258	1102	185	463	1060	882	800	600	42	652	421	568	666	298	26	482	960	640	557	172	1047	129	635	362	331	327	620	980	1112	1089	987	732	840	34	490	90	566	846	1042	433	836	234	311	410	1050	269	888
858	525	1163	694	271	685	599	369	1072	500	914	887	865	939	859	674	612	272	510	672	968	121	228	951	376	723	252	827	367	155	657	645	332	447	954	1079	925	46	547	431	780	1157	1137	372	18	965	1108	831	1070	1105
1061	523	779	1127	670	244	91	698	850	892	725	57	1119	67	535	286	1129	700	374	648	62	287	941	1048	1021	246	820	885	157	1120	615	619	154	1092	182	729	494	383	844	683	1101	103	1083	659	284	595	1029	764	563	204
36	237	66	796	940	997	816	653	609	828	210	759	546	73	990	107	762	173	733	141	1019	408	197	259	260	608	817	920	889	735	368	728	426	289	915	673	190	14	799	789	69	461	958	805	948	860	487	441	998	527
593	422	60	407	1006	1098	436	313	663	292	791	838	347	1082	1135	37	224	451	577	420	326	801	946	921	937	842	112	793	202	387	55	470	363	251	301	388	929	545	54	223	4	391	896	736	851	378	511	83	171	278
539	156	1086	787	241	955	1025	999	2	281	996	88	574	434	401	1026	288	236	343	493	345	308	186	750	125	177	798	489	1088	318	1057	261	926	101	1062	414	276	589	886	730	114	606	1133	20	586	763	39	1096	61	122
944	512	876	257	1164	150	957	248	953	1154	823	592	7	1110	130	546	593	16	891	678	669	76	908	374	75	98	761	490	429	639	713	1142	1021	466	929	705	368	606	719	328	551	532	1135	1053	1033	563	982	335	1159	666
721	427	1131	761	1066	591	363	1074	42	317	178	396	1086	923	459	566	866	528	1017	484	1163	723	807	377	131	424	523	2	1047	1048	315	81	609	160	604	475	706	1106	956	783	626	46	635	80	203	487	853	536	539	135
963	50	1151	384	754	946	267	496	166	842	555	283	901	810	291	934	455	1035	529	341	605	342	374	399	51	821	868	62	581	630	71	613	318	97	534	502	328	925	123	1136	887	391	877	39	420	32	261	1093	698	516
545	1036	215	616	68	153	225	977	784	629	61	930	917	643	1097	1057	353	873	305	30	270	397	634	948	705	740	159	190	414	138	514	732	286	859	623	796	577	1158	460	865	911	1099	741	1150	756	907	633	422	726	481
951	644	1104	936	918	253	823	651	20	209	512	855	293	610	642	213	483	687	449	240	451	836	1012	592	848	777	538	921	725	462	423	679	36	335	238	297	57	559	927	601	9	116	924	666	718	241	463	237	144	1096
1031	717	731	550	1140	750	544	40	862	1061	845	1030	535	998	541	357	893	372	1033	411	201	67	1110	157	619	1015	370	517	1114	226	567	58	33	359	227	1084	52	984	1103	1138	719	448	22	14	691	163	202	1139	1051	714
140	120	665	10	991	728	780	1152	1122	985	1081	471	801	185	344	113	275	23	197	602	752	551	778	393	983	127	790	770	526	442	440	1008	234	967	720	776	456	1118	645	598	21	447	141	368	53	1068	268	78	109	891
327	943	151	198	1119	933	82	751	762	1085	385	689	524	913	560	136	320	1038	896	1076	582	764	93	647	350	181	313	1024	611	828	1134	1144	947	669	568	1112	587	858	955	303	1071	1014	981	736	417	148	1005	8	861	928
1063	498	519	527	869	75	479	1058	37	134	999	879	5	603	818	63	349	738	229	210	713	231	279	358	840	537	276	169	132	1044	119	106	175	863	66	521	339	518	1043	356	107	684	48	745	608	249	470	508	939	621
915	347	86	690	819	785	26	12	860	416	779	808	809	255	1109	1062	45	477	110	1135	290	648	326	392	1000	708	402	179	257	672	944	724	164	1162	176	389	843	1113	1050	793	960	973	712	1046	111	874	590	409	546	100
798	1052	753	618	575	139	735	150	972	1034	594	826	1100	589	1164	54	1108	137	556	832	272	549	401	558	676	926	457	114	890	386	902	667	1021	1067	1028	333	395	208	287	1115	431	482	576	578	993	702	883	824	211	250
1070	25	548	658	772	47	844	361	1032	1101	695	677	969	217	839	436	656	465	85	716	553	204	851	912	632	827	802	189	525	256	968	837	899	232	1060	362	596	375	897	192	84	321	957	1091	671	329	653	639	908	15
786	1128	595	432	405	1148	263	13	41	73	156	19	474	330	172	124	258	727	311	898	49	310	571	1161	1025	450	507	1027	415	44	744	1056	264	433	162	1064	872	857	244	443	615	1054	403	696	1055	94	183	125	871	1009
688	56	280	299	760	212	746	3	659	59	737	822	515	580	562	1088	88	1142	941	982	421	654	636	271	43	870	625	543	351	579	813	165	607	914	1154	60	376	336	1010	408	747	709	352	18	563	846	281	170	599	547
788	992	729	301	847	787	485	503	565	1126	473	781	995	34	612	800	11	158	235	935	65	308	464	230	569	354	478	734	952	1149	561	766	199	429	584	387	674	24	513	650	233	627	791	542	83	572	314	274	219	881
540	1095	1089	146	637	682	954	248	294	835	755	820	1155	694	1002	466	988	1042	367	1145	932	1156	87	1147	748	152	707	1111	345	759	700	292	435	710	1065	334	407	852	143	966	154	664	673	108	875	876	446	895	1	1125
445	812	222	570	413	574	504	903	573	186	338	1121	102	945	206	325	55	733	509	631	606	112	167	657	428	187	833	495	678	444	1040	920	312	182	685	768	461	997	360	588	1159	1127	703	975	805	266	683	323	889	533
467	1116	254	888	829	1020	532	987	938	76	35	906	99	1004	996	971	223	894	296	0	288	4	964	668	27	355	557	803	953	1078	90	1077	1037	922	488	101	834	79	497	1141	1026	970	882	816	905	1087	617	168	239	965
701	522	661	145	31	295	324	472	493	251	743	6	343	978	491	854	452	469	149	909	130	382	480	885	900	96	1143	1094	510	133	1080	693	406	486	184	194	89	730	1133	277	520	1041	1029	242	1157	1090	554	530	916	221
1006	979	958	419	655	441	856	774	418	381	1153	371	986	400	1160	792	937	74	950	373	880	620	1079	379	366	77	742	789	64	388	1023	884	980	246	1092	265	641	494	1013	129	811	117	804	838	236	228	749	767	383	773
649	180	892	864	1098	782	1011	680	976	646	380	252	220	390	171	624	1130	614	994	319	126	173	29	765	298	340	174	365	196	200	307	269	103	628	989	147	1019	699	962	207	118	468	638	817	739	825	830	332	622	284
1072	378	697	552	942	974	758	704	1022	675	92	850	453	663	795	331	439	70	394	531	398	564	426	929	910	505	1105	931	364	28	1123	681	195	300	476	1001	1102	1107	369	662	670	260	16	121	919	1073	1082	990	722	692
430	155	214	346	322	285	593	511	282	715	205	91	771	128	1045	438	878	600	316	95	961	1003	806	309	959	841	105	142	412	711	273	814	434	794	949	501	1053	247	1117	660	72	797	243	799	1018	104	1059	640	289	337
1007	585	506	490	597	499	410	245	218	904	348	1069	454	115	583	306	1124	302	161	500	1075	886	224	489	867	98	404	686	1129	177	769	586	1083	17	492	763	940	458	1016	188	69	1137	304	1146	278	652	831	1132	849	262
757	259	7	1120	191	216	1039	38	1049	437	775	425	193	815	122	827	785	752	646	174	268	248	1068	679	687	508	285	514	994	756	781	791	855	500	718	73	192	782	1135	384	779	715	256	1006	236	443	29	793	353	177
165	399	450	589	640	507	751	1150	606	714	1061	1098	153	635	120	344	1006	67	100	956	178	759	1120	609	554	377	968	700	16	215	163	576	318	598	117	219	1046	542	63	1008	271	360	184	1060	563	221	636	675	286	418
244	59	189	477	419	495	310	613	560	398	1045	877	1015	139	996	1078	277	20	608	135	548	386	711	486	801	860	167	862	683	1132	250	185	205	88	800	627	746	702	685	756	34	220	340	797	150	610	990	715	1107	393
32	766	910	484	341	23	993	618	900	2	382	25	65	452	826	779	984	963	476	143	645	129	443	571	952	93	676	448	737	834	80	145	474	17	116	981	509	802	778	359	367	37	1146	339	529	372	604	424	1009	843
79	453	401	575	282	144	544	369	485	595	199	201	942	521	1152	278	133	316	527	748	865	434	580	979	913	366	582	1158	197	274	966	446	106	878	946	21	704	410	447	585	557	365	342	1034	508	653	689	66	238	995
177	36	849	469	217	1059	491	615	905	196	283	364	12	994	662	488	915	397	804	311	836	1134	335	709	395	363	1000	977	901	272	71	1147	1063	1068	478	922	1022	1048	110	594	906	498	528	969	971	564	35	749	256	180
788	725	14	823	337	131	959	626	523	190	149	429	237	687	415	46	661	874	630	919	892	45	774	817	15	768	549	642	918	724	1093	400	91	161	526	902	555	815	254	538	417	912	394	883	833	204	1057	1104	1029	1164
782	227	663	808	1108	986	3	1114	260	697	317	825	1094	763	494	211	953	426	253	1004	330	1105	103	666	907	524	1012	586	230	263	985	111	935	1016	439	1081	1103	677	961	577	543	321	437	302	987	1014	790	1161	556	75
1042	480	1011	673	1052	1151	114	209	831	710	102	539	654	1	465	86	402	322	960	275	228	48	632	732	224	345	243	1007	890	775	750	142	713	1071	49	835	24	62	105	541	879	346	10	858	1001	873	964	889	847	26
440	182	824	504	771	479	51	259	208	1047	247	459	851	619	1162	1128	97	169	1138	803	551	305	644	925	1082	777	319	740	158	988	617	948	347	1096	720	893	1041	818	718	362	908	295	742	558	936	458	361	298	1066	923
983	50	745	1085	292	806	38	43	517	61	1095	441	602	170	276	1069	268	730	933	1139	881	308	692	1157	353	375	416	281	332	7	572	323	492	497	245	159	172	559	306	239	384	657	712	1077	1002	515	822	391	141	588
383	519	590	490	765	451	957	176	1076	126	545	652	463	255	19	728	84	389	279	894	651	814	1153	1010	18	896	753	385	605	132	1106	992	403	193	698	659	701	464	454	533	119	1102	427	726	520	354	226	1099	435	553
755	875	371	982	649	40	721	1049	665	13	241	396	155	821	980	1129	414	578	423	812	1030	669	891	188	1027	312	531	82	827	406	438	90	87	356	694	374	743	945	855	1097	69	432	301	85	1035	695	309	625	909	537
285	648	467	611	917	8	646	1143	168	684	734	757	727	462	903	719	679	872	717	614	368	473	493	457	944	991	232	31	1017	122	89	140	799	472	658	1053	733	60	44	409	325	1111	47	786	123	411	1003	183	1136	30
500	265	195	404	304	104	57	547	681	693	638	962	501	152	540	867	735	248	885	796	583	1079	513	696	73	783	723	848	1062	769	593	535	112	574	27	287	670	819	1075	1005	789	760	518	550	1127	422	6	216	326	284
741	868	358	921	1159	390	970	151	532	784	191	146	898	811	999	264	240	601	5	854	296	1112	1013	210	754	1070	895	1050	408	828	744	108	1056	650	39	483	871	200	261	927	1026	1084	932	1074	53	1036	772	631	870	1142
955	81	600	934	1051	1116	660	706	1058	764	33	752	813	470	664	853	566	1101	634	270	74	864	299	1131	989	28	444	621	357	761	307	164	125	202	674	249	603	795	280	643	975	1092	762	29	852	95	289	266	707	449
731	846	570	137	134	705	273	647	880	343	703	407	1054	1019	1039	475	194	107	1140	1067	1021	1160	288	522	1119	1121	869	138	175	616	421	468	612	1038	884	938	512	767	791	333	596	203	1020	77	381	1031	573	916	313	223
22	599	1118	267	773	496	328	841	320	136	198	64	842	96	973	691	911	349	552	622	1044	1087	941	1055	214	350	291	780	940	839	1025	579	565	41	656	481	235	568	442	876	68	420	624	829	958	587	58	234	300	192
212	623	949	1032	225	207	428	52	607	787	628	376	904	148	121	690	246	154	736	173	1018	130	502	899	1073	56	262	206	252	668	699	798	785	430	78	562	460	9	242	327	671	83	156	236	830	1122	461	729	269	258
257	506	591	315	290	174	967	510	1083	930	297	1043	505	456	758	213	1080	832	937	998	1109	294	838	370	186	859	1024	499	511	405	882	629	781	466	943	633	1037	1144	1113	412	534	314	947	567	680	792	1125	489	127	1088
351	546	1028	776	1089	98	157	965	708	569	844	861	166	99	1100	181	850	187	931	1110	1117	1130	1154	888	355	1148	1064	115	639	392	840	1040	233	810	128	222	11	1141	978	72	324	1086	160	293	820	920	455	4	561	1156
1123	334	0	637	738	950	1145	92	171	331	1163	807	747	503	378	530	686	388	536	251	793	1149	70	303	805	147	413	816	974	655	866	113	739	951	1091	929	525	514	42	338	1115	55	1126	218	770	584	809	997	641	667
431	352	688	1137	856	54	1155	436	118	76	487	231	1023	914	1072	581	597	954	620	722	837	863	976	887	425	1135	1124	124	1033	678	926	101	516	471	433	1133	348	482	682	716	329	387	94	162	939	845	672	380	336	445
886	1065	592	179	794	373	924	897	928	857	972	1090	229	109	379	498	655	683	879	1158	1140	624	172	123	682	1087	893	216	842	614	28	573	806	706	778	1084	643	704	364	409	32	936	1121	506	1126	656	331	895	90	853