2,1
476	358	417	194	375	568	566	294	196	179	242	354	322	619	582	494	152	230	676	626	437	27	694	195	555	45	163	408	302	94	477	292	157	217	43	374	665	220	636	616	508	329	448	558	389	495	309	202	367	579
715	345	64	299	483	598	452	599	131	724	116	143	396	285	522	254	278	222	678	475	311	647	379	467	499	721	39	539	378	519	603	537	12	414	237	581	244	80	520	541	264	233	52	259	714	57	693	35	276	445
387	399	140	511	674	605	262	559	654	78	271	252	656	604	272	31	458	183	614	491	550	509	197	92	727	443	188	531	631	167	172	305	120	525	274	7	1	441	102	595	431	407	492	33	126	191	60	240	594	590
638	585	6	161	284	548	190	192	482	142	649	173	546	386	218	587	512	22	629	725	438	203	153	398	384	282	181	273	572	392	115	277	24	479	298	65	561	76	176	424	658	532	16	699	381	335	333	323	69	641
463	97	260	169	428	372	68	738	223	280	211	96	469	704	34	47	56	175	370	151	602	553	507	702	110	235	21	569	121	703	661	171	296	737	193	304	132	84	433	105	634	72	293	710	457	303	228	596	100	651
295	91	552	639	497	663	405	735	481	261	462	501	544	400	257	133	231	236	109	570	410	672	238	615	580	229	107	253	70	609	349	504	538	141	688	334	487	118	154	660	88	713	698	136	50	114	300	413	613	307
241	245	478	98	215	456	166	442	671	83	716	425	61	146	402	722	249	59	341	3	642	575	439	164	565	139	119	450	210	11	517	266	449	28	129	279	317	10	81	524	178	306	667	108	418	563	489	617	612	351
484	111	513	14	214	383	327	160	731	26	419	510	184	390	99	690	435	25	460	633	411	326	564	49	607	429	336	686	444	712	687	549	705	343	533	312	159	37	66	205	644	683	226	353	130	289	148	567	301	174
227	403	149	212	101	733	287	628	695	75	332	225	601	147	706	23	529	113	577	600	308	697	739	177	736	365	155	618	637	38	361	486	677	664	485	440	170	536	339	473	377	518	625	219	248	325	635	648	138	58
162	2	208	250	650	87	426	500	391	643	275	348	199	106	29	562	447	198	586	17	30	573	315	63	281	352	729	124	701	488	20	359	187	207	165	620	224	556	415	621	662	451	269	505	104	571	288	85	318	578
251	547	36	394	611	592	297	19	466	310	632	267	112	514	291	700	189	247	5	723	145	471	204	646	666	397	316	432	560	362	593	680	127	627	314	423	331	404	474	368	622	42	388	117	493	270	324	0	9	55
584	675	455	685	319	385	732	434	18	576	708	186	86	588	503	46	168	673	221	436	692	728	610	258	137	330	376	454	158	180	521	32	150	263	103	347	551	540	350	516	707	213	465	206	734	542	255	412	328	583
346	427	623	730	421	470	459	373	48	717	506	589	679	82	355	95	446	67	608	534	422	380	201	357	128	144	401	209	286	498	268	90	41	684	337	416	234	366	53	243	79	51	526	659	338	340	515	535	640	557
313	554	232	669	591	185	726	62	480	624	523	597	246	134	655	461	360	290	182	364	681	682	4	645	44	472	468	135	430	657	711	718	71	630	464	696	15	393	216	74	668	720	606	406	709	93	530	283	543	321
652	89	670	342	653	382	409	13	453	77	719	691	689	200	545	574	122	363	344	54	395	239	356	528	371	420	502	40	490	256	73	8	496	156	123	369	320	527	125	265	401	31	350	483	245	191	343	311	579	480
0	591	33	263	537	384	582	240	250	617	215	297	96	176	230	657	286	163	136	371	105	174	493	570	482	228	707	295	189	76	294	302	576	637	166	243	140	557	195	382	168	678	270	188	269	287	47	595	68	22
395	299	248	115	480	633	298	80	203	272	262	160	49	197	191	410	245	114	630	77	622	592	210	577	650	521	224	379	183	18	550	404	97	646	290	500	423	145	219	687	152	329	548	103	42	520	257	717	578	629
539	724	90	222	722	436	292	699	63	20	70	236	27	179	634	413	551	504	306	370	640	296	358	182	75	119	363	130	110	78	316	351	175	403	340	264	318	501	241	153	104	41	151	671	428	632	196	324	342	327
464	495	572	128	319	173	359	134	659	388	74	223	111	522	208	345	401	360	366	621	56	216	419	347	566	383	462	385	365	465	636	314	331	543	212	333	349	714	332	549	691	172	442	305	635	313	588	420	719	288
17	8	463	199	679	133	519	341	441	194	207	94	527	375	181	28	703	48	252	416	499	397	553	4	661	706	454	648	476	680	309	43	58	169	282	677	538	392	113	291	372	44	546	506	696	524	510	708	610	158
600	716	692	121	32	565	590	177	93	69	511	364	19	293	39	209	670	561	683	727	602	620	36	474	202	573	684	667	247	246	352	453	217	144	417	484	66	380	258	739	430	35	668	697	259	37	40	85	311	711
730	180	733	604	497	26	343	694	72	54	99	67	652	443	30	155	12	142	536	434	321	515	402	530	10	545	265	658	690	46	81	3	656	475	496	162	569	320	55	654	361	368	607	738	611	575	715	25	147	374
439	338	330	461	579	701	542	433	322	52	138	260	525	14	541	100	405	232	390	728	394	594	386	117	238	449	409	673	624	574	266	120	702	688	700	89	603	387	279	339	450	535	477	381	83	455	643	584	154	334
489	190	127	451	466	285	458	492	486	227	507	201	271	581	693	639	11	275	141	509	184	400	432	452	426	353	609	479	233	412	547	315	424	234	84	373	5	471	587	649	150	254	589	608	107	226	249	641	186	532
82	185	534	1	362	255	108	304	239	149	526	24	505	317	528	31	554	695	116	427	469	165	50	625	167	229	597	445	148	593	470	437	237	665	627	344	391	498	628	663	562	95	720	704	488	281	467	64	377	644
192	251	261	122	211	664	460	123	101	60	88	369	406	567	348	308	399	448	552	29	143	307	87	735	220	518	61	213	531	631	613	672	335	277	681	367	675	556	235	655	555	516	459	685	408	647	615	118	586	276
325	660	206	456	421	45	164	129	283	444	336	606	218	159	674	651	415	156	425	559	170	737	200	198	79	502	139	303	59	568	725	242	193	560	346	596	512	457	106	483	411	513	102	564	662	253	732	267	440	638
614	214	623	62	396	274	205	221	244	618	616	533	642	407	92	689	204	289	669	422	686	378	356	21	326	718	698	612	605	653	357	626	478	468	580	563	398	132	490	91	225	721	278	300	131	354	571	414	393	6
523	161	723	137	540	676	73	98	431	529	337	544	491	435	447	418	135	187	284	2	487	15	312	710	268	429	438	57	598	713	503	86	323	125	256	112	350	729	645	726	9	514	389	38	126	109	446	355	485	494
481	517	13	53	231	34	273	709	601	301	157	171	472	65	328	146	310	599	508	71	473	376	585	619	16	731	178	666	23	583	705	280	712	7	682	51	558	124	734	736	382	623	385	392	398	210	282	652	470	511
147	141	704	520	690	439	323	136	339	20	502	64	400	581	328	580	144	466	688	133	680	209	384	735	676	127	168	4	599	522	215	53	17	231	390	420	157	77	712	272	597	724	109	537	378	268	358	193	362	451
449	432	618	280	16	733	681	521	179	416	146	710	582	576	478	527	410	616	445	579	492	93	60	351	170	515	131	243	632	541	568	129	666	218	548	139	76	627	340	402	376	415	188	732	226	447	691	671	727	105
714	288	519	513	469	396	689	225	586	429	114	495	706	235	154	535	440	596	46	2	401	411	655	701	355	89	70	352	172	180	545	19	357	600	91	330	240	99	673	723	359	222	556	726	281	645	137	585	276	313
346	182	571	709	3	85	84	261	101	435	569	314	336	325	551	92	176	341	344	1	221	509	122	132	536	123	634	619	538	140	479	488	199	354	730	32	125	332	659	408	474	369	419	200	424	110	524	720	422	368
646	41	560	381	498	39	729	196	602	561	623	377	374	499	294	42	584	677	510	321	66	69	471	301	13	686	566	392	380	212	185	501	711	421	461	286	271	87	426	299	505	664	318	317	523	106	149	609	446	389
309	458	497	155	718	589	653	296	530	14	656	648	207	500	145	650	453	652	494	553	186	279	238	198	418	73	489	635	679	300	18	573	739	481	383	611	393	283	542	622	633	485	694	413	587	441	487	338	51	201
266	642	38	640	373	470	517	103	605	700	169	431	721	683	166	549	187	97	550	246	592	450	0	35	274	511	544	525	335	253	80	306	427	282	68	629	83	526	454	444	62	367	476	307	564	331	219	162	705	251
292	728	398	143	329	111	316	345	88	361	126	475	195	257	120	437	529	48	236	31	737	722	391	644	647	192	603	699	578	713	29	9	26	227	405	459	349	604	552	327	430	124	601	625	567	293	668	262	104	96
639	177	660	79	507	302	56	43	57	472	247	468	685	715	322	465	65	452	5	518	15	189	113	25	491	206	598	565	563	731	45	433	163	533	484	333	654	456	554	324	100	183	387	117	675	672	348	343	467	423
75	290	229	455	641	259	562	128	295	72	237	244	693	716	353	121	74	22	164	438	482	245	670	698	364	202	615	547	394	319	462	173	107	697	30	44	59	130	234	150	58	434	167	119	719	372	82	55	375	624
178	667	385	504	181	577	277	382	27	78	480	213	539	649	159	311	191	12	217	347	417	312	216	211	531	112	134	457	197	284	559	717	473	264	621	115	54	555	406	651	638	386	657	342	512	269	663	233	707	273
28	350	620	263	304	8	636	118	558	33	138	428	223	23	403	249	239	631	570	160	37	606	708	21	175	95	669	395	628	448	365	108	591	612	483	297	486	425	71	171	34	626	285	49	165	265	695	224	337	220
356	63	610	477	436	210	738	204	151	190	613	630	52	617	305	371	308	94	184	174	404	506	7	10	289	228	208	682	275	142	161	595	593	496	194	661	734	260	252	443	258	214	574	388	532	514	256	414	278	608
588	503	575	490	607	543	662	665	241	47	534	11	6	61	102	67	643	24	508	255	409	674	40	116	298	684	464	254	135	248	242	692	81	232	320	594	98	86	363	366	397	379	250	291	326	678	36	205	572	546
463	412	442	310	696	540	407	267	152	156	583	303	148	230	460	702	203	528	50	90	153	287	360	614	658	158	725	703	516	687	736	334	493	270	370	315	399	557	637	590	264	573	204	615	71	666	110	271	463	126
418	511	624	643	616	175	358	665	184	369	597	129	549	3	508	258	283	38	330	651	267	692	349	486	423	626	346	673	711	203	595	406	82	6	246	367	149	155	272	681	325	214	576	63	499	497	152	22	657	287
254	185	431	710	578	368	556	461	522	479	293	65	309	638	448	146	308	485	156	382	21	180	213	456	116	316	490	216	64	124	641	300	559	476	410	590	324	739	210	691	356	125	4	551	614	481	652	654	412	30
170	54	525	140	241	609	577	713	617	687	468	51	157	197	277	558	464	598	678	128	623	189	193	668	591	91	398	457	495	492	639	344	697	509	96	538	143	278	376	365	68	717	85	17	88	166	127	608	153	118
250	570	636	392	204	377	198	29	15	690	427	580	266	620	708	625	87	78	228	177	159	555	722	337	705	425	43	147	567	342	141	357	399	447	725	413	47	677	462	34	62	70	205	154	123	445	421	656	596	706
621	584	674	630	97	735	195	363	645	380	424	661	364	518	726	113	646	521	106	2	592	542	672	450	81	150	9	319	664	390	58	544	371	723	115	407	253	571	675	270	362	122	46	667	688	181	251	162	101	160
196	662	298	75	263	627	72	20	534	103	245	441	339	707	265	408	573	286	693	488	686	516	451	120	229	563	0	302	318	533	602	512	289	381	619	414	136	734	514	531	682	334	478	31	202	139	428	703	200	658
506	294	566	513	599	370	260	554	437	52	100	164	211	378	438	628	208	436	416	355	600	459	694	607	536	524	696	315	546	119	679	108	5	174	574	248	698	502	247	430	527	45	637	8	666	264	321	25	487	463
618	37	99	53	632	671	396	335	148	709	470	589	105	107	276	142	660	167	354	327	95	532	227	635	320	249	683	26	701	737	218	391	444	274	458	469	1	61	291	23	383	341	446	104	379	676	613	443	326	560
296	187	615	138	343	255	472	417	548	209	483	273	640	235	611	405	220	419	35	281	305	489	386	206	279	217	387	244	395	179	269	89	561	588	182	117	528	347	714	67	130	650	240	173	221	515	721	680	557	284
131	482	360	79	77	702	728	121	112	207	543	404	433	420	704	553	268	290	648	642	288	426	353	134	530	14	582	42	90	547	144	366	230	50	10	529	731	477	579	564	434	176	257	403	280	135	401	55	587	233
225	503	252	83	168	449	13	44	409	28	333	550	500	720	659	282	605	145	552	569	575	191	411	7	484	16	158	633	655	36	474	303	222	372	133	350	493	32	526	40	393	190	314	172	94	562	510	603	332	537
271	126	669	76	232	201	385	568	415	322	165	695	109	491	422	389	348	494	663	178	194	71	718	700	261	535	593	226	41	644	397	292	439	98	212	306	586	727	137	507	80	338	432	435	604	310	24	519	453	724
336	373	60	301	18	622	57	612	237	49	323	634	517	74	311	581	163	192	86	69	345	454	304	601	114	186	256	93	572	670	183	19	239	394	295	647	340	498	733	455	653	238	299	471	307	224	84	236	730	223
465	361	275	313	375	219	161	48	215	400	629	56	504	297	12	442	11	262	374	501	712	467	59	689	171	27	39	541	715	312	452	429	259	732	496	242	132	606	610	359	594	540	384	719	565	329	684	583	699	317
523	92	649	539	285	243	440	729	738	66	188	151	585	199	234	388	480	33	475	466	169	685	631	736	111	716	520	352	460	402	473	331	351	110	328	545	231	102	73	505	329	738	459	42	62	485	84	203	322	378
695	113	423	731	611	402	21	333	108	152	154	217	79	657	489	432	444	239	299	83	362	686	382	585	529	640	608	64	628	592	465	183	612	71	84	28	145	125	82	663	403	51	401	492	17	528	105	36	203	512
643	730	326	513	23	304	334	718	22	231	591	32	100	502	97	376	672	67	122	553	75	321	175	189	573	440	737	572	219	652	194	52	90	7	658	9	186	173	598	454	630	722	648	149	429	349	318	455	201	261
188	63	697	177	545	85	456	327	120	589	656	692	134	373	412	644	29	351	361	310	360	721	266	128	394	121	503	620	593	687	614	632	129	696	59	139	176	275	493	165	265	81	167	245	597	329	335	70	259	689
115	725	116	378	381	416	496	126	609	560	68	629	222	563	300	596	727	523	106	146	77	144	13	46	447	365	151	220	583	507	471	195	495	143	610	410	252	337	66	348	485	11	677	353	136	445	661	294	406	385
372	215	457	642	562	554	518	33	487	374	170	288	55	18	251	331	552	182	191	631	462	636	649	521	358	535	387	223	414	653	101	163	669	209	316	482	569	627	216	501	424	405	398	676	314	438	682	187	481	40
679	505	717	421	320	234	127	422	463	388	109	6	685	546	635	248	413	390	277	479	724	565	615	60	437	124	707	140	123	666	141	276	24	708	208	392	363	240	556	451	235	582	550	104	732	347	302	464	325	133
0	417	42	205	647	588	244	15	58	702	559	30	142	427	153	670	601	491	638	509	684	242	536	551	453	558	570	436	87	367	522	168	162	624	470	633	544	169	94	705	312	285	461	164	472	95	605	341	524	450
230	726	587	693	301	280	645	229	426	678	393	12	350	655	357	439	408	16	340	452	567	650	39	555	664	147	132	214	263	594	185	425	264	467	446	433	96	278	199	659	497	639	107	292	709	137	232	369	354	418
344	236	380	448	131	590	504	600	345	520	602	158	256	291	47	625	330	38	103	577	34	72	478	56	156	441	728	352	339	621	500	386	710	579	576	322	286	420	2	475	706	86	499	674	332	698	27	584	135	130
336	57	238	720	4	20	262	690	506	271	212	395	159	227	178	92	181	532	270	224	473	607	375	49	192	311	289	258	671	160	150	474	480	575	119	739	517	284	313	295	581	537	359	660	8	540	435	626	419	533
428	221	542	399	595	14	308	667	309	514	274	1	31	715	306	703	484	668	253	476	257	297	157	328	110	80	50	623	279	255	197	323	704	700	557	26	268	494	179	488	74	712	371	190	541	539	91	604	519	254
246	207	370	342	511	543	534	483	233	407	343	458	719	213	260	549	634	396	701	269	490	204	547	508	641	37	691	202	45	694	637	409	515	477	93	161	62	319	200	377	510	498	293	171	442	466	449	196	415	117
526	578	486	228	346	172	580	267	296	272	618	35	356	568	654	713	561	324	88	118	714	383	111	303	397	527	566	102	43	69	681	680	622	210	155	65	366	282	391	729	298	355	738	431	307	250	5	174	10	368
548	699	619	78	646	603	112	364	218	673	379	241	249	688	41	733	564	460	53	683	606	516	538	3	225	734	114	651	89	98	61	571	198	148	400	616	716	243	338	586	317	290	287	469	389	613	44	617	736	443
19	711	206	404	166	675	54	25	665	193	76	315	430	525	73	237	138	531	226	384	48	184	211	574	281	305	411	735	468	662	434	99	599	180	273	283	723	530	459	247	181	84	230	405	8	285	583	237	104	436
464	81	549	571	28	168	733	258	658	71	467	613	426	572	330	53	586	445	66	735	149	584	694	418	270	503	447	238	570	649	314	17	666	335	615	705	673	16	633	59	616	466	342	107	407	421	260	321	200	706
5	565	279	533	455	403	128	656	91	125	347	645	20	506	687	597	337	460	422	208	424	713	720	49	476	668	520	69	63	77	295	29	396	523	544	366	609	353	612	531	88	18	360	140	576	116	684	511	362	232
104	33	413	190	552	40	568	166	341	201	269	643	373	524	359	239	717	563	211	268	300	558	147	595	136	363	494	358	156	546	26	2	518	181	9	355	354	696	369	158	618	298	392	307	454	594	489	545	357	148
281	76	559	12	167	100	34	98	21	304	245	712	193	93	434	442	322	727	610	456	444	567	229	377	44	573	138	119	333	517	686	96	620	704	709	710	596	117	672	27	169	462	154	176	589	721	736	539	272	327
180	638	380	648	388	111	143	679	159	361	189	267	490	739	139	87	682	183	475	557	634	493	393	340	14	273	152	145	173	700	266	10	461	683	374	339	254	636	290	224	237	4	78	384	122	715	680	192	535	575
555	113	692	306	223	603	532	471	419	184	32	427	439	65	587	689	485	521	738	86	414	235	690	711	233	499	118	402	433	178	457	519	449	730	547	508	372	151	500	329	631	278	639	725	19	130	375	548	171	251
702	579	60	51	287	174	376	664	660	606	244	22	94	194	693	621	436	628	292	496	202	601	408	724	591	452	120	265	515	285	378	205	530	172	324	48	429	534	389	473	84	286	332	275	651	89	484	293	368	97
561	624	302	438	417	602	102	187	75	282	141	343	319	510	437	685	674	611	663	491	566	391	57	240	126	370	196	605	543	365	186	41	677	134	135	160	641	277	592	252	600	338	501	25	732	191	283	619	336	495
617	315	529	410	177	483	42	458	54	482	537	325	707	701	227	468	234	352	296	253	90	400	387	215	61	430	351	409	74	7	540	632	397	262	246	291	630	450	305	367	294	50	659	185	348	507	58	604	129	654
653	642	155	481	435	415	37	577	637	431	199	574	217	274	255	219	655	681	323	588	301	371	230	443	243	527	256	726	92	516	479	170	695	581	334	562	261	1	448	451	85	132	164	582	242	646	492	487	70	123
708	188	364	657	583	150	416	349	220	47	212	99	578	593	734	179	488	80	289	317	474	62	131	67	385	110	718	399	662	162	665	440	161	627	622	716	719	206	109	538	157	3	303	453	698	640	669	318	271	264
697	390	635	52	528	250	142	328	241	83	504	590	644	55	599	236	101	714	411	106	11	381	46	198	703	39	522	105	526	404	556	263	144	428	103	723	331	607	228	425	204	525	470	647	276	114	379	72	225	344
650	309	737	68	56	82	218	423	112	513	146	585	551	95	728	23	623	127	213	231	671	175	165	478	536	0	554	480	195	38	345	214	79	310	382	401	288	553	497	406	498	163	505	541	247	108	465	614	469	569
320	598	299	356	625	35	297	43	688	280	472	675	137	248	64	446	121	6	678	8	226	729	24	486	608	386	13	722	463	676	313	259	441	257	412	203	350	124	509	249	502	661	542	133	432	182	15	560	31	346
550	580	197	626	731	73	459	395	383	394	36	153	222	316	477	514	405	670	30	284	312	115	629	667	326	398	216	699	210	221	691	45	311	420	209	512	207	652	308	564	432	437	421	343	132	691	190	513	180	514
422	680	194	295	688	129	526	131	491	485	221	349	253	166	351	37	55	119	217	275	684	146	350	687	243	142	734	128	382	28	365	368	384	690	270	155	598	94	179	458	653	26	386	652	176	561	378	456	193	139
170	641	84	732	257	589	399	658	600	103	700	618	674	324	56	36	140	9	537	263	79	332	486	464	189	679	80	212	360	478	620	64	521	195	299	51	383	736	413	106	587	296	132	516	481	108	696	651	607	254
497	269	265	720	445	59	452	312	210	523	267	143	427	53	538	19	65	520	542	617	419	461	33	181	372	528	199	462	89	557	133	70	404	633	192	420	294	460	339	330	364	529	157	276	25	177	311	663	506	134
86	606	287	665	282	344	632	114	185	367	208	341	548	484	174	408	727	395	74	425	123	164	459	518	255	601	314	183	637	472	226	137	534	286	273	662	60	115	592	277	723	426	417	677	630	75	638	30	127	112
356	211	390	416	622	685	58	144	225	149	552	303	2	501	306	109	7	448	209	202	642	377	533	694	583	502	623	121	95	440	77	571	580	172	706	738	681	233	512	616	495	48	309	236	358	433	213	603	671	488
124	369	385	261	463	487	602	197	216	450	409	698	1	231	126	297	612	604	664	156	717	207	318	100	313	90	12	154	290	182	575	657	405	343	661	492	565	655	281	576	52	234	393	8	438	547	435	104	242	625
145	301	712	466	248	251	338	171	475	150	412	567	562	105	319	541	532	13	636	539	490	54	556	505	593	3	14	719	715	649	531	599	130	113	223	92	315	496	352	513	560	628	83	237	376	609	347	566	85	122
646	403	643	291	639	550	323	577	672	725	718	203	447	158	726	457	355	430	241	283	135	184	169	559	329	321	21	110	97	147	434	479	411	246	527	204	357	525	659	530	540	361	17	327	702	697	708	302	29	262
27	626	260	730	340	16	278	469	288	43	32	564	47	549	188	707	693	558	336	88	151	436	46	683	392	93	474	118	222	627	40	307	229	68	289	337	582	508	239	666	160	713	264	335	76	342	729	640	227	375
470	428	44	326	116	418	359	402	190	91	99	619	34	443	162	634	61	673	235	415	410	345	148	218	38	406	493	96	240	57	555	214	728	465	205	6	597	331	591	614	316	594	573	660	238	298	18	543	546	553
71	191	280	168	11	586	444	196	572	595	201	138	624	249	568	20	588	703	670	256	152	200	163	252	689	563	4	722	178	333	141	272	41	180	446	500	686	107	489	610	721	394	400	635	453	615	724	739	325	656
454	387	78	22	678	62	72	10	111	648	467	551	476	363	522	731	258	515	509	504	482	667	230	353	371	50	605	245	535	581	165	675	585	67	45	590	519	439	35	510	645	167	308	228	647	480	120	81	320	159
66	39	220	451	398	517	449	692	117	514	161	503	15	699	366	471	473	69	396	346	98	498	219	483	322	431	247	401	102	292	305	407	669	232	24	348	421	125	578	711	524	468	608	49	73	300	705	437	629	613
354	391	735	631	507	611	570	370	545	5	362	317	442	101	569	710	574	82	654	477	42	380	441	374	87	650	682	716	136	198	695	737	250	668	701	424	455	554	511	285	23	206	621	596	186	153	544	536	268	328
187	266	429	293	388	584	284	0	381	423	499	244	691	175	259	271	714	494	644	310	274	432	63	397	733	676	709	173	373	334	414	279	389	31	579	304	215	224	704	379	121	394	339	212	609	27	307	191	301	91
442	214	90	106	88	712	430	699	237	36	517	250	212	437	64	492	177	117	662	109	520	338	188	290	551	627	24	586	371	700	99	29	181	569	523	121	215	324	528	50	602	737	169	43	47	445	590	739	657	451
665	38	150	128	370	698	434	229	79	144	719	735	83	89	111	721	199	515	614	441	67	126	235	319	104	105	368	348	532	714	292	542	332	680	598	302	544	660	1	683	193	131	488	30	208	673	298	626	22	333
264	134	220	78	359	304	540	543	572	585	262	4	634	501	46	536	561	652	98	18	736	87	574	342	643	82	717	107	336	711	51	223	458	454	731	340	647	429	344	20	703	213	495	325	400	600	80	190	573	381
577	608	166	305	692	75	383	360	387	684	425	167	367	364	702	386	180	42	593	81	94	431	326	650	461	648	243	473	93	72	604	646	656	19	293	100	557	176	549	629	157	377	416	392	645	39	97	399	58	690
375	472	499	27	198	232	661	485	135	391	628	48	222	567	448	486	534	710	132	689	362	230	0	644	654	45	252	345	618	531	616	617	500	578	173	715	518	179	306	653	209	297	3	667	108	738	379	244	145	564
115	663	23	679	141	382	470	546	670	286	341	502	9	409	309	508	227	353	76	120	460	398	411	289	346	10	380	459	476	620	726	334	247	588	394	519	649	123	596	493	189	103	597	426	129	254	77	146	475	7
335	446	316	389	114	484	697	503	101	330	270	308	224	161	725	388	351	727	444	174	570	246	231	674	233	606	86	323	390	507	291	170	706	669	16	278	436	545	412	538	256	95	402	152	427	464	142	639	63	428
125	140	210	701	40	273	642	584	625	452	481	327	613	494	405	622	160	456	49	533	96	197	201	149	421	59	17	282	563	206	514	677	203	315	261	310	469	709	228	483	635	271	218	406	568	205	143	253	641	603
249	277	234	521	455	407	238	272	8	12	295	139	92	583	263	423	479	560	632	165	516	127	138	300	397	69	376	467	242	255	85	13	582	435	102	705	589	496	357	527	594	350	695	356	275	192	450	707	414	713
607	21	401	110	404	471	595	260	651	513	303	245	236	172	52	53	477	525	489	708	225	581	529	688	592	676	74	55	413	276	355	463	730	478	729	675	728	682	558	733	34	537	280	133	658	185	631	285	283	284
163	175	716	408	240	147	373	314	186	54	462	490	183	447	35	554	15	605	296	580	422	288	73	331	685	424	151	182	60	57	633	396	668	601	70	720	14	159	137	118	505	609	153	672	552	217	530	294	576	548
195	204	457	11	522	671	732	116	480	571	239	498	509	361	565	482	418	358	487	566	506	44	266	615	681	26	184	343	693	267	281	124	637	393	251	321	466	610	211	724	31	659	474	640	164	512	612	384	535	130
56	2	440	268	196	363	265	5	91	155	269	84	259	312	71	575	449	33	465	258	25	511	591	207	148	510	274	366	541	28	168	374	559	194	524	696	66	636	691	191	369	354	443	287	694	365	432	433	410	378
311	301	113	678	41	468	329	686	317	187	438	372	37	718	202	122	491	328	385	136	539	322	655	221	630	439	666	162	158	313	318	119	65	704	417	32	599	415	154	550	112	547	556	279	619	347	553	216	555	62
453	734	241	178	624	68	320	722	61	337	156	248	419	579	562	171	723	200	611	504	395	687	587	664	638	420	257	307	219	226	526	403	339	352	621	6	497	299	349	623	314	53	501	423	540	656	19	140	619	239
248	80	242	489	593	373	675	464	249	543	43	708	698	339	685	219	574	733	367	569	407	714	372	598	564	142	265	443	298	667	416	657	145	501	286	457	171	682	103	554	99	588	54	448	728	563	549	37	36	1
541	545	190	276	28	578	154	642	191	381	123	44	226	254	589	14	394	726	459	544	340	572	390	364	432	189	377	174	677	539	556	546	287	736	683	439	722	195	273	628	431	113	258	70	512	530	467	438	647	117
217	122	332	149	538	671	166	81	42	670	651	180	94	499	207	119	267	400	710	236	165	560	418	35	663	374	112	53	676	695	29	446	234	694	686	507	87	395	305	523	713	300	274	157	9	458	724	334	19	206
701	565	139	230	521	186	455	399	699	607	385	649	95	673	283	661	153	232	573	506	76	594	209	140	498	27	662	579	356	627	706	16	344	187	568	494	278	355	730	626	260	362	469	633	30	303	85	436	289	402
478	151	8	479	311	591	533	73	169	164	596	365	472	516	700	91	304	369	511	285	46	618	348	7	354	71	550	529	409	580	638	422	643	256	146	370	406	121	532	323	74	650	559	602	666	470	590	20	84	411
603	375	500	192	48	620	212	357	496	308	482	32	415	692	193	462	96	79	351	637	238	220	721	433	57	349	262	613	654	293	483	302	486	585	392	297	387	63	61	393	414	83	597	196	437	614	326	125	88	425
518	338	640	581	127	229	668	56	592	64	660	67	526	201	342	454	630	58	595	173	358	124	316	376	325	129	47	702	477	524	542	639	491	665	528	570	611	687	133	440	453	34	360	215	519	391	172	548	567	350
534	623	223	371	108	652	738	622	729	175	527	208	495	2	328	240	264	452	90	49	531	509	306	609	717	732	69	147	216	473	488	290	397	259	211	504	536	310	126	716	711	535	97	301	674	315	317	116	463	368
224	562	319	505	503	75	341	271	204	237	40	653	22	66	296	510	707	547	120	292	444	158	353	203	345	284	111	727	636	672	245	102	257	645	520	279	156	412	18	693	715	599	39	250	442	280	312	205	704	631
421	655	359	255	379	12	86	21	576	130	617	428	253	331	540	10	678	65	624	11	228	6	600	474	476	648	321	33	493	150	17	72	324	691	705	561	222	656	625	517	583	337	291	114	247	221	632	492	23	263
170	218	25	233	41	427	434	182	601	309	188	62	77	288	420	202	709	270	322	194	131	167	466	513	522	313	484	98	605	490	45	4	177	106	413	155	537	429	181	318	383	646	252	346	475	152	629	423	363	55
299	269	681	141	243	553	366	110	435	107	68	571	330	162	615	161	410	566	214	200	680	92	641	132	31	577	461	403	408	277	225	178	159	307	78	606	658	635	0	26	401	138	514	551	24	239	735	451	430	688
183	244	508	417	689	621	197	268	684	725	261	734	101	210	272	82	388	109	723	163	557	612	712	679	610	382	404	176	336	5	447	333	282	441	59	384	485	487	134	608	89	424	136	343	586	227	13	480	619	361
497	555	198	460	515	320	352	60	731	664	135	690	118	115	160	575	737	697	143	669	294	128	213	347	525	471	148	281	15	386	465	558	445	185	335	552	720	405	378	105	38	52	718	502	481	51	231	419	604	456
468	104	295	659	582	329	179	396	100	144	327	168	426	450	739	137	184	3	449	199	246	634	235	703	241	380	616	50	719	398	93	587	696	275	314	266	389	584	644	251	531	237	630	610	520	542	354	113	86	142
583	37	0	455	482	404	83	426	479	283	534	289	370	30	684	466	507	645	692	294	366	405	680	541	55	480	117	125	78	50	732	508	145	521	101	423	80	380	581	519	54	272	720	547	502	735	206	687	657	728
185	613	599	340	22	189	56	462	374	337	492	434	273	8	451	435	32	167	120	476	361	724	202	134	696	347	391	726	228	614	403	299	647	281	77	236	440	703	529	132	154	537	539	561	213	264	392	233	146	707
360	509	328	565	14	143	491	458	397	111	441	6	523	640	1	102	160	463	484	196	711	424	486	445	695	661	290	485	449	288	261	632	126	49	488	62	407	672	187	242	344	398	514	169	608	478	293	138	19	222
52	679	13	559	320	686	227	528	717	378	248	636	205	168	729	349	296	704	452	699	709	150	158	368	16	190	208	151	433	602	34	279	496	180	57	277	629	343	99	365	432	282	90	546	291	579	469	204	439	119
467	318	229	641	590	284	689	254	513	332	70	44	506	475	682	110	739	88	637	376	615	186	379	450	246	330	244	639	285	335	531	611	237	395	271	214	373	241	350	10	105	142	156	199	618	144	564	421	198	626
453	408	589	498	419	548	29	600	336	232	21	148	698	604	357	104	621	631	60	560	670	533	93	501	555	623	218	616	706	317	115	429	663	671	211	495	161	305	420	691	410	681	481	676	98	566	431	177	257	312
578	648	725	556	75	662	116	499	188	69	113	304	74	402	140	133	307	45	302	652	516	654	557	353	152	259	594	412	673	609	216	734	477	24	624	710	530	25	224	588	179	193	558	303	387	524	630	183	35	40
253	322	677	266	369	415	443	468	411	327	625	192	517	207	274	605	545	644	4	737	527	65	82	225	2	643	268	324	86	166	553	249	362	708	683	278	339	510	471	76	438	580	649	490	659	418	163	607	731	504
587	364	385	603	265	175	730	389	577	718	354	18	59	135	67	270	526	255	329	275	582	301	72	39	627	276	473	108	137	436	655	297	461	230	153	601	71	100	319	308	727	665	17	511	653	694	642	48	245	738
674	700	310	444	628	280	58	157	200	23	33	722	457	669	500	610	97	570	666	256	427	79	85	300	287	182	713	267	544	217	240	367	106	597	316	377	381	612	622	428	159	554	201	109	94	221	114	178	693	474
371	472	413	197	586	650	483	20	596	656	122	617	309	223	172	584	356	575	41	576	61	252	535	292	592	532	149	568	593	209	38	346	334	73	512	372	314	437	470	494	446	409	355	107	311	702	487	505	721	51
497	716	383	503	141	323	155	723	36	705	239	633	454	448	542	460	688	606	219	536	194	27	620	465	701	171	136	26	359	634	400	518	306	394	128	569	651	234	263	399	81	390	658	124	7	675	127	715	11	714
247	147	250	333	243	414	181	585	571	562	184	212	43	129	646	95	595	538	331	489	384	685	573	351	668	9	551	84	191	295	53	515	525	459	430	173	286	464	493	258	719	91	262	660	338	574	326	352	442	342
375	31	591	550	540	66	382	456	396	598	162	170	238	89	92	235	736	176	118	63	341	47	690	96	3	269	697	552	313	325	425	619	416	321	667	348	28	12	174	315	215	388	363	567	638	68	226	406	422	522
87	131	386	635	139	298	121	5	203	572	15	42	733	358	520	417	46	664	543	112	393	260	678	563	401	251	130	64	195	447	210	165	220	549	123	164	345	712	103	231	556	74	283	343	259	549	371	493	267	603
361	663	91	675	709	624	34	699	662	504	700	126	203	413	666	342	307	243	41	580	724	266	9	501	380	404	103	563	389	564	280	393	128	622	360	10	236	390	107	498	367	467	164	161	250	382	83	401	533	87
21	465	319	605	42	152	641	300	687	305	720	402	690	429	618	59	314	254	282	177	728	213	613	79	256	496	679	568	265	255	635	597	261	517	643	204	590	603	636	303	511	209	593	397	439	634	727	263	717	412
723	99	344	612	369	629	331	620	472	219	283	505	31	211	697	434	228	53	120	182	197	267	202	340	345	554	468	541	147	29	175	318	108	542	366	637	703	290	479	143	63	403	251	193	218	494	632	216	449	215
343	262	527	86	432	61	405	131	174	456	436	356	95	33	308	737	481	22	332	387	329	689	426	571	24	642	353	417	729	676	409	433	391	358	18	596	476	25	65	688	132	23	604	145	230	652	491	302	448	124
324	430	376	158	515	45	64	711	660	399	28	26	347	32	296	722	306	625	385	427	408	70	206	544	268	35	80	516	650	2	370	19	576	696	260	525	277	123	223	171	419	573	616	330	452	645	111	705	183	355
520	681	702	276	400	598	15	418	227	199	579	714	575	518	493	129	661	659	668	0	52	112	113	712	348	167	443	379	509	653	706	606	514	644	153	678	488	85	189	586	264	188	271	435	608	617	106	54	693	338
221	553	125	454	185	730	378	695	602	208	245	658	734	196	130	680	667	214	71	181	240	315	447	294	587	93	738	1	425	247	459	173	352	558	349	11	375	692	478	328	194	317	547	270	134	142	180	43	81	178
320	179	38	363	82	114	119	286	312	416	639	157	6	464	510	716	13	69	14	559	567	486	195	458	73	585	253	341	686	578	101	217	519	289	548	701	232	386	601	190	285	615	48	672	545	275	582	309	220	310
