1,0
302	573	223	495	504	505	300	701	730	261	354	458	191	441	284	27	230	410	280	379	706	351	307	293	544	311	131	659	278	43	143	64	305	282	648	298	45	152	539	711	728	254	163	488	181	203	172	571	381	244
483	462	582	443	482	559	335	584	563	358	575	398	414	240	405	390	603	295	92	217	195	463	685	596	94	666	233	367	183	602	500	600	489	569	259	39	242	587	292	649	449	12	485	322	586	100	80	384	721	588
140	52	428	276	57	402	35	116	524	694	579	452	686	681	476	529	323	222	78	277	672	508	705	192	31	467	274	190	349	457	734	157	260	637	173	429	161	120	562	264	7	632	1	555	102	509	235	272	374	33
126	473	60	252	599	595	644	386	6	167	564	552	197	211	194	142	271	179	580	392	437	334	594	22	639	538	345	407	153	262	218	196	188	341	303	710	237	115	601	24	610	304	65	566	76	176	497	486	536	16
709	512	387	285	444	202	329	69	647	469	97	654	169	372	378	68	746	642	413	220	96	475	370	34	47	56	175	440	151	615	635	548	625	513	558	110	561	21	442	121	296	418	171	699	438	193	514	273	132	84
439	105	722	72	299	717	91	309	228	541	680	411	549	375	431	745	683	507	525	700	257	133	231	236	109	499	743	679	238	621	477	229	107	253	70	677	620	510	664	141	695	403	294	118	154	519	88	720	547	136
50	114	550	419	619	568	241	245	484	98	215	531	166	448	678	83	723	731	61	146	408	333	249	59	590	3	671	546	445	164	570	139	119	456	210	11	585	266	560	28	129	279	317	10	81	481	178	306	674	108
424	729	487	623	618	609	501	111	517	14	214	389	327	160	738	26	425	638	184	396	99	675	383	25	466	611	417	326	400	49	613	435	336	693	450	696	399	553	712	343	537	312	159	37	66	205	650	636	226	353
130	289	148	572	301	174	227	732	149	212	101	741	287	634	702	75	332	225	433	147	713	23	533	113	460	605	308	704	747	177	744	365	155	614	643	38	361	492	684	661	491	622	170	592	339	479	377	522	631	219
248	325	641	646	138	58	162	2	208	250	656	87	426	577	391	690	275	348	199	106	29	567	447	198	478	17	30	578	315	63	281	352	736	124	708	494	20	359	187	207	165	626	224	667	415	627	669	451	269	511
104	576	288	85	318	604	251	660	36	394	520	697	297	19	310	267	112	518	291	658	189	247	5	532	145	471	204	707	673	397	316	432	565	362	598	687	127	633	314	423	331	404	474	368	628	42	388	117	493	270
324	0	9	55	617	682	455	692	319	385	556	739	434	18	581	715	186	86	593	503	46	168	651	221	436	612	735	616	258	137	330	376	454	158	180	521	32	150	263	103	347	551	540	350	516	714	213	465	206	742
542	255	412	328	583	346	427	629	737	607	421	470	459	373	48	724	506	589	663	82	355	95	446	67	608	534	422	380	201	357	128	144	401	209	286	498	268	90	41	718	337	416	234	366	53	243	79	51	526	665
338	340	515	535	640	557	313	554	232	676	591	185	740	62	480	624	523	662	597	246	134	655	461	360	290	182	364	688	719	4	645	44	472	468	135	430	657	698	725	71	630	464	703	15	393	216	74	668	727	606
406	716	93	530	283	543	321	652	89	670	342	653	382	409	13	453	77	726	691	689	200	545	574	122	363	344	54	395	239	356	528	371	420	502	40	490	256	73	8	496	733	156	123	369	320	527	125	265	633	56
103	565	96	189	641	295	441	498	554	476	28	294	436	76	704	70	47	263	364	452	368	341	16	534	589	0	166	219	409	703	362	331	241	710	674	561	49	252	460	682	547	314	577	351	318	168	588	33	222	273
611	433	531	345	22	116	240	551	80	661	136	617	196	366	191	215	595	121	223	264	152	530	281	230	609	249	328	685	642	432	151	176	195	115	675	210	77	539	224	613	340	698	114	179	602	342	175	68	600	371
105	292	169	633	310	430	628	245	671	174	42	250	48	670	621	97	616	199	717	130	343	557	311	58	183	27	317	742	18	620	145	269	216	75	469	492	160	333	537	510	153	584	458	313	677	694	347	453	90	172
236	50	506	301	329	63	20	360	403	352	270	669	618	405	140	689	119	634	173	110	78	207	667	361	392	555	574	543	297	302	309	658	282	228	104	41	296	197	532	737	718	479	623	629	188	375	573	652	631	390
664	386	17	128	455	497	582	163	134	182	636	286	74	211	575	298	111	192	556	496	299	420	606	212	672	603	56	194	203	305	53	591	716	401	482	581	324	449	423	527	489	463	562	257	359	383	293	678	208	365
237	707	113	380	546	499	262	419	548	71	608	248	8	726	243	133	553	395	474	316	94	272	388	181	630	108	4	417	725	43	321	724	44	525	288	558	88	651	158	746	32	477	177	287	93	69	291	572	587	451
19	332	39	209	439	601	732	712	643	427	36	167	202	614	733	713	247	246	382	1	290	217	144	484	653	66	443	258	599	500	35	714	410	259	306	319	462	37	40	349	85	545	171	34	180	7	486	541	26	363
372	744	72	54	99	67	635	741	30	358	155	12	142	413	535	676	639	504	370	480	549	467	538	747	709	10	327	481	265	501	740	46	81	3	702	705	374	745	162	515	385	320	55	576	416	428	648	731	569	261
146	25	147	434	509	338	384	330	526	494	517	524	728	322	52	138	260	552	14	528	402	738	464	100	663	471	232	404	454	23	579	95	450	117	238	610	394	379	475	720	666	681	615	266	120	13	690	507	397	89
644	387	279	339	82	692	226	426	381	83	521	688	625	154	334	505	190	127	466	185	640	285	696	101	391	227	123	201	271	622	465	743	684	11	275	520	461	141	60	184	400	493	519	495	353	650	604	233	511	412
585	315	424	234	84	373	5	165	522	695	150	442	254	711	649	107	686	186	567	570	632	255	304	239	149	624	24	31	592	229	638	445	148	470	437	344	542	646	473	231	488	64	377	251	122	369	406	607	348	308
399	448	590	29	143	307	87	51	220	518	61	578	213	566	668	662	719	335	536	277	729	367	722	594	235	701	597	516	550	459	735	408	693	656	679	118	627	276	325	734	206	456	421	45	164	129	283	593	444	596
336	647	218	159	721	697	415	156	425	586	559	170	124	200	198	79	502	139	303	59	568	280	242	193	560	346	637	512	457	106	483	411	513	102	564	708	253	472	267	440	683	655	214	665	62	396	274	205	221	244
659	657	533	687	407	92	739	204	289	715	422	736	654	378	356	21	326	508	485	612	605	699	357	626	691	660	478	468	580	563	673	398	132	490	91	225	376	278	300	131	354	680	571	414	393	6	523	161	619	137
540	723	73	98	431	529	337	544	491	435	447	418	135	187	284	2	700	487	15	312	157	268	429	438	57	598	65	706	503	86	727	323	125	256	730	112	350	583	645	178	9	514	389	38	126	109	446	355	162	588
572	114	131	199	64	333	697	743	462	624	20	46	493	133	66	286	707	647	294	393	668	243	105	549	601	611	431	276	376	494	303	146	215	435	498	460	735	168	487	205	77	93	533	623	128	222	513	722	235	446
522	4	53	281	517	476	639	411	141	110	747	665	39	746	119	325	234	408	157	163	625	136	691	418	218	424	511	463	362	231	422	564	172	659	17	695	571	74	357	646	468	158	673	427	680	596	561	148	182	226
492	440	13	318	420	700	482	731	576	170	556	156	317	89	314	359	638	16	147	268	76	144	741	694	368	587	139	416	606	127	176	706	271	727	60	245	412	200	458	696	581	716	548	454	461	489	323	328	358	2
550	450	617	419	129	585	340	225	444	396	180	109	470	472	339	497	59	367	502	384	693	100	373	658	240	336	288	669	70	321	421	346	530	19	361	433	91	390	261	538	99	723	193	344	686	600	280	442	642	332
221	137	737	335	551	154	391	279	310	309	640	237	179	3	85	209	415	84	518	426	101	334	609	499	398	401	441	491	92	730	628	351	410	1	188	69	78	598	122	132	573	123	471	663	485	140	149	272	290	535
662	301	721	519	413	32	125	299	488	434	439	478	718	196	529	153	474	41	453	501	405	510	449	381	341	559	42	546	389	392	627	355	660	736	212	185	717	505	296	338	270	87	364	714	592	541	560	106	652	579
540	155	50	631	58	591	567	14	583	704	423	207	178	145	630	525	615	539	745	186	330	238	738	198	300	500	73	537	681	729	354	18	613	369	632	173	455	655	466	283	616	667	82	44	618	459	509	568	348	552
130	604	51	201	266	614	313	38	687	445	542	554	103	315	353	648	203	169	515	287	733	166	589	187	374	97	744	590	246	634	523	0	35	274	547	703	562	400	253	343	80	306	432	372	582	385	495	352	282	68
712	83	563	688	377	521	62	437	429	307	516	331	219	739	162	578	378	251	292	553	569	402	143	329	111	316	345	88	430	126	202	195	380	257	120	527	566	48	236	31	690	383	597	360	726	612	679	192	708	584
619	230	29	9	26	227	484	72	349	650	626	327	692	394	124	684	671	702	293	399	545	262	465	104	701	96	117	177	277	79	456	475	629	544	302	56	407	43	57	620	720	247	531	636	469	387	322	121	65	524
5	555	452	447	15	189	113	25	30	206	451	641	605	603	45	570	479	504	324	481	183	725	22	75	229	526	259	602	295	467	244	164	438	507	586	319	107	150	167	90	55	375	536	181	382	27	480	213	577	651
159	311	520	191	12	217	347	417	312	216	211	565	112	134	457	197	284	599	528	473	264	666	115	54	677	698	406	699	685	386	705	342	512	269	713	557	233	267	689	273	28	350	664	263	304	8	709	118	558	33
138	428	223	23	403	249	239	637	621	160	37	649	152	21	175	95	580	719	395	674	448	610	365	108	633	656	483	297	486	425	71	171	34	672	285	49	165	265	728	622	224	337	220	356	63	670	477	436	210	683
204	151	190	657	635	676	52	661	305	371	308	94	184	174	404	645	506	7	10	289	653	228	208	732	275	142	161	595	593	496	194	710	370	260	644	252	443	258	214	574	388	532	514	256	414	278	654	608	588	503
575	490	607	543	711	715	241	47	534	682	11	6	675	61	102	67	643	24	508	255	409	724	40	116	298	734	464	254	135	248	242	742	81	232	320	594	98	86	363	366	397	379	250	291	326	678	36	740	390	490
463	175	154	521	204	461	347	651	573	650	243	582	2	616	726	358	565	550	670	407	545	166	189	450	548	583	181	488	564	605	153	356	625	561	732	58	711	376	21	156	3	251	370	272	377	620	382	469	516	63
246	664	155	364	486	149	687	741	205	437	316	539	431	490	150	300	618	562	674	342	185	468	228	378	157	6	430	197	690	513	180	412	710	722	170	673	198	428	298	681	624	216	551	140	399	570	533	392	567	82
195	390	328	346	319	538	286	152	38	365	528	636	554	241	266	591	632	184	55	285	689	4	571	506	22	659	458	129	627	518	65	116	658	626	214	162	440	128	188	708	410	499	657	124	723	575	568	193	278	406
213	678	747	287	482	577	64	244	733	141	151	67	487	640	613	701	381	543	380	30	146	54	263	703	9	349	656	125	485	515	51	334	339	677	427	612	532	143	34	738	457	135	91	267	121	403	395	445	199	413
683	555	96	231	592	729	642	210	68	33	85	17	88	253	438	250	127	459	702	118	460	270	408	46	97	344	451	489	277	384	29	15	666	644	706	293	391	728	446	645	177	542	371	557	576	660	693	73	203	47
87	78	366	147	443	159	284	77	727	43	520	628	476	144	671	730	511	62	70	462	123	547	634	646	524	676	731	680	449	470	81	289	512	716	641	83	420	113	699	106	588	324	529	265	719	590	254	115	481	619
556	331	433	122	302	416	168	101	160	196	363	75	72	309	258	20	580	103	245	623	477	330	357	355	604	560	569	566	268	398	579	746	736	283	530	120	229	176	0	367	603	444	652	552	483	318	536	720	669	527
136	414	704	368	742	325	402	90	31	202	139	695	679	200	713	13	294	503	559	649	441	260	600	308	417	52	100	164	337	211	740	621	540	208	544	497	425	404	369	207	464	563	480	10	639	315	549	119	737	108
5	174	622	248	317	553	247	514	648	45	362	611	8	721	396	264	321	25	735	505	698	37	99	53	682	290	472	335	148	66	595	44	421	105	107	276	142	635	167	354	327	95	409	602	227	686	320	249	546	448
743	26	92	102	218	466	221	274	112	694	1	61	502	291	23	383	341	584	447	104	379	734	663	173	326	492	607	296	187	631	138	343	255	353	558	594	209	50	436	273	692	235	688	456	661	418	405	220	423	424
717	35	419	495	281	305	647	478	386	206	279	217	387	179	269	610	89	608	638	508	182	117	574	234	130	240	745	531	614	131	230	360	79	534	589	599	479	288	426	134	14	42	509	593	522	744	434	257	280	401
637	233	225	252	525	28	333	596	500	169	714	282	655	145	598	617	630	191	411	7	484	16	158	684	709	36	474	303	222	372	133	350	493	32	526	40	393	190	314	172	94	609	510	653	332	537	271	126	724	76
232	201	578	385	615	415	322	165	329	109	491	422	389	348	494	718	587	178	194	71	475	523	261	535	691	226	41	597	696	397	665	292	439	98	212	306	586	352	137	507	80	338	432	435	654	310	24	519	453	111
336	373	60	301	18	672	57	662	237	49	323	739	517	74	311	581	163	192	86	69	345	454	304	601	114	186	256	93	572	725	183	19	239	633	394	295	700	340	498	110	455	643	707	238	299	471	307	224	668	84
236	473	223	465	361	275	667	313	375	219	161	48	697	215	400	629	56	504	297	12	442	11	262	374	501	585	467	59	675	715	359	171	705	27	39	541	388	312	712	685	452	429	259	351	496	242	132	606	168	555
654	707	487	572	211	165	625	680	66	67	587	439	698	251	261	189	422	284	136	730	149	182	120	51	482	85	545	689	294	666	234	98	495	601	108	617	557	651	99	105	231	17	502	314	76	22	21	417	170	424
84	128	416	524	20	533	747	339	152	682	145	320	265	275	412	503	626	433	437	420	367	517	479	288	463	223	184	64	63	325	739	215	194	447	392	658	721	630	32	83	715	71	75	201	393	624	156	82	191	252
121	52	347	575	358	266	485	497	464	11	176	28	491	598	300	512	318	711	551	360	423	609	90	309	664	349	113	175	9	36	23	639	79	729	403	679	167	662	351	209	97	203	634	348	726	500	100	537	317	418
245	427	7	125	139	414	605	590	611	456	395	322	138	660	331	305	563	743	633	134	481	327	122	501	183	562	187	195	690	535	29	668	374	636	186	302	700	154	429	399	706	450	692	129	44	59	685	731	665	216
333	713	239	675	81	676	198	2	734	588	283	694	426	70	465	652	173	115	405	116	722	316	461	287	589	687	126	457	329	394	188	387	68	699	376	569	18	219	362	130	220	591	632	106	222	489	677	146	77	144
382	13	46	637	434	177	529	725	151	640	438	600	143	724	678	406	716	741	310	326	299	681	444	451	462	385	1	657	33	453	441	55	599	714	400	217	402	226	701	159	243	554	281	623	101	163	440	697	686	695
363	114	709	258	192	40	435	388	127	567	227	259	468	109	6	372	607	277	745	248	627	353	744	470	335	160	334	613	432	584	546	60	509	124	25	140	123	304	663	629	321	141	276	24	738	550	208	472	661	240
641	559	235	670	614	104	667	410	506	178	390	133	0	555	361	42	522	205	720	655	244	15	58	206	635	30	142	648	153	727	644	553	471	576	337	413	242	596	615	620	702	378	556	536	521	723	87	446	610	581
168	162	448	542	703	419	169	94	273	312	285	475	164	597	649	401	95	673	341	408	583	381	373	530	230	496	653	224	365	301	398	421	280	717	229	604	455	89	499	12	436	350	671	357	523	492	16	340	238	478
289	39	728	737	147	518	132	214	263	593	185	577	264	540	528	469	96	278	199	732	558	710	107	292	193	137	467	411	232	369	354	507	344	236	380	135	131	452	696	181	585	552	345	669	454	573	158	425	256	473
291	47	586	330	445	38	746	103	643	34	72	544	56	618	352	691	674	594	386	645	642	286	514	311	54	86	225	332	27	650	336	57	48	4	532	262	493	271	212	92	592	270	49	375	119	150	504	474	480	247
313	295	647	8	359	505	733	520	631	531	428	221	14	308	740	570	274	513	31	237	306	404	484	742	253	476	565	684	257	297	560	157	328	110	80	50	693	279	255	197	579	323	166	19	621	26	268	494	179	488
74	430	371	190	541	539	582	91	672	602	519	574	595	254	246	207	370	342	511	543	534	483	233	612	407	343	458	384	213	260	549	704	396	315	269	490	204	547	508	712	608	37	290	202	45	389	708	409	515	477
93	161	62	319	628	200	377	510	498	293	171	442	466	659	449	196	415	117	526	578	486	228	346	172	580	267	296	272	688	616	35	356	568	718	525	638	561	324	88	118	73	383	111	303	397	527	566	102	43	69
571	61	622	210	155	65	683	366	282	391	735	298	355	459	656	431	307	250	5	719	174	10	368	548	443	619	78	646	603	112	364	218	3	379	241	249	338	41	180	564	460	736	53	148	606	705	516	538	562	488
349	655	149	78	601	333	460	501	578	548	181	107	87	704	539	391	63	17	415	560	521	18	719	122	665	368	725	321	116	589	620	531	66	607	296	558	53	91	563	436	577	576	232	167	745	693	639	686	245	482
384	207	642	363	445	581	557	47	28	457	640	208	740	20	493	259	316	534	565	33	618	268	408	670	722	437	158	77	584	543	564	136	238	166	697	353	667	81	362	16	475	631	572	216	367	143	533	418	258	354
645	688	376	366	582	395	346	5	733	417	307	300	59	339	239	518	574	90	706	410	294	360	156	490	306	313	201	71	450	73	308	516	608	435	125	193	609	124	267	426	61	532	388	49	544	595	128	69	499	29
633	588	611	298	550	104	147	99	88	549	434	211	140	312	573	168	635	403	414	223	724	456	643	256	40	246	270	587	200	180	438	439	662	326	4	659	234	500	449	337	613	26	2	583	96	159	154	273	661	274
9	176	113	377	649	15	535	734	369	272	502	454	24	380	378	397	342	335	70	616	448	148	115	152	76	627	229	222	420	459	413	12	330	100	458	34	98	21	441	372	650	495	257	93	708	720	600	407	683	37
190	656	358	622	684	44	347	138	119	575	290	45	36	626	117	27	169	570	487	604	1	737	689	173	387	111	329	13	691	226	731	242	189	85	139	540	183	712	638	728	568	281	515	14	145	709	10	484	593	507
519	422	357	394	224	237	260	314	579	389	192	327	295	623	254	375	486	676	648	421	266	520	184	32	182	524	269	65	523	249	630	279	586	641	86	517	322	235	447	153	233	123	118	424	658	262	178	726	545	552
698	485	396	220	703	151	304	481	412	705	278	42	419	19	130	464	615	171	251	197	350	510	341	60	51	374	287	373	174	496	743	651	679	610	244	22	94	644	617	194	133	694	429	430	359	340	361	514	701	292
567	202	592	634	674	54	527	632	155	120	265	580	285	476	205	58	172	324	48	529	599	489	185	84	286	332	275	392	671	89	562	398	293	669	462	97	511	629	506	432	637	355	602	302	305	352	675	102	187	75
282	141	402	343	319	468	212	537	203	710	681	657	742	566	636	492	455	57	466	240	619	126	370	196	678	715	170	365	186	41	702	134	135	160	444	718	433	277	714	252	673	393	338	188	738	25	473	442	311	191
283	716	692	336	685	690	494	315	594	603	177	427	561	546	325	660	624	227	323	471	253	400	467	215	461	530	351	409	74	7	606	707	491	503	736	747	291	730	508	452	50	348	732	129	512	647	621	431	199	217
255	219	547	301	371	483	230	443	243	92	479	652	334	261	682	451	132	164	653	723	383	364	735	654	150	416	559	591	713	209	179	488	80	289	317	474	62	131	67	385	110	30	399	741	162	744	440	161	700	695
405	542	284	206	109	538	157	3	303	555	453	31	717	8	318	271	264	571	628	390	711	52	528	250	142	328	241	83	504	663	721	55	590	739	596	236	101	477	411	106	11	381	46	198	699	39	522	105	597	526
404	556	263	144	428	103	612	746	605	331	680	228	425	204	525	470	687	276	114	379	72	225	344	727	309	729	68	56	82	218	423	112	513	146	585	551	95	210	23	696	127	213	231	221	175	165	478	536	0	554
480	195	38	646	345	214	668	79	664	310	382	401	288	666	553	497	406	498	163	505	541	247	108	465	614	469	569	320	598	299	356	625	677	35	297	43	509	280	472	672	386	137	248	64	446	121	6	463	609	143
68	675	521	740	679	377	218	604	385	425	53	577	588	547	28	645	505	177	344	403	123	703	2	426	253	693	546	131	211	209	148	84	411	282	94	365	395	617	511	390	303	201	212	424	571	173	580	170	91	472
563	528	36	409	587	121	103	318	729	636	632	26	627	389	155	37	164	213	265	469	34	133	243	108	276	166	233	713	311	457	217	55	143	677	685	44	405	657	662	146	192	109	648	284	696	734	80	23	79	575
226	723	461	728	382	95	591	139	33	714	290	142	743	737	744	261	417	128	240	51	324	269	414	701	420	372	106	486	332	349	653	132	718	313	466	655	530	555	140	129	270	433	296	56	669	9	299	384	295	277
548	742	195	254	312	127	600	307	747	462	598	174	64	119	552	544	542	458	419	275	369	456	393	502	257	404	429	124	59	602	702	582	564	682	190	181	422	19	65	463	479	7	601	508	531	89	717	189	720	459
445	70	221	526	210	208	157	589	399	183	622	527	268	225	202	71	144	402	475	334	667	25	306	464	525	314	448	726	176	642	134	408	179	619	86	351	194	267	643	388	187	529	607	341	413	540	255	114	273	516
735	676	557	460	716	193	286	583	683	690	172	185	74	215	572	360	697	199	532	137	368	330	186	319	60	115	474	335	58	566	75	30	112	294	434	160	599	297	149	606	634	191	595	263	699	452	639	339	280	77
343	615	48	236	430	264	549	342	605	427	659	197	216	491	274	592	558	1	231	126	358	670	490	11	156	553	207	539	287	298	100	376	90	309	12	154	350	182	338	715	560	484	412	383	352	711	168	487	281	635
52	447	234	497	8	239	590	435	104	347	242	719	145	301	206	470	61	248	251	691	171	485	150	493	727	436	105	356	450	386	367	674	586	13	625	364	593	316	54	610	559	649	3	14	310	271	671	585	345	440
656	130	113	223	92	315	554	423	565	664	688	83	237	660	541	416	621	85	397	122	640	378	603	704	291	700	116	596	323	633	518	739	725	203	550	406	520	158	506	481	355	40	241	283	135	184	169	614	533	329
321	21	110	594	97	147	289	57	492	246	567	581	512	488	204	357	579	721	707	513	361	17	327	562	501	381	302	29	262	27	686	260	496	340	16	278	665	288	724	43	495	32	576	47	556	692	188	494	0	652
710	336	88	151	638	46	196	392	93	538	118	222	687	229	337	561	438	630	175	76	698	227	375	428	326	418	359	99	678	537	443	162	694	736	235	415	410	478	38	722	96	612	214	373	465	205	6	731	331	647
672	738	709	238	18	597	680	534	523	573	444	628	651	138	684	249	624	536	543	20	644	293	733	256	152	200	163	252	285	618	4	63	178	333	141	272	41	180	446	500	455	107	489	746	432	394	400	695	453	673
31	379	325	626	454	387	78	22	741	62	72	10	609	111	689	467	551	476	363	522	279	258	515	568	509	504	482	730	230	353	371	50	663	245	535	637	165	712	641	67	45	646	519	439	35	510	706	167	308	228
708	480	120	616	81	320	159	66	39	220	451	620	398	517	449	681	117	514	161	503	15	328	366	471	473	69	396	658	346	98	623	498	219	483	322	431	247	401	102	292	305	407	732	232	24	348	421	125	578	666
244	524	468	608	49	73	300	584	437	629	613	661	354	391	304	631	507	611	570	370	545	5	362	317	442	705	101	569	499	574	82	654	477	42	380	441	374	87	650	745	259	136	198	153	224	250	668	266	428	234
571	499	72	458	469	50	29	6	166	578	88	652	451	39	55	731	651	126	295	677	324	455	475	18	134	598	43	662	454	381	431	62	538	648	199	380	1	471	181	286	572	353	111	629	47	730	99	264	260	388
83	607	293	716	262	213	407	425	736	104	241	373	38	415	690	334	200	589	657	621	4	332	484	704	90	710	435	549	656	352	597	577	64	409	175	299	734	685	150	341	390	426	355	606	481	209	417	198	521	345
536	36	596	177	493	106	405	419	180	289	616	128	461	360	222	81	94	117	660	131	24	79	700	190	391	464	518	587	336	135	413	346	582	121	109	230	556	89	237	402	399	169	526	208	105	745	627	348	667	214
235	456	473	167	67	141	318	624	165	516	729	564	437	54	492	87	309	219	138	335	688	110	743	479	717	528	240	350	340	112	188	30	173	342	248	78	22	712	223	739	500	46	602	715	583	406	298	460	232	412
215	292	721	98	420	144	631	643	82	459	107	212	442	51	157	351	178	686	304	147	383	252	692	586	45	68	27	428	20	504	400	171	377	100	382	243	663	80	250	229	744	529	362	671	590	305	427	75	306	192
411	156	316	450	69	359	42	19	557	349	485	441	682	436	618	13	691	193	319	93	284	641	368	558	735	560	403	446	613	255	176	659	694	470	97	397	58	561	725	719	523	581	48	537	448	220	370	132	302	585
0	333	297	501	544	453	53	502	290	245	680	562	545	386	376	179	722	379	3	661	108	520	244	145	701	115	674	23	398	225	330	711	584	595	364	555	563	9	514	742	186	227	565	338	76	120	325	387	445	139
367	434	10	478	534	551	683	257	421	247	649	497	313	573	408	123	702	133	189	103	635	600	483	654	129	371	254	77	326	146	550	7	574	532	612	740	732	488	114	226	645	216	8	101	416	270	308	224	161	570
625	665	307	275	174	726	246	231	695	233	669	86	693	323	489	314	291	170	320	738	375	16	278	527	601	344	515	594	256	95	508	152	503	52	142	713	707	63	610	125	140	394	714	210	34	40	273	531	644	650
706	507	172	327	676	392	423	727	684	653	160	543	49	588	96	197	201	623	149	127	681	389	429	59	17	282	620	206	568	747	519	203	315	261	310	61	337	228	494	609	444	271	495	218	238	476	452	554	533	467
205	430	143	253	709	746	249	277	234	678	542	513	486	272	12	92	263	300	552	472	477	579	242	697	85	525	102	637	698	357	347	356	670	496	647	414	638	517	21	401	463	404	605	626	720	567	303	236	640	154
592	74	276	580	65	614	546	280	185	696	285	283	163	733	462	490	183	447	35	576	15	668	296	639	422	288	73	331	32	424	151	182	60	57	699	396	540	737	664	70	395	14	159	137	593	118	505	672	153	724
608	217	530	294	633	548	195	204	457	11	522	741	339	116	480	628	239	569	498	509	361	622	482	418	358	487	566	506	44	266	632	119	26	184	634	343	279	603	267	281	124	703	617	393	251	321	466	673	615	211
705	31	642	728	474	708	164	512	687	604	384	535	130	56	2	440	268	196	363	265	5	91	155	269	84	259	312	71	575	449	33	465	258	25	511	591	207	675	148	510	274	366	689	541	28	168	374	646	559	194
524	553	658	66	636	547	718	191	369	354	443	287	619	365	432	433	410	378	679	311	301	113	158	41	468	329	599	317	187	438	372	37	611	202	122	491	328	385	136	723	539	322	655	221	630	439	666	162	263	366
11	334	70	140	43	638	482	174	418	187	510	549	171	492	60	248	184	458	637	93	723	355	232	632	607	263	300	459	254	534	588	498	393	495	278	6	9	226	533	180	112	659	624	738	656	344	234	349	737	486
190	102	542	374	304	329	323	503	649	664	103	673	399	73	14	251	293	358	301	454	317	149	709	719	473	338	507	565	578	169	154	364	560	661	99	370	341	554	275	260	158	653	398	182	325	457	27	165	120	119
256	671	611	693	100	665	139	241	670	54	630	339	689	400	235	361	655	470	409	166	204	706	1	687	579	643	395	444	496	432	85	332	455	695	195	199	80	519	303	348	189	584	561	669	185	280	367	376	28	128
438	730	46	617	113	37	36	206	596	445	568	136	297	567	44	18	690	142	520	525	371	597	660	511	425	157	130	365	726	555	700	337	580	593	81	710	23	249	117	53	635	191	287	148	274	602	407	17	122	350
354	415	242	168	609	556	725	647	145	219	620	123	308	437	217	285	236	541	582	42	150	281	327	94	674	414	405	678	375	494	392	598	35	115	491	626	19	51	265	29	521	353	224	387	72	76	146	30	87	377
246	283	416	516	237	569	628	538	592	613	294	151	688	652	104	698	639	742	86	606	95	258	38	506	153	91	186	207	164	544	118	347	732	179	419	16	548	489	276	483	685	209	704	311	267	731	286	573	574	8
558	692	621	74	702	600	342	305	230	595	302	721	460	7	468	71	442	360	576	679	744	320	536	648	121	326	683	228	20	84	526	532	645	192	48	212	471	372	677	351	298	727	32	531	618	193	733	253	96	79
464	273	512	699	666	238	220	739	646	57	312	462	262	289	716	599	501	728	389	577	391	402	222	343	711	357	603	684	515	396	517	411	63	61	714	394	467	83	422	196	528	581	717	480	562	675	125	362	88	539
705	735	746	680	127	229	143	56	39	397	64	135	67	433	201	452	453	205	58	696	368	173	436	124	316	493	591	129	47	295	33	406	385	15	431	631	497	446	456	672	615	340	552	564	356	713	524	133	550	255
34	373	633	571	215	605	369	623	172	479	40	381	463	644	509	223	546	488	108	198	504	111	563	651	175	614	469	208	585	2	390	328	240	264	724	90	49	619	594	306	500	3	231	69	450	668	147	443	216	570
502	290	116	259	211	636	641	590	477	213	616	478	310	449	126	97	315	472	476	658	319	622	540	233	75	271	720	481	22	66	296	188	203	474	448	292	743	440	345	284	50	245	257	227	279	156	412	439	530	25
137	701	694	250	740	736	421	359	745	379	12	21	428	331	10	527	65	712	523	518	572	505	321	545	583	529	324	52	352	499	601	682	291	114	247	221	535	170	218	537	41	427	434	703	309	62	77	288	420	202
144	270	322	586	543	194	131	167	466	513	522	313	722	484	98	707	490	45	547	4	177	106	413	155	625	429	181	318	383	729	13	252	346	475	152	734	423	363	55	299	269	654	141	243	575	587	604	553	366	110
650	559	589	627	435	107	68	667	330	162	718	161	410	566	214	200	465	92	747	132	31	634	629	642	676	461	403	408	277	225	178	159	307	78	708	686	741	662	657	0	26	401	138	514	551	24	239	266	640	451
430	378	183	244	508	417	105	715	197	268	335	380	261	314	691	101	210	272	82	388	109	160	663	163	557	612	697	426	386	610	382	404	176	336	5	447	333	282	441	59	681	384	485	487	134	608	89	424	142	251
50	156	440	291	701	12	153	527	202	139	626	100	594	3	528	365	341	617	529	650	231	317	80	416	397	679	290	634	576	656	119	584	547	208	680	565	552	404	373	288	412	479	597	22	615	279	189	567	111	135
504	450	652	340	78	380	58	588	55	526	213	145	186	419	593	368	106	201	343	30	176	56	54	349	244	462	627	228	729	436	622	488	332	283	83	369	718	154	612	37	533	20	363	406	23	596	607	240	336	740
640	229	726	146	477	508	167	468	328	0	32	580	402	686	120	649	272	361	600	715	190	90	659	164	605	534	379	357	578	101	456	66	391	708	276	566	690	568	10	666	335	559	68	170	87	501	589	130	524	424
514	220	138	455	558	305	636	697	237	8	491	623	160	684	281	395	476	730	143	421	6	498	125	691	378	236	312	438	616	405	204	506	217	658	564	248	77	320	64	132	388	233	230	516	482	630	284	696	315	117
458	261	664	5	393	599	299	441	560	14	495	168	226	423	604	134	522	731	1	102	563	242	725	475	42	647	254	575	196	200	392	264	712	671	523	541	432	187	648	301	447	318	126	49	227	293	62	76	110	445
499	643	185	277	401	206	246	484	745	473	556	70	19	52	13	716	407	28	347	198	92	169	296	195	418	721	549	466	215	598	151	366	150	158	624	16	297	747	34	377	398	222	180	57	601	410	99	376	737	703
695	486	353	241	387	741	614	481	205	732	698	44	704	632	360	300	453	235	330	88	316	717	502	451	443	521	294	271	587	694	517	214	496	579	370	105	142	199	554	144	273	742	282	381	350	29	681	478	621	232
21	148	72	285	700	415	461	104	344	728	590	289	431	60	638	692	739	609	93	85	434	325	433	218	727	743	121	546	115	539	661	669	89	47	211	577	428	553	161	710	688	610	582	702	374	452	657	480	210	618
98	644	403	177	257	519	439	545	382	251	633	75	354	238	116	287	188	69	113	304	544	435	74	509	140	133	307	45	302	513	581	337	548	746	471	429	152	259	674	59	682	96	707	216	123	665	24	709	15	606
25	613	224	358	668	425	179	193	635	303	511	736	719	183	35	408	40	253	467	322	507	266	492	531	537	345	18	463	449	411	426	327	711	420	192	592	207	274	67	510	735	4	654	603	65	82	225	2	734	268
324	86	166	197	483	249	362	203	321	278	339	122	79	319	667	159	639	329	163	422	165	490	557	364	385	685	572	265	175	389	530	270	602	255	275	39	713	108	137	724	561	683	71	308	469	17	427	178	733	48
245	103	720	310	444	714	280	485	157	535	33	313	457	63	371	693	97	256	182	267	620	367	677	555	651	109	94	221	114	678	500	474	472	413	543	532	676	309	223	172	663	356	653	570	41	655	61	252	611	292
672	608	149	646	673	209	38	346	334	73	512	372	314	437	470	494	446	409	355	107	311	386	487	505	260	51	497	46	383	583	503	141	323	155	641	36	298	619	239	722	454	448	542	460	174	689	219	536	194	27
705	465	131	171	625	136	26	359	723	400	518	306	394	128	586	569	744	234	263	399	81	390	396	124	7	269	127	417	645	11	520	247	628	147	250	333	662	243	414	181	585	571	562	184	212	43	129	738	670	95
687	595	538	331	489	384	348	573	351	118	629	9	551	84	191	637	295	699	631	53	515	525	459	430	642	173	286	675	464	493	258	112	91	262	162	338	660	574	326	352	442	342	375	706	31	591	550	540	609	80
267	84	527	646	255	607	710	99	616	215	653	620	126	726	22	606	418	91	505	541	711	300	348	465	363	727	468	746	150	550	532	553	743	53	586	669	729	493	445	360	547	430	156	509	452	197	256	575	574	680
219	213	263	718	23	32	479	747	698	34	599	31	161	10	526	500	128	268	665	695	329	594	486	461	3	177	525	80	488	95	407	143	415	645	578	345	671	724	39	413	236	497	59	730	688	9	361	582	182	499
303	687	650	448	435	738	250	622	720	539	314	615	120	472	285	417	514	449	63	319	520	399	254	458	589	193	103	145	190	443	152	202	79	302	344	631	376	555	536	49	101	437	296	206	107	83	158	674	41	132
416	121	508	487	604	393	42	382	352	131	684	601	402	226	744	657	644	110	209	21	414	165	47	426	283	639	618	447	722	223	656	340	432	108	369	733	266	577	380	211	401	100	405	635	391	123	332	29	543	713
87	306	76	358	17	516	147	353	495	673	579	51	590	204	725	545	260	5	544	612	623	356	679	703	318	282	265	379	307	583	33	277	262	634	628	218	552	385	308	476	425	689	661	257	246	192	251	666	524	412
78	410	641	174	347	531	571	433	721	569	480	573	558	400	25	664	694	588	216	580	122	404	456	323	175	217	230	86	61	537	280	164	203	239	276	434	261	605	451	290	494	593	662	24	243	742	613	55	446	440
672	18	530	228	705	554	65	259	585	704	331	408	124	225	19	45	64	135	484	28	26	621	288	141	515	37	70	389	35	272	2	740	275	652	171	338	719	56	111	96	183	686	334	398	454	696	15	394	60	227
199	518	519	397	654	309	564	170	129	233	40	322	436	566	343	668	0	52	112	305	113	249	474	167	327	330	367	237	511	349	592	4	27	533	685	133	153	576	483	85	189	682	264	188	271	427	403	563	706	567
