1,0
405	698	392	345	537	512	92	463	260	494	399	458	292	294	467	508	282	643	244	569	220	43	690	27	153	351	532	584	237	262	152	176	94	293	384	192	475	157	548	126	64	217	323	80	39	45	585	582	478	462
274	514	302	398	223	12	481	228	568	566	303	561	620	277	450	435	456	52	588	173	57	706	35	639	601	596	553	658	443	300	78	254	307	486	191	31	507	425	285	142	711	131	696	284	617	559	179	625	197	460
683	531	448	196	230	7	143	367	678	172	590	491	594	431	452	102	615	194	417	525	299	190	440	272	707	33	60	662	581	577	629	335	6	449	188	633	163	419	161	628	372	305	539	375	484	22	386	541	578	181
298	222	257	280	195	235	211	24	390	447	65	76	483	504	519	16	334	358	513	567	304	69	641	437	97	169	654	550	68	722	203	264	183	96	442	687	34	47	56	175	261	598	259	296	110	21	410	121	273	529
171	511	407	193	492	84	408	105	317	72	276	694	218	383	555	100	374	278	91	429	469	648	381	295	705	572	240	233	309	479	242	252	622	556	473	115	439	546	140	1	133	570	341	231	236	488	109	517	116	586
433	167	533	151	656	708	238	602	444	229	107	253	70	592	329	476	141	672	441	271	118	154	495	88	697	699	136	50	114	396	389	600	322	241	245	619	98	215	612	166	709	655	83	700	564	61	146	378	518	249
59	510	311	505	164	552	139	119	424	210	11	499	266	522	28	129	279	10	81	349	573	306	651	108	671	562	333	604	599	411	457	111	485	14	214	327	160	715	26	482	184	403	99	684	354	25	544	438	387	326
370	49	524	336	686	418	673	719	536	343	520	312	159	37	66	205	667	616	226	353	130	289	501	636	301	174	227	379	149	212	101	717	287	614	679	75	332	225	402	147	23	576	113	428	587	308	681	723	177	720
365	155	595	623	38	361	634	661	640	414	170	663	339	603	377	500	611	219	248	325	621	626	138	58	162	2	208	250	635	87	426	538	391	610	558	348	199	106	29	549	497	445	17	30	560	315	63	281	352	713
124	685	649	20	359	187	207	165	676	224	660	509	607	647	451	269	477	104	288	489	318	565	251	605	36	394	682	579	297	19	466	310	618	267	112	487	120	291	721	85	275	677	132	202	400	637	189	198	638	247
5	148	627	178	632	413	145	471	204	415	3	650	397	316	432	547	362	580	664	127	613	314	423	331	404	474	368	608	42	388	117	493	270	324	0	9	55	571	659	455	669	319	385	716	434	18	563	692	186	86
575	503	46	168	631	221	436	593	712	646	258	137	330	376	454	158	180	521	32	150	263	103	347	551	540	350	516	695	213	465	206	718	542	255	412	328	583	346	427	609	714	421	470	459	373	48	701	506	589	642
82	355	95	446	67	534	422	380	201	357	128	144	401	209	286	498	268	90	41	674	337	416	234	366	53	243	79	51	526	644	338	340	515	535	557	313	554	232	688	591	185	710	62	480	624	523	597	246	134	461
360	290	182	364	665	666	4	645	44	472	468	135	430	657	675	702	71	630	464	680	15	393	216	74	668	704	606	406	693	93	530	283	543	321	652	89	670	342	653	382	409	13	453	77	703	691	689	200	545	574
122	363	344	54	395	239	356	528	371	420	502	40	490	256	73	8	496	156	123	369	320	527	125	265	538	514	612	307	626	323	494	330	35	86	70	296	427	299	131	244	523	56	301	579	63	406	254	561	371	629
721	134	714	219	199	351	710	596	80	223	269	163	548	664	489	370	700	546	590	90	119	364	179	230	467	471	174	442	97	426	659	181	615	33	47	68	207	434	609	343	76	556	257	704	550	640	715	189	313	621
22	212	433	210	96	183	582	166	293	299	321	42	358	224	182	474	709	690	541	136	390	311	240	110	70	196	27	151	379	555	270	291	153	75	672	703	495	263	78	718	173	579	188	592	515	510	454	381	331	286
105	535	537	655	104	297	41	681	288	509	340	520	629	176	172	419	443	453	208	394	295	264	18	243	130	330	309	168	128	292	145	324	482	428	74	642	111	466	175	717	516	152	56	374	400	386	372	698	360	455
329	215	287	665	506	191	197	298	302	195	316	375	430	617	245	551	677	216	17	8	507	464	133	465	674	654	94	479	305	28	661	48	384	650	461	557	241	612	194	248	345	445	282	43	58	702	635	113	675	657
44	649	413	327	450	572	158	562	524	519	121	32	222	368	177	417	93	272	115	359	543	306	531	69	536	616	333	20	252	392	19	534	39	209	250	526	341	527	641	624	63	409	77	564	318	203	36	437	423	202
589	347	160	314	538	0	625	247	246	584	452	217	144	66	258	720	35	320	259	37	40	85	626	669	663	180	689	706	26	294	652	72	54	99	67	646	566	30	155	12	142	451	388	361	365	10	371	265	648	46
81	3	614	424	561	162	397	55	498	342	332	569	628	525	673	25	147	338	607	511	401	412	501	322	52	138	260	463	14	100	363	232	352	686	604	436	708	117	238	402	366	631	586	539	266	120	660	432	89	565
279	339	403	705	83	587	602	477	154	334	190	127	404	285	553	581	227	622	201	699	545	591	636	11	460	141	449	184	380	405	382	353	605	427	233	554	315	234	84	469	5	420	719	475	150	254	570	107	226	249
600	186	588	82	185	488	1	362	255	108	304	239	149	476	711	317	658	31	653	116	165	50	504	167	505	497	148	530	237	623	574	344	391	560	567	528	95	662	281	496	377	603	192	694	261	122	211	492	101	60
88	369	723	262	573	348	308	399	480	448	500	441	169	518	637	29	470	143	307	373	87	691	103	296	220	608	61	547	638	213	349	484	236	575	630	335	24	277	716	367	633	522	123	395	235	613	64	559	521	275
499	387	4	651	459	229	643	290	408	114	228	606	577	701	549	276	722	696	206	456	421	45	164	129	283	444	712	568	218	159	632	610	415	156	425	170	693	200	707	79	502	139	303	59	683	242	193	346	692	512
457	106	483	411	513	102	620	253	670	267	440	697	576	214	680	62	396	274	205	221	244	593	578	533	685	407	92	647	204	289	627	422	644	378	356	21	326	676	656	611	357	478	468	580	563	398	132	490	91	225
679	278	300	131	354	571	414	393	6	523	161	137	540	634	73	98	431	529	337	544	491	435	447	418	135	187	284	2	487	15	312	668	268	429	438	57	598	671	503	86	323	125	256	112	350	687	645	684	9	514
389	695	126	109	446	355	485	494	481	517	13	53	231	34	273	667	601	301	157	171	472	65	328	146	310	599	508	71	473	376	585	619	16	688	178	666	23	583	280	7	682	51	558	124	251	38	618	597	319	271
594	118	462	552	678	595	439	198	458	416	532	486	336	383	140	49	639	542	493	410	385	713	325	406	174	447	594	542	29	605	150	260	622	343	711	467	138	462	232	582	268	304	25	472	148	376	575	109	108	324
715	179	139	122	638	172	630	20	352	201	568	336	101	560	132	441	521	316	348	76	524	596	663	221	141	690	341	538	550	140	449	85	455	299	452	53	109	231	301	605	498	215	147	681	261	137	612	123	429	222
378	666	456	207	518	505	426	292	484	433	344	294	555	329	240	93	603	472	479	313	105	422	182	338	77	655	185	144	636	512	1	60	537	625	585	4	434	325	481	723	684	180	530	268	716	413	700	274	616	133
32	595	693	711	629	645	509	539	286	110	323	634	155	41	357	686	64	699	465	622	470	225	713	573	327	170	451	457	420	168	42	154	586	706	66	69	176	688	668	296	526	390	495	682	620	474	600	432	635	243
246	193	238	423	541	380	198	424	14	13	592	196	145	529	3	657	718	709	188	266	653	501	446	606	545	73	626	701	649	235	584	411	531	708	106	552	492	450	563	157	499	387	355	652	591	675	92	502	377	51
564	515	402	38	696	453	367	520	440	103	376	276	705	358	169	469	279	199	633	166	17	187	280	97	70	209	466	125	692	345	389	587	642	454	35	18	398	685	720	339	253	87	80	559	650	658	689	608	129	717
644	588	68	570	83	416	349	439	306	721	307	435	162	578	251	405	421	143	710	88	458	126	368	195	427	120	335	697	236	31	480	359	624	683	369	525	519	646	29	9	26	227	704	659	328	124	542	566	504	293
396	262	104	96	340	177	394	79	302	56	43	57	247	623	535	654	65	408	5	639	15	667	113	25	332	206	494	489	461	331	677	430	374	333	548	351	471	324	488	183	410	610	607	343	362	75	290	229	437	444
259	702	128	295	72	237	244	628	648	353	121	74	22	164	384	245	513	445	202	462	319	173	107	631	30	44	59	130	234	150	58	167	418	651	544	82	679	375	565	178	602	385	393	181	277	382	27	78	647	281
549	632	707	618	438	191	12	217	347	691	117	216	211	309	419	112	134	111	511	197	284	665	400	447	482	200	91	257	415	16	264	676	475	714	54	219	318	468	478	507	406	99	579	577	580	364	678	386	660	522
593	431	342	282	0	269	473	562	272	599	213	45	233	640	62	670	28	300	350	561	263	304	84	114	517	226	119	372	673	589	118	46	33	485	138	459	428	223	100	23	695	487	467	403	249	321	159	115	330	391
556	127	239	346	536	510	533	611	160	373	37	476	547	641	21	175	95	604	395	569	448	365	108	643	553	483	297	486	722	71	171	34	567	285	49	165	265	613	224	337	220	356	63	687	477	436	210	719	204	151
190	554	571	52	558	305	371	308	94	184	669	404	506	7	10	289	228	208	617	275	142	161	496	194	712	662	260	252	443	258	214	574	388	532	514	256	414	278	503	575	490	671	598	601	241	47	534	11	6	61
102	67	24	508	255	409	609	40	116	298	619	464	254	135	248	242	627	81	232	320	594	98	86	363	366	397	379	250	291	326	36	205	572	546	463	412	442	310	540	407	267	152	672	583	303	148	230	460	203	528
50	90	153	287	360	614	158	516	664	334	493	270	370	315	399	557	637	590	621	174	273	543	156	8	576	39	146	163	212	703	674	19	656	192	523	392	582	551	401	149	361	312	288	661	131	189	2	48	381	698
186	581	491	55	354	218	317	311	500	615	417	283	597	89	497	322	136	694	383	680	527	271	425	314	16	310	9	70	97	298	197	627	110	565	243	467	613	375	501	121	174	603	54	259	468	550	66	43	169	558
265	639	567	124	247	584	468	720	671	87	517	366	156	619	680	128	185	648	684	556	51	154	558	116	526	722	586	29	716	15	88	703	644	693	495	515	294	250	655	395	513	564	640	193	708	600	30	166	519	393
688	6	575	518	54	595	510	339	563	245	289	342	159	497	369	658	620	263	321	143	681	70	260	580	266	596	535	118	425	449	43	357	298	278	437	150	371	406	533	63	146	286	160	197	22	9	205	58	264	391
97	524	689	407	229	246	46	270	17	122	115	198	101	291	364	162	141	430	380	516	72	633	283	2	248	538	525	387	103	78	657	527	587	386	202	464	503	368	370	550	665	149	337	662	330	560	123	82	418	120
0	630	484	622	379	420	543	170	181	559	3	511	659	458	610	125	31	155	678	650	139	461	412	216	38	309	506	396	147	254	695	483	184	651	52	100	164	157	81	433	537	664	353	326	532	616	611	456	478	362
320	204	597	715	360	704	632	548	660	119	547	108	214	705	493	267	427	180	553	45	106	459	447	699	140	474	8	65	546	711	327	569	723	37	677	53	34	356	673	363	148	409	382	349	274	672	105	107	20	477
675	167	491	438	95	153	591	227	522	249	26	581	613	218	562	315	1	61	445	305	104	561	604	302	417	187	138	255	209	399	273	410	220	318	35	392	206	279	217	244	687	269	89	462	182	117	378	593	67	130
319	240	173	221	355	390	413	574	423	335	79	709	706	481	358	376	207	426	629	404	268	290	446	576	415	602	383	42	90	398	144	230	50	10	554	607	450	176	257	280	135	55	233	225	346	252	83	707	13	44
28	333	434	599	241	282	489	341	121	528	145	152	436	472	635	431	381	191	476	16	158	344	542	551	36	645	661	222	372	679	133	350	32	14	284	40	514	190	314	172	570	94	281	419	134	127	479	529	487	332
25	271	424	175	76	451	232	201	203	588	235	670	385	530	142	683	322	165	577	109	296	288	422	131	126	555	389	348	441	549	75	178	365	194	401	325	638	189	71	589	701	482	136	552	261	23	469	226	41	85
531	276	714	195	502	292	439	98	212	306	500	603	137	682	448	416	80	338	646	435	488	719	310	666	652	411	7	414	453	601	336	578	444	373	60	566	509	301	18	647	57	457	536	499	492	623	49	323	521	5
74	311	692	163	582	300	192	86	69	345	470	454	304	697	186	696	93	654	19	617	663	295	534	340	669	609	455	573	238	694	471	307	224	698	236	606	223	465	667	275	313	718	219	161	48	215	400	713	504	297
12	442	11	710	634	501	467	59	572	171	27	39	541	594	312	452	429	259	608	712	242	132	359	540	384	598	565	700	717	317	523	92	539	285	243	440	605	614	66	637	151	676	199	234	388	480	33	475	466	169
612	111	520	352	460	402	625	331	351	110	328	636	231	102	73	505	258	239	641	91	47	721	618	237	590	473	428	649	512	583	403	112	557	208	374	68	545	188	113	129	200	62	24	628	690	627	432	643	354	303
571	228	177	375	668	293	397	615	486	463	686	631	347	394	626	210	642	621	183	498	405	592	196	272	377	287	585	691	343	334	64	277	308	421	21	653	213	179	490	253	408	99	508	211	299	4	256	702	84	443
329	674	114	544	316	174	494	168	96	77	262	324	496	56	656	568	367	579	685	485	251	361	624	507	63	7	100	530	196	297	58	181	36	643	230	702	567	305	487	165	254	9	515	649	351	367	190	478	684	46
679	235	23	534	479	128	263	496	77	446	615	9	685	413	436	136	195	79	515	571	490	256	561	546	46	597	467	501	280	120	662	596	592	234	64	371	175	208	426	465	542	232	486	608	466	622	372	194	162	421
215	374	320	261	294	717	698	463	547	341	276	362	569	188	40	187	127	605	11	456	684	403	609	97	163	115	612	177	613	71	230	502	382	32	595	464	392	590	106	648	348	550	301	28	151	507	646	473	554	591
108	275	433	716	480	503	167	331	714	381	51	686	665	692	390	386	652	219	209	357	454	21	129	205	223	216	369	491	448	441	585	458	332	444	631	42	214	330	461	58	143	375	718	149	396	183	471	236	81	535
191	526	122	695	239	30	334	682	349	133	326	539	168	488	17	292	360	222	164	203	512	145	95	252	85	152	339	125	667	424	242	63	109	689	142	165	24	310	676	380	578	12	519	94	457	55	439	579	84	33
39	359	712	423	363	517	720	265	624	387	302	670	681	245	398	514	452	410	286	500	498	551	137	322	504	707	529	351	440	487	124	485	131	425	18	395	673	153	528	489	710	299	158	606	668	217	394	248	47	304
189	38	570	103	405	34	72	708	445	156	264	552	2	723	661	481	422	634	567	401	130	57	238	706	653	20	262	271	520	419	693	178	92	181	352	270	224	291	483	451	325	385	258	333	160	150	388	654	577	321
593	295	476	8	508	586	353	221	429	308	655	537	671	1	378	557	199	306	135	288	229	588	564	651	316	192	336	521	447	715	603	257	635	636	560	675	157	328	132	340	510	240	427	101	80	50	484	279	255	197
67	323	548	544	119	26	268	702	74	190	625	27	616	285	563	505	663	90	7	414	83	254	246	690	602	170	455	660	645	582	233	100	278	343	699	289	213	260	399	472	545	269	713	449	506	617	482	212	96	37
154	318	657	139	140	202	45	541	477	513	409	93	614	161	62	418	319	116	705	377	293	581	555	147	344	196	415	117	370	14	66	228	346	186	623	435	68	267	296	272	687	104	35	680	251	56	493	13	650	611
688	49	324	88	629	342	556	383	111	475	397	642	711	347	620	43	69	259	598	575	110	722	155	65	171	678	366	601	391	523	298	311	355	437	576	478	144	431	307	313	701	373	406	5	207	174	10	368	666	543
672	78	408	134	566	91	442	628	358	364	470	494	218	677	379	241	249	536	632	572	719	53	637	604	3	225	683	114	89	98	61	198	644	400	558	243	338	317	290	664	469	389	44	443	19	553	584	659	166	54
25	193	76	315	430	525	73	237	138	638	694	384	696	184	709	281	305	411	574	468	434	99	180	273	669	530	459	247	220	16	211	474	22	393	206	704	407	159	327	15	182	337	402	610	453	365	533	640	59	335
580	282	412	674	516	75	691	312	314	121	284	703	495	82	428	176	70	568	499	641	102	300	173	172	185	627	633	29	112	118	41	105	630	599	361	565	297	532	531	562	141	438	589	524	658	31	607	146	60	417
231	253	450	4	354	309	250	700	148	404	721	86	647	432	287	697	36	376	0	283	621	274	107	345	266	639	583	643	303	540	356	416	87	573	6	329	649	594	126	492	511	169	277	227	226	123	48	619	367	350
538	656	179	204	244	200	626	113	420	600	559	549	518	522	527	201	52	618	509	460	497	587	210	462	192	338	376	385	91	193	674	649	200	274	389	554	165	602	117	198	367	369	1	51	436	722	643	379	592	460
168	12	104	697	88	173	174	258	362	539	183	548	229	352	430	662	470	235	347	380	523	467	119	436	91	223	301	180	18	661	642	421	492	613	371	490	20	116	704	474	449	151	518	372	494	439	71	722	147	660
287	507	232	237	599	559	200	499	107	327	268	265	253	4	588	377	407	286	267	32	81	194	598	17	5	65	657	636	77	98	321	566	66	450	409	491	626	190	427	632	710	652	269	282	488	716	707	295	462	595
575	415	361	364	86	285	338	533	540	128	292	159	187	476	526	2	711	611	192	552	178	677	193	334	701	620	176	296	60	51	118	612	625	466	668	22	601	573	506	549	337	166	418	584	279	239	563	143	172	53
562	586	376	120	9	503	266	723	48	233	393	489	76	19	136	89	521	300	273	302	97	556	201	392	591	403	49	293	684	508	75	349	141	387	679	63	618	481	453	706	357	396	500	511	433	126	434	196	546	202
272	554	672	495	482	484	653	160	530	501	468	21	557	524	592	448	355	493	25	278	186	610	471	27	399	367	607	528	547	670	238	475	171	283	464	275	656	451	342	69	167	139	374	391	191	574	541	96	40	718
648	444	211	322	215	378	61	714	74	7	351	487	262	246	50	185	58	447	353	567	624	155	290	37	408	369	199	596	217	274	348	219	515	323	426	683	243	256	576	92	631	319	416	561	572	454	721	665	164	628
343	70	123	600	568	150	220	47	212	623	330	712	438	582	148	702	373	708	375	551	317	62	329	538	442	480	67	389	604	669	388	335	522	162	169	130	161	520	125	149	570	687	402	242	443	400	109	694	255	593
663	157	676	129	643	303	517	516	483	431	719	544	529	318	691	264	59	324	224	52	686	16	250	368	142	560	328	633	205	83	461	206	428	505	55	365	78	455	340	208	360	227	440	84	397	525	101	236	106	270
681	11	381	46	630	644	705	673	105	140	85	14	234	404	44	189	655	144	103	622	587	93	331	458	693	228	425	589	204	535	580	715	696	590	114	504	72	341	261	640	344	414	583	309	513	700	289	56	82	682
218	291	639	112	1	146	605	39	452	95	577	437	621	127	569	411	717	307	231	531	175	424	165	260	532	354	537	0	42	479	314	195	38	134	634	214	156	79	664	510	685	370	401	288	688	41	213	413	497	406
498	163	608	29	379	247	108	465	678	469	310	627	320	299	602	35	297	43	545	280	472	534	137	674	64	446	121	641	536	8	646	578	24	486	386	703	463	313	259	441	603	412	203	692	124	509	249	680	542	133
432	182	15	31	346	606	637	579	73	459	395	383	394	36	617	222	649	477	514	405	30	284	312	115	326	398	216	210	671	654	619	594	209	512	609	308	564	527	33	385	519	659	277	26	420	158	332	188	429	485
597	94	356	257	110	558	550	689	366	207	384	565	390	294	695	10	345	651	419	311	298	23	100	614	720	675	34	57	417	122	198	170	315	241	616	230	456	699	359	423	225	6	252	177	478	615	226	87	90	316
197	153	245	135	45	263	54	555	382	28	585	240	113	132	152	543	138	102	184	131	333	221	306	645	248	117	3	111	667	647	502	358	339	635	304	658	336	713	154	281	422	271	350	244	666	99	276	181	638	650
68	145	179	13	435	457	581	629	80	553	690	325	698	571	473	460	363	496	254	709	305	410	251	445	432	514	185	328	685	81	465	362	445	488	78	409	576	355	634	358	506	176	601	77	620	148	439	245	481	401
79	516	281	672	715	375	601	384	446	242	507	575	538	501	472	95	283	254	394	395	550	223	64	525	506	273	595	510	299	157	691	306	662	345	313	127	471	583	540	276	37	199	450	74	139	137	607	347	48	131
170	318	203	164	30	128	123	323	290	711	166	652	77	202	646	55	567	489	171	261	1	297	560	182	403	134	435	28	124	556	287	75	536	417	53	640	26	555	181	177	363	411	552	526	559	265	570	140	627	486
719	431	385	86	25	358	52	523	565	332	106	623	132	699	8	298	19	372	466	509	114	94	257	371	698	172	697	710	654	534	633	226	576	303	183	213	100	195	277	327	13	653	402	580	462	243	262	641	14	54
635	621	439	89	584	130	113	92	600	286	174	355	504	83	246	618	357	351	616	85	212	542	377	122	454	339	706	144	376	260	194	197	547	426	612	251	267	253	231	335	184	169	36	307	512	65	21	692	176	544
147	643	608	233	445	566	645	255	204	336	329	625	324	684	720	289	241	387	368	622	558	27	585	237	84	16	365	488	416	517	43	553	32	314	712	577	221	649	527	386	330	80	88	151	263	46	295	341	714	427
118	655	145	40	51	617	629	296	626	361	532	76	227	44	581	190	670	470	34	592	598	605	235	148	218	573	562	240	483	342	597	528	6	392	449	369	18	302	465	71	191	280	695	632	311	196	350	201	496	249
440	438	690	20	590	524	115	498	478	239	491	676	675	200	352	596	288	614	112	4	539	178	275	574	628	331	272	41	624	599	493	461	436	541	420	135	325	129	78	468	22	631	484	458	443	356	603	155	529	469
364	434	686	316	594	409	10	546	258	126	3	160	56	650	718	353	50	404	245	716	515	679	683	425	422	508	642	45	647	7	35	205	648	167	308	228	120	344	702	150	359	104	589	638	464	419	159	723	513	214
663	220	108	705	619	460	2	161	15	520	535	657	309	69	479	396	606	185	415	146	346	602	459	111	210	463	219	630	473	192	247	349	401	102	292	668	557	232	24	225	480	348	421	125	66	154	519	531	398	383
211	659	12	639	49	73	300	229	72	437	701	482	149	354	611	613	660	294	561	119	99	337	58	708	33	5	362	317	442	193	537	481	101	677	62	82	685	278	477	666	694	610	380	441	374	689	138	514	505	533
674	198	656	551	579	250	503	554	378	578	424	682	455	511	285	23	206	186	153	268	328	187	266	429	293	388	284	658	381	667	499	244	175	259	271	680	310	274	432	63	397	548	173	661	704	678	279	389	717	304
215	224	379	236	156	495	143	665	709	312	70	549	453	391	163	521	393	700	319	87	321	59	39	38	217	133	234	405	522	433	60	116	671	430	207	568	256	444	418	81	492	179	162	31	400	248	252	399	301	107
664	9	98	97	91	61	410	103	487	669	609	208	158	340	497	109	406	457	588	475	571	343	29	390	180	367	490	428	141	68	322	500	11	530	90	408	57	315	320	96	452	644	582	474	360	637	121	651	456	188
485	382	216	447	189	222	518	366	0	688	563	373	502	572	620	407	326	423	305	42	604	67	634	136	696	152	586	636	414	451	494	545	587	165	105	703	564	569	543	687	333	713	110	370	412	168	673	338	291	615
269	117	476	142	334	448	722	270	693	282	707	413	47	681	93	721	238	593	230	467	17	591	264	209	204	356	377	332	640	273	364	578	389	79	371	580	550	226	500	589	388	13	549	701	257	90	376	343	209	494
550	634	673	535	686	78	235	651	276	452	546	489	466	406	82	316	208	508	170	461	445	245	161	542	633	402	210	30	513	199	431	89	129	209	440	198	594	220	76	111	115	655	233	606	72	144	646	121	206	718
193	589	357	649	90	512	80	421	278	514	616	481	356	699	612	314	232	534	309	527	128	108	104	253	562	469	106	3	24	290	334	355	293	503	502	152	644	430	414	295	583	126	426	590	42	166	157	418	83	677
131	135	212	308	181	605	341	690	520	695	719	698	639	648	180	303	324	51	224	46	487	350	671	624	77	360	667	9	86	702	631	595	243	64	327	428	22	657	554	436	580	359	693	292	142	109	643	125	140	388
263	40	582	223	272	458	364	459	565	189	160	49	528	446	173	149	203	694	591	17	325	344	275	471	59	260	623	250	599	229	665	262	384	465	98	432	231	336	567	190	575	8	652	39	569	361	537	7	700	650
586	165	331	127	544	447	608	69	120	247	85	560	588	215	102	515	492	510	101	627	335	94	518	100	19	192	230	13	310	475	377	21	145	396	110	524	610	462	572	705	720	433	236	172	581	53	603	404	255	578
517	225	330	288	470	218	264	74	604	282	530	494	479	34	573	133	640	397	175	561	516	147	186	463	183	723	280	568	75	358	73	484	499	376	285	681	60	450	674	297	468	474	244	532	400	584	692	412	159	137
81	670	351	556	217	18	97	383	476	602	441	195	641	11	645	116	286	323	239	687	240	151	54	496	346	411	549	478	539	26	342	443	333	184	455	536	533	483	710	576	585	488	531	683	105	251	266	321	382	714
304	367	434	422	31	491	407	596	164	0	387	92	23	130	56	188	2	653	630	283	196	362	448	424	363	265	522	5	460	91	197	155	269	661	174	306	84	259	312	713	617	33	258	25	176	79	207	163	148	638
366	622	635	28	168	511	477	685	374	134	47	340	194	12	442	291	146	399	368	66	124	409	663	435	191	662	354	234	287	577	365	688	629	410	378	167	311	369	301	676	113	473	501	277	551	485	711	607	712	438
256	678	37	99	202	122	328	385	389	136	211	27	722	601	381	543	221	684	708	439	490	162	405	656	689	313	500	318	119	65	493	558	417	619	642	87	587	415	270	213	709	507	38	112	529	35	597	680	107	611
332	41	457	228	398	216	43	408	62	370	449	267	660	241	178	68	679	61	555	593	668	654	171	625	504	395	664	257	307	219	226	707	403	339	540	6	497	545	349	394	352	598	715	143	138	299	579	451	185	669
600	329	480	541	88	337	636	300	525	379	227	454	393	200	271	553	205	242	15	139	29	214	717	703	238	615	281	498	96	519	647	52	169	305	70	444	613	574	628	486	380	261	453	156	659	58	571	44	401	637
93	322	36	392	55	201	302	317	141	505	252	347	716	566	696	16	117	63	274	559	464	618	675	273	132	563	158	284	697	345	268	179	482	423	552	682	153	557	621	338	326	204	32	390	1	10	50	509	391	150
20	416	413	620	419	289	626	609	103	222	592	294	437	495	420	348	564	425	248	548	467	538	343	48	319	177	666	315	701	320	279	721	570	521	118	547	706	57	371	254	114	237	704	95	375	123	506	672	691	429
523	372	67	298	14	45	614	526	386	154	472	249	187	71	658	456	427	4	246	296	373	182	632	353	569	389	524	495	499	689	348	422	177	231	418	247	203	470	561	551	369	320	174	618	390	583	678	131	574	473
29	276	442	313	253	357	622	339	600	667	488	230	588	279	400	711	520	256	604	142	464	691	715	224	465	359	643	552	20	125	384	437	88	30	391	290	351	478	425	189	476	592	211	76	149	399	19	415	594	420
16	124	79	409	416	577	291	301	113	556	499	201	119	541	71	496	613	662	466	651	640	586	373	467	606	545	480	146	338	705	99	498	605	445	518	684	324	637	187	133	84	502	58	385	503	9	139	355	564	700
87	470	27	44	434	365	702	639	255	95	675	521	108	469	83	174	630	686	270	670	240	80	504	559	212	394	153	8	196	663	49	509	328	280	585	641	569	209	166	601	497	427	558	540	371	257	245	704	638	381
603	116	578	112	679	296	435	205	519	208	356	203	22	668	443	457	647	120	666	250	158	97	481	28	611	683	226	102	264	262	238	247	658	424	701	242	483	323	392	319	570	56	303	285	548	596	661	123	12	86
21	297	325	364	616	580	127	346	432	572	479	11	6	349	315	217	618	694	33	598	337	17	418	309	452	696	477	222	624	126	698	454	555	531	114	221	652	236	23	7	170	218	25	233	300	721	620	655	350	53
188	645	305	32	164	263	202	475	317	393	322	354	265	542	1	695	10	316	194	584	379	403	687	111	35	4	177	106	206	288	181	614	628	220	472	330	152	429	526	131	55	516	308	532	243	195	417	665	446	310
41	110	460	448	47	77	562	397	602	68	402	162	363	537	576	571	54	560	200	186	462	132	31	492	117	130	304	299	249	277	617	225	178	159	718	78	353	150	145	0	581	553	607	39	24	550	713	423	375	183
633	453	406	678	506	522	261	512	656	278	101	671	610	82	109	648	151	163	45	473	438	229	524	176	575	495	292	5	333	282	370	59	169	348	582	134	96	283	439	89	136	180	343	74	227	395	428	674	685	688
198	485	320	352	712	505	360	267	414	135	451	118	115	597	160	654	474	63	72	703	539	650	294	128	213	347	458	401	13	444	148	468	15	167	612	175	529	623	590	335	514	302	680	40	543	635	579	254	378	708
440	38	52	486	51	530	231	621	646	419	341	382	92	336	672	681	295	147	709	719	508	179	396	100	583	144	232	627	168	689	390	450	491	137	554	551	449	199	430	649	544	515	122	455	471	235	534	366	241	380
104	50	207	398	93	75	268	184	329	275	273	388	314	266	389	536	697	94	565	85	714	321	511	340	98	61	549	281	239	386	216	274	676	70	191	293	660	161	3	143	716	37	413	377	358	404	456	723	165	573
528	538	48	138	507	81	561	312	626	342	214	517	412	140	411	192	64	533	405	699	344	215	258	669	185	463	591	42	421	568	298	26	482	557	172	706	129	362	331	327	574	223	657	34	490	90	566	433	234	311
410	710	269	525	271	599	369	631	500	625	272	510	644	121	228	693	376	252	367	155	332	447	387	46	547	690	248	589	372	18	642	2	326	636	682	489	244	91	57	493	67	535	286	318	374	62	707	664	677	246
157	345	615	619	154	182	692	383	720	103	251	659	284	595	563	204	36	237	66	653	609	210	546	73	107	173	141	408	197	259	260	608	523	501	219	361	632	368	43	426	431	193	494	634	65	289	673	190	14	69
461	629	334	459	587	487	441	287	105	527	593	722	60	513	306	484	407	422	307	567	156	171	717	436	30	609	687	581	439	657	212	233	643	118	441	288	48	361	238	140	672	182	705	190	481	223	558	565	666	357
412	569	180	228	368	29	526	354	307	343	511	329	16	282	98	587	635	720	556	373	167	32	287	75	179	385	615	557	547	414	301	505	494	622	486	145	504	479	419	608	582	583	666	501	564	502	435	710	272	222
239	255	418	56	161	206	177	223	717	436	293	160	80	680	34	377	93	509	459	619	76	144	35	369	532	403	142	442	1	480	506	275	347	641	398	682	49	667	322	549	232	464	561	524	683	120	45	72	310	312
573	454	658	146	344	474	415	584	317	566	714	230	375	134	52	440	444	673	17	151	292	361	264	48	308	432	655	560	492	331	404	429	648	640	576	380	97	350	439	188	625	44	671	178	280	718	489	106	711	397
463	647	426	416	660	626	115	335	712	644	603	610	122	562	23	379	109	676	550	543	470	713	423	41	365	709	333	306	199	208	324	353	639	183	431	149	214	270	340	453	182	692	552	413	389	700	538	694	90	102
78	290	705	424	508	186	535	457	461	643	58	649	190	495	328	153	99	237	383	514	672	616	407	4	417	438	654	156	408	276	71	141	67	374	242	674	458	372	399	138	448	518	192	723	661	342	455	378	289	219
24	451	575	265	405	209	445	572	382	113	449	304	285	227	593	570	675	586	609	234	517	263	500	124	7	367	484	611	240	133	11	513	247	437	678	388	497	719	189	606	73	59	50	184	197	212	476	571	43	129
634	531	175	83	26	273	503	701	117	9	528	266	84	607	490	295	187	233	679	53	493	13	288	420	241	540	286	567	563	411	91	262	690	148	62	467	580	602	254	533	79	38	499	216	66	86	510	213	170	529
681	721	600	691	430	176	302	466	590	520	527	381	450	488	3	193	515	631	40	554	695	325	107	321	155	541	28	697	174	315	370	598	677	55	523	68	277	226	250	10	696	131	386	428	139	278	707	534	5	203
60	15	42	525	585	358	8	211	46	623	599	539	393	260	352	546	166	51	512	251	686	64	195	210	165	220	637	594	684	164	345	715	559	485	256	581	252	638	664	472	349	400	69	339	421	391	558	653	198	136
624	555	589	291	409	579	568	498	656	620	601	632	617	314	14	551	118	268	427	577	100	39	244	181	371	65	305	135	627	657	77	665	468	507	127	621	299	303	171	111	125	591	54	364	652	612	191	150	588	376
81	108	88	61	670	168	132	346	297	475	162	281	401	406	659	460	530	172	434	699	478	269	207	126	481	482	221	47	471	238	225	95	651	595	618	154	521	536	159	112	173	348	245	447	63	319	366	105	596	274
332	544	296	309	351	337	668	70	330	103	390	21	545	258	614	326	685	163	19	284	128	645	338	708	422	706	257	261	318	452	565	703	542	185	663	597	57	477	101	642	465	279	267	6	37	410	121	716	215	31
92	462	194	229	311	231	473	496	446	519	687	253	702	0	355	604	334	491	548	259	294	605	522	152	96	689	205	341	243	323	246	537	630	394	158	395	87	433	116	140	592	82	283	425	169	516	248	396	33	646
613	249	487	20	578	320	402	336	553	629	94	204	25	143	650	201	327	698	722	300	633	157	669	217	36	74	392	363	147	119	2	89	469	110	123	662	704	384	104	85	483	235	271	356	22	313	636	12	18	443
359	357	360	236	130	316	27	298	196	137	693	441	387	114	456	200	202	224	218	628	362	574	688	30	698	237	653	549	667	32	75	23	270	673	257	275	460	40	719	702	114	217	334	445	461	122	631	12	234	425
327	289	490	131	671	163	103	24	439	410	625	465	228	310	712	443	351	253	586	632	614	430	445	502	607	469	262	478	715	191	561	13	446	689	21	240	80	488	183	356	683	244	568	237	636	418	579	26	555	43
153	223	205	654	19	259	429	435	505	14	407	649	665	54	471	152	182	609	487	239	122	149	698	68	138	375	570	377	552	243	620	493	307	433	93	318	383	458	701	581	118	341	530	285	413	200	230	481	452	107
329	79	370	30	653	317	582	299	426	518	629	302	695	145	315	42	87	303	171	59	527	379	123	346	32	345	438	456	474	78	186	519	542	157	437	547	41	36	242	39	273	70	81	592	271	199	217	353	569	651
466	509	388	523	406	621	181	23	630	290	275	337	457	255	411	709	185	635	718	360	173	311	270	296	332	180	550	412	316	403	125	482	486	320	681	72	215	694	716	510	287	279	678	400	77	666	305	473	97	231
35	428	546	675	256	600	425	391	656	260	422	300	2	187	358	292	150	363	594	714	604	281	386	711	616	201	506	514	584	453	441	16	398	354	89	610	598	401	294	108	522	179	90	484	513	573	46	369	331	314
293	553	392	596	130	455	94	708	208	365	319	507	424	578	693	540	572	419	88	700	436	62	531	576	566	444	691	326	258	532	562	661	390	321	17	679	44	498	166	324	74	669	225	595	696	352	650	4	526	637
634	723	543	84	226	580	104	503	448	75	336	229	672	60	214	144	261	110	567	238	512	340	545	174	703	11	325	409	49	3	639	121	376	248	50	162	218	554	684	676	192	323	603	96	421	111	544	221	135	722
158	529	76	461	617	613	184	53	343	291	306	203	551	660	98	615	396	495	235	492	301	583	706	704	159	274	477	137	450	5	247	286	427	51	132	536	85	468	655	227	190	161	204	71	209	574	25	116	374	61
