0,1
87	26	76	68	78	148	199	60	69	221	124	182	103	95	119	225	56	83	102	101	49	171	197	132	149	212	24	63	35	19	191	185	159	47	169	146	187	120	61	176	20	130	5	188	70	138	98	1	2	59
55	10	58	46	6	117	175	205	52	99	131	219	136	7	226	39	172	218	91	109	195	165	168	204	162	72	216	173	111	213	201	43	161	21	144	37	190	75	116	178	198	127	181	192	67	66	160	22	38	223
215	184	214	129	114	193	189	142	90	41	80	105	81	32	121	106	48	110	25	53	163	17	211	186	51	14	147	82	84	210	29	3	23	128	45	194	97	183	42	152	79	203	12	112	11	85	134	143	154	170
104	34	108	50	155	166	167	4	133	44	96	202	28	135	145	174	206	71	118	180	224	137	74	220	208	94	151	150	196	93	18	27	36	57	31	65	140	89	158	30	86	92	141	126	153	13	77	207	179	177
209	200	33	62	122	107	88	54	139	100	16	115	164	40	0	73	8	222	157	217	156	123	113	64	15	125	9	73	43	210	188	129	42	88	174	198	137	149	220	24	163	202	91	65	196	78	122	61	16	100
90	155	185	123	204	112	169	150	181	39	122	142	57	11	32	92	226	175	161	27	197	75	35	182	201	45	212	12	52	43	78	120	124	137	8	63	93	44	210	79	221	62	192	7	159	66	64	184	160	178
101	149	146	206	222	113	89	125	177	42	33	209	187	59	13	83	53	67	30	194	37	207	9	127	176	158	5	46	31	131	22	49	38	225	73	14	119	205	104	148	162	213	170	217	147	108	24	23	82	65
199	102	76	138	152	20	16	6	139	55	173	28	191	36	69	51	106	97	71	41	15	193	68	18	220	186	96	143	17	99	34	47	190	163	110	21	196	219	48	145	135	132	84	105	10	72	224	54	223	98
157	100	3	114	211	87	85	202	215	61	171	29	172	19	174	180	208	0	115	86	140	1	133	198	26	109	116	183	128	167	188	151	4	195	95	40	126	144	58	153	56	74	164	2	107	166	121	70	81	165
111	103	134	168	189	25	77	141	179	60	130	91	129	94	218	156	118	80	154	88	200	203	117	214	136	216	50	25	141	191	135	0	75	211	187	162	149	175	87	199	171	106	147	224	70	68	176	40	148	188
11	194	72	215	189	126	145	177	214	186	63	49	62	85	218	22	219	136	65	102	7	187	223	17	43	148	2	166	98	68	81	129	86	10	29	226	48	61	149	199	124	138	161	110	60	87	74	181	99	193
221	92	67	184	3	201	18	182	77	170	53	134	94	19	191	225	71	64	47	203	54	179	128	209	171	50	127	169	188	162	196	152	52	40	83	27	114	16	163	174	97	156	5	117	210	192	35	39	112	131
109	89	119	103	157	45	56	130	121	55	51	4	167	15	108	0	176	125	96	12	69	38	113	26	80	66	76	116	180	100	58	168	13	107	173	106	73	120	139	84	105	118	207	144	202	141	44	21	216	222
8	206	33	88	224	91	104	24	82	9	23	204	57	31	217	200	160	197	172	158	111	123	208	34	20	6	93	25	37	146	220	32	147	90	36	115	14	133	78	159	195	1	143	95	28	153	185	41	42	164
211	165	155	59	213	198	122	175	151	101	150	140	183	135	142	70	154	79	46	178	30	205	75	137	212	132	190	102	92	145	41	106	136	164	159	80	85	87	45	35	167	149	151	17	197	62	205	175	58	74
77	68	193	87	196	129	107	152	44	91	180	195	31	125	59	104	11	36	100	21	167	225	171	217	183	95	61	123	168	160	79	76	207	187	226	114	3	47	0	220	120	173	56	9	94	2	60	92	58	108
164	66	35	93	88	37	90	134	191	170	5	135	154	39	34	17	67	200	203	115	97	158	140	81	172	216	103	50	130	64	23	71	221	24	213	72	131	42	138	188	46	4	113	85	132	116	15	82	149	223
184	40	38	186	214	176	159	74	106	163	33	89	20	202	205	194	12	175	165	212	30	181	161	101	26	14	166	73	209	8	142	182	141	124	148	118	25	177	51	110	54	143	133	63	84	157	127	13	139	189
7	6	218	70	98	151	62	105	111	96	206	109	150	204	198	147	224	27	117	128	174	41	146	86	215	145	153	222	199	144	155	126	162	19	10	208	197	156	219	53	16	112	48	52	43	169	192	83	75	201
178	179	102	29	211	80	136	185	121	69	78	32	49	45	55	122	190	137	28	18	99	65	119	210	1	57	22	105	8	14	117	49	10	125	55	144	225	160	97	198	218	126	189	17	35	82	204	46	209	13
105	108	76	47	17	219	56	86	68	180	195	124	92	8	177	130	90	61	114	160	190	41	132	112	150	93	77	11	53	194	200	136	169	189	213	225	91	207	57	215	182	201	137	135	206	143	168	87	115	69
49	139	152	164	51	42	96	116	33	153	173	60	103	199	20	224	94	106	193	80	202	196	183	163	172	178	75	36	39	181	154	223	32	18	216	0	155	65	31	158	1	203	217	16	19	22	113	119	151	134
48	27	167	35	28	214	58	159	50	63	121	37	40	176	85	133	43	34	144	7	110	44	166	104	26	175	212	209	197	126	72	54	145	171	2	30	102	12	185	88	15	208	187	84	174	184	186	127	101	99
204	211	71	38	156	59	9	46	81	3	73	118	109	162	107	129	64	55	45	188	179	67	21	5	191	25	147	161	6	198	128	74	24	97	149	66	52	205	4	14	192	146	140	78	100	122	29	148	222	220
221	95	218	117	210	138	123	157	70	142	79	10	120	13	98	165	141	89	62	131	23	226	82	111	170	125	83	193	92	65	43	123	79	212	28	82	37	95	0	129	54	217	179	80	21	161	35	47	126	77
128	27	115	87	17	184	8	173	63	88	145	20	30	161	38	175	206	205	194	222	34	60	196	215	0	97	16	154	204	92	133	56	54	66	220	113	28	167	118	93	162	183	197	65	169	104	141	157	52	96
106	189	144	45	217	40	164	80	195	109	122	110	150	48	57	94	179	90	25	223	200	147	37	67	186	85	36	111	12	136	102	170	29	55	95	42	120	114	140	100	107	121	70	176	119	126	159	168	76	89
153	163	146	139	210	73	82	207	143	84	71	39	224	219	166	9	108	142	47	79	99	124	149	156	61	24	64	221	138	129	10	3	131	177	14	50	165	191	75	74	198	132	188	185	151	152	190	214	158	78
199	13	117	49	193	23	155	35	51	98	77	201	6	43	105	203	181	81	18	171	62	137	225	5	213	174	182	192	123	58	86	19	22	4	2	180	226	127	125	178	172	68	208	211	7	33	160	31	216	21
1	44	212	218	83	53	26	46	202	116	91	135	72	59	32	187	69	209	41	148	130	11	15	134	103	112	101	129	8	85	134	58	7	165	223	132	148	117	157	43	178	101	125	121	60	38	88	37	190	105
80	11	24	101	138	130	122	29	133	19	117	152	96	163	166	30	170	146	48	98	26	121	76	194	74	42	185	2	20	72	149	221	6	169	139	154	3	198	51	45	148	177	181	16	112	109	120	69	79	187
226	174	17	34	150	156	182	56	155	23	118	219	94	82	124	189	78	108	37	31	162	66	0	13	89	202	209	4	184	43	70	32	143	142	186	212	99	134	222	7	180	136	58	83	102	5	50	36	195	46
93	159	55	88	158	114	190	47	21	197	61	85	64	211	210	27	95	25	92	87	119	193	214	145	161	191	116	35	175	137	128	223	77	10	53	131	67	9	62	39	188	160	107	200	123	215	84	86	203	60
91	15	141	22	8	97	113	201	216	75	54	40	206	71	178	199	140	65	151	127	196	110	224	217	153	168	28	147	204	144	207	111	106	183	104	164	1	208	57	44	126	105	176	125	165	18	192	49	90	12
213	73	52	38	103	171	115	179	63	41	225	14	132	129	172	220	135	100	205	81	33	157	59	218	68	173	167	158	52	112	166	10	84	159	96	91	187	5	21	29	72	197	183	110	167	130	1	9	128	33
75	203	40	15	80	197	157	131	140	216	88	217	195	83	32	126	163	166	149	101	35	189	193	64	5	192	158	3	20	58	120	153	122	201	66	60	51	77	164	79	102	191	185	187	14	128	43	121	30	133
200	42	107	125	39	172	112	111	59	188	76	50	24	106	150	78	129	167	27	25	148	92	55	96	93	12	87	56	53	82	6	73	181	132	225	103	178	145	57	72	1	136	31	205	124	89	104	18	97	177
54	91	186	134	219	130	156	22	155	113	176	182	183	2	226	202	67	47	86	26	170	13	168	159	16	61	85	99	45	207	62	17	28	44	206	7	48	84	213	119	208	8	114	118	46	33	138	211	23	147
65	154	74	199	222	127	90	198	175	194	160	117	37	210	36	70	152	21	146	95	0	68	139	215	19	162	143	98	109	108	173	69	209	137	218	41	105	10	169	71	142	144	171	34	29	221	165	38	9	135
110	81	179	196	100	63	214	11	180	212	4	204	151	190	220	116	123	161	223	141	224	49	115	52	94	184	174	222	90	113	206	168	98	109	148	4	187	30	195	49	40	140	130	179	224	144	16	115	216	100