1,0,1,1
161	120	105	148	69	127	19	175	47	149	63	128	60	192	58	138	180	154	35	111	56	76	183	78	91	174	116	55	24	171	26	52	70	129	20	205	5	212	87	187	1	2	49	46	10	6	59	61	95	186
114	189	152	7	213	182	168	39	68	83	199	146	160	124	184	98	103	200	165	204	72	121	43	166	21	136	206	75	102	167	110	170	131	67	66	22	38	210	119	173	117	147	101	99	178	132	90	41	80	81
32	106	48	25	53	208	17	130	51	14	82	84	198	29	3	23	188	202	37	203	176	201	45	142	97	193	172	109	42	181	79	191	12	112	11	85	134	143	159	104	34	108	50	144	155	162	4	133	44	96
190	28	135	145	163	194	71	118	169	211	137	74	207	196	94	151	150	185	93	18	27	36	57	31	65	140	89	158	30	86	92	141	126	153	13	77	195	179	177	197	33	62	122	107	88	54	139	100	16	115
164	40	0	73	8	209	157	156	123	113	64	15	125	9	78	205	80	100	115	129	72	209	160	174	182	65	16	186	153	68	24	43	6	70	67	134	183	98	181	195	107	173	82	203	189	53	1	50	71	146
27	43	83	206	53	207	39	11	167	170	57	162	59	66	208	212	119	197	67	8	64	182	186	52	92	193	113	45	188	148	172	35	44	63	73	211	108	146	102	201	169	79	174	171	33	149	13	137	7	120
30	89	62	37	9	104	155	93	177	12	192	5	185	46	31	112	22	49	38	14	139	189	199	75	127	190	125	135	90	24	163	65	152	131	76	196	157	20	16	6	194	55	160	28	176	36	69	51	97	71
41	15	178	68	122	106	123	132	17	204	209	34	191	175	47	124	23	32	99	101	78	150	18	110	143	21	42	181	205	48	138	84	105	10	72	54	142	98	145	100	3	210	195	87	85	187	61	158	29	159
19	161	184	198	0	115	86	140	1	133	183	26	109	116	128	173	151	4	180	95	40	126	213	58	153	56	74	164	2	107	166	121	70	81	165	111	103	134	168	25	77	141	179	60	130	91	129	94	202	156
118	80	154	88	200	203	117	136	50	96	114	147	82	144	165	139	144	70	52	129	74	1	67	115	192	131	22	20	61	204	25	162	155	111	124	201	27	68	11	104	13	173	114	150	136	43	166	93	82	26
47	156	204	11	108	125	50	121	134	67	40	173	207	17	117	61	100	174	201	159	96	145	182	18	63	29	127	110	22	170	64	107	199	86	210	109	169	203	141	213	200	162	94	103	16	60	186	120	160	136
65	5	83	2	97	27	119	39	102	74	179	194	161	43	77	131	45	56	92	138	55	89	4	139	15	0	187	12	69	38	26	80	66	112	149	113	81	52	7	51	175	158	58	71	87	148	195	124	85	180
72	183	196	157	48	106	84	105	144	114	168	167	98	76	129	13	44	21	53	35	68	49	128	185	189	172	33	188	152	91	104	24	82	9	23	171	57	31	181	166	111	123	34	205	6	192	25	208	146	184
32	198	90	36	115	191	133	78	163	206	143	95	28	153	41	42	164	176	165	155	59	177	122	151	101	150	140	135	190	70	154	79	46	212	30	75	137	132	88	8	142	14	93	1	211	202	73	197	147	130
19	209	99	62	10	20	193	3	37	54	118	116	178	126	58	61	123	153	62	87	194	161	120	180	174	175	150	201	103	94	198	147	155	38	124	45	140	79	81	5	119	73	90	118	184	173	117	101	17	171
93	31	144	167	110	15	35	40	84	24	74	135	179	44	4	199	160	105	92	88	85	206	123	89	61	104	203	60	113	146	12	155	66	77	133	26	170	87	9	95	3	194	166	174	196	198	147	81	130	37
125	56	63	210	136	2	46	54	14	5	187	100	173	90	192	180	191	11	108	7	30	6	106	70	148	208	165	141	126	103	8	36	145	116	127	120	101	143	140	0	117	211	186	17	201	195	97	109	129	27
34	193	10	189	168	212	138	190	53	16	72	48	131	96	171	86	213	41	64	83	75	185	188	182	51	102	154	209	159	158	69	78	205	178	45	55	122	181	172	18	99	65	119	1	57	22	184	156	33	149
62	52	153	162	29	202	111	73	200	152	21	39	80	25	169	150	82	112	68	71	58	151	28	20	128	19	163	107	49	161	157	137	50	118	134	183	115	164	124	207	139	197	47	175	91	59	114	13	67	98
121	176	38	204	79	32	42	76	23	132	94	177	142	43	79	180	190	66	155	212	97	78	158	35	60	188	129	55	185	39	25	117	164	80	46	127	85	37	58	122	182	75	40	29	82	163	74	169	144	103
8	110	32	41	76	69	49	100	55	165	212	35	179	75	53	127	119	161	54	27	30	66	74	142	198	36	141	144	190	104	175	89	39	154	149	17	191	9	130	172	47	140	205	68	204	129	125	184	133	209
132	163	162	112	46	43	63	134	71	186	0	67	145	33	126	202	177	114	4	80	72	160	124	96	20	157	136	94	158	70	14	137	10	85	37	115	167	3	23	176	98	42	83	44	194	26	78	62	138	57
128	183	152	7	99	73	15	102	81	195	91	153	180	34	77	13	170	147	16	159	208	168	97	2	155	105	58	28	118	59	84	187	166	178	174	107	120	200	82	203	1	106	108	48	146	201	193	197	31	109
116	50	181	211	148	12	22	171	135	206	18	95	25	210	121	131	5	122	207	101	60	88	113	150	192	156	92	52	185	196	213	169	65	29	188	143	189	117	87	51	103	40	6	61	90	38	93	199	151	56
79	24	21	86	111	173	164	123	139	182	64	11	45	19	111	184	190	16	46	191	177	142	141	42	145	197	97	70	33	199	38	169	204	49	75	12	148	136	138	131	189	51	68	102	84	196	15	152	52	147
69	141	138	79	164	99	145	203	97	23	66	16	124	143	0	91	211	151	152	176	115	28	158	96	150	140	81	108	137	29	142	188	47	174	168	119	149	21	207	126	52	19	35	87	104	181	196	7	8	101
32	117	114	179	205	83	183	116	139	107	74	161	37	43	134	6	49	68	194	154	136	102	189	76	178	165	193	95	31	148	67	162	105	2	84	88	128	26	129	92	27	133	56	12	33	177	54	3	135	25
13	157	22	173	169	78	166	65	93	30	4	172	51	113	70	122	191	200	132	82	10	57	53	73	44	80	61	123	212	62	201	103	160	24	110	9	77	125	127	130	85	59	60	98	39	40	184	175	180	147
156	167	109	210	121	36	131	182	55	42	89	48	171	106	153	186	34	14	58	146	208	18	38	190	192	112	111	75	195	41	86	213	71	11	206	202	17	46	163	197	170	15	45	187	64	144	90	204	120	50
5	199	1	118	63	20	198	185	155	159	209	100	72	94	128	141	20	29	17	193	38	60	160	5	8	195	113	7	53	82	89	138	90	105	81	118	189	119	168	204	88	162	121	178	37	106	182	97	63	2
34	102	137	96	35	114	88	66	53	84	125	101	106	194	3	195	184	24	124	182	116	74	151	23	147	161	61	32	170	25	8	138	70	174	134	212	188	201	207	143	206	58	37	18	144	210	120	99	12	162
112	126	149	65	73	90	57	110	78	150	191	14	132	104	85	129	123	7	189	105	100	76	45	175	198	173	68	75	177	159	33	155	29	1	81	83	136	178	2	118	113	64	179	141	50	202	133	4	56	166
59	193	69	38	192	199	183	121	197	117	51	16	9	43	108	11	62	103	204	158	180	176	77	208	67	17	109	46	185	44	10	60	98	148	205	86	171	154	209	22	42	27	48	36	139	119	41	200	131	47
31	40	122	82	5	213	92	211	169	115	20	172	91	13	128	87	196	39	145	163	63	26	52	71	19	167	97	186	0	164	111	80	54	30	130	89	157	142	160	181	95	72	107	190	79	93	156	21	15	153
55	203	6	127	135	168	49	187	152	28	165	146	140	94	149	209	193	41	182	65	118	71	130	42	93	90	175	151	142	139	187	4	119	59	157	11	144	108	87	48	18	7	75	179	56	112	114	74	2	8
201	188	147	52	94	204	1	27	72	37	171	44	21	84	193	157	124	127	115	149	93	9	49	167	130	58	155	32	169	56	103	164	118	29	18	213	73	136	23	173	51	202	43	132	46	89	79	207	5	189
10	91	15	48	77	13	141	209	113	69	212	134	53	129	97	33	41	66	100	108	180	95	137	101	57	192	112	62	176	20	2	133	30	195	96	145	182	92	76	128	68	63	166	191	200	160	22	26	0	126
165	181	6	139	61	168	111	3	183	184	12	150	178	83	142	25	121	85	40	24	116	42	131	210	117	7	120	211	170	197	81	203	82	98	86	107	110	135	123	35	154	36	74	80	38	88	60	34	185	54
67	28	205	11	70	152	198	87	71	47	159	148	16	50	90	153	196	104	102	206	194	158	151	99	122	4	175	172	75	187	190	186	14	140	119	114	59	199	45	125	78	105	138	109	174	17	31	65	156	143
106	8	208	64	39	177	146	163	55	162	179	161	19	144	125	20	158	18	154	196	206	180	69	211	169	171	80	208	42	194	132	6	202	168	134	57	142	66	49	193	43	98	178	106	32	122	38	107	113	92