2,1
111	284	297	127	199	1	59	130	282	266	214	187	302	174	228	92	229	206	24	34	121	26	293	64	198	163	270	193	202	307	47	52	259	139	167	273	25	104	105	119	164	173	43	195	80	279	188	56	98	106
151	87	204	113	36	10	283	295	194	126	289	209	102	300	65	35	19	196	286	240	61	70	5	258	308	114	267	226	212	76	281	152	162	169	60	184	69	21	219	78	180	49	291	210	58	157	75	225	299	142
20	38	172	100	222	175	138	183	211	197	303	68	147	0	236	290	131	6	55	272	189	88	170	37	83	27	132	186	247	63	129	264	271	238	148	86	242	46	245	249	263	285	260	2	137	181	274	116	120	154
227	32	254	7	9	103	91	39	28	277	262	233	287	215	305	205	109	275	72	136	261	207	213	292	255	301	171	191	161	149	253	231	115	117	48	107	278	276	223	155	99	95	190	67	66	96	22	166	124	192
101	159	230	144	268	30	251	90	41	208	81	160	218	176	110	153	53	178	17	244	51	14	252	82	84	298	29	3	23	146	128	165	201	217	168	45	50	97	235	57	237	42	232	108	79	241	185	257	294	224
220	12	112	11	150	234	85	246	134	143	182	269	4	133	44	250	203	135	145	71	118	280	306	216	74	304	248	94	288	93	18	31	140	89	158	141	243	13	77	296	179	177	200	33	62	122	54	239	16	40
256	73	8	221	156	123	15	125	265	143	229	44	207	281	90	45	224	169	279	190	183	305	172	239	35	157	189	92	137	52	196	185	208	79	167	176	203	135	110	241	27	13	39	264	64	30	102	53	280	73
24	166	17	240	207	109	223	216	303	219	177	158	205	154	243	121	133	234	212	0	172	98	64	111	40	191	306	179	61	232	70	139	74	230	28	25	128	302	249	150	125	106	271	269	129	131	22	164	279	273
263	171	27	26	253	218	82	290	93	200	220	11	112	182	238	192	184	145	297	113	226	204	165	136	107	307	10	20	149	199	155	141	50	147	45	89	222	173	1	71	295	178	280	262	51	86	227	206	267	91
88	52	176	75	308	105	304	289	43	126	13	47	247	120	68	189	193	235	138	196	283	221	250	16	148	162	151	261	305	301	54	44	62	92	194	53	183	2	274	246	104	228	153	46	278	187	130	287	134	65
195	281	6	225	41	168	270	114	264	181	5	198	29	137	85	239	34	124	156	9	81	244	76	14	209	251	277	211	31	299	21	291	77	115	8	229	266	97	60	118	188	252	236	48	233	49	110	259	12	210
282	169	32	36	73	275	144	213	55	33	3	39	18	174	38	170	190	159	143	202	58	90	140	241	224	203	127	4	146	248	294	94	298	57	123	217	117	95	197	163	79	63	257	83	288	265	142	201	285	101
161	116	293	15	272	152	119	19	284	96	167	69	30	300	72	37	100	102	245	80	268	84	160	7	276	208	242	42	157	122	135	180	256	186	185	66	35	59	255	215	260	103	286	214	99	78	132	87	292	56
237	23	108	258	231	175	254	296	67	179	223	139	264	283	303	45	67	154	78	94	127	5	95	53	93	156	240	169	287	272	79	17	186	21	110	143	281	132	119	253	148	260	81	7	131	87	74	301	31	306
278	44	286	172	263	201	60	21	107	56	14	97	101	268	299	115	158	207	11	61	200	108	31	141	287	36	234	199	66	67	77	191	193	203	215	130	177	235	170	304	280	92	0	104	148	91	81	293	257	2
165	283	225	103	285	289	35	58	93	37	95	140	120	284	5	189	125	34	17	113	173	211	123	246	90	160	183	116	254	198	88	50	26	64	23	260	230	24	87	222	72	167	42	143	272	46	290	4	306	154
85	226	135	15	82	242	100	219	204	40	250	301	223	159	166	74	106	171	282	89	266	232	213	202	12	271	184	221	256	30	174	129	218	131	8	138	195	259	276	186	274	25	216	51	110	54	291	142	133	63
84	168	127	281	277	197	7	6	227	70	98	151	241	157	105	307	96	214	164	109	261	212	206	305	244	27	117	267	182	41	146	86	224	145	153	231	300	144	298	126	162	19	10	217	205	156	297	53	16	262
48	295	292	251	192	83	75	209	178	179	102	249	220	288	136	208	185	255	69	78	32	270	45	55	122	190	273	265	18	99	65	119	210	1	57	22	196	134	253	33	149	62	188	52	233	248	181	243	258	29
38	169	239	111	73	121	308	39	80	180	264	150	112	302	71	28	20	128	163	303	49	161	236	137	118	187	124	139	269	175	59	13	252	229	176	79	76	279	245	132	94	240	43	9	296	247	228	294	155	47
275	194	68	237	3	147	114	238	152	190	120	55	292	212	290	8	17	75	9	35	133	85	78	224	231	301	126	54	302	76	72	249	210	104	49	288	99	41	141	203	147	243	279	39	240	33	208	94	184	257
300	200	276	243	114	80	235	231	277	79	152	163	176	285	194	208	283	148	49	281	184	13	132	225	260	175	218	166	105	174	110	76	22	145	86	193	211	51	262	250	95	149	215	140	240	33	248	251	68	96
286	97	116	150	151	253	298	308	90	273	196	185	47	103	77	228	265	188	136	46	119	102	42	254	197	239	289	16	236	305	5	287	123	63	292	70	212	27	223	270	242	238	117	282	98	165	75	14	130	275
293	274	78	291	222	267	301	203	55	288	272	190	269	252	261	168	153	216	0	104	226	41	232	280	18	129	268	50	15	143	199	179	307	139	297	303	182	128	304	156	52	134	170	221	74	264	111	87	189	249
173	138	164	56	195	60	25	91	24	206	89	100	233	154	299	3	112	191	207	213	9	73	183	147	172	141	290	159	219	106	71	237	17	8	302	65	133	29	82	229	94	192	162	181	28	53	48	227	11	131
146	108	4	210	263	120	257	122	294	43	58	169	57	113	245	255	44	178	61	224	220	88	214	204	158	92	295	45	121	32	241	201	177	31	93	284	115	234	83	59	107	161	230	69	124	278	23	20	160	109
19	279	39	209	137	62	157	205	125	135	21	6	36	167	202	198	256	187	247	246	81	1	217	144	66	266	258	118	35	186	259	37	40	85	296	171	34	180	7	64	26	306	126	72	54	99	67	2	244	30
155	12	142	271	84	127	101	10	38	122	216	29	102	8	95	134	273	65	236	298	159	128	106	92	225	243	38	90	253	230	208	241	294	89	20	27	17	94	255	60	306	173	99	52	211	169	16	170	206	66
6	2	168	155	289	125	32	66	113	102	34	186	120	83	101	61	272	200	233	24	72	109	275	166	240	286	280	264	260	29	250	203	121	138	258	114	195	225	93	185	70	124	137	35	74	110	96	302	263	188
108	282	191	53	88	4	218	308	3	228	222	227	144	241	219	85	112	45	62	116	251	58	300	172	148	243	174	202	69	8	79	256	196	7	192	54	99	257	253	276	216	215	65	23	143	149	229	147	25	220
201	95	254	278	265	77	179	293	84	51	106	212	104	217	76	208	259	136	57	281	294	207	37	18	271	164	269	291	90	12	296	73	234	230	183	232	246	292	14	247	129	244	290	100	177	33	59	150	285	78
68	307	211	11	117	170	239	1	81	154	237	273	126	43	64	105	176	118	189	206	50	134	194	132	305	38	123	158	21	16	9	171	270	103	193	267	279	17	46	89	44	10	151	141	60	98	214	210	86	249
288	28	22	226	42	261	27	48	36	139	119	41	287	131	213	47	161	162	31	299	40	122	82	169	5	297	178	92	180	146	175	295	115	20	252	91	13	128	87	235	283	39	221	231	145	163	63	173	199	26
268	184	52	71	19	167	238	97	223	274	205	187	224	0	245	182	255	111	248	80	209	198	30	130	157	142	160	181	107	242	197	190	204	306	304	15	153	55	262	127	135	298	152	284	165	236	140	94	49	266
133	67	159	301	277	56	156	75	303	158	237	112	295	10	84	159	96	229	185	5	283	29	72	195	202	306	166	130	249	9	128	33	187	210	18	225	259	243	41	205	242	285	150	46	197	280	157	272	300	181
206	158	177	170	85	106	20	149	187	214	153	199	237	276	301	167	273	185	93	212	178	14	32	299	103	173	308	50	51	83	70	69	42	120	89	194	182	227	183	47	4	207	154	286	205	145	18	31	19	38
102	156	297	274	195	73	291	253	166	219	283	10	60	80	250	191	88	163	6	79	279	157	41	228	169	104	43	57	136	247	36	251	233	66	241	5	271	140	15	293	168	133	96	201	81	236	254	248	109	131
280	142	77	76	105	125	287	113	263	235	132	162	122	64	40	92	87	245	155	75	277	101	124	230	3	261	221	218	128	39	72	35	97	121	244	22	141	197	188	238	289	107	30	216	59	285	58	257	249	284
82	164	202	180	24	129	139	258	126	27	78	25	270	307	55	186	12	181	302	56	264	53	112	134	111	234	215	272	275	198	229	91	1	176	242	209	192	259	288	54	193	217	225	213	150	99	2	200	130	240
268	67	295	86	26	0	13	222	252	16	61	45	11	62	17	28	44	290	148	7	48	84	292	119	281	8	114	118	46	33	232	138	203	172	223	100	23	189	296	211	147	65	159	246	74	282	115	127	239	90
9	262	29	269	160	117	37	152	21	146	175	95	256	68	255	116	143	98	108	278	294	137	303	266	71	144	171	34	208	49	165	265	135	110	224	179	196	220	243	63	300	267	226	210	298	260	231	204	151	190
304	123	161	52	306	305	94	184	174	121	128	20	143	302	174	216	17	74	119	4	188	105	243	100	157	193	236	15	269	64	45	115	191	224	52	8	126	281	218	244	197	25	240	160	60	16	108	184	111	65
109	152	36	141	120	4	191	199	166	285	143	290	214	201	45	228	157	30	233	272	70	159	181	52	296	22	222	142	95	217	238	69	81	281	83	205	1	275	155	82	243	253	42	297	102	301	270	98	9	295
284	134	113	133	135	299	10	307	255	305	267	106	64	110	306	269	88	93	23	251	80	112	20	189	85	197	236	67	276	250	164	248	75	286	194	137	91	176	239	78	174	17	47	148	7	225	35	252	170	192
237	54	11	132	202	241	48	25	257	232	266	53	150	50	300	262	169	218	138	29	114	264	261	204	158	288	73	119	90	121	219	268	59	43	6	247	168	245	31	39	19	12	146	115	208	104	126	37	227	3
127	303	302	185	179	160	62	308	122	21	280	304	46	260	136	153	206	94	2	111	156	203	235	246	139	220	96	263	18	100	183	49	71	242	244	240	259	172	92	258	99	283	274	144	0	28	287	147	34	165
57	294	254	186	14	131	65	44	200	173	298	8	97	278	26	273	72	289	277	151	149	207	33	291	271	256	178	184	123	27	175	213	212	51	77	128	180	24	234	103	76	60	216	193	32	13	215	229	223	224
74	188	79	56	282	279	161	171	211	101	145	198	5	107	163	129	118	221	55	230	177	58	66	182	130	154	38	61	89	231	68	87	40	125	86	196	190	140	15	293	16	209	210	124	249	167	292	265	117	187
63	226	108	84	195	116	162	41	105	143	277	260	53	24	265	250	3	148	288	107	112	106	168	254	108	220	133	88	181	281	46	5	183	79	253	8	40	97	198	278	43	80	47	256	164	179	185	70	230	12
93	292	124	22	307	195	289	38	13	288	208	54	180	51	36	169	255	55	275	225	86	101	1	154	175	40	226	254	161	155	70	137	132	7	156	42	57	46	85	20	25	210	293	291	256	49	120	153	5	69
135	178	188	194	30	304	89	160	242	74	126	212	58	302	6	191	203	285	65	230	290	197	94	83	107	167	202	232	262	12	127	136	252	267	220	128	164	181	261	53	14	186	286	245	142	282	243	104	61	11
308	9	27	283	97	206	100	257	90	34	134	117	66	227	248	23	125	305	166	158	296	199	133	140	284	279	41	273	221	193	81	159	298	253	18	75	95	146	72	108	249	151	102	218	299	110	145	281	2	185
172	306	201	207	192	163	157	105	287	111	222	297	231	189	240	15	71	147	182	264	45	118	143	68	33	113	79	129	48	295	24	116	269	115	237	176	131	205	10	47	171	59	177	200	209	37	229	103	29	278
119	91	138	268	241	98	277	184	109	183	217	122	301	80	196	16	121	31	272	236	87	28	294	88	280	228	52	165	21	141	76	190	213	179	265	271	99	211	43	4	276	246	84	187	73	162	114	32	60	300
238	168	19	274	77	224	214	260	144	56	259	67	173	251	112	270	266	216	35	235	234	152	244	170	96	223	0	130	239	82	64	123	3	198	263	258	44	106	26	148	39	204	63	17	78	62	247	50	303	250
174	149	219	8	215	150	233	139	92	2	21	192	22	82	31	105	187	128	231	140	159	296	107	118	207	260	233	292	100	0	102	38	30	9	205	123	4	33	161	181	81	273	162	143	103	19	198	6	215	286
124	149	104	162	110	266	197	272	219	44	253	61	184	292	14	2	252	140	158	139	58	244	178	32	262	261	297	174	223	234	138	228	301	35	31	265	53	116	6	48	180	100	134	239	257	3	279	263	45	204
156	148	233	209	63	126	129	108	201	66	95	89	155	190	153	189	249	38	112	10	82	179	175	128	55	259	16	208	22	49	226	65	271	41	4	114	8	248	205	304	52	215	40	146	280	25	256	251	286	36
185	170	214	151	21	221	172	198	142	206	117	288	193	199	152	64	277	27	13	23	67	50	80	164	69	270	173	74	224	92	30	54	166	9	57	125	296	276	51	187	303	93	299	222	79	143	300	194	241	135
91	305	121	238	282	191	157	11	98	28	96	188	192	119	37	274	68	33	85	17	88	203	167	278	127	269	181	118	237	235	102	46	246	236	26	240	285	29	15	163	18	145	186	177	213	207	291	289	73	293
87	78	264	250	159	243	19	242	59	231	43	147	306	182	99	210	141	275	165	39	216	144	218	202	150	47	217	298	137	34	62	70	247	273	154	123	308	1	161	212	24	130	77	255	171	183	97	109	195	107
211	81	260	284	56	302	83	86	113	84	106	281	267	131	12	94	254	115	307	71	295	105	122	287	168	101	160	196	200	75	72	258	20	133	103	245	76	294	90	290	5	7	136	268	232	132	111	283	230	120
229	176	0	42	220	227	60	225	169	146	142	109	272	56	49	166	42	257	27	7	76	126	50	244	297	43	293	99	220	179	227	103	144	32	123	178	41	265	153	51	81	64	26	231	63	141	243	232	253	285
229	30	50	277	60	62	256	99	298	192	193	262	278	120	274	213	86	58	46	24	34	186	271	299	143	4	245	29	204	257	63	240	106	155	94	156	127	65	68	42	56	190	291	220	205	182	113	149	164	253
136	80	290	254	7	28	273	32	23	147	101	212	172	122	9	70	225	306	308	74	133	210	16	258	51	286	72	292	135	129	47	37	199	10	103	118	168	52	108	233	140	175	36	265	78	145	85	201	64	142
191	214	22	15	139	304	255	224	219	160	251	73	179	25	146	117	303	218	126	95	88	165	297	267	100	21	209	102	53	92	115	249	203	196	176	44	181	202	235	296	250	239	294	104	166	248	285	27	82	157
287	162	12	39	48	169	237	307	67	231	221	238	59	49	269	263	43	0	228	20	110	276	261	61	301	232	83	217	130	208	185	246	144	279	121	222	13	198	272	45	288	93	8	187	132	260	305	197	211	114
177	87	38	243	91	207	247	18	163	282	26	5	184	96	19	54	98	89	244	268	289	148	11	293	167	180	295	178	111	55	215	57	75	206	200	234	128	66	138	189	266	6	119	252	150	137	227	105	195	226
76	154	81	302	33	84	131	71	174	31	183	124	17	281	194	109	236	40	116	242	280	35	223	79	152	107	284	14	1	230	112	173	141	41	90	241	270	300	275	151	153	259	188	134	159	97	123	216	171	2
69	161	3	264	158	170	283	77	125	1	265	259	289	191	109	175	210	223	170	39	95	168	181	28	160	96	46	157	224	225	277	50	6	24	7	158	113	292	119	235	233	38	67	93	71	269	189	142	240	84
43	231	154	286	104	151	208	233	195	140	40	194	9	10	44	138	187	116	102	100	112	141	79	292	184	216	284	144	73	68	162	290	180	239	111	193	70	120	115	126	241	210	206	61	11	146	6	171	69	148
59	134	213	91	277	165	67	97	75	152	64	176	186	114	296	32	106	82	149	60	219	139	273	28	197	161	303	65	236	300	249	271	207	52	295	90	298	51	263	275	254	182	136	262	218	21	173	170	62	177
108	118	5	209	23	215	293	105	42	183	77	46	129	191	220	15	58	78	175	205	260	71	128	25	26	223	179	121	301	81	163	256	122	123	204	289	270	87	168	234	268	143	255	17	222	29	214	145	95	85
110	125	117	252	63	109	45	142	24	244	174	167	188	12	94	101	245	228	16	84	33	39	41	147	232	132	7	243	302	279	265	248	185	306	22	3	190	107	36	137	282	113	98	217	88	124	250	131	196	18
