2,0,2,1
46	225	180	116	124	169	68	170	146	119	176	35	194	59	210	26	120	184	10	91	76	187	60	175	98	147	117	130	63	236	6	142	160	24	87	19	161	144	55	61	181	131	70	231	69	199	162	56	214	20
47	198	5	109	106	205	148	232	136	49	58	1	2	149	208	103	52	138	204	32	111	7	242	39	83	168	127	241	207	102	78	25	121	173	72	185	230	167	203	227	218	159	43	172	21	154	37	202	75	191
48	190	219	183	193	99	95	188	67	66	171	22	38	238	229	101	196	240	212	129	215	201	114	152	90	41	80	105	81	132	110	53	17	155	51	14	213	82	84	224	29	3	23	128	45	226	97	195	42	163
79	234	12	112	11	189	85	134	143	165	182	104	34	108	50	166	178	211	4	133	44	96	216	28	135	174	145	186	220	71	118	192	239	137	74	235	222	94	151	150	209	93	18	27	36	57	31	65	140	89
158	30	86	92	141	126	153	13	197	77	233	179	177	206	223	200	33	62	122	107	88	54	139	100	16	115	164	40	0	73	8	237	157	221	217	156	123	113	64	15	228	125	9	127	160	214	24	143	114	4
27	79	152	122	230	77	63	191	171	173	62	123	93	149	170	64	75	242	143	52	94	159	187	158	129	32	12	11	104	235	145	18	147	8	193	234	202	43	59	57	183	50	117	155	174	185	172	35	108	217
80	83	78	150	45	194	44	231	39	89	113	223	220	221	162	211	169	197	188	213	102	118	90	196	7	180	227	120	192	157	142	209	66	36	175	139	198	42	33	60	176	13	101	53	238	119	67	30	6	212
37	161	9	141	138	92	203	178	168	5	124	46	31	163	148	112	22	49	38	71	73	14	41	25	181	154	137	131	219	232	208	179	24	23	82	65	76	184	20	127	16	182	55	226	28	69	51	106	97	15
130	68	125	240	241	190	96	17	99	34	47	228	216	160	195	146	110	21	237	88	48	177	135	132	84	105	10	72	136	54	186	98	189	100	3	114	91	87	85	134	156	61	204	29	205	19	207	215	200	199
0	115	86	140	1	133	239	26	201	109	206	116	218	128	167	225	151	4	236	95	40	126	214	144	58	224	210	153	56	74	164	2	222	233	229	107	166	121	70	81	165	111	103	166	194	86	0	126	111	192
87	63	35	171	156	67	43	184	46	185	115	189	232	32	199	112	145	144	239	65	238	131	223	86	28	78	202	110	17	97	206	19	11	45	215	74	230	148	191	99	81	60	179	168	152	138	147	142	4	94
201	48	27	129	70	22	207	203	155	18	103	77	139	61	241	14	56	217	2	180	222	62	119	7	183	101	159	134	161	157	187	80	137	10	211	125	29	149	165	175	242	182	95	197	154	109	49	190	150	16
130	96	224	210	42	5	229	36	3	214	85	68	53	98	72	83	1	221	69	127	114	64	47	71	59	54	231	200	193	228	166	102	50	216	128	52	40	92	192	117	236	39	133	162	204	227	15	55	173	89
198	225	124	213	121	174	51	132	126	143	108	0	167	12	38	113	26	66	76	116	30	100	219	226	164	58	153	205	13	136	195	107	235	106	73	120	176	233	84	105	118	237	194	170	209	141	44	21	181	163
196	177	220	75	8	122	33	88	90	91	186	104	172	24	82	9	212	23	208	135	218	178	57	31	79	140	160	41	234	169	158	111	123	188	151	34	20	6	93	25	37	240	146	7	31	234	239	147	30	70
101	74	92	188	117	179	48	219	91	61	102	205	231	208	237	234	130	143	75	116	62	58	98	26	39	35	193	41	204	10	27	132	170	134	100	191	18	145	111	50	93	162	217	76	144	164	95	113	52	121
232	78	185	90	153	210	21	77	181	64	174	192	212	36	195	233	70	190	68	97	122	43	14	31	172	79	22	44	182	3	209	163	108	228	114	207	242	11	189	135	104	115	159	47	148	81	32	168	215	176
42	147	167	59	28	136	60	55	103	178	56	29	19	177	149	155	196	57	123	88	152	66	220	86	156	67	222	37	128	125	0	112	94	157	137	9	2	227	173	161	126	109	99	187	5	236	180	34	17	151
89	45	65	72	169	224	87	165	120	73	107	16	184	200	23	71	24	213	221	206	46	211	4	38	106	85	214	12	15	82	238	218	138	40	166	83	183	96	160	33	20	80	197	171	140	141	49	235	30	1
154	229	129	201	69	131	146	150	8	186	203	216	199	239	225	202	124	241	118	25	119	51	194	110	54	230	142	133	198	226	63	84	105	175	240	127	13	139	53	7	158	223	6	39	96	8	102	9	235	49
33	139	90	169	122	154	193	186	91	206	16	75	87	76	216	198	42	51	226	100	222	185	209	223	202	175	110	237	106	156	158	46	165	188	49	116	96	236	132	117	157	74	221	136	55	112	151	176	47	162
218	152	103	217	111	230	145	225	68	161	141	173	104	95	130	60	25	24	164	224	80	229	105	97	239	73	86	147	192	13	196	134	174	56	128	17	8	14	235	65	5	29	82	133	170	233	94	119	166	200
178	53	48	131	11	181	18	4	114	148	78	215	204	43	58	41	89	57	140	207	113	143	150	184	182	61	212	129	220	92	238	45	121	32	31	93	189	115	83	240	107	69	124	177	23	20	109	168	39	163
62	125	213	183	108	77	21	6	36	137	160	203	0	241	81	1	191	144	19	22	187	135	234	210	201	27	118	35	28	98	123	3	50	63	194	37	40	211	85	208	171	34	180	7	44	64	26	153	120	219
231	126	72	146	54	227	197	179	67	195	2	199	30	190	102	155	12	142	167	66	88	149	15	70	138	84	228	232	52	127	172	101	99	79	10	71	38	214	205	242	59	159	9	0	23	105	242	139	37	158
230	210	130	146	63	220	191	160	143	231	188	127	16	222	162	226	29	38	40	37	138	45	128	107	8	17	91	92	136	190	82	240	185	173	53	5	144	52	20	215	148	198	177	66	28	233	19	181	7	27
227	165	67	196	169	126	237	229	155	168	120	140	89	118	139	83	88	56	94	2	192	109	90	81	145	172	102	113	104	106	70	199	119	142	159	0	163	34	137	60	31	24	203	44	105	55	57	183	23	228
225	124	65	59	171	26	47	58	123	216	116	234	133	30	153	212	87	206	84	80	95	121	214	85	193	15	42	197	122	22	202	6	1	114	97	179	167	242	99	134	54	4	158	164	213	35	141	176	93	77
156	33	182	161	149	48	178	207	25	236	209	238	187	36	96	12	221	224	62	157	98	205	170	115	195	186	100	101	46	200	218	79	219	18	76	111	49	43	110	73	174	71	39	103	239	147	9	108	204	175
61	241	151	189	152	64	11	223	180	129	208	211	10	3	131	72	135	14	150	232	50	41	68	75	74	235	69	132	125	166	86	13	184	117	154	201	217	112	32	51	194	78	21	35	124	24	6	170	72	186
133	153	235	218	104	196	41	79	5	77	29	162	167	124	176	108	113	99	43	163	221	87	105	60	239	156	126	145	193	170	236	6	24	157	54	7	71	150	199	20	164	175	144	109	88	141	26	201	178	224
184	228	216	117	23	220	4	139	192	148	67	240	213	179	140	130	59	75	166	10	46	203	31	142	187	154	149	83	129	138	118	18	209	202	217	185	125	19	16	64	49	11	8	94	174	39	17	233	112	56
241	195	3	119	158	2	48	63	36	182	136	68	101	114	69	152	226	237	160	143	106	146	116	219	103	33	230	27	181	89	214	225	42	127	222	15	58	93	234	47	14	74	65	210	97	200	55	147	91	92
62	25	190	186	134	30	22	37	76	61	90	232	1	80	50	12	173	204	28	66	208	128	35	45	70	188	53	227	72	131	177	161	180	242	38	51	223	168	191	215	107	73	44	86	34	212	57	78	197	120
207	151	122	96	183	9	40	100	84	172	238	81	21	111	165	159	155	194	0	82	231	13	135	52	206	169	121	110	211	98	102	123	85	115	95	205	132	229	189	171	198	32	137	104	106	233	179	214	73	39
103	90	69	170	32	95	74	168	166	140	178	20	148	4	149	67	52	142	134	115	156	233	206	235	217	202	130	205	194	112	54	186	123	125	109	13	49	198	101	162	155	116	58	150	84	154	222	161	160	133
119	241	158	225	11	76	105	114	139	16	228	190	42	135	33	172	7	98	44	107	201	236	108	137	129	136	10	47	187	232	2	24	242	12	94	91	99	41	208	147	199	82	38	17	59	70	213	102	157	197
200	106	145	0	240	18	85	53	55	144	224	80	184	50	179	171	229	176	159	216	14	83	173	86	193	221	62	146	141	51	180	227	110	122	36	185	73	111	60	89	88	209	175	1	120	28	230	31	132	127
118	174	226	152	215	61	19	29	181	26	234	238	93	182	71	207	138	124	63	9	37	143	27	6	104	188	96	220	177	21	79	169	126	46	56	151	43	57	153	164	165	219	66	121	65	5	196	191	15	189
113	25	239	195	81	23	78	45	210	163	8	30	77	204	48	192	68	100	183	131	117	64	40	92	87	22	167	75	34	231	214	3	223	212	218	128	39	211	72	237	35	203	97	124	127	233	46	146	156	128