0,1,0,1
131	117	63	56	49	60	19	171	163	203	5	173	159	114	129	101	61	116	1	2	35	10	167	178	6	75	99	20	39	102	95	154	52	58	70	68	46	103	147	76	176	160	98	127	47	91	83	110	144	124
166	195	7	26	55	69	59	190	204	72	130	24	43	78	143	21	128	106	90	138	162	199	67	66	22	38	201	120	165	105	180	183	87	170	174	41	80	81	32	198	48	25	53	111	17	119	51	14	82	84
189	29	3	23	197	193	37	194	168	192	45	146	97	184	121	109	42	132	134	79	196	191	169	182	142	172	12	112	11	85	136	152	104	34	108	50	175	148	149	4	133	44	96	181	28	135	145	155	185	71
118	161	202	137	74	187	94	151	150	179	93	18	27	36	57	31	65	140	89	158	30	86	92	141	126	153	13	77	186	177	188	33	62	122	107	88	54	139	100	16	115	164	40	0	73	8	200	157	156	123
113	64	15	125	9	4	22	201	91	195	131	47	175	66	146	190	153	97	162	8	81	26	78	74	53	6	82	179	151	84	102	1	56	173	100	160	24	169	157	128	192	88	114	164	135	90	105	43	61	202
112	124	53	22	64	163	13	68	201	172	24	31	100	90	147	9	97	106	141	137	159	27	44	66	79	85	133	30	75	20	189	143	72	51	132	150	115	168	33	193	15	116	69	131	45	49	41	17	113	55
188	52	47	110	194	32	198	151	184	84	18	167	102	21	42	48	43	7	65	128	190	173	204	54	76	161	6	175	154	92	29	93	138	127	19	140	183	155	152	99	123	12	1	5	125	26	73	78	104	0
39	109	177	4	153	95	40	86	16	174	142	145	191	56	166	36	2	135	105	101	169	107	38	121	70	182	37	195	156	25	77	170	130	91	171	94	118	80	88	117	136	203	96	114	82	148	89	98	157	202
83	126	181	122	185	146	103	144	149	59	186	3	60	63	134	164	74	46	139	119	162	176	11	187	58	28	129	23	61	10	81	158	180	120	192	178	50	179	34	108	57	200	199	67	62	197	165	111	35	14
196	87	71	160	8	25	43	88	136	174	168	144	163	157	27	160	129	51	11	61	187	45	200	169	44	34	167	175	153	131	29	180	68	97	119	52	196	93	81	192	171	17	106	149	92	105	71	47	133	20
136	80	177	65	94	103	107	179	194	201	152	39	190	142	112	198	67	98	56	17	154	85	0	172	64	167	124	49	63	69	161	127	150	155	106	84	110	38	61	89	43	76	160	197	13	66	21	35	4	139
11	168	33	58	120	102	40	186	24	164	9	166	153	16	203	123	96	90	169	113	72	128	97	82	60	188	34	143	6	119	109	18	125	32	74	182	196	117	5	78	31	95	133	15	28	25	178	41	162	202
114	145	27	59	183	157	174	47	184	159	87	108	22	83	12	55	7	131	70	91	26	79	46	50	158	30	77	122	75	88	8	151	93	1	148	176	73	130	171	146	99	189	10	20	3	37	185	173	181	126
45	14	129	71	193	51	86	132	121	101	170	52	42	105	81	111	180	141	137	200	68	199	48	118	147	100	140	144	191	29	149	116	138	134	23	54	44	187	165	62	92	57	135	53	204	195	192	115	2	19
175	156	36	104	163	54	172	202	79	53	139	147	71	106	194	160	95	17	23	31	99	113	21	204	134	170	200	123	131	177	115	90	74	45	103	198	193	93	135	6	188	7	96	195	10	171	110	151	62	197
7	46	166	156	169	184	130	15	158	30	162	135	40	31	172	78	131	190	85	37	74	204	126	70	66	48	26	182	17	95	105	110	139	44	77	27	185	56	10	12	4	83	136	72	202	69	14	100	128	148
96	197	111	164	54	180	119	51	88	87	90	63	8	16	171	141	113	45	123	81	117	106	175	65	1	194	99	101	122	133	92	62	60	97	86	53	146	116	138	41	167	24	183	179	80	25	104	52	102	22
82	154	71	58	89	144	195	20	0	192	35	109	107	198	178	120	29	193	170	201	108	145	6	55	125	115	36	124	143	160	151	91	59	203	13	67	98	121	150	140	79	187	42	76	199	132	94	142	43	196
38	47	188	19	68	64	191	147	112	114	152	3	157	186	11	9	176	73	173	5	50	168	129	75	149	18	93	200	189	39	155	28	103	21	2	34	159	32	134	33	137	161	153	174	57	181	165	127	49	23
177	118	61	163	84	178	93	100	115	70	134	174	155	10	112	156	135	121	91	21	153	185	76	144	98	26	197	163	41	81	39	95	79	78	114	18	170	164	52	117	68	74	35	14	77	176	27	102	58	64
152	204	14	165	82	26	8	167	158	137	125	10	122	67	66	203	71	36	46	166	132	9	127	77	54	58	17	182	162	73	115	35	121	13	16	97	49	72	33	2	91	105	96	116	104	75	126	68	95	55
173	154	149	100	194	160	195	42	44	185	176	180	107	130	120	175	178	31	70	189	37	50	39	190	119	151	177	53	143	144	7	18	133	25	89	109	3	196	5	83	202	76	60	88	22	147	153	117	197	99
110	134	135	138	57	41	187	188	29	142	15	113	87	146	94	103	40	200	6	61	186	141	85	93	168	108	101	23	183	179	171	201	86	111	123	64	198	163	19	131	4	38	112	145	114	34	51	118	191	150
157	20	148	28	69	164	98	192	32	45	129	199	27	174	81	84	80	30	128	172	12	161	159	156	169	74	181	170	124	79	139	47	59	56	24	48	90	78	193	43	136	0	106	65	155	1	102	52	11	184
92	21	63	62	140	108	92	76	113	182	96	105	8	131	189	47	111	93	153	61	68	86	158	150	178	60	49	204	11	133	126	41	170	184	77	171	80	169	195	89	203	192	125	56	75	57	91	42	53	183
0	156	33	186	164	165	193	62	92	144	28	85	96	176	54	98	66	163	136	95	105	174	43	170	29	133	180	37	189	76	69	7	139	132	166	61	140	129	195	13	168	150	21	188	135	157	47	121	68	22
161	171	204	115	125	116	67	80	203	36	19	160	49	197	191	123	131	114	48	77	149	102	82	34	51	126	58	79	183	18	38	117	97	124	118	192	86	145	11	107	152	46	35	103	42	143	177	45	59	137
64	16	90	108	50	5	198	202	63	20	70	57	27	179	81	178	72	94	101	83	167	40	127	182	75	119	14	130	110	78	12	55	175	185	23	39	6	99	44	153	104	41	151	15	169	148	196	10	146	155
2	1	200	128	84	173	52	134	187	88	74	4	111	87	32	109	190	138	181	194	56	53	60	25	91	24	120	89	100	31	154	30	3	112	162	122	113	9	73	201	147	172	141	26	159	158	106	184	71	93
17	8	142	199	65	63	34	87	30	36	151	8	85	79	97	111	93	143	142	60	16	106	175	182	28	76	84	70	45	29	117	166	181	178	42	17	90	54	121	108	48	128	0	40	129	12	25	109	82	100
63	176	98	73	163	124	150	86	132	48	79	192	11	188	68	81	197	38	180	166	41	8	125	90	181	91	194	51	85	57	140	44	20	109	50	52	128	72	152	60	198	43	164	78	19	39	46	178	196	110
13	183	144	36	145	175	186	102	16	111	17	162	191	137	130	29	174	201	53	107	149	69	117	101	172	127	120	204	7	40	161	59	24	103	37	123	12	88	94	10	133	5	67	170	199	84	190	147	89	45
108	187	129	28	75	131	189	71	62	27	155	76	135	9	151	203	32	105	112	55	154	118	14	18	66	115	200	195	182	56	2	83	185	136	148	116	113	30	82	193	70	49	80	142	0	34	104	92	31	126
146	23	143	157	119	65	64	106	26	47	58	167	202	165	158	160	138	87	139	95	121	179	15	42	122	153	22	171	33	6	1	156	114	97	61	184	74	21	99	168	134	54	4	159	169	25	96	3	35	141
100	93	77	173	177	29	34	176	2	119	137	20	96	199	32	6	87	72	86	26	162	70	114	149	165	61	83	110	30	5	67	173	121	37	160	172	133	24	98	180	187	109	145	146	178	88	120	101	131	48
147	182	5	184	188	198	173	101	83	192	125	199	146	181	202	139	7	178	140	29	160	103	24	189	116	67	87	150	176	6	153	26	138	79	60	4	149	43	59	109	104	136	203	113	10	163	46	77	31	23
145	180	191	177	200	158	105	124	196	102	71	18	195	20	119	174	126	129	19	16	64	49	11	106	75	157	39	17	115	99	56	32	175	3	154	141	2	48	63	36	162	114	68	94	69	117	143	127	130	197
33	27	144	89	148	152	8	42	108	54	185	112	15	41	118	88	93	98	58	95	47	14	132	133	74	65	166	142	97	179	55	91	92	62	25	170	167	134	30	22	37	76	61	90	85	1	80	50	12	156
164	28	66	187	128	35	45	70	168	53	204	72	131	161	137	38	51	201	171	193	107	73	44	86	34	190	57	78	120	186	151	122	96	183	9	40	100	84	172	81	21	111	165	159	155	194	0	82	123	13
135	52	169	121	110	60	17	185	157	167	180	27	126	85	197	186	57	111	3	120	177	44	173	178	30	204	25	139	192	8	54	148	193	97	106	66	39	164	84	158	50	151	1	105	73	129	128	191	55	140