0,1
83	76	61	182	106	47	148	186	132	117	116	120	209	198	160	124	59	169	202	193	184	183	26	224	35	146	121	63	203	159	231	24	70	19	102	130	144	55	180	98	69	58	68	87	161	60	20	176	5	175
103	147	168	129	49	1	2	218	111	10	196	56	46	6	210	52	155	207	127	109	7	241	39	230	167	91	235	212	213	78	25	119	172	72	229	166	233	226	173	199	43	171	21	205	37	201	75	190	48	189
240	136	192	99	95	154	67	66	170	22	38	237	239	101	195	227	138	142	204	214	114	187	90	41	80	105	81	32	131	110	53	17	149	51	14	152	82	84	223	29	3	23	128	45	163	97	194	42	162	79
216	12	112	11	188	85	134	143	225	181	104	34	108	50	165	211	178	4	133	44	96	215	28	135	174	145	185	219	71	118	191	238	137	74	234	232	94	151	150	208	93	18	27	36	57	31	65	140	89	158
30	86	92	141	126	153	13	197	77	220	179	177	206	222	200	33	62	122	107	88	54	139	100	16	115	164	40	0	73	8	236	157	221	217	156	123	113	64	15	228	125	9	164	237	187	131	116	24	4	162
57	75	150	117	174	83	123	186	52	176	149	129	27	238	217	78	122	169	94	89	12	11	155	62	32	102	101	59	18	148	236	184	90	171	206	205	208	50	43	93	187	35	233	211	119	79	225	226	45	147
44	224	39	63	108	239	216	120	64	8	142	162	170	193	198	240	204	112	197	192	7	183	143	181	188	154	139	104	66	36	231	223	194	42	33	241	172	13	152	53	229	113	67	30	6	37	158	9	131	235
92	137	190	215	5	118	46	31	157	145	22	49	38	71	73	14	41	237	177	159	138	124	213	160	207	163	196	80	175	24	23	82	65	76	180	20	127	16	178	55	203	28	69	51	106	97	15	130	68	125
161	232	220	96	17	99	34	47	221	219	191	146	110	21	228	88	48	173	135	132	84	105	10	72	136	54	182	98	185	100	3	114	91	87	85	234	156	61	199	29	200	19	202	209	195	0	115	86	140	1
133	230	26	201	109	116	212	128	167	218	151	4	227	95	40	126	214	144	58	210	153	56	74	164	2	222	107	166	121	70	81	165	111	103	134	168	189	25	77	141	179	60	0	80	204	87	88	136	156	173
95	60	35	150	110	201	226	112	45	43	81	103	70	240	161	131	157	142	236	191	199	46	220	185	28	77	205	78	17	109	204	19	11	152	213	182	67	198	189	97	175	134	145	238	147	197	154	4	63	183
48	27	127	65	22	86	74	174	18	101	166	115	61	237	14	56	215	2	139	219	62	137	7	209	94	218	156	159	130	200	80	10	129	229	29	87	99	173	144	180	235	195	119	148	49	167	187	16	155	96
221	225	42	5	230	36	3	214	85	68	53	98	72	83	1	184	69	125	114	64	47	71	59	54	228	194	168	138	210	102	50	149	128	52	40	92	190	117	233	39	133	171	241	224	15	55	227	89	179	222
124	211	121	162	51	132	126	143	108	0	165	12	38	113	26	66	76	116	239	100	217	223	164	58	153	203	13	136	193	107	232	106	73	120	176	216	84	105	118	234	192	170	207	141	44	21	181	163	196	177
206	75	8	122	33	88	90	91	186	104	172	24	82	9	212	23	208	135	178	57	31	79	140	160	41	231	169	158	111	123	188	151	34	20	6	93	25	37	146	30	32	202	7	31	233	238	147	30	70	210
101	74	92	159	117	178	48	218	91	61	102	130	230	207	181	157	191	200	75	116	62	58	98	26	39	35	170	41	209	10	27	204	169	132	100	190	18	144	111	50	93	161	216	76	143	163	95	113	52	121
231	78	184	90	152	221	21	77	180	64	173	236	227	36	193	174	70	189	68	97	122	43	14	31	192	79	22	44	137	3	182	145	108	197	114	149	241	11	188	134	104	115	233	47	147	81	32	167	128	232
42	153	185	59	28	135	60	55	103	177	56	29	19	176	148	162	195	57	123	88	151	66	219	86	155	67	37	214	125	0	112	94	156	136	9	2	228	172	187	126	109	99	208	5	235	179	34	17	206	89
45	65	72	168	240	87	164	120	73	107	16	165	211	23	71	24	212	220	205	46	210	4	38	106	85	213	12	15	82	237	217	138	40	166	83	183	96	160	33	20	80	196	171	140	141	49	234	30	1	154
225	129	201	69	131	146	150	8	186	203	215	199	238	224	202	124	222	118	25	119	51	194	110	54	229	142	133	198	226	63	84	105	175	239	127	13	139	53	7	158	223	6	70	75	8	125	234	17	49	76
16	133	218	186	114	110	105	219	51	157	33	181	209	95	113	216	130	215	240	162	131	42	178	200	208	151	106	49	158	141	230	55	134	47	152	136	193	96	202	116	100	156	139	87	103	165	140	191	148	207
166	97	239	119	68	60	117	168	24	188	236	25	206	75	104	74	122	112	90	232	80	210	132	13	189	129	169	56	222	17	8	14	228	65	5	29	82	128	163	226	91	234	94	183	53	48	211	11	174	18
4	111	143	78	150	204	43	58	41	89	57	147	223	217	145	177	175	61	173	160	213	86	76	231	92	198	45	121	32	31	93	182	115	83	233	107	69	124	170	23	20	109	161	39	154	62	125	164	176	108
77	21	6	36	137	196	0	237	1	184	144	19	22	185	135	227	203	194	27	241	35	28	98	123	238	50	63	187	37	40	192	85	201	171	34	180	7	44	64	26	153	120	212	224	126	72	146	54	220	197
179	67	195	2	199	30	190	102	155	12	142	167	66	88	149	15	70	138	84	221	225	52	127	172	101	99	79	10	71	38	214	205	235	59	159	9	46	81	3	73	229	118	0	23	105	156	142	37	241	231
229	210	130	146	63	219	191	160	143	230	188	127	16	221	162	225	29	38	40	37	138	45	128	107	8	17	91	92	136	190	82	239	185	173	53	5	144	52	20	214	148	198	177	66	28	232	19	181	7	27
226	165	67	196	169	126	236	228	155	168	120	140	89	118	139	83	88	56	94	2	192	109	90	81	145	172	102	113	104	106	70	199	119	142	159	0	163	34	137	60	31	24	203	44	105	55	57	183	23	227
224	124	65	59	171	26	47	58	123	215	116	233	133	30	153	211	87	206	84	80	95	121	213	85	193	15	42	197	122	22	202	6	1	114	97	179	167	241	99	134	54	4	158	164	212	35	141	176	93	77
156	33	182	161	149	48	178	207	25	216	209	237	187	36	96	12	220	223	62	157	98	205	170	115	195	186	100	101	46	200	235	79	218	18	76	111	49	43	110	73	174	71	39	103	238	147	9	108	204	175
61	240	151	189	152	64	11	222	180	129	208	10	3	131	72	135	14	150	231	50	41	68	75	74	234	69	132	125	166	86	13	184	117	154	201	217	112	32	51	194	78	21	35	124	24	6	170	72	186	102
133	152	204	217	104	195	41	79	5	77	29	181	166	124	175	108	113	99	43	162	220	87	105	60	170	215	126	145	192	224	235	6	24	156	54	7	71	149	239	20	163	174	144	109	88	141	26	150	179	234
203	210	154	117	23	219	4	139	191	147	67	196	212	178	140	130	59	75	213	10	46	202	31	142	167	153	148	83	129	138	118	18	238	201	193	184	125	19	16	64	49	11	8	94	173	39	17	232	112	56
240	216	3	119	157	2	48	63	36	176	136	68	101	114	69	200	225	228	188	143	106	146	116	218	103	33	236	27	160	89	164	186	42	127	221	15	58	93	233	47	14	74	65	158	97	199	55	91	92	62
25	209	185	134	30	22	37	76	61	90	231	1	80	50	12	208	182	28	66	207	128	35	45	70	187	53	226	72	131	177	161	180	241	38	51	222	168	190	214	107	73	44	86	34	227	57	78	197	120	223
151	122	96	183	9	40	100	84	172	237	81	21	111	165	159	155	194	0	82	230	13	135	52	206	169	121	110	211	98	102	123	85	115	95	205	132	229	189	171	198	32	137	73	138	43	72	79	178	127	82
102	179	240	154	199	196	49	125	32	109	69	20	94	4	237	141	99	84	58	148	155	170	188	137	229	174	202	54	52	147	160	114	108	13	76	200	95	220	184	115	136	176	209	230	219	149	159	123	67	193
157	222	11	227	134	197	139	16	225	187	42	103	33	133	171	7	238	44	106	198	233	107	129	232	135	10	47	185	91	2	24	116	12	161	90	98	41	205	146	206	82	38	17	59	70	201	101	156	130	112
105	144	0	236	18	85	53	55	119	221	80	182	50	177	142	226	175	158	213	14	83	172	86	194	231	62	145	140	51	178	224	110	122	36	150	73	111	60	89	88	162	215	1	120	28	234	31	132	127	118
173	166	152	190	61	19	29	168	26	181	235	93	180	71	210	138	124	63	9	37	143	27	6	104	186	96	217	21	79	169	126	46	56	151	43	57	153	164	165	216	66	239	65	5	191	15	189	113	25	208
195	81	23	78	45	207	163	8	30	77	204	48	192	68	100	183	131	117	64	40	92	87	241	167	75	34	228	214	3	223	212	218	128	39	211	72	35	203	97	121	74	22	141	145	232	52	236	20	169	5
75	4	133	9	236	93	222	166	195	47	218	23	22	156	191	91	120	232	179	239	64	211	115	52	30	208	1	80	229	114	82	138	164	150	165	153	202	221	134	213	121	183	7	119	189	41	70	20	215	11
102	95	104	81	73	168	109	172	214	53	78	67	50	63	203	88	85	98	224	158	234	42	10	48	35	237	227	116	59	43	6	200	176	146	106	90	230	217	206	187	31	39	19	12	207	148	135	155	110	194
174	157	132	141	54	3	84	69	108	83	29	142	136	162	197	105	21	223	137	170	46	17	37	201	25	45	160	94	2	111	143	181	139	96	204	18	226	152	49	71	167	186	184	199	92	205	99	228	216	144
0	28	231	147	34	57	173	192	14	131	65	44	117	8	97	220	26	72	235	219	151	149	33	212	241	123	27	175	51	77	128	180	24	103	76	60	32	13	74	188	79	56	225	161	122	171	159	62	238	101
178	145	198	5	107	163	129	127	118	55	113	177	58	126	66	182	130	154	38	61	89	112	36	68	87	40	100	169	125	86	196	233	190	140	15	240	16	209	185	210	124	193	105	3	212	79	200	177	65	191
178	148	216	175	231	58	145	95	28	123	119	66	207	214	108	138	75	159	133	219	197	234	33	101	129	68	31	79	158	57	171	189	229	226	49	71	181	100	6	99	220	201	104	16	121	172	161	157	37	146
48	29	200	163	208	83	174	9	125	74	43	198	65	116	143	166	25	69	0	82	164	54	110	70	228	184	2	44	107	205	115	27	76	152	84	240	182	103	40	131	50	98	136	118	46	21	230	91	128	87
196	11	94	126	211	141	67	140	192	8	3	204	185	26	77	150	24	195	169	120	97	227	85	88	149	183	92	233	109	80	5	62	168	160	96	72	61	206	239	1	238	173	12	47	53	139	41	42	170	122
188	224	203	105	191	222	156	162	127	186	142	135	153	10	64	223	147	59	232	63	210	106	209	241	73	124	151	155	30	102	221	32	78	38	137	236	167	4	212	190	18	51	15	202	144	112	165	117	187	113
217	111	154	93	36	20	176	225	13	194	86	81	39	218	55	199	132	89	177	90	60	56	7	22	213	14	19	179	35	34	235	23	193	52	114	180	134	237	215	130	17	45	221	52	14	63	26	144	151	34
107	151	8	180	19	62	139	53	181	186	84	216	61	168	162	27	217	4	87	82	122	30	164	100	201	38	81	60	117	59	210	22	0	31	123	153	101	103	46	18	185	118	86	65	91	163	128	63	152	56
157	115	197	37	227	184	130	80	33	72	154	64	199	52	17	57	89	70	114	21	39	177	132	74	35	183	108	99	150	169	235	98	233	220	141	224	213	9	161	67	2	198	187	193	93	147	200	143	3	104
146	102	106	105	79	202	167	196	49	211	29	190	95	12	34	120	228	173	124	97	6	125	222	236	42	90	237	160	110	50	10	205	229	51	1	24	135	214	96	140	83	13	44	176	77	192	144	26	48	239
