0,1,1,0
208	97	114	6	126	52	167	131	80	187	218	267	351	102	43	56	230	186	257	349	310	300	192	1	225	47	343	164	307	154	152	184	222	339	315	240	322	183	105	121	12	341	311	306	229	277	65	195	119	260
26	181	78	174	27	329	270	338	64	193	166	24	245	163	98	76	326	130	347	69	100	113	151	34	87	57	340	259	204	215	223	29	92	70	88	17	110	189	285	170	25	111	330	226	20	59	146	37	147	255
210	327	253	211	188	287	138	199	139	247	191	157	36	10	61	81	124	261	319	337	358	282	148	357	175	35	228	295	19	108	5	275	198	104	142	60	21	299	106	127	49	205	58	75	262	348	212	38	274	219
301	241	132	242	273	68	269	0	50	197	172	297	55	298	346	236	83	249	173	258	63	129	305	314	281	194	86	207	160	46	227	162	308	176	84	304	196	333	238	2	137	217	317	116	120	331	180	202	276	32
293	7	9	103	91	39	28	355	303	266	169	335	252	263	206	153	354	30	109	318	72	213	136	302	264	231	101	168	350	224	316	171	251	161	149	325	279	214	115	309	324	352	117	48	107	328	296	288	82	155
99	95	190	67	66	96	22	254	244	280	159	278	144	209	90	41	233	294	53	178	334	332	51	14	291	272	3	23	128	165	201	45	235	237	42	232	79	185	342	220	268	112	11	150	234	85	246	134	143	271
290	182	312	4	133	44	250	289	284	203	135	145	71	118	323	356	216	74	353	248	94	336	93	18	283	292	313	31	321	140	89	158	286	141	243	13	77	345	179	177	200	33	62	122	344	54	239	16	40	256
73	8	221	156	123	320	15	125	265	137	226	181	177	233	344	234	332	64	163	45	191	298	180	124	294	74	271	145	223	228	270	75	316	297	18	43	201	103	161	239	27	353	94	335	79	280	257	120	49	272
281	60	271	64	148	17	11	278	306	254	211	308	94	189	74	291	282	29	166	125	331	43	344	220	243	22	131	63	349	2	173	354	213	102	338	86	196	307	343	124	109	261	305	121	340	18	209	98	276	83
239	186	128	180	242	67	210	61	218	288	339	47	270	127	207	108	50	191	317	157	326	177	353	40	27	188	16	351	169	323	139	318	103	145	35	337	234	303	290	89	136	152	255	56	253	129	55	119	4	162
15	0	268	358	96	319	69	38	26	80	346	113	298	330	309	81	52	273	7	310	302	179	58	71	87	172	174	112	13	107	168	106	257	120	313	84	105	250	264	161	265	44	342	269	217	230	325	334	222	214
91	104	24	82	329	283	256	279	31	219	266	160	348	167	158	267	123	203	327	244	6	228	25	247	146	215	32	259	90	36	314	227	133	78	159	226	347	143	95	28	153	185	41	336	164	260	165	155	59	208
198	122	296	151	101	150	140	183	289	225	70	154	79	46	252	30	205	75	321	212	263	190	88	345	224	142	304	352	93	1	236	251	241	73	232	280	223	275	299	272	249	99	286	10	20	341	3	315	333	284
274	335	178	126	320	45	322	233	332	237	206	53	51	132	170	301	195	111	171	149	141	68	295	231	350	147	238	100	144	355	197	138	134	23	54	187	62	92	200	135	324	245	202	115	258	19	175	328	300	130
311	216	176	114	356	97	181	65	357	277	262	292	246	297	293	37	184	72	5	12	285	137	199	85	163	201	204	34	156	9	76	235	14	248	33	116	42	39	287	240	312	193	21	182	77	8	66	229	192	316
118	194	294	117	48	57	221	49	110	150	338	77	101	35	301	246	15	331	265	145	264	185	74	117	66	313	258	56	70	311	323	240	166	353	63	85	125	44	163	257	345	116	95	299	231	296	213	92	89	317
8	234	294	179	49	113	147	314	329	35	258	145	10	36	282	67	232	14	339	180	253	26	77	277	235	299	174	207	233	351	312	127	165	293	305	55	105	307	325	208	54	185	284	246	352	331	333	240	42	158
121	311	66	336	348	247	248	75	261	257	72	58	259	115	110	199	326	134	296	297	96	177	130	31	97	195	37	50	39	183	304	328	173	211	349	230	334	209	150	25	95	267	3	108	306	358	206	76	60	88
287	292	176	181	201	252	116	163	138	141	285	41	190	191	29	119	281	120	117	321	149	245	103	356	213	264	61	189	144	239	355	186	182	164	210	286	111	123	64	202	162	19	342	4	302	295	198	242	320	250
354	289	153	160	20	244	270	69	167	303	196	274	45	129	278	27	172	81	84	80	30	128	175	12	283	276	156	169	74	203	335	340	79	139	47	262	56	24	48	90	78	217	43	136	0	192	346	236	155	1
102	52	265	184	219	263	63	62	140	18	205	308	343	221	152	300	22	197	151	92	298	204	226	33	279	357	94	220	254	122	237	21	44	70	238	337	288	100	143	93	269	101	114	344	148	341	212	68	104	229
338	266	99	317	142	159	132	91	225	214	131	168	59	291	6	11	161	324	223	137	28	323	98	17	32	243	255	135	187	313	188	15	316	275	350	57	290	216	318	194	86	215	125	256	218	112	322	133	327	9
353	2	345	272	126	109	5	13	53	231	34	227	273	315	89	301	157	171	65	146	310	87	330	73	107	16	332	178	154	23	71	193	280	200	7	170	347	249	51	46	124	222	260	224	251	38	106	241	85	319
268	271	82	309	118	228	40	166	83	300	200	276	243	114	80	235	231	325	358	152	163	176	345	194	208	283	148	49	281	184	13	132	225	321	175	218	166	105	174	110	76	22	145	86	193	211	51	262	250	350
107	233	53	235	140	81	300	266	84	16	310	17	38	296	40	139	283	274	136	228	343	88	8	124	176	162	145	171	179	29	137	185	247	205	354	52	335	63	105	206	37	232	224	127	225	67	5	215	358	20
89	200	346	45	239	159	128	28	219	267	341	90	286	178	27	243	102	319	301	330	317	109	324	197	66	312	188	56	295	2	204	126	104	265	210	246	345	30	120	82	273	241	355	186	80	161	348	0	281	34
94	144	92	60	31	24	238	293	229	55	57	329	314	133	304	227	119	250	65	272	181	106	356	47	58	85	142	344	156	87	95	121	347	15	42	122	277	351	6	292	114	97	190	183	256	99	134	54	278	169
173	226	35	141	306	350	263	163	340	253	168	149	48	216	220	25	230	222	328	165	199	182	36	322	167	12	234	237	268	157	98	218	170	264	115	332	198	100	101	298	213	231	79	333	196	18	76	111	279	43
110	73	174	71	325	315	252	147	9	108	311	175	207	61	259	151	189	152	64	320	236	280	129	208	211	10	3	342	284	260	14	323	245	50	294	336	327	74	248	290	132	125	166	275	13	338	257	154	201	217
270	32	353	194	321	254	291	117	49	255	285	23	155	77	177	262	244	276	62	316	112	261	59	123	193	86	19	22	352	331	180	172	68	221	303	302	7	33	160	287	307	21	1	44	41	308	83	26	326	202
357	91	135	334	214	288	187	69	209	297	148	249	130	11	271	103	299	305	192	223	313	349	96	150	191	39	46	75	251	195	146	258	212	337	72	240	282	318	339	184	289	203	131	153	269	118	164	138	242	78
93	158	4	51	113	70	309	116	143	272	163	335	18	74	29	149	185	4	322	136	213	209	11	268	202	176	143	93	259	245	227	250	341	181	24	2	133	305	162	353	166	177	59	174	285	345	152	219	203	138
334	79	66	268	15	181	336	240	101	134	5	113	126	157	104	88	92	106	335	35	3	111	43	73	330	138	283	122	150	304	42	289	295	128	89	93	30	294	180	91	224	51	80	72	99	164	58	14	32	183
159	59	120	129	266	77	12	25	27	140	56	329	264	87	307	271	261	155	276	97	215	57	1	107	285	172	118	256	18	54	277	347	235	236	218	306	223	124	323	252	279	207	193	13	168	303	226	85	318	202
227	17	292	136	173	346	195	199	84	345	327	46	198	309	112	233	75	44	160	171	23	260	103	208	147	121	65	239	130	74	355	127	272	167	154	259	117	37	176	284	342	21	286	275	68	139	179	225	143	316
325	108	69	219	137	182	41	105	197	296	237	338	290	29	222	165	38	9	317	110	201	100	244	178	328	331	217	151	350	293	123	206	221	200	188	49	115	52	94	291	322	300	340	299	133	7	301	10	210	353
141	297	243	337	238	53	161	269	83	274	33	169	194	257	344	216	114	313	229	314	263	187	185	231	320	302	214	62	298	132	20	352	265	310	145	119	253	351	142	247	96	76	339	196	63	234	95	358	258	278
262	282	47	22	26	0	170	341	6	333	61	308	67	349	24	255	40	116	280	254	135	248	242	281	81	232	251	82	98	86	245	250	241	166	36	228	246	205	211	60	34	184	28	267	152	326	71	209	220	148
230	190	203	16	50	90	153	287	102	332	158	213	354	4	175	270	249	315	45	125	78	109	174	273	31	321	156	8	311	64	343	177	146	163	212	55	162	19	144	192	305	11	70	39	319	348	312	288	149	131
189	204	2	48	191	356	186	324	357	254	140	132	218	37	99	330	93	200	158	22	20	280	323	244	160	358	52	77	74	298	278	105	335	260	290	268	250	286	235	49	339	101	190	340	226	238	146	357	212	215
83	120	197	255	88	30	306	234	299	98	69	205	244	301	243	4	82	56	180	152	338	134	238	320	36	219	45	119	132	22	281	240	114	80	181	232	179	64	307	224	260	278	256	91	333	110	102	235	283	1
113	168	52	85	142	345	42	277	297	194	188	295	9	344	222	50	303	155	10	275	312	313	353	176	70	319	242	109	23	133	214	276	20	206	95	160	201	346	287	314	262	189	75	183	254	148	192	103	248	263
78	150	93	17	47	246	7	252	35	343	266	170	141	257	54	335	106	143	237	258	331	286	48	25	311	290	191	53	250	29	273	185	239	158	259	264	204	73	90	121	138	164	279	59	43	6	251	310	340	31
39	19	12	159	115	146	347	166	342	126	37	332	3	127	316	315	157	202	317	174	62	321	122	21	291	253	46	271	348	136	153	330	225	94	2	111	156	203	128	351	139	241	96	274	18	100	349	358	71	236
261	296	354	270	172	329	280	99	294	285	144	227	0	28	298	147	34	165	336	247	293	186	322	14	131	65	325	200	173	309	8	97	289	220	26	284	72	233	300	288	151	149	207	355	302	282	267	245	178	337
123	27	175	213	212	51	77	24	60	216	193	32	215	229	341	327	79	161	171	211	101	324	198	5	107	163	129	118	221	55	230	177	58	66	182	130	154	328	61	89	231	68	87	40	125	86	196	190	334	15
304	16	326	350	124	249	167	292	265	117	305	323	63	339	308	108	84	195	356	162	41	105	208	187	145	44	209	74	38	92	228	112	269	81	140	352	57	184	135	226	13	223	104	268	318	357	67	218	217	199
210	272	11	137	76	33	116	169	49	239	356	183	66	224	16	174	101	29	99	222	140	74	350	157	293	166	319	9	316	198	326	148	129	264	262	54	189	143	126	182	108	85	87	43	204	120	244	287	138	6
194	97	185	35	189	125	180	315	136	176	81	63	265	273	34	46	227	157	22	166	217	352	339	358	16	276	65	70	85	250	301	10	104	328	26	241	290	300	246	42	107	240	170	90	126	145	278	334	75	25
343	150	286	31	14	270	2	37	327	190	160	40	108	38	205	120	153	76	215	280	269	17	267	202	221	295	79	306	302	354	23	83	181	101	20	13	313	201	36	134	349	165	133	9	52	326	247	143	325	124
87	236	123	220	54	294	323	310	335	192	7	30	135	268	318	249	186	178	148	320	140	283	152	18	331	159	149	206	197	49	67	154	5	74	55	139	261	44	86	69	235	348	89	311	279	58	93	88	60	187
1	167	121	175	193	164	72	355	223	191	43	282	51	156	342	50	105	207	216	351	182	57	340	245	48	138	350	144	117	198	147	41	203	226	6	127	118	251	338	163	274	171	222	39	307	155	296	305	56	161
292	259	319	12	254	3	95	19	248	94	98	304	82	255	128	243	288	53	142	238	172	281	229	297	257	61	11	92	137	27	29	225	209	100	314	218	344	146	244	66	15	289	151	252	298	199	234	346	132	353
263	219	312	169	173	28	309	264	111	204	8	242	110	317	330	102	322	233	258	239	303	91	122	47	337	158	106	237	78	0	271	71	112	45	212	208	68	33	195	188	113	129	200	62	24	116	115	131	266	59
228	177	347	293	103	285	260	230	333	119	291	341	210	130	184	109	183	321	80	196	272	287	73	357	232	284	64	277	308	21	231	141	332	213	179	253	99	211	299	4	256	345	84	329	162	114	32	316	174	168
275	96	77	224	214	262	324	336	356	267	115	171	341	231	96	352	116	85	289	80	21	243	51	122	248	110	246	127	337	258	158	133	205	213	57	194	87	159	347	291	48	109	29	15	266	200	318	114	186	226
347	36	88	267	296	203	275	109	193	83	322	17	129	31	51	56	119	356	185	208	231	284	315	169	106	198	281	252	98	138	9	77	2	337	58	124	328	145	310	353	313	295	66	133	84	61	148	264	8	224
16	187	99	266	357	241	341	46	140	44	186	48	318	277	78	112	270	288	330	220	12	43	150	339	226	204	165	289	352	301	115	90	271	32	80	161	180	302	97	120	134	127	219	192	29	81	53	230	197	87
189	222	195	248	319	49	297	326	355	3	100	35	158	332	65	282	141	20	170	113	279	130	280	104	317	327	268	228	162	299	0	221	298	34	163	45	254	24	60	152	329	300	304	312	166	247	91	168	155	118
233	14	75	209	159	167	63	137	324	95	321	229	348	303	181	334	350	76	191	325	340	291	232	274	259	157	358	354	257	13	258	173	5	194	309	333	108	93	94	236	213	154	26	160	239	336	142	200	256	103
174	217	294	64	314	176	147	39	15	21	131	345	50	30	206	114	287	183	19	117	272	92	70	144	33	225	196	316	1	238	111	123	82	89	172	212	190	184	4	105	253	223	344	262	227	71	188	28	101	47
273	346	244	135	243	6	261	164	102	263	179	331	323	242	278	237	156	11	182	342	177	18	276	308	38	86	235	153	210	23	74	214	218	249	269	10	37	199	338	121	293	55	311	110	260	59	22	126	305	116
79	41	132	136	351	128	290	52	40	72	25	211	292	240	216	246	62	149	207	234	107	255	73	283	175	178	122	320	7	27	151	67	306	69	343	202	250	201	171	215	286	146	54	68	265	139	57	125	96	307
285	205	42	245	349	251	85	335	143	193	7	169	231	63	174	346	199	247	58	160	110	342	352	47	341	115	4	349	202	30	298	197	217	168	354	129	292	345	78	307	321	136	9	25	72	355	53	177	233	117