0,0
164	176	272	113	47	43	25	250	26	235	274	148	262	154	211	149	178	100	170	244	157	209	194	98	261	35	220	24	92	64	197	19	127	119	10	111	105	195	181	56	199	59	187	191	252	279	87	231	130	234
21	80	254	171	61	225	49	60	173	163	132	147	184	155	267	20	38	166	190	78	228	180	121	188	0	207	114	255	6	55	210	142	37	83	249	131	152	63	1	275	193	236	192	69	58	86	206	126	46	271
224	196	175	204	183	247	5	238	75	257	106	102	253	2	161	120	240	116	229	70	138	68	76	52	129	186	32	172	7	9	103	91	39	226	258	219	259	277	167	109	72	136	218	169	162	273	241	227	115	117
48	107	246	264	213	99	95	67	66	223	22	124	101	159	189	144	230	30	201	90	41	81	160	263	110	153	53	17	198	51	14	202	82	84	270	29	3	23	146	128	165	168	45	215	97	251	42	214	79	185
266	12	112	11	245	85	134	143	222	205	237	104	34	182	108	50	217	232	233	4	133	44	269	96	212	280	28	203	135	174	145	242	88	71	118	208	248	278	137	216	74	276	139	94	151	150	260	93	18	27
36	57	31	65	140	89	158	141	243	13	77	268	179	177	200	33	62	122	54	239	16	40	256	73	8	221	156	123	15	125	265	262	167	171	221	146	217	42	102	47	107	68	85	257	192	204	244	232	272	235
194	91	235	11	248	209	237	88	181	44	271	70	27	61	257	203	124	189	176	206	253	52	239	86	81	25	85	148	153	227	241	208	258	167	168	280	137	261	43	17	151	171	51	211	109	252	104	195	129	251
45	191	217	222	134	273	242	244	138	68	204	113	139	50	187	218	121	29	154	130	34	28	212	92	149	263	106	259	190	114	185	156	270	54	77	8	231	64	89	232	230	266	48	131	93	49	144	107	146	32
236	73	105	250	173	55	229	267	152	188	255	38	223	62	31	143	74	58	238	162	136	150	75	192	196	18	140	118	180	94	228	57	234	117	95	79	63	226	268	155	264	101	116	15	119	19	41	83	163	279
96	69	39	178	197	174	214	100	219	80	12	84	160	247	42	157	122	135	0	177	35	213	249	221	37	4	103	172	30	59	99	78	132	87	36	224	274	256	125	23	108	2	193	175	40	240	202	72	90	22
161	275	225	207	243	246	120	260	233	26	7	141	205	179	262	1	145	183	5	102	66	110	215	164	245	269	216	128	170	33	126	127	60	10	123	13	184	53	198	199	67	158	6	254	165	56	9	210	20	220
16	278	142	133	265	46	159	47	97	112	166	71	201	14	169	98	111	277	147	182	21	115	24	82	65	186	76	3	276	272	200	22	172	149	114	192	258	171	117	162	204	256	96	48	11	43	19	124	17	279
7	31	151	143	262	30	214	144	197	249	225	166	81	201	109	252	113	86	181	237	236	206	17	95	26	119	125	106	90	27	175	240	196	261	4	221	224	66	223	218	56	105	244	135	85	124	99	111	176	271
70	77	220	16	152	229	235	230	123	45	108	269	74	210	96	256	65	1	264	247	115	107	102	195	62	274	87	53	182	126	41	150	278	184	267	80	191	52	92	22	82	194	71	58	89	133	162	20	190	140
35	203	198	246	136	173	116	6	55	36	131	253	180	117	226	245	59	145	257	67	215	98	120	101	213	48	248	128	79	168	42	234	185	263	94	43	148	38	268	228	19	231	232	146	112	114	186	11	212	158
73	260	5	50	217	75	149	18	93	241	193	209	250	222	21	2	34	159	32	219	33	273	207	153	57	165	127	49	23	239	118	61	163	84	164	178	270	189	276	183	0	25	132	39	141	251	10	130	167	205
12	265	78	179	142	103	44	161	202	155	277	187	9	238	72	88	258	129	110	134	8	255	199	266	204	211	138	233	243	279	154	254	64	169	76	14	216	63	121	177	280	170	54	227	69	91	29	139	171	15
28	188	97	147	68	46	157	13	37	122	172	200	242	192	174	275	51	160	47	156	3	208	83	137	60	259	272	104	24	40	100	79	259	155	66	153	210	179	78	156	35	60	257	162	55	231	39	25	116	242
54	36	183	69	225	202	142	49	92	265	152	155	172	259	184	160	53	20	276	104	43	134	17	145	129	132	16	102	227	32	42	76	205	63	28	41	193	188	47	68	219	261	80	112	40	26	170	57	37	8
126	110	35	99	264	209	85	174	72	7	30	163	147	27	230	119	39	253	262	187	138	94	175	114	180	115	71	166	77	133	182	210	9	46	81	3	73	34	212	200	240	55	279	215	75	105	93	67	151	207
128	238	257	33	221	130	0	159	258	177	58	21	201	66	52	140	4	124	228	14	136	137	271	237	157	96	100	74	245	161	190	222	248	234	146	158	139	274	70	196	10	194	13	98	224	89	62	242	23	153
197	111	125	83	44	90	154	78	198	127	173	260	233	229	249	15	269	91	266	19	243	141	251	144	176	199	178	97	2	223	256	118	59	168	84	117	244	239	203	255	254	195	226	107	120	186	79	82	185	273
1	106	108	48	149	208	272	247	268	56	31	216	109	116	171	270	165	50	250	167	11	189	148	12	214	181	162	22	252	135	241	18	179	218	95	217	231	232	25	246	277	121	131	192	5	122	211	191	204	280
101	60	88	113	150	278	156	169	206	65	29	263	143	87	51	103	220	6	61	38	213	236	24	86	164	123	235	64	267	45	275	54	137	197	262	98	152	67	28	81	37	238	0	143	77	211	114	79	21	232
128	141	20	29	17	185	38	60	161	228	8	231	113	254	53	82	89	138	90	218	251	118	190	119	169	191	88	163	121	179	37	106	183	97	63	242	27	220	277	188	197	67	164	162	158	52	66	70	84	16
142	189	0	136	34	102	170	114	94	107	24	229	215	159	55	124	153	208	144	256	65	230	143	264	47	236	95	195	263	30	126	176	173	80	268	15	42	109	233	122	235	120	259	85	28	149	56	140	267	92
246	99	40	192	216	54	241	31	139	248	223	279	210	237	146	93	87	213	45	145	104	133	243	255	57	167	134	225	48	275	232	25	181	175	198	157	36	96	12	200	272	224	212	276	115	156	100	244	265	168
182	79	196	222	76	111	206	217	110	73	71	39	280	199	147	9	108	171	61	201	151	152	64	278	186	129	10	3	131	234	207	14	150	50	219	250	75	74	257	132	247	166	238	203	184	204	154	227	32	211
194	78	258	13	117	165	49	253	23	155	35	51	98	77	177	260	6	43	105	261	239	81	18	226	62	266	137	112	5	205	59	262	174	240	252	123	58	193	86	19	22	4	2	180	101	127	245	125	178	172
68	221	270	269	7	33	160	273	21	1	44	41	274	83	26	46	202	116	91	135	72	214	187	69	209	148	249	130	11	271	103	106	102	239	96	109	6	24	144	125	120	79	72	104	74	186	2	62	29	32
77	203	29	164	113	112	5	132	156	146	274	133	88	251	275	9	192	184	79	242	148	130	216	254	160	116	173	149	269	87	108	270	33	181	41	227	223	212	26	221	174	167	153	83	121	138	6	252	117	3
267	210	124	224	115	250	40	215	193	166	0	94	211	264	185	43	265	13	7	217	225	36	232	60	249	96	172	54	67	145	104	268	139	141	24	213	71	260	118	152	20	279	190	262	16	207	277	222	187	201
220	129	18	195	228	23	143	99	4	175	246	126	255	122	150	119	176	163	114	59	259	248	253	144	10	109	75	46	17	31	178	157	8	140	64	142	154	19	49	11	263	219	39	63	105	56	280	234	2	48
125	68	101	69	158	98	179	106	257	103	27	202	89	236	229	136	42	127	239	170	15	271	58	93	95	47	14	74	65	199	97	162	266	55	147	151	91	92	230	278	62	25	244	272	134	30	22	37	76	61
243	90	85	1	188	80	186	50	12	218	231	204	235	28	66	84	128	35	45	70	200	240	53	273	182	72	131	177	161	214	180	137	38	51	241	196	208	237	52	168	245	226	159	191	107	73	44	86	209	34
261	247	57	78	197	120	258	183	100	189	81	21	111	165	155	194	256	82	276	135	206	169	238	110	233	102	123	205	171	198	32	102	80	185	47	51	205	20	233	76	60	154	150	125	258	18	270	64	167	43
136	91	128	167	185	272	177	133	43	251	229	246	244	49	207	263	159	190	238	15	40	115	85	174	249	144	201	215	99	151	209	109	139	189	16	137	250	74	81	242	22	45	160	276	165	119	113	148	53	253
76	203	232	20	235	37	170	84	65	52	280	19	101	228	117	72	241	1	60	114	4	54	154	46	100	252	168	248	123	105	56	173	240	264	32	226	188	198	205	179	30	176	93	25	132	256	41	108	278	239
155	218	86	273	262	89	180	23	158	135	274	237	193	78	258	42	140	77	221	172	211	66	69	138	47	147	98	163	63	210	24	164	255	222	267	102	208	197	171	141	247	55	225	58	224	33	14	13	6	182
145	71	3	95	90	265	204	254	259	127	196	212	5	73	150	11	186	216	21	200	34	106	161	27	67	7	157	82	44	153	94	39	92	220	130	243	10	175	57	38	2	271	107	217	12	103	59	206	169	8
268	199	166	17	187	269	97	70	28	125	277	245	178	156	0	35	18	213	181	112	183	234	87	80	184	50	270	149	116	129	131	96	279	68	142	83	134	214	121	64	62	266	260	51	79	75	231	219	110	162
122	36	194	191	104	146	143	111	88	261	126	202	195	257	120	223	48	236	31	118	124	152	192	233	61	275	230	29	9	26	227	153	64	22	275	111	119	261	191	132	225	227	94	115	47	144	42	170	181	143
252	3	203	79	204	179	65	150	15	81	97	224	70	135	184	141	26	80	111	20	121	259	49	239	254	91	154	12	56	171	120	242	197	50	215	226	196	101	264	223	205	68	162	153	39	228	17	185	40	269
164	117	116	114	245	58	71	66	22	48	165	146	32	28	54	158	34	125	104	42	272	88	16	108	220	195	231	4	62	129	192	93	33	261	253	243	257	89	190	216	140	18	169	193	143	212	156	271	222	8
255	36	67	99	30	278	240	126	176	23	214	77	277	266	61	82	31	275	60	211	235	100	92	86	85	109	63	177	213	84	90	134	113	44	136	258	131	73	206	127	267	219	94	7	38	173	69	147	241	75
83	161	119	19	122	237	123	233	41	225	268	64	180	14	159	55	45	144	247	218	189	188	87	229	238	246	21	133	167	132	11	250	106	163	5	98	262	148	174	170	256	76	142	207	155	137	200	118	107	227
276	217	6	51	202	194	208	149	186	53	183	244	157	209	249	201	280	279	59	168	236	96	274	57	263	24	128	230	248	1	152	260	52	265	251	138	124	234	232	139	210	25	110	9	270	145	198	178	43	27
103	10	105	102	181	191	172	112	95	46	151	175	2	29	13	37	72	166	74	130	199	0	78	221	273	47	160	115	35	182	187	280	69	276	230	49	11	218	128	117	191	9	54	171	261	143	245	133	84	181
34	2	101	120	108	35	79	125	208	165	154	175	22	141	65	116	219	216	190	211	266	63	130	133	149	260	162	239	77	76	264	99	184	205	4	278	68	135	129	16	224	10	134	214	107	122	104	174	136	198
164	30	100	145	176	42	81	235	181	46	26	64	9	62	257	202	70	272	178	240	25	15	47	206	191	236	83	21	168	228	31	14	87	179	37	167	40	32	38	247	78	123	270	251	218	113	75	126	259	17
170	97	212	256	140	91	109	273	237	146	23	139	124	222	85	106	90	180	20	13	148	153	36	152	232	223	183	261	187	52	252	265	143	54	24	7	271	80	246	197	166	238	45	18	159	177	150	49	67	274
5	74	55	157	267	44	86	69	160	192	89	114	0	58	93	88	60	207	1	213	121	194	215	182	72	275	245	189	43	112	51	156	84	50	105	229	217	96	201	57	269	221	48	185	138	158	144	117	220	147
41	248	186	250	6	127	118	241	59	163	203	280	171	193	244	39	254	155	115	230	56	161	200	226	196	12	268	3	95	19	132	94	98	103	82	28	128	262	195	53	142	258	172	71	253	131	249	227	255	61
11	92	137	27	29	225	243	209	263	66	188	151	210	279	199	234	276	169	173	119	277	111	204	8	242	110	33	231	102	73	233	125	215	250	58	262	6	15	237	174	55	28	21	186	236	189	271	124	88	24
45	53	230	222	61	84	172	103	188	161	108	266	58	267	234	134	254	35	75	179	156	208	198	200	31	2	142	189	263	259	253	5	106	81	213	197	153	105	176	114	242	32	249	83	14	133	140	238	265	246
168	268	262	48	66	39	194	21	175	3	89	258	63	137	157	207	100	16	227	190	166	257	115	44	158	56	186	201	95	193	60	195	47	104	191	245	6	199	155	247	160	196	8	173	178	129	276	215	273	248
19	256	241	260	150	223	117	154	148	214	82	212	23	280	184	76	74	86	164	38	13	94	10	49	237	236	109	271	211	131	55	110	4	270	22	112	235	138	126	162	65	116	277	41	180	174	136	128	205	52
40	278	72	124	25	36	152	99	210	149	107	264	232	170	90	113	181	122	64	7	27	141	151	67	50	80	274	69	187	209	132	171	92	30	146	54	275	226	177	9	139	57	185	125	111	220	51	251	42	93
120	225	79	143	203	34	244	130	135	91	279	121	221	20	145	231	11	98	28	204	96	252	229	119	37	228	68	33	85	17	88	216	147	167	87	127	71	224	243	118	1	123	102	46	97	169	26	24	183	219
233	29	15	163	239	18	192	240	206	272	255	269	261	250	73	78	12	159	0	77	59	43	182	101	165	144	218	202	217	62	70	238	153	265	102	41	276	111	115	195	86	200	114	99	42	7	180	146	275	27
260	254	214	184	122	100	70	247	101	279	120	242	28	72	186	63	94	157	127	68	228	78	46	231	60	217	255	7	4	74	244	88	80	58	129	265	273	250	191	243	237	239	233	30	176	16	211	280	272	117
126	181	50	155	65	102	47	248	249	10	215	192	9	142	52	36	113	103	276	179	145	15	85	256	232	185	73	205	25	166	251	92	125	262	139	235	115	271	53	24	22	197	169	37	29	213	149	86	219	64
274	168	218	99	162	208	160	221	245	140	62	51	34	209	201	21	42	227	236	56	95	133	199	106	44	263	136	164	12	39	48	143	198	77	67	207	59	225	202	147	43	0	193	20	110	246	220	61	196	83
