0,0
184	98	129	159	26	111	35	47	237	117	168	182	58	222	196	83	136	167	215	78	155	181	207	63	60	195	205	142	24	69	91	19	211	191	201	173	178	59	68	55	103	154	160	132	20	138	5	119	76	146
216	49	1	2	194	61	10	147	56	46	6	131	212	209	52	70	174	124	202	7	239	39	121	166	229	120	204	144	25	116	171	72	227	165	87	224	109	43	170	21	152	37	199	75	188	127	187	102	172	190
99	95	149	67	66	169	22	38	235	226	101	193	225	180	238	233	198	114	203	90	41	80	105	81	32	130	106	48	110	53	17	148	51	14	185	82	84	230	29	3	23	128	45	162	97	192	42	161	79	214
12	112	11	186	85	134	143	163	208	104	34	108	50	223	175	176	4	133	44	96	213	28	135	145	183	231	71	118	189	236	137	74	232	219	94	151	150	210	93	18	27	36	57	31	65	140	89	158	30	86
92	141	126	153	13	197	77	218	179	177	206	220	200	33	62	122	107	88	54	139	100	16	115	164	40	0	73	8	234	157	221	217	156	123	113	64	15	228	125	9	40	61	237	160	4	47	91	179	137	186
212	202	50	52	32	108	63	196	213	43	64	120	62	122	174	218	142	12	11	187	27	172	102	233	18	75	124	148	150	79	57	235	59	219	113	195	90	119	35	177	208	228	237	163	104	45	204	44	220	39
181	169	139	211	117	185	8	89	221	138	191	78	145	154	94	201	83	190	7	230	234	186	152	137	101	66	36	182	118	192	42	33	236	170	13	93	53	224	160	67	30	6	37	184	9	129	188	92	203	131
112	5	123	46	31	155	143	22	49	38	71	73	14	41	232	175	149	205	162	215	158	147	161	194	80	173	226	24	23	82	65	76	178	20	127	16	176	55	199	28	69	51	106	97	15	238	68	125	159	227
157	96	17	99	34	47	217	207	231	146	110	21	223	88	48	171	135	132	84	105	10	72	136	54	180	98	183	100	3	114	239	87	85	229	156	61	197	29	198	19	200	206	193	0	115	86	140	1	133	225
26	109	116	209	128	167	214	151	4	222	95	40	126	144	58	210	153	56	74	164	2	107	166	121	70	81	165	111	103	134	168	189	25	77	141	179	60	216	130	91	185	166	202	0	200	126	199	171	207	148
129	203	43	60	46	78	234	119	109	65	101	218	159	145	70	35	147	67	63	152	97	194	28	45	189	86	182	17	198	238	19	11	239	211	110	74	207	187	95	173	214	81	236	87	144	77	4	233	206	48
27	125	155	22	183	180	223	18	99	199	161	61	235	14	56	213	2	137	217	62	115	7	127	138	139	148	157	130	80	10	167	150	29	179	94	171	142	216	134	193	168	185	49	165	103	16	154	96	219	149
42	5	112	36	3	210	85	68	53	98	72	83	1	174	69	227	114	64	47	71	59	54	226	192	166	175	162	102	50	131	128	52	40	92	228	117	231	39	133	225	200	222	15	55	156	89	197	220	124	209
121	224	51	132	126	143	108	0	195	12	38	113	26	66	76	116	237	100	215	221	164	58	153	201	13	136	191	107	230	106	73	120	176	184	84	105	118	232	190	170	205	141	44	21	181	163	196	177	204	75
8	122	33	88	90	91	186	104	172	24	82	9	212	23	208	135	178	57	31	79	140	160	41	229	169	158	111	123	188	151	34	20	6	93	25	37	146	30	32	202	7	31	231	225	74	30	233	109	125	238
101	74	92	231	117	177	48	216	91	61	102	130	228	205	137	156	190	193	75	116	62	58	98	26	39	35	169	41	201	10	27	212	168	132	100	189	18	143	111	50	93	206	214	76	209	162	95	113	52	121
229	78	184	90	151	192	21	77	179	64	172	180	197	36	234	173	70	188	68	97	122	43	14	31	170	79	22	44	136	3	181	144	108	196	114	148	239	11	187	135	104	115	157	47	152	81	32	182	128	174
42	145	165	59	28	134	60	55	103	176	56	29	19	230	147	153	219	57	123	88	204	66	217	86	161	67	37	200	125	0	112	94	155	9	2	224	191	159	126	109	99	185	5	233	178	34	17	149	89	45
65	72	167	221	87	163	120	73	107	16	164	225	23	71	24	210	218	207	46	208	4	38	106	85	211	12	15	82	235	215	138	40	166	83	183	96	160	33	20	80	195	171	140	141	49	232	30	1	154	238
129	69	131	146	150	8	186	203	213	199	236	222	202	124	220	118	25	119	51	194	110	54	227	142	133	198	226	63	84	105	175	237	127	13	139	53	7	158	223	6	215	231	127	17	41	8	83	100	33	232
119	80	182	169	174	91	105	114	94	209	129	145	156	111	100	110	42	47	122	154	75	131	103	133	175	60	148	158	96	212	51	189	223	68	95	152	143	82	216	161	136	130	55	97	237	113	132	184	213	87
164	24	230	25	208	74	210	147	186	191	163	203	90	16	177	226	116	211	140	13	185	204	112	56	106	17	8	14	222	65	5	29	121	228	220	128	202	104	225	53	48	187	11	170	18	4	201	139	78	151
193	43	58	41	89	57	168	134	141	173	197	61	117	165	207	86	76	199	92	194	45	32	33	233	49	31	93	178	115	83	227	239	69	124	166	23	20	236	157	39	150	62	125	160	217	108	77	21	6	36
137	192	0	231	1	181	144	19	22	176	135	221	198	200	27	235	35	28	98	123	232	50	63	183	37	40	188	85	196	171	34	180	7	44	64	26	153	120	206	218	126	72	146	54	224	179	67	238	2	30
190	102	155	12	142	167	66	88	149	15	70	138	84	215	219	52	127	172	101	99	79	10	71	38	214	205	234	59	159	9	46	81	3	73	229	118	109	162	195	107	87	165	171	150	239	97	139	167	95	232
218	29	198	37	143	176	63	38	113	8	16	224	89	204	109	210	5	134	83	17	20	215	120	82	124	239	139	130	81	7	45	123	153	40	182	137	94	66	238	145	206	136	156	141	2	27	19	178	118	52
199	91	53	214	200	163	159	107	102	67	167	88	70	105	161	183	160	0	188	34	128	60	31	24	185	44	127	55	57	169	232	106	187	90	65	59	158	26	47	58	104	122	157	138	171	30	142	196	126	192
84	80	95	119	116	179	15	42	211	22	213	133	212	140	6	1	85	148	28	114	97	229	121	56	233	221	87	92	226	99	54	4	146	203	197	234	162	93	237	144	33	168	149	48	164	193	25	209	195	222
173	36	96	12	205	208	62	236	191	115	181	172	100	101	46	186	202	79	170	18	76	111	230	43	110	73	174	71	39	103	223	147	9	108	190	175	61	225	151	189	152	64	11	207	180	129	10	3	131	72
231	14	150	216	50	41	68	75	74	219	69	132	125	166	86	227	184	228	154	201	217	112	32	235	194	78	21	13	117	165	49	135	23	155	35	51	98	77	177	220	96	32	174	102	67	138	24	65	120	232
24	205	147	7	127	118	149	232	142	204	138	214	108	184	186	119	158	125	210	4	29	94	145	190	26	183	103	207	212	152	237	181	71	238	10	230	75	31	113	133	139	89	163	236	162	87	60	18	143	20
106	114	176	16	180	225	11	195	59	124	39	17	167	193	56	199	239	3	79	2	48	63	216	101	99	68	77	69	117	104	109	209	27	136	140	8	42	54	170	148	15	41	112	221	93	211	194	219	229	116
164	74	65	234	130	97	160	141	177	213	150	19	168	23	218	91	92	134	182	43	62	25	156	154	6	217	30	22	37	76	222	90	192	1	80	50	12	144	166	28	66	173	128	35	45	70	179	206	188	72
131	200	38	51	185	157	107	73	44	86	34	175	57	78	201	197	151	122	96	9	40	202	84	172	81	224	111	165	159	231	0	82	191	13	208	52	169	121	110	98	102	123	227	115	95	132	226	171	198	32
137	120	100	233	129	46	53	187	135	33	67	58	83	235	5	178	36	146	174	203	55	88	61	47	21	49	189	85	64	14	228	155	126	223	153	220	215	105	196	161	120	200	222	5	89	162	44	50	25	57
168	13	20	41	16	147	83	80	227	187	140	234	122	32	110	69	127	70	136	190	180	114	135	124	205	42	146	120	162	179	103	106	195	2	171	142	222	47	186	118	149	125	7	212	219	38	49	199	88	17
188	105	11	218	101	226	233	54	0	170	84	228	224	215	225	86	133	50	202	160	165	176	154	14	123	109	62	94	194	163	175	36	98	192	18	203	73	60	89	183	51	67	1	232	177	31	4	229	137	158
196	61	95	19	102	29	193	26	85	99	132	169	93	76	71	148	10	182	155	9	37	141	208	6	145	104	143	96	157	206	79	207	46	220	43	57	156	66	172	65	5	15	113	210	223	81	23	209	45	189
214	237	77	48	68	100	131	221	64	40	92	87	174	75	34	166	3	128	39	72	35	97	121	74	22	164	184	153	152	108	115	138	63	173	107	30	44	59	235	150	58	238	167	198	90	116	82	213	230	236
178	24	129	204	181	139	21	126	27	78	25	151	159	55	8	191	12	217	239	161	56	117	216	211	53	231	112	134	111	201	119	197	28	52	144	130	33	185	200	91	65	52	166	136	105	40	4	135	160	142
111	4	175	194	48	67	75	1	215	132	213	156	220	30	179	168	23	50	73	226	180	189	85	98	64	7	144	53	91	47	153	22	138	164	146	224	214	192	119	148	59	134	198	235	142	42	10	171	35	151
94	43	6	150	149	70	20	81	93	181	233	158	31	39	19	12	218	106	135	78	104	174	239	170	114	54	3	69	29	109	83	166	182	115	216	95	46	17	37	230	25	45	136	203	82	222	88	165	152	160
186	11	141	21	96	221	18	191	176	232	212	219	71	173	157	188	155	206	137	80	92	139	90	110	99	2	234	143	0	28	34	57	147	223	14	131	65	238	210	8	97	201	26	72	199	184	33	211	123	27
204	77	128	24	103	217	60	32	13	74	79	56	196	161	122	159	62	101	237	5	107	163	129	127	118	55	113	177	58	126	66	130	227	38	61	89	112	207	68	87	40	100	169	125	86	197	190	140	15	202
16	185	124	193	51	76	167	36	9	133	117	178	49	236	63	52	108	205	84	102	225	116	228	162	183	195	41	231	229	172	121	154	105	120	200	208	187	145	44	209	186	115	190	109	50	217	48	78	88	167
99	84	136	150	69	226	33	238	101	173	100	83	169	156	157	82	129	118	98	141	125	68	196	232	65	184	31	28	202	120	221	66	49	201	116	6	149	119	108	79	16	209	48	71	126	143	29	57	158	203
58	163	9	121	211	43	182	145	222	140	123	170	181	75	25	103	0	74	159	54	107	70	223	225	2	44	104	200	229	27	76	214	234	208	195	40	128	50	95	133	115	46	21	175	91	166	87	160	11	94
146	206	138	67	110	227	8	3	210	131	26	77	161	24	190	164	192	97	174	85	88	178	92	228	109	80	37	5	62	171	172	96	72	61	148	233	1	204	168	12	47	53	139	41	42	191	122	183	152	236
105	186	217	127	239	142	135	153	10	64	218	147	59	188	63	205	106	189	235	73	124	151	155	30	102	216	32	78	38	137	231	167	4	207	185	237	51	15	197	144	112	165	117	187	113	212	111	154	93	36
20	176	220	13	194	86	81	39	219	55	199	132	89	177	90	60	56	7	22	213	14	19	179	35	34	230	23	193	52	114	180	134	215	130	17	45	198	18	224	162	169	52	86	36	85	23	104	139	175	101
122	30	230	63	60	53	80	19	235	56	124	132	38	206	4	135	162	117	84	160	238	153	184	118	27	65	22	0	31	61	46	161	217	91	18	201	143	70	171	187	82	105	191	205	152	89	123	62	37	151
104	234	231	33	81	108	59	125	52	17	57	177	64	8	87	174	21	39	169	72	216	35	173	103	215	86	223	93	221	130	170	213	196	9	150	67	2	144	106	146	192	190	139	3	99	140	114	101	100	79
155	176	186	49	128	29	180	95	12	34	115	209	200	147	97	6	120	167	163	42	90	224	154	110	102	237	10	107	158	208	228	1	24	203	239	157	83	13	44	168	77	182	26	48	226	227	236	119	148	214
