1,0
515	358	398	24	302	173	78	47	184	151	354	500	394	377	508	275	262	65	381	349	440	261	524	396	249	471	68	43	334	332	459	175	417	252	7	516	257	230	211	317	466	260	370	276	240	193	277	163	452	478
441	343	523	222	442	218	379	238	181	335	98	91	327	116	131	264	88	167	107	295	161	519	345	477	424	225	114	428	498	308	72	226	142	351	336	192	217	197	157	436	188	325	499	482	100	493	495	210	312	510
288	439	241	129	287	60	214	6	266	219	319	326	154	146	119	431	503	223	341	1	190	61	10	102	81	183	331	408	152	50	34	108	194	139	376	372	451	111	35	404	164	374	518	26	195	269	438	99	293	470
465	367	324	70	172	291	316	512	80	464	467	522	307	126	228	56	253	37	66	373	12	97	130	501	282	84	416	454	174	149	101	468	480	401	475	212	76	455	147	487	411	236	113	176	227	391	52	27	305	497
64	109	155	368	110	38	105	231	426	166	486	361	75	311	280	121	281	296	69	160	412	138	329	58	481	489	208	57	87	170	323	456	386	390	92	199	106	29	318	191	279	245	17	350	2	59	242	63	25	378
473	124	483	385	20	309	187	207	310	362	511	104	274	330	297	304	36	278	19	392	365	405	120	299	434	132	202	423	189	198	247	5	148	403	399	458	204	410	21	347	127	49	472	388	387	514	294	251	303	383
422	117	270	314	0	333	300	55	437	339	414	83	315	205	450	463	301	186	86	46	359	162	298	221	449	488	397	258	137	389	484	196	180	9	259	32	432	263	525	103	39	28	215	448	169	492	418	206	153	521
30	255	328	213	136	447	346	419	384	168	517	229	224	171	375	267	115	421	48	504	474	435	427	82	355	95	67	322	96	22	254	380	244	415	357	159	413	144	209	485	429	90	41	233	337	400	433	366	53	178
273	491	425	51	14	457	338	340	272	285	3	23	402	128	165	201	45	444	353	235	479	237	42	232	443	79	185	513	220	268	112	11	150	234	85	246	134	143	445	271	360	290	182	364	306	446	460	461	4	133
44	352	250	289	284	203	135	430	145	469	505	71	118	476	15	393	216	74	520	507	248	94	407	406	494	93	18	283	292	313	31	321	140	89	158	286	342	348	141	382	409	243	13	453	77	506	179	177	462	509
200	33	62	122	363	344	54	395	239	356	16	371	420	502	40	490	256	73	8	496	156	123	369	320	125	265	392	356	503	22	11	490	345	301	139	40	213	347	250	211	457	285	120	131	444	133	471	89	318	151
135	244	56	77	334	58	224	435	501	318	399	441	490	315	358	148	165	508	389	329	316	31	183	424	182	400	362	67	140	303	113	36	287	520	513	195	81	299	423	292	101	308	413	44	0	207	130	92	426	297
260	485	116	107	430	402	123	310	35	445	97	420	239	143	343	5	383	262	34	17	108	90	220	517	120	466	95	184	225	337	205	427	447	26	64	351	263	489	454	87	231	480	235	506	191	203	416	301	463	115
168	500	495	125	15	82	375	404	298	346	394	38	201	451	411	212	74	106	282	249	89	360	219	323	390	12	491	395	475	409	503	217	396	470	131	386	349	166	328	291	234	277	25	189	388	384	406	173	371	133
63	84	167	348	332	280	204	7	158	6	465	70	458	450	484	392	314	105	248	96	350	472	109	264	171	221	502	309	243	27	117	270	514	41	146	86	397	145	153	359	278	193	144	213	431	126	162	19	10	376
246	336	437	311	53	16	335	317	48	453	253	296	257	428	357	75	218	355	370	102	29	286	255	136	439	185	380	69	369	419	273	45	55	449	190	276	367	518	18	99	65	119	457	496	345	460	196	385	464	523
407	62	364	52	233	492	408	169	401	483	330	507	180	267	150	112	306	71	28	467	128	163	307	488	344	236	342	352	378	124	410	269	175	469	418	252	499	176	79	288	398	279	245	132	94	240	43	379	373	247
228	294	155	436	275	194	415	237	497	414	114	238	477	444	417	339	11	265	327	73	254	261	50	222	129	149	476	93	403	289	361	209	412	366	21	425	214	258	290	159	32	33	443	199	374	462	198	181	127	434
223	23	118	61	486	505	511	440	504	241	429	39	141	206	188	266	372	268	421	78	179	142	103	300	161	202	226	452	187	9	121	72	494	422	110	134	8	302	459	250	211	509	251	227	455	154	524	320	76	525
216	319	473	519	456	510	54	325	487	285	139	271	284	353	147	68	46	512	13	354	37	122	481	283	493	200	242	382	192	281	174	387	448	51	305	160	47	156	3	208	83	331	393	137	432	60	321	322	259	368
326	521	104	363	24	40	100	516	98	498	471	347	57	4	111	304	91	20	474	59	522	22	164	377	49	230	274	152	478	333	381	293	14	312	151	2	340	461	468	295	365	313	446	172	88	391	1	356	433	229
85	66	215	30	256	178	42	80	338	138	170	438	157	479	186	442	210	405	232	177	197	272	515	341	324	482	115	199	292	458	403	452	364	515	519	270	133	219	94	279	75	134	449	180	189	401	168	366	510	395
229	399	499	81	213	272	53	341	367	241	210	88	275	448	445	67	222	16	418	84	468	38	168	283	459	8	226	216	471	161	344	52	29	102	407	304	250	496	237	136	501	40	219	321	37	491	412	179	310	190
430	441	458	353	452	235	20	490	107	139	45	236	197	466	28	105	182	27	454	205	393	368	356	355	433	360	365	66	444	396	56	363	2	326	395	339	402	145	156	256	473	30	126	82	171	388	364	333	80	352
218	0	176	420	509	472	455	92	390	31	378	231	443	507	410	57	486	268	137	437	386	337	481	259	65	497	494	519	375	47	58	133	398	87	95	121	142	447	42	498	286	162	502	428	114	97	338	181	263	503
134	54	403	169	520	385	35	141	465	359	421	178	394	460	290	149	413	487	451	25	238	230	32	165	204	389	36	331	167	483	357	246	464	492	183	98	225	427	323	115	329	436	470	101	307	220	247	79	438	248
414	76	431	383	43	206	277	110	73	174	409	488	324	260	147	9	108	224	175	207	61	279	151	189	152	64	322	245	405	349	129	371	379	521	3	351	293	267	401	332	369	457	303	291	524	336	74	239	422	325
132	125	166	284	13	347	264	154	370	522	415	330	254	300	117	49	255	426	500	155	382	177	262	517	285	425	62	308	397	261	59	278	372	193	435	19	22	361	340	180	172	68	221	312	495	7	33	160	287	316
21	1	476	515	317	83	26	335	202	380	91	135	343	214	288	450	69	469	297	148	249	400	439	516	376	299	305	192	223	313	358	96	150	191	392	46	432	474	195	423	258	212	346	373	240	282	462	348	504	289
416	408	417	269	118	164	138	242	78	93	525	4	51	113	70	309	116	143	404	266	201	208	123	72	318	306	103	89	24	406	484	265	77	381	158	234	127	130	85	315	60	354	39	215	477	232	440	429	342	196
387	14	109	424	377	292	489	243	479	71	55	298	345	48	18	362	480	153	442	173	34	482	314	514	467	274	294	446	449	112	233	111	75	453	512	86	350	228	327	11	456	461	17	302	419	463	170	15	217	301
187	511	320	144	90	319	120	50	5	252	199	513	374	63	276	198	185	411	159	209	100	328	94	124	251	211	506	296	140	131	203	119	270	493	366	475	200	194	334	485	253	163	157	12	186	311	391	280	122	518
23	295	6	99	184	505	44	128	510	104	508	227	41	523	146	434	271	244	478	106	188	10	281	257	273	384	352	391	29	166	79	121	484	133	157	288	276	197	377	433	374	314	262	108	260	505	149	148	403	405
485	329	353	168	442	166	201	140	332	447	405	522	334	462	419	460	170	340	426	478	377	388	53	302	238	176	105	501	20	276	498	155	369	428	180	437	271	299	298	306	494	410	480	380	316	101	338	145	32	390
336	185	457	85	449	301	4	77	274	474	207	483	41	182	313	187	458	278	504	86	324	215	42	102	484	453	225	69	47	382	363	246	280	240	331	136	401	470	339	172	109	424	76	381	513	133	188	376	430	286
328	461	507	261	186	322	464	14	13	378	368	148	469	514	158	242	3	443	438	314	139	323	362	351	198	154	505	141	387	402	11	147	169	440	157	489	106	251	383	517	327	408	488	39	92	320	199	518	262	38
2	352	345	103	319	433	343	218	17	221	97	70	434	125	384	193	156	386	35	18	354	287	87	80	50	235	149	452	129	131	444	421	445	524	83	355	465	64	375	270	253	51	476	303	479	162	122	36	194	344
222	367	250	73	486	60	89	88	236	241	348	482	195	268	1	120	468	48	31	132	427	411	254	310	341	66	192	495	466	389	19	230	29	248	26	481	227	412	399	93	359	126	467	279	414	124	487	520	9	431
451	335	6	209	104	153	96	288	177	79	56	43	57	247	360	475	509	65	293	5	456	15	450	113	25	283	206	420	417	393	385	163	366	317	499	463	416	183	349	40	307	75	290	229	296	379	259	415	128	295
72	237	244	291	203	121	74	22	164	315	245	439	202	394	173	107	205	30	44	59	130	234	150	58	167	357	90	82	55	519	178	24	333	181	277	27	78	392	281	459	422	311	232	374	191	12	217	347	312	117
216	211	309	358	112	134	111	407	197	284	511	413	200	91	257	16	264	441	406	423	54	219	318	400	409	396	99	258	252	214	364	212	455	67	342	282	0	269	515	432	272	61	213	45	233	490	62	273	28	300
350	263	304	84	114	446	492	119	503	8	370	118	46	33	138	223	100	23	189	403	249	321	159	115	330	391	510	127	239	346	491	435	473	160	373	37	497	292	326	152	21	146	175	95	256	68	255	395	116	523
418	143	448	98	365	108	429	325	472	496	454	137	516	297	361	266	425	71	398	144	171	34	521	285	49	165	294	265	135	110	224	337	179	196	220	243	356	63	502	471	267	493	226	477	436	210	500	260	231	204
151	190	508	372	123	525	52	397	512	305	371	308	94	184	174	404	506	7	10	289	228	208	81	275	142	161	255	88	481	69	451	273	106	321	50	262	508	23	516	114	75	330	381	327	56	511	18	368	343	364
266	134	49	181	496	347	42	359	382	340	524	306	54	142	36	503	380	430	408	65	184	317	227	262	155	364	497	339	83	420	207	38	472	40	212	74	242	57	46	413	441	126	461	117	97	69	167	319	392	289
358	157	12	335	70	302	341	338	133	104	352	405	264	120	325	136	220	397	512	279	360	107	310	11	9	27	318	230	34	482	336	66	388	206	402	282	494	166	400	322	444	350	477	41	140	182	81	101	272	210
255	385	468	411	376	75	505	217	143	161	256	280	95	72	193	196	128	110	452	2	307	509	332	324	442	384	308	135	146	291	261	276	183	285	160	329	259	15	71	504	45	118	213	516	314	79	129	487	455	24
475	115	224	463	169	228	47	331	355	37	192	103	29	459	119	445	138	287	471	98	423	387	474	432	398	214	16	121	31	222	333	87	28	299	88	523	189	403	296	21	229	498	190	179	237	99	43	361	248	265
84	470	378	412	450	32	453	363	168	19	415	77	6	235	80	100	502	433	466	465	53	481	202	67	283	326	372	437	334	141	460	377	201	102	399	429	488	490	313	114	170	284	443	94	300	249	76	223	0	416
85	108	239	518	64	439	484	3	410	258	44	346	431	148	323	204	344	17	356	525	247	50	508	379	174	149	219	8	406	513	233	316	293	330	375	374	131	241	164	520	205	304	250	92	401	109	165	5	327	353
96	61	172	175	389	159	7	145	1	421	499	225	268	303	309	510	139	493	515	298	391	122	163	362	328	240	105	368	464	156	514	59	436	195	425	386	320	243	492	186	396	147	522	404	63	486	106	185	483	73
124	151	30	394	197	414	434	485	294	454	424	4	427	366	200	211	274	253	51	271	154	507	112	187	369	236	422	111	349	292	20	176	419	13	194	342	337	511	177	311	132	345	90	60	312	263	22	14	275	35
290	180	23	52	449	390	215	130	273	473	198	491	162	238	489	244	495	199	208	270	305	113	89	245	435	10	252	39	478	68	467	26	321	371	78	221	519	93	18	462	480	428	456	25	251	91	150	216	295	370
440	173	267	393	365	269	188	191	58	354	447	458	125	286	395	231	56	55	171	209	373	417	232	301	178	116	152	367	351	383	500	257	278	409	123	226	86	48	234	288	476	438	469	297	418	407	158	381	246	348
426	62	218	127	357	521	506	144	277	137	457	448	260	446	517	203	33	451	82	153	343	281	315	254	479	501	161	470	250	481	461	156	122	501	159	360	487	364	298	51	87	21	339	503	483	118	500	202	160	293
118	430	187	501	470	518	17	334	473	81	391	150	32	267	489	439	42	123	221	401	396	410	276	445	134	332	51	257	98	448	56	288	454	36	390	19	490	333	66	398	49	344	141	458	75	259	450	356	381	58
183	297	443	145	524	467	474	301	487	238	43	26	114	504	115	119	103	271	440	142	352	99	402	340	394	4	405	437	291	298	311	165	63	335	351	499	477	9	213	143	310	517	230	462	506	181	112	522	33	502
88	208	220	93	109	404	76	414	200	12	60	329	100	508	521	31	341	357	370	361	330	478	90	412	8	520	452	424	191	106	515	416	231	29	475	379	497	353	166	186	204	294	196	232	459	217	144	158	392	511
372	180	373	279	295	159	6	2	309	263	133	274	227	342	304	389	280	287	419	268	84	78	278	130	127	261	92	135	328	44	89	192	203	472	313	61	83	476	120	468	393	503	479	161	16	124	359	189	13	138
302	46	155	172	384	48	167	228	152	195	378	272	455	314	77	14	486	331	505	140	429	300	65	442	258	498	488	0	170	169	147	385	406	483	241	525	80	449	168	253	97	117	35	492	485	91	366	148	312	317
386	209	273	53	163	316	87	428	362	229	82	500	185	3	431	337	465	20	426	113	415	284	252	104	469	407	322	129	519	436	236	256	324	197	444	34	247	363	45	377	24	481	447	162	516	425	461	305	523	364
270	482	277	319	137	95	387	367	248	315	194	266	154	293	432	409	327	157	308	224	423	173	5	226	193	219	339	464	251	325	198	108	254	360	94	495	510	282	160	375	466	343	323	174	239	420	222	64	358	176
39	15	21	131	50	30	233	206	456	480	371	509	70	289	225	318	1	374	111	338	345	212	190	184	435	105	223	47	71	188	28	101	303	296	57	244	243	262	395	164	102	281	484	179	264	493	496	242	413	237
156	11	182	275	512	177	18	411	457	38	86	235	153	210	399	23	326	299	74	214	218	249	422	269	350	10	37	199	365	507	121	434	55	463	110	260	513	59	22	433	368	383	382	126	453	321	116	79	41	132
494	136	205	128	290	52	427	40	354	418	72	380	25	211	460	292	408	240	216	246	355	62	149	207	234	107	255	417	73	451	403	283	346	369	491	175	178	122	320	7	27	397	151	67	306	336	421	69	514	471
202	347	388	446	250	201	438	171	215	348	286	146	54	400	68	265	139	441	125	96	307	285	245	349	376	85	232	379	142	334	181	513	166	499	362	371	295	297	170	259	245	489	92	133	103	136	23	336	288	40
106	411	215	9	77	115	10	126	73	347	146	52	497	163	82	152	44	425	234	248	121	36	79	143	84	68	125	446	189	51	43	75	85	375	480	476	145	324	129	187	173	5	99	120	298	447	243	364	136	69
474	108	64	450	186	144	387	422	440	46	445	203	244	404	455	23	180	261	97	509	138	331	518	305	251	66	59	11	112	435	299	402	128	383	489	273	461	218	280	441	272	300	33	239	275	191	471	55	18	358
277	302	118	412	194	63	61	386	344	134	223	382	216	259	310	78	448	479	176	220	217	335	459	32	102	88	333	28	363	209	519	326	40	167	380	397	127	222	464	325	492	241	501	6	208	443	21	356	478	515
516	114	454	71	484	369	177	419	327	60	475	124	109	165	467	348	25	235	493	231	508	408	182	340	65	141	341	24	175	183	514	433	365	337	301	149	379	198	423	505	245	314	399	104	242	0	151	111	487	312
469	105	42	287	174	113	507	15	58	206	395	460	142	265	219	153	431	495	372	304	81	361	205	367	432	452	339	294	122	188	394	123	385	30	488	98	87	321	133	400	168	162	345	195	482	378	406	210	252	169
360	94	17	391	490	438	296	164	276	95	525	414	230	307	354	250	392	89	12	523	16	338	462	39	437	41	147	413	214	263	330	185	320	264	352	332	426	485	463	388	499	376	249	107	292	193	137	232	465	236
334	131	517	351	420	405	368	158	256	291	47	421	38	103	494	34	72	362	56	156	329	353	76	491	322	286	2	373	54	86	511	225	439	503	390	130	336	57	238	513	4	20	262	317	381	271	483	456	227	178
92	181	502	270	224	357	267	49	398	311	468	258	366	160	150	472	481	247	393	284	313	295	374	359	8	434	473	428	221	436	14	308	309	496	274	1	457	237	199	306	135	288	229	401	211	253	444	316	192	349
410	53	13	201	266	257	281	297	226	48	157	403	328	132	520	110	240	521	101	80	50	303	279	255	197	67	323	166	19	119	424	26	268	179	74	430	371	190	29	27	70	285	184	91	524	90	7	506	418	83
254	246	207	504	170	342	159	31	453	22	233	100	407	278	343	458	384	350	289	213	429	260	522	155	396	315	269	148	204	35	283	470	355	212	416	96	37	417	451	154	318	290	139	140	202	45	389	282	500	3
409	477	427	93	370	161	62	512	319	116	200	377	510	498	293	171	442	466	449	196	415	117	486	228	346	172	402	17	51	333	16	18	441	171	408	428	379	177	67	274	239	1	506	331	216	154	448	251	236	480
40	297	369	292	391	130	522	320	188	19	47	201	343	321	422	355	196	456	326	174	375	211	4	20	66	92	114	213	466	86	218	264	116	404	331	258	268	303	65	518	445	219	51	148	74	286	438	412	172	508
494	203	108	84	199	147	318	480	525	337	293	479	398	61	502	469	517	237	64	386	523	8	109	435	29	490	463	88	470	208	453	262	380	50	425	451	267	206	512	416	120	142	395	348	125	5	427	345	307	397
450	98	290	257	467	305	169	497	495	382	137	247	75	11	182	342	210	187	230	361	112	224	329	295	504	277	30	193	151	95	411	115	215	381	44	349	157	236	191	401	0	367	143	448	392	33	424	338	58	159
447	246	209	21	26	63	119	500	76	250	454	85	260	94	216	32	317	190	46	302	374	459	385	36	91	405	396	128	501	357	38	478	403	140	118	363	233	332	377	77	419	55	129	483	23	393	212	100	407	231
306	189	34	449	56	288	57	161	410	198	455	423	104	519	183	200	232	488	265	167	81	6	378	358	325	222	415	226	87	90	477	499	299	513	127	270	45	9	520	72	468	485	43	322	354	444	28	441	323	160
341	113	350	15	507	171	152	471	283	102	184	131	462	214	133	248	291	446	111	452	135	426	335	146	312	376	271	244	328	366	429	181	371	421	458	145	179	362	484	69	228	117	482	41	436	186	59	254	259	197
461	409	481	168	489	229	266	486	149	207	413	316	296	192	53	35	227	1	78	315	12	491	243	311	124	418	308	389	154	2	475	434	163	278	511	442	176	273	281	82	516	240	353	300	388	336	110	25	272	205
245	249	498	173	282	18	465	515	294	274	80	464	503	492	368	390	487	263	164	310	285	126	89	121	347	351	333	139	356	22	417	70	16	408	132	509	428	379	327	443	242	269	253	319	457	158	238	144	524	96
93	162	506	10	420	344	340	298	71	251	122	204	106	239	334	103	430	79	177	493	234	138	67	359	439	261	313	17	514	276	373	107	437	49	185	431	496	433	399	280	372	73	123	220	364	97	3	136	52	324
48	256	155	473	83	170	14	166	505	346	352	223	221	27	400	217	474	370	7	165	37	31	472	287	39	330	235	60	279	402	150	225	360	42	194	304	241	99	180	54	24	301	440	255	383	289	521	284	414	432
476	314	105	13	387	68	202	384	141	156	365	339	394	153	62	134	101	460	275	406	252	178	309	175	510	195	268	430	81	506	88	95	193	371	63	33	17	265	482	484	306	366	375	312	431	415	377	330	460	213