1,0,1,0
166	1	147	379	192	355	98	66	301	170	47	187	279	212	43	346	188	394	223	24	274	164	78	240	202	219	294	173	72	111	291	113	396	146	324	6	236	26	110	208	354	97	241	296	270	352	189	37	88	225
102	227	183	12	100	56	99	101	383	404	61	260	264	210	65	217	175	253	366	119	295	109	299	312	282	266	52	81	231	172	64	27	278	385	242	130	181	105	222	345	336	357	391	251	69	131	218	10	76	382
34	161	80	57	87	184	361	358	126	142	92	275	257	29	214	262	70	121	17	300	322	59	114	205	25	310	368	261	397	20	389	373	124	258	163	280	152	281	191	36	138	154	151	378	297	329	338	149	211	35
332	19	247	259	380	108	5	226	317	157	349	337	245	104	228	174	60	21	305	106	139	127	49	252	58	167	75	364	393	298	148	38	308	309	326	195	132	117	307	68	194	0	50	288	207	334	55	335	350	199
314	83	155	293	107	63	129	343	302	353	316	277	197	186	86	287	160	46	269	162	367	190	176	84	398	372	304	347	374	276	230	193	2	137	263	381	116	120	238	198	370	196	204	180	249	311	32	330	7	9
103	91	39	28	359	215	341	169	376	405	206	153	400	30	255	213	136	340	318	168	395	229	224	171	386	267	115	402	48	360	333	325	82	95	67	96	22	254	244	315	159	319	144	209	392	327	90	41	233	303
331	53	178	273	375	323	51	14	328	272	285	3	23	128	165	201	45	339	235	365	237	42	232	79	185	384	220	268	112	11	150	234	85	246	134	143	271	290	182	306	351	4	133	44	250	289	284	203	135	145
387	71	118	362	403	216	74	399	248	94	377	93	18	283	292	313	31	321	140	89	158	286	342	348	141	243	13	77	388	179	177	390	200	33	62	122	363	344	54	239	356	16	371	40	256	73	8	401	221	156
123	369	320	15	125	265	167	222	187	250	309	378	341	397	255	288	148	280	240	274	121	219	25	197	192	267	382	239	377	323	143	27	137	223	207	92	381	44	176	298	188	17	349	289	287	43	104	338	265	52
71	392	364	139	31	397	382	21	154	353	110	103	386	5	203	314	96	347	248	74	145	228	241	321	58	348	291	17	388	306	232	380	396	123	260	368	134	245	81	33	373	234	376	119	369	390	401	318	209	87
227	214	285	300	229	7	130	12	339	374	67	317	191	35	189	177	94	230	174	210	202	165	371	69	264	11	43	405	328	220	19	188	97	29	360	86	114	304	148	27	336	251	93	72	64	25	61	46	365	309
346	127	278	32	47	28	120	398	316	83	354	258	131	296	63	384	137	60	65	162	246	268	112	345	311	271	104	323	350	212	266	98	142	168	156	4	325	48	218	200	217	334	22	367	49	18	77	125	312	319
56	151	2	282	222	395	400	356	265	190	100	244	225	267	402	179	80	208	138	157	263	283	370	269	149	36	16	201	313	330	256	129	331	394	109	295	85	261	68	181	362	273	172	192	338	187	182	307	44	379
254	259	102	50	194	272	207	294	185	128	161	52	40	211	92	333	166	144	315	322	117	20	39	152	320	274	399	219	163	167	41	15	55	252	89	107	301	124	299	24	305	173	184	121	186	38	344	391	355	303
126	143	108	0	221	66	359	197	113	26	76	363	30	204	180	335	160	383	340	403	13	136	213	141	255	34	106	366	279	326	389	176	84	238	105	6	378	226	277	196	358	289	90	91	280	82	9	23	57	231
287	332	329	169	351	239	158	404	290	375	262	281	37	240	146	352	288	292	115	387	133	78	159	235	153	257	341	95	284	297	42	164	343	155	59	135	198	122	175	101	215	236	150	140	183	70	247	79	302	253
178	249	286	205	75	393	88	242	8	224	270	349	1	381	250	372	73	243	223	147	275	54	99	62	10	276	193	3	293	310	118	116	45	199	233	14	237	385	327	206	53	51	342	132	377	357	324	170	216	308
298	195	361	337	111	171	130	134	77	92	104	97	377	249	301	295	27	201	396	61	308	211	148	384	376	116	41	35	235	390	366	26	10	91	345	207	78	348	353	188	297	165	321	243	278	262	362	381	113	399
153	199	41	345	53	105	183	57	163	134	197	259	396	291	187	119	403	160	56	155	17	8	319	80	94	287	176	93	96	331	327	400	76	357	257	214	326	172	193	404	359	273	355	272	364	241	246	194	145	368
256	171	68	132	133	49	92	204	358	330	42	69	297	168	33	295	203	20	318	333	398	173	177	323	399	224	113	77	175	181	75	36	39	260	212	115	32	18	252	363	158	324	289	180	282	121	222	16	19	22
207	313	347	137	48	27	253	35	28	219	58	166	293	63	305	37	40	130	85	136	43	34	179	7	110	265	322	104	26	217	376	151	126	72	54	343	174	311	30	102	12	189	317	310	370	191	299	188	152	238
302	245	99	208	216	71	381	382	405	9	46	383	3	73	266	356	162	321	379	328	55	350	309	182	67	21	269	195	25	147	393	271	202	389	395	374	97	301	388	66	52	240	352	14	196	146	140	339	100	338
243	298	247	225	332	304	223	300	215	387	138	248	157	70	142	401	10	120	13	98	270	258	89	62	320	23	232	279	111	366	397	125	83	44	90	154	78	117	190	127	210	380	144	369	250	294	135	227	314	201
285	15	377	230	209	386	91	11	141	316	184	263	306	264	2	233	365	234	385	5	292	334	150	254	244	107	226	249	186	82	185	344	1	255	108	239	149	341	342	31	109	116	165	50	315	167	372	349	367	392
402	278	274	390	95	231	281	348	131	192	251	261	122	211	346	101	60	88	262	394	308	351	169	371	65	29	329	143	307	87	361	103	296	220	6	61	353	213	340	236	312	335	24	277	86	378	123	235	64	267
375	275	4	38	229	112	360	114	384	178	290	51	118	0	373	362	276	148	284	325	337	206	354	106	288	45	221	242	164	129	280	283	391	81	228	84	336	205	286	128	218	159	268	161	156	74	47	170	124	200
198	79	237	139	303	59	300	283	339	387	36	256	8	87	76	385	241	79	394	292	263	16	183	177	372	28	362	262	229	45	29	216	136	180	361	42	368	303	54	165	110	277	139	0	40	320	333	25	290	202
364	2	218	176	215	124	309	316	112	102	34	363	250	323	101	61	271	247	232	24	72	108	319	185	155	399	166	216	186	29	270	405	120	310	389	113	194	261	93	110	332	293	136	35	74	196	96	116	325	281
283	203	280	53	88	391	217	300	3	179	241	226	143	374	285	85	109	45	62	170	295	353	138	378	147	230	246	201	69	8	79	237	275	7	150	390	388	336	252	288	302	214	348	23	274	148	324	228	396	219
200	95	253	195	357	202	299	84	51	106	211	338	125	76	207	326	183	57	355	164	345	37	315	344	244	268	337	90	12	276	73	233	174	264	371	263	191	314	172	129	144	375	401	322	33	59	350	292	78	68
306	210	11	117	339	328	1	81	154	294	272	126	43	64	105	229	118	188	398	50	134	193	132	304	38	123	158	21	16	9	171	208	103	385	321	386	17	46	89	44	10	311	400	60	98	212	269	86	382	377
28	22	225	368	260	27	48	36	361	347	41	286	131	354	397	161	162	342	334	40	369	82	393	5	296	178	92	180	146	175	265	115	20	340	91	13	128	356	235	362	39	221	366	145	327	63	404	199	26	267
384	52	308	19	167	238	380	223	273	205	346	372	0	245	182	395	111	248	80	209	198	329	130	157	335	358	181	107	373	197	190	204	305	307	367	318	55	376	127	135	297	343	284	165	236	140	94	333	266	133
67	392	301	387	56	156	75	331	71	313	137	151	298	32	14	18	66	243	370	379	341	312	258	83	381	287	394	163	234	30	192	303	70	49	254	142	256	290	104	222	383	149	31	152	279	206	402	119	65	187
320	282	47	58	365	189	360	403	359	160	87	139	351	121	6	213	231	15	42	122	153	278	224	242	240	289	262	257	227	114	97	317	249	251	184	330	220	277	99	168	54	4	159	169	239	255	25	352	259	291
141	100	349	77	173	177	97	5	374	187	300	185	369	27	223	112	299	101	157	307	400	275	160	216	365	113	25	344	126	195	3	376	58	105	17	217	380	353	219	244	128	72	347	118	188	91	312	133	398	77
135	401	334	400	218	190	176	133	335	378	278	302	242	49	353	256	158	188	266	305	325	115	85	351	171	254	390	215	99	315	207	109	138	258	403	136	248	342	81	240	326	375	377	396	298	362	307	147	53	376
76	201	274	20	272	37	196	84	301	52	148	19	101	226	328	279	239	1	60	114	4	54	210	46	321	271	361	246	123	105	294	172	238	263	32	224	186	168	340	306	389	251	93	397	132	346	41	108	276	337
154	180	86	338	193	89	179	385	185	358	273	212	155	373	287	42	139	77	141	160	209	66	69	137	47	253	98	297	283	208	368	144	225	220	102	310	261	170	140	324	365	314	360	182	399	14	13	6	387	145
71	3	95	363	221	174	252	299	127	250	339	303	255	359	11	222	235	21	198	34	106	161	286	67	7	157	364	355	153	94	39	92	357	241	10	175	296	38	2	270	345	388	382	103	356	280	169	380	267	199
166	17	187	268	97	70	28	125	275	243	367	156	0	35	18	374	369	391	322	379	87	80	184	50	269	149	116	129	131	366	292	68	142	83	392	331	300	64	62	285	330	51	293	327	231	219	110	162	122	36
194	381	288	405	143	73	393	88	260	126	348	195	402	120	350	48	236	31	118	282	384	192	349	61	230	29	9	26	227	336	318	313	124	63	228	265	372	262	104	96	323	177	371	79	56	43	57	247	344	165
341	65	329	5	383	15	189	113	25	317	206	249	23	45	316	163	404	354	204	333	304	100	183	398	320	40	343	75	290	229	332	214	259	223	128	295	72	237	244	291	203	121	74	22	164	352	245	152	202	233
319	173	107	205	30	44	59	130	234	150	58	167	394	90	82	55	289	178	24	370	181	277	27	78	213	281	151	159	311	232	8	191	12	217	347	312	117	216	211	309	395	112	134	111	119	197	284	308	386	33
200	91	257	16	264	146	400	120	370	255	88	30	306	234	299	98	69	205	244	301	243	4	371	56	180	152	338	403	238	320	36	219	45	119	132	22	281	366	114	80	181	232	394	64	307	224	260	278	256	91
204	121	360	352	355	392	138	101	28	98	217	66	373	212	107	129	378	157	326	239	95	382	323	347	128	358	31	79	126	57	290	196	333	241	364	71	313	99	6	164	303	110	103	16	174	143	183	104	390	145
296	29	293	161	206	381	368	9	275	74	43	185	65	115	357	146	270	372	327	344	405	54	156	70	294	136	354	350	169	314	287	27	76	120	271	329	222	40	182	50	118	397	332	46	337	298	272	108	87	334
395	367	268	286	140	67	289	190	8	3	374	133	262	349	149	24	230	184	384	97	211	85	88	148	181	348	282	109	80	5	302	175	141	328	72	61	273	312	1	197	285	12	47	53	139	41	42	168	386	186
166	201	105	189	220	362	304	207	142	135	265	291	394	256	147	402	342	63	393	106	192	243	363	124	345	339	30	102	219	365	263	366	403	299	401	4	210	307	240	51	15	404	306	112	325	117	187	253	359	111
154	388	331	20	176	223	13	194	295	81	259	274	261	248	132	324	177	90	60	283	311	22	213	250	385	179	35	34	233	23	193	52	322	180	134	215	130	17	399	198	276	224	162	238	32	170	244	151	199	208
335	237	49	356	89	245	264	10	252	39	68	284	26	78	310	318	93	321	305	292	25	340	91	150	216	383	267	269	188	336	58	125	380	56	398	171	209	389	178	116	152	371	278	123	226	86	48	234	288	391
353	246	62	218	127	319	400	277	316	260	361	369	377	225	203	33	137	82	153	376	173	18	114	315	254	165	214	0	96	228	249	36	195	227	163	396	387	21	279	155	251	77	338	200	317	247	2	100	92	341
44	309	84	375	346	229	113	300	351	235	131	221	160	73	258	301	370	94	172	7	38	257	69	205	202	158	281	236	75	232	231	83	255	320	119	19	122	191	266	379	37	297	280	330	64	11	14	159	55	45
144	167	59	308	343	242	278	324	4	364	342	120	167	344	235	190	349	194	175	37	267	118	81	387	244	353	153	79	123	327	298	124	388	9	108	22	35	205	107	395	2	21	147	340	105	339	3	269	253	265
63	157	121	254	279	250	177	204	82	3	125	311	38	319	210	388	32	382	363	330	203	126	295	334	201	356	308	6	392	65	35	89	149	48	309	369	389	172	360	301	22	114	189	178	267	41	325	361	283	271
223	55	344	246	293	205	404	338	289	304	316	233	349	36	179	117	21	135	186	370	110	235	307	322	64	116	268	395	331	67	405	80	231	280	146	371	4	143	158	224	170	402	30	153	54	16	134	49	378	376
175	57	128	51	151	155	273	333	400	79	140	217	228	197	401	213	156	91	237	129	393	403	193	124	339	98	28	258	96	152	182	214	346	340	68	33	85	17	88	241	127	270	163	118	190	188	352	310	198	372
192	29	15	18	368	362	263	287	73	180	87	78	275	387	159	244	19	194	216	185	43	147	253	337	141	240	394	284	144	313	47	184	137	34	62	70	199	154	123	278	381	161	24	130	77	206	171	183	97	109
195	358	375	212	377	56	272	83	345	113	84	191	106	251	324	226	59	131	81	150	9	256	12	58	94	366	115	277	257	71	27	266	357	122	46	286	318	181	243	162	101	160	196	168	297	75	302	93	72	166
348	2	20	359	238	133	103	245	76	265	355	262	364	7	282	303	132	300	230	120	229	176	0	298	314	367	60	225	285	336	69	385	136	323	397	380	259	329	90	31	202	139	390	40	200	215	13	294	399	169
111	365	260	232	342	52	100	164	211	373	234	14	208	219	220	350	207	384	145	398	10	396	315	328	119	312	108	5	174	261	248	317	252	247	269	374	45	347	8	11	264	321	25	42	305	86	37	99	53	239
290	391	335	148	66	288	44	105	107	276	142	306	167	354	327	95	222	227	236	320	249	351	26	92	102	218	386	221	274	112	299	1	61	291	23	383	341	242	104	379	39	74	173	326	165	296	187	292	138	343
255	353	281	332	209	50	66	274	326	125	177	207	350	400	281	232	272	192	181	180	99	141	371	118	17	159	150	187	259	285	103	390	100	7	11	258	299	26	36	204	49	336	56	290	243	148	143	191	234	376
263	316	30	129	55	74	290	78	102	80	396	122	103	170	232	205	282	51	198	222	101	46	161	376	79	375	249	99	117	42	252	171	284	62	175	294	63	43	188	121	358	2	136	108	96	257	367	9	287	349
384	14	208	273	266	7	32	203	359	145	23	65	154	84	344	1	133	125	389	219	68	380	325	258	191	143	72	85	254	58	34	156	356	196	271	147	202	405	357	347	70	56	159	327	237	324	239	207	91	397
29	153	176	318	319	16	286	348	193	224	306	385	166	262	309	341	149	304	22	326	41	301	400	50	387	317	142	314	77	285	146	8	95	377	158	64	383	24	4	312	241	280	186	369	86	135	381	155	36	120
231	372	355	391	339	329	268	362	60	127	379	378	234	28	100	160	335	277	240	199	73	137	181	243	126	139	169	244	256	365	270	229	185	321	303	94	342	144	350	179	334	295	281	323	113	211	88	47	37	331
10	269	386	246	52	106	255	371	204	402	164	210	370	182	213	265	272	373	19	394	105	15	393	67	260	118	302	235	278	399	201	297	25	388	392	209	330	245	401	307	298	98	168	228	21	320	354	53	92	115
97	300	152	150	140	374	259	165	157	250	212	292	83	214	44	192	403	336	89	315	123	76	293	104	190	162	366	27	82	404	247	291	69	296	390	12	180	39	48	276	66	172	233	57	148	138	59	49	308	251
333	299	0	111	20	110	90	216	61	220	130	163	351	178	54	221	267	13	5	352	45	107	93	217	264	187	328	132	225	382	197	343	114	218	177	87	38	368	253	18	274	141	26	261	184	275	310	345	395	151
238	11	134	167	230	398	311	215	313	248	75	206	200	128	322	189	6	119	337	227	361	195	226	332	81	3	33	340	131	71	174	31	183	124	363	17	173	305	289	283	194	109	236	40	338	116	242	112	353	288
35	279	360	346	223	364	405	381	281	64	323	146	324	113	226	149	95	77	51	283	262	318	84	40	270	178	75	352	211	368	42	263	240	151	162	106	310	274	316	58	314	331	122	87	354	125	378	81	384	120