1,0
87	26	76	68	78	147	103	60	69	203	220	181	102	95	167	124	56	83	101	199	49	136	196	131	148	144	24	63	35	19	190	184	187	47	168	218	186	119	61	176	20	129	5	127	70	170	162	1	2	59
55	10	58	46	6	109	174	114	52	98	130	224	159	7	225	39	171	172	91	138	194	204	117	116	161	72	215	155	149	212	99	43	160	21	146	37	189	75	121	198	178	192	180	185	67	66	22	38	222	214
183	213	132	216	111	188	191	90	41	80	105	81	32	120	106	48	110	25	53	163	17	210	211	51	14	142	82	84	209	29	3	23	128	45	152	97	182	42	175	79	202	12	112	11	85	134	143	193	169	104
34	108	50	154	165	166	4	133	44	96	201	28	135	145	173	205	71	118	197	223	137	74	219	207	94	151	150	195	93	18	27	36	57	31	65	140	89	158	30	86	92	141	126	153	13	77	206	179	177	208
200	33	62	122	107	88	54	139	100	16	115	164	40	0	73	8	221	157	217	156	123	113	64	15	125	9	163	211	68	199	177	212	125	162	122	43	40	73	24	146	173	53	154	16	67	80	65	111	6	134
11	45	67	27	39	127	102	75	104	176	59	181	62	63	66	124	202	188	183	52	8	57	53	146	43	44	220	64	215	143	158	155	195	169	35	191	201	208	162	122	83	108	175	180	137	160	42	33	139	13
217	7	89	30	178	210	37	120	9	206	93	170	207	12	73	5	46	31	119	22	49	38	148	14	106	199	92	79	172	163	204	211	142	112	24	123	224	65	159	90	76	209	223	20	16	6	145	55	173	28
185	36	69	51	97	71	41	15	187	68	18	194	113	219	138	17	125	221	34	131	184	47	150	23	32	99	101	78	157	110	21	190	213	48	186	135	132	84	105	10	72	218	54	149	98	152	100	3	222	205
87	85	196	61	193	29	171	19	197	174	161	0	115	86	140	1	133	192	26	109	116	177	128	167	182	151	4	198	95	40	126	225	58	153	56	74	164	2	107	166	121	70	81	165	111	103	134	168	189	25
77	141	179	60	130	91	129	94	212	156	118	80	154	88	200	203	117	214	136	216	50	96	114	147	82	144	214	181	40	68	151	20	75	78	61	105	210	74	126	111	176	145	158	43	125	132	1	62	137	154
204	149	11	158	193	22	77	64	67	148	49	211	185	29	196	53	86	10	182	110	62	61	124	201	202	166	17	139	141	97	225	48	131	125	129	43	3	18	209	138	177	102	224	179	117	74	89	63	119	126
47	136	103	113	219	68	50	2	65	60	174	173	152	94	200	121	40	27	114	16	207	162	176	83	5	181	210	35	39	134	92	180	96	170	45	56	218	98	55	109	4	156	15	0	186	195	12	69	38	26
80	66	167	168	76	100	81	52	7	51	169	172	58	71	87	188	112	128	189	85	13	107	72	161	106	220	127	108	120	223	84	105	118	163	157	145	44	21	144	208	213	192	33	212	171	91	104	24	82	9
23	191	57	31	203	187	184	160	111	123	194	34	20	6	216	25	37	146	206	32	222	90	36	115	215	133	78	159	198	217	143	95	28	153	41	42	164	221	165	155	59	199	122	175	151	101	150	140	183	135
214	70	154	79	46	178	30	205	75	137	132	190	88	8	142	14	93	1	116	99	73	197	147	130	19	54	148	26	136	67	202	135	96	155	7	89	41	80	195	90	101	149	17	118	223	182	42	142	187	95
77	67	191	214	129	206	37	148	205	123	92	31	135	61	115	170	44	2	140	142	87	103	225	212	94	50	204	79	90	173	81	64	143	85	34	35	17	93	167	132	110	59	183	162	72	223	9	155	159	76
89	0	56	60	88	24	23	176	36	97	166	42	147	186	108	127	46	4	182	104	141	15	124	153	40	199	177	114	106	179	190	219	200	222	12	154	175	120	91	26	160	139	202	172	3	157	187	8	216	138
210	100	125	101	193	74	118	208	51	66	54	116	14	5	130	131	63	84	133	47	217	13	113	11	158	7	30	95	6	209	70	98	192	105	189	96	109	168	165	185	27	117	220	146	41	86	178	145	184	211
144	126	221	10	171	164	156	196	53	16	213	48	194	43	83	75	102	198	174	195	136	203	69	78	32	224	45	55	122	137	218	18	99	65	119	1	57	22	134	201	33	149	62	188	52	197	181	207	29	38
169	111	73	121	152	21	39	80	25	180	215	150	82	112	68	71	58	151	28	20	128	19	163	107	49	161	58	13	165	25	115	112	154	150	16	89	97	146	144	10	9	7	8	86	95	87	141	35	105	5
148	63	190	76	194	223	68	72	161	114	32	137	20	57	174	102	41	36	189	88	208	147	99	139	153	133	169	42	17	210	53	132	16	157	22	85	104	130	47	87	35	28	119	49	65	211	151	178	103	94
43	96	7	92	105	187	40	26	112	215	121	37	69	8	218	54	51	180	30	196	27	204	129	39	158	113	220	143	136	80	126	160	140	193	71	172	181	77	173	188	216	9	46	81	3	73	34	124	206	64
55	45	128	75	219	93	67	166	192	18	25	175	110	199	33	195	134	115	0	74	212	183	58	21	207	66	52	146	4	14	163	100	122	225	197	176	155	95	152	164	145	138	170	70	142	202	10	200	13	98
177	89	62	131	23	159	203	111	125	83	44	90	154	78	221	127	179	29	224	135	123	15	38	91	11	19	198	141	60	144	182	205	184	97	2	12	156	118	59	168	84	117	5	217	209	6	150	201	162	107
120	186	79	82	185	86	1	106	108	48	149	214	24	191	61	56	31	222	109	116	171	213	165	50	101	167	222	80	140	151	220	97	127	134	176	195	37	215	105	205	125	79	164	196	13	210	101	137	182	19
218	30	107	120	144	92	174	45	117	63	186	160	151	71	98	84	100	67	223	28	12	36	17	42	25	48	128	34	205	176	54	20	109	61	200	40	141	79	129	88	215	0	85	154	29	122	16	87	60	55
3	8	76	14	207	220	199	64	203	175	202	47	90	157	126	38	73	56	139	182	191	66	121	204	37	82	165	23	27	35	194	156	149	111	6	193	224	104	97	18	170	168	74	221	5	222	135	127	178	105
180	58	65	86	19	22	192	167	52	173	212	208	68	190	124	147	7	177	136	31	179	21	1	44	142	187	106	81	83	197	171	163	198	91	169	59	32	69	41	130	11	15	148	213	112	101	43	132	134	49
80	57	188	114	96	161	95	94	183	115	39	145	99	46	75	159	146	2	206	209	195	26	217	219	152	140	102	33	131	210	153	13	118	150	119	108	164	216	78	162	93	225	4	166	51	113	70	53	116	143
133	214	10	185	181	201	172	189	123	72	137	62	50	103	89	24	138	211	196	155	110	9	77	184	125	158	108	137	135	103	174	51	180	60	224	57	199	196	86	182	225	11	38	8	166	123	211	85	140	50
82	201	210	220	138	20	153	92	112	222	66	34	218	30	198	209	204	51	2	99	94	32	77	37	80	6	48	170	42	88	181	142	96	178	207	70	19	223	136	140	29	168	24	200	180	76	116	196	74	152
36	186	208	137	120	184	55	61	4	87	109	215	83	35	95	107	102	0	214	53	3	113	31	101	67	199	85	93	188	39	156	72	108	146	45	62	133	155	58	84	221	147	121	189	173	163	13	191	225	69
8	185	79	183	97	145	7	166	54	127	124	219	71	144	149	143	47	65	23	114	177	164	169	110	162	160	25	40	224	148	206	106	104	174	150	57	212	197	182	125	18	49	90	12	176	73	52	193	203	115
63	167	14	202	129	159	135	100	175	33	172	59	165	15	78	68	75	41	11	161	117	192	157	91	1	81	154	128	130	126	43	64	105	194	118	211	27	50	134	217	132	56	187	38	123	158	21	179	16	9
171	139	190	103	216	111	205	122	195	17	46	89	44	10	213	151	141	60	98	131	119	86	26	5	28	22	224	145	189	149	220	5	126	195	129	102	26	166	67	88	79	223	185	201	171	29	99	119	43	114
200	15	144	147	86	121	82	213	146	40	3	50	154	216	79	191	139	55	97	143	112	89	122	77	66	140	60	182	39	120	35	30	43	14	118	190	42	88	102	130	58	12	25	59	56	124	134	51	220	214
113	5	87	138	64	72	101	57	107	27	1	91	149	153	156	136	126	54	162	93	85	209	73	199	106	222	127	184	129	13	167	16	104	45	155	201	17	28	99	170	150	177	84	8	46	176	173	164	75	44
128	152	23	61	103	198	194	65	212	74	174	111	171	172	208	207	80	32	117	37	92	157	36	70	24	21	18	223	218	205	68	160	180	221	109	108	69	137	163	41	105	195	71	181	34	29	166	38	9	135
110	179	100	217	159	189	206	193	151	165	116	123	183	168	178	188	49	115	52	94	203	90	148	133	7	10	197	48	141	186	19	211	53	161	225	83	81	33	169	11	125	215	114	4	202	175	131	187	185	210
78	62	132	20	2	0	158	145	119	224	204	142	219	96	76	192	196	63	95	31	6	98	67	47	22	26	94	149	115	142	74	4	119	186	101	193	20	116	49	197	178	185	135	52	209	147	106	161	13	67