2,1
241	25	35	166	181	56	195	246	164	24	161	43	78	257	260	242	196	189	106	60	254	61	19	116	119	10	178	267	64	111	152	47	136	127	175	49	273	250	262	114	215	98	21	142	80	149	169	248	198	163
121	138	226	120	129	20	38	26	237	59	225	148	187	184	132	272	170	100	0	83	105	228	6	55	199	209	37	236	194	252	63	1	210	183	223	202	69	58	245	218	46	264	201	186	155	247	173	234	5	171
75	154	102	240	2	113	131	227	70	130	68	76	52	268	176	32	231	7	9	103	91	39	213	230	87	222	212	162	251	270	157	109	72	207	159	180	266	147	193	115	117	48	107	233	190	172	99	95	67	66
211	22	124	101	255	144	217	244	191	90	41	81	160	167	110	249	53	17	188	51	14	192	82	84	263	29	3	23	146	128	165	168	45	204	97	238	42	214	79	185	259	12	112	11	232	85	134	143	205	224
104	34	182	108	50	206	219	220	4	133	44	96	258	28	203	135	174	145	229	88	71	118	208	235	271	137	216	74	269	139	94	151	150	253	93	18	27	36	57	31	65	140	89	158	30	86	92	141	126	153
243	13	197	77	261	179	177	200	33	62	122	54	239	16	40	256	73	8	221	156	123	15	125	265	112	42	171	265	43	164	200	32	197	53	68	122	201	237	217	134	24	161	238	104	178	267	191	225	152	163
81	172	239	176	25	50	11	273	188	212	234	152	213	233	118	61	180	267	121	203	257	139	113	189	227	85	91	105	173	211	174	27	44	193	249	218	194	68	196	86	29	45	134	155	157	77	237	34	263	185
144	17	114	259	255	43	150	70	88	52	109	143	160	104	168	228	251	247	8	270	64	140	253	107	93	48	245	49	171	235	225	32	167	223	195	226	92	55	207	246	138	106	231	38	149	62	31	129	74	58
192	146	117	136	75	204	18	124	163	94	252	57	89	248	137	154	79	63	131	229	151	191	241	73	243	101	206	205	116	269	119	19	41	83	148	256	272	266	39	181	178	217	242	100	197	80	12	84	190	42
122	135	0	156	35	162	214	215	37	4	103	30	59	99	78	132	87	36	240	258	232	271	23	108	2	175	40	216	72	90	236	161	264	187	219	222	120	238	209	26	7	141	179	1	145	183	5	102	66	110
265	221	250	128	170	33	126	127	60	10	123	13	184	53	198	199	67	158	6	230	165	56	9	210	20	220	16	260	142	133	244	46	159	47	268	112	22	177	166	71	201	14	169	153	98	111	261	254	95	147
182	21	115	208	54	262	24	82	65	186	76	3	200	28	202	164	69	51	97	15	130	125	96	224	11	229	29	172	61	192	182	228	109	271	43	124	47	49	196	210	22	67	17	234	248	145	173	221	64	247
240	187	186	41	212	58	216	159	273	150	153	196	26	56	149	113	30	87	96	17	71	165	173	194	99	53	52	163	117	95	175	234	244	257	136	82	181	202	101	119	125	221	241	62	265	235	253	120	77	85
7	146	223	128	259	145	115	35	45	263	86	124	158	166	89	114	74	108	55	36	105	250	167	92	261	209	67	48	90	80	79	133	42	179	190	256	123	180	43	106	38	211	222	6	184	236	233	185	183	109
19	245	143	214	31	11	161	144	162	102	73	116	140	5	50	94	215	272	228	268	18	93	195	219	135	148	207	81	193	266	21	269	34	32	168	33	255	127	220	23	118	61	84	217	227	0	213	132	39	141
10	130	199	12	205	78	142	103	44	155	243	9	182	72	271	204	129	110	134	8	198	218	138	178	246	154	197	64	169	76	267	63	121	252	247	170	54	69	254	29	139	171	15	28	188	97	147	68	46	157
13	203	251	232	206	122	37	27	270	249	200	126	192	25	189	174	131	224	51	225	260	160	47	156	238	208	201	83	75	231	226	137	191	176	60	65	66	3	248	112	70	16	239	104	107	24	40	100	237	210
242	98	177	262	258	57	4	111	91	20	264	59	22	164	49	230	152	14	151	2	172	88	1	229	102	230	93	92	48	116	39	235	261	244	91	100	189	205	202	64	78	247	10	163	26	267	135	143	113	149
104	145	252	41	130	39	214	141	96	125	239	219	100	8	71	133	261	72	89	67	209	54	149	215	234	63	153	134	254	246	35	66	17	36	9	253	195	137	55	179	126	49	76	85	201	244	53	247	132	46
43	263	162	68	183	224	160	142	33	172	199	181	256	174	260	212	146	230	157	119	75	227	127	115	202	255	70	14	10	187	37	110	176	3	23	154	94	42	83	44	191	26	78	62	155	57	220	180	7	99
73	15	102	231	192	91	262	235	216	77	13	167	144	16	147	136	238	97	2	217	105	58	229	223	269	249	138	251	184	163	140	171	107	120	197	82	236	1	225	108	273	175	265	190	194	31	109	116	50	166
208	250	12	22	232	135	258	18	95	25	207	121	211	5	122	204	101	60	88	113	150	189	259	92	52	233	272	210	169	65	29	185	143	186	117	87	222	103	40	6	61	90	213	93	196	151	270	266	245	21
86	111	173	243	123	268	182	64	11	240	19	131	4	38	203	112	241	152	114	158	178	34	51	118	0	226	267	20	148	28	69	248	168	206	98	177	264	106	165	32	45	221	271	164	129	24	27	257	81	188
228	84	80	205	30	128	218	159	161	156	74	47	170	124	200	198	79	237	139	59	56	242	193	48	166	76	243	116	200	148	46	170	204	241	80	68	155	156	201	98	184	256	164	206	47	79	38	33	95	271
154	20	198	243	216	239	261	133	245	48	54	28	235	30	40	268	107	231	110	17	8	244	249	172	45	63	55	16	100	76	218	67	82	109	25	97	215	186	141	60	251	156	202	175	163	12	65	227	92	29
34	120	0	42	149	104	87	144	106	36	183	128	257	88	233	90	226	85	139	124	187	262	71	209	122	230	9	84	47	79	176	246	126	61	267	64	185	188	52	167	197	171	10	204	3	147	157	14	217	111
50	136	252	213	74	223	165	237	38	205	121	56	173	73	260	259	180	129	66	240	254	238	117	37	194	161	23	27	35	255	98	270	168	6	207	105	170	151	81	18	142	221	236	189	5	179	228	214	263	58
86	19	22	253	219	190	273	125	68	169	177	7	232	160	31	181	21	1	44	178	272	83	53	224	220	258	91	135	222	59	32	69	41	148	130	11	15	250	269	112	101	43	132	134	49	196	192	80	57	247
114	96	210	95	94	241	115	191	174	39	145	99	46	75	159	200	195	146	206	2	212	225	264	256	26	62	229	155	152	184	140	102	33	203	182	131	137	153	13	118	199	150	119	108	164	138	242	78	248	162
193	93	271	4	166	51	113	70	116	143	266	201	208	123	72	103	89	24	211	265	77	158	234	127	195	175	37	102	8	24	180	147	223	12	165	100	186	271	198	129	141	90	7	174	51	166	53	225	57	230
125	112	256	117	42	265	118	136	158	7	48	198	79	99	176	119	93	172	94	233	166	4	154	41	162	11	114	87	267	152	56	228	18	59	201	238	243	2	220	177	182	24	29	234	108	266	74	250	89	262
145	20	163	26	19	148	149	17	139	27	134	16	160	43	195	25	224	6	30	218	37	221	109	1	213	219	50	235	124	101	76	142	241	66	133	181	45	70	92	258	174	200	72	3	170	157	225	259	237	211
51	236	245	80	138	253	251	216	31	271	203	226	44	210	130	34	261	199	78	69	150	185	23	122	96	178	183	179	269	209	81	169	263	0	82	143	13	156	268	121	260	98	102	212	171	231	95	132	32	137
120	246	248	255	46	189	227	222	193	58	83	165	5	36	146	55	88	61	47	21	49	85	64	273	155	126	247	264	161	230	116	35	215	194	167	128	244	77	10	53	131	159	202	67	9	62	188	191	39	57
229	254	173	107	190	129	123	33	186	84	86	38	242	60	91	15	141	184	22	197	8	217	207	232	97	113	73	135	75	54	40	115	196	71	252	12	140	175	65	151	127	249	206	187	110	68	100	153	168	28
272	147	270	240	180	205	144	111	106	104	208	204	164	257	105	214	192	90	52	239	103	63	223	14	180	201	252	25	238	57	79	117	240	154	129	30	124	272	66	172	267	72	3	112	118	198	17	178	27	44
120	20	109	133	196	185	122	13	176	98	231	42	169	49	84	168	179	99	144	162	234	215	223	184	256	259	94	102	170	207	183	210	101	267	192	145	85	7	32	137	135	273	166	187	148	106	157	272	186	52
244	10	47	258	2	123	156	70	249	193	69	228	76	11	41	172	222	38	17	255	136	250	127	239	0	195	103	53	270	252	80	154	50	218	165	190	132	220	14	83	269	86	125	62	149	114	155	188	251	189
36	140	141	18	268	73	60	89	88	110	198	51	67	1	260	95	28	177	240	31	4	118	147	230	160	201	105	242	61	19	29	142	26	158	194	93	204	71	171	208	124	209	9	37	143	237	6	104	96	246
235	79	236	46	253	243	43	57	203	180	66	266	65	5	15	113	241	175	81	23	238	45	174	163	247	214	77	48	68	100	131	254	64	40	92	87	199	221	75	34	248	3	128	39	72	35	97	121	74	22
164	182	212	153	152	108	202	271	138	63	206	173	107	205	30	44	59	130	150	58	229	167	227	90	116	82	245	261	263	178	24	129	233	181	139	21	126	27	78	224	213	25	225	151	159	55	232	8	191	12
217	265	161	56	117	216	211	262	112	134	111	119	197	33	200	91	257	16	264	146	226	115	54	219	35	195	260	119	236	210	242	222	191	258	161	176	246	104	133	209	156	265	71	90	166	162	136	89	43	126
30	132	190	56	22	95	15	246	264	4	250	273	69	16	239	254	201	271	160	113	242	196	170	66	83	226	166	245	64	91	158	70	52	237	85	36	86	240	87	251	1	164	80	102	45	258	42	110	243	187
179	81	9	199	133	183	120	138	150	206	176	10	41	82	272	134	218	162	169	155	197	98	23	116	181	119	20	267	224	174	189	67	38	260	141	227	75	88	204	142	185	148	109	78	202	93	17	47	154	7
168	35	261	270	135	249	54	11	106	137	244	253	112	48	25	248	259	203	53	233	50	63	268	238	230	143	29	114	231	214	257	263	73	90	121	159	55	59	43	6	241	177	13	31	39	19	12	152	115	146
210	104	126	37	255	3	127	84	108	157	194	188	167	62	105	122	21	68	205	46	266	235	136	153	225	217	94	2	111	156	195	247	191	139	232	96	269	18	100	192	49	71	228	256	252	265	172	92	222	99
125	130	144	219	0	28	140	147	34	165	57	236	40	186	208	14	131	65	44	200	173	117	8	97	89	220	26	182	72	124	61	151	149	207	33	209	58	262	178	184	123	27	175	213	212	51	77	128	180	24
234	103	76	60	216	193	32	215	229	223	74	79	161	171	211	101	145	198	5	107	163	129	118	221	67	168	180	12	142	102	254	8	255	57	28	201	50	118	46	24	138	229	74	177	120	196	105	215	193	40
232	70	134	22	153	20	217	42	239	57	246	186	206	74	181	270	142	46	49	159	110	238	86	252	160	132	38	214	207	129	13	243	12	95	146	107	226	97	158	229	262	54	193	65	247	14	55	235	223	188
190	172	58	11	81	9	27	136	265	271	157	36	185	227	34	267	66	195	117	23	176	137	179	41	145	230	242	90	255	194	18	75	213	127	256	128	261	166	258	224	133	104	218	254	120	199	83	30	156	89
260	264	259	177	118	135	71	178	124	45	69	263	228	15	248	33	244	203	113	79	1	48	72	240	126	116	24	115	147	143	196	47	59	140	37	103	29	167	119	91	138	200	169	98	209	272	151	122	183	16
121	31	171	269	87	28	237	88	216	161	52	21	197	210	202	99	43	4	211	192	84	73	162	231	32	60	245	168	19	208	77	6	201	80	100	187	144	56	221	53	220	67	257	251	112	93	10	141	111	102
35	68	152	175	114	170	25	94	273	253	76	0	130	234	108	82	64	125	123	182	3	198	163	7	2	44	106	26	148	39	155	204	63	212	85	101	17	78	189	40	62	50	249	61	191	174	149	184	219	8
215	105	150	233	139	222	266	173	236	131	241	164	154	205	225	250	92	180	109	165	5	51	268	96	35	175	132	250	72	272	226	64	33	70	205	4	87	196	209	221	202	125	139	90	144	22	123	53	151	101
265	129	259	124	247	243	178	251	199	87	183	28	156	91	64	128	185	241	21	257	51	154	238	116	89	151	126	29	191	15	88	48	203	211	237	256	182	250	137	127	114	223	200	193	96	231	30	166	239	109
57	6	80	19	54	35	18	273	121	245	244	233	159	130	16	252	47	263	179	143	255	70	260	135	266	33	24	118	77	85	43	55	67	209	189	150	83	232	84	63	146	206	160	197	22	9	205	58	264	94
97	117	253	201	229	246	46	270	17	122	115	198	101	269	68	162	141	75	133	93	72	208	235	2	248	152	110	190	103	78	76	172	73	186	202	41	163	7	158	12	210	149	176	168	144	27	123	82	240	120
0	175	60	62	36	219	161	170	181	171	3	69	131	212	90	125	31	155	225	132	139	271	40	216	38	230	192	111	147	254	4	136	184	228	52	100	164	157	81	194	134	261	169	14	224	258	215	188	195	113
268	204	138	10	145	207	59	187	213	119	56	108	214	174	5	267	13	180	262	45	106	234	226	11	140	177	8	65	25	217	42	49	86	37	99	53	34	220	272	79	148	66	32	44	165	196	105	107	20	142
50	167	98	71	95	153	222	227	236	249	26	92	102	218	221	112	1	61	23	242	104	39	74	173	180	49	103	174	61	95	156	58	258	208	260	104	188	273	60	183	164	77	200	130	134	0	106	232	268	230
253	34	166	255	256	36	142	99	262	148	183	20	17	118	100	109	186	233	56	110	49	66	188	211	7	11	165	265	26	103	150	42	112	222	198	5	236	114	192	214	181	30	227	176	73	32	24	199	264	19
27	249	180	75	51	45	123	41	215	237	111	50	102	272	43	225	153	191	64	226	219	58	234	31	90	122	223	238	128	156	21	115	101	40	187	4	173	81	59	8	125	79	86	121	190	63	159	15	62	240
9	228	94	270	208	28	158	25	98	22	95	145	177	259	33	67	88	220	184	93	126	54	143	76	141	221	12	60	266	230	119	224	151	212	134	269	39	205	106	174	105	254	29	107	271	69	131	204	200	218
