2,1
26	144	63	171	78	138	47	129	225	91	193	204	120	109	212	127	130	59	154	213	68	55	60	142	207	155	69	24	99	188	19	208	35	56	235	175	165	191	124	103	181	226	20	169	5	87	83	209	102	49
1	2	178	58	10	61	46	6	76	70	131	52	98	136	174	116	7	236	39	202	163	182	114	201	185	230	111	168	72	224	162	220	227	205	43	167	21	149	37	196	75	121	184	198	132	187	95	146	67	66
166	22	38	232	223	101	190	222	152	119	117	195	147	90	41	80	105	81	32	199	106	48	110	25	53	192	17	219	170	51	14	148	82	84	218	29	3	23	128	45	159	97	189	42	194	79	211	12	112	11
183	85	134	143	160	176	104	34	108	50	161	172	173	4	133	44	96	210	28	135	145	180	214	71	118	186	233	137	74	229	216	94	151	150	203	93	18	27	36	57	31	65	140	89	158	30	86	92	141	126
153	13	197	77	215	179	177	206	234	200	33	62	122	107	88	54	139	100	16	115	164	40	0	73	8	231	157	221	217	156	123	113	64	15	228	125	9	187	43	116	180	4	71	149	168	140	212	118	203	183
32	78	104	18	149	11	131	50	190	83	143	170	222	66	212	44	102	39	64	35	27	57	63	177	12	194	79	208	215	43	191	108	59	146	62	195	123	138	8	89	90	157	45	139	223	112	124	173	7	150
52	75	127	122	169	137	145	178	92	159	202	201	184	171	231	160	175	42	33	218	198	13	152	53	206	93	67	30	119	37	219	9	235	226	113	101	5	46	31	217	22	49	38	71	73	14	41	233	158	185
210	193	142	187	196	227	188	120	24	23	82	65	174	162	76	147	161	20	16	6	148	55	182	28	230	36	69	51	106	97	15	220	68	125	209	155	96	17	99	34	47	199	172	110	21	205	229	48	224	135
132	84	105	10	72	234	54	163	98	186	100	3	114	221	87	85	211	225	61	180	29	181	19	183	213	176	0	115	86	140	1	133	207	26	109	116	192	128	167	197	151	4	204	95	40	126	144	58	153	56
74	164	2	107	166	121	70	81	165	111	103	134	168	189	25	77	141	179	60	236	130	91	129	94	228	156	118	80	154	88	200	203	117	214	136	232	216	25	165	188	141	236	211	184	148	75	137	17	205	108
45	225	63	67	203	62	46	227	80	70	168	187	48	11	209	214	112	176	19	161	43	61	213	4	77	99	56	125	130	17	201	74	22	184	181	198	127	219	137	60	129	86	96	167	177	7	101	114	210	81
2	189	226	149	98	110	162	18	10	148	208	29	218	65	232	154	128	196	174	103	49	87	194	145	97	119	231	175	85	217	3	68	53	72	152	224	156	69	94	64	47	71	236	54	173	150	117	211	50	235
138	102	221	131	192	200	180	52	40	83	92	27	157	16	220	193	166	206	139	134	5	109	142	191	199	35	39	197	15	55	195	89	222	124	186	121	144	51	132	126	108	0	215	12	38	113	26	66	76	116
212	100	190	58	223	179	13	136	229	107	205	106	73	120	234	84	105	118	207	171	170	183	141	44	21	163	182	75	8	122	33	88	216	91	104	172	24	82	9	23	135	178	57	31	79	233	160	230	204	169
158	111	123	188	151	34	20	6	93	25	37	146	30	32	202	147	90	36	115	14	133	78	159	228	1	143	95	28	153	185	41	42	164	140	165	155	59	26	65	77	53	117	71	30	198	165	89	158	135	95
211	227	102	52	90	188	104	101	236	154	35	213	48	74	99	59	21	167	160	78	77	222	44	61	14	130	226	207	149	216	165	79	22	91	209	152	114	68	186	11	219	31	108	36	58	179	134	47	231	93
203	189	60	3	123	223	92	210	218	81	55	39	174	56	97	225	135	94	103	159	57	120	66	67	37	76	0	177	137	229	9	2	95	194	176	198	235	221	215	5	181	148	34	17	143	132	168	29	43	88
116	125	205	202	182	115	89	73	107	234	208	50	26	64	23	71	65	24	87	45	100	72	224	42	113	228	169	232	46	190	4	38	106	85	163	12	15	82	183	166	138	40	230	197	33	20	80	191	140	141
49	180	30	206	173	129	69	131	212	201	8	199	184	172	124	170	118	25	217	51	110	54	178	142	133	63	84	195	175	185	127	13	139	233	7	158	6	28	70	98	161	151	62	193	157	105	111	96	136	164
109	150	171	32	75	147	1	27	117	128	214	41	146	86	122	145	153	119	187	220	144	192	155	126	162	19	10	204	121	196	83	156	18	53	16	200	112	167	55	35	68	160	234	188	75	105	172	67	222	23
96	80	105	91	227	68	236	116	56	90	110	164	211	200	104	151	185	115	133	132	47	199	112	218	219	130	220	93	166	13	121	152	158	226	144	42	60	17	8	228	165	174	176	209	160	86	183	131	180	106
51	124	136	53	48	233	11	139	191	114	157	204	170	175	95	189	43	94	41	57	125	137	168	230	61	235	76	163	205	92	87	194	49	153	212	83	117	33	69	135	23	20	113	179	58	196	122	111	62	29
108	171	141	77	208	214	75	36	103	39	217	187	143	32	18	173	0	188	65	31	119	134	192	1	148	89	16	19	22	145	184	197	156	27	198	35	28	98	123	193	50	63	150	37	40	154	85	213	34	7
44	201	26	120	169	181	126	72	210	54	177	229	2	30	102	155	12	142	167	222	88	221	15	70	234	84	178	182	223	127	172	101	99	79	10	71	38	190	59	159	9	46	81	3	73	118	109	162	195	107
129	64	55	45	225	203	215	67	21	5	231	25	147	161	6	82	128	74	24	97	186	149	66	52	138	4	206	216	14	207	232	146	140	78	224	100	202	150	136	37	229	175	121	228	29	151	76	214	81	28
140	200	27	106	217	134	156	230	66	207	128	52	195	113	17	8	139	164	183	89	24	93	65	38	142	87	231	186	34	153	0	30	47	56	109	144	20	16	94	104	138	120	15	97	114	63	95	80	119	133
90	60	122	196	173	181	147	82	176	28	189	151	40	124	184	54	206	220	84	88	148	212	163	45	166	162	102	218	228	210	92	170	48	57	191	201	121	145	25	152	223	161	167	37	67	236	219	130	36	96
136	12	118	182	158	192	29	55	208	85	126	42	115	188	159	149	100	229	99	107	235	232	141	70	198	79	143	146	190	76	111	197	185	110	73	71	39	103	168	9	108	61	169	64	11	157	129	10	3	131
199	175	14	150	50	187	214	75	74	221	132	211	203	171	213	154	194	32	179	78	222	13	117	165	49	216	23	155	35	51	98	77	177	224	6	43	105	226	204	81	18	233	62	137	112	5	59	174	205	215
123	58	193	86	19	22	4	2	180	101	127	125	178	172	68	234	135	7	33	160	31	69	21	1	44	72	41	209	83	227	53	26	46	202	225	116	91	216	24	68	170	158	58	73	145	139	144	134	102	120
147	79	185	112	117	221	232	138	156	74	145	94	212	134	41	150	59	42	4	56	164	160	11	158	178	89	92	18	7	152	236	143	114	193	226	2	218	222	199	24	29	48	106	171	87	210	231	93	223	20
176	26	19	162	119	17	99	27	101	16	170	142	25	43	144	6	30	216	37	127	108	1	211	157	50	233	125	148	76	118	28	66	194	179	45	70	90	104	174	198	72	3	168	172	130	234	122	209	51	235
68	80	136	133	109	139	31	63	201	224	202	208	183	34	151	219	78	69	124	23	96	189	181	177	149	220	44	165	81	182	111	0	82	214	13	154	52	121	215	98	102	204	169	229	95	132	32	137	120	100
166	203	46	187	225	205	195	58	83	163	5	36	146	55	88	61	47	21	49	85	64	14	155	126	153	105	161	228	116	35	213	192	167	128	110	77	10	53	131	159	200	67	9	62	188	191	39	57	227	180
173	107	190	129	123	33	186	84	86	38	206	60	91	15	141	184	22	197	8	217	207	230	97	113	73	135	75	54	40	115	196	71	103	12	140	175	65	1	235	103	21	224	186	43	155	27	44	112	128	133
60	141	38	31	14	110	194	85	153	20	142	132	188	101	166	69	102	165	131	167	42	4	173	80	178	73	50	18	96	124	19	47	71	186	51	154	190	176	201	122	177	229	70	233	218	6	196	151	215	32
49	143	120	79	145	41	210	152	106	43	57	104	157	88	113	230	89	66	221	5	93	123	15	192	225	136	183	217	125	81	209	149	128	227	76	202	103	68	137	98	64	40	92	87	155	121	109	34	216	185
3	95	212	156	187	39	83	72	35	75	97	133	22	36	171	161	181	140	179	224	170	105	10	63	169	193	107	77	30	198	59	162	58	213	228	206	82	200	158	163	24	129	139	21	126	27	78	25	55	168
12	164	56	234	53	112	134	111	205	197	52	144	180	219	91	1	222	191	174	146	223	54	184	199	207	195	150	99	2	182	130	236	108	67	175	86	26	0	13	204	231	16	61	45	11	62	17	28	44	94
148	7	48	84	232	119	116	8	114	118	46	33	214	138	203	172	100	23	189	211	147	65	159	226	74	135	115	127	90	9	235	29	208	160	117	37	220	171	194	165	53	230	49	101	158	189	16	148	45	85
91	222	18	85	88	64	10	161	93	20	30	176	22	119	133	178	228	6	7	153	132	4	71	90	167	122	94	216	42	128	226	220	97	46	69	231	144	186	185	37	148	152	14	224	143	147	194	45	225	72
25	28	206	8	217	23	21	115	197	149	157	230	73	53	110	78	218	47	164	0	131	24	77	139	207	145	141	181	56	107	166	43	31	113	213	118	50	17	184	177	126	35	198	55	210	58	66	233	203	193
195	234	89	103	214	173	87	40	229	156	86	68	114	182	158	15	162	146	151	183	65	51	191	39	36	9	5	111	117	170	219	52	108	84	102	202	41	221	105	120	44	74	38	236	112	154	81	140	79	106
163	200	135	96	13	104	136	95	12	62	212	160	16	199	137	76	192	211	209	204	188	180	187	127	138	168	150	235	123	48	232	60	159	201	75	34	19	208	49	82	223	165	33	26	172	205	1	101	190	11
57	189	175	2	169	215	99	32	179	116	129	155	67	83	124	142	134	109	27	63	98	121	59	196	227	171	29	3	125	100	80	174	130	54	61	70	92	33	18	22	196	209	224	38	171	87	110	77	15	213
67	76	179	94	8	142	106	24	112	54	69	75	226	205	83	217	12	72	31	50	174	147	43	46	161	40	88	222	230	183	231	47	29	57	102	28	232	218	221	172	3	143	184	235	201	129	207	224	73	97
121	74	146	64	105	27	154	189	133	5	120	211	103	38	9	119	134	140	169	138	122	181	15	79	16	37	198	203	206	215	20	178	99	150	66	81	132	177	199	124	186	130	128	234	60	156	187	166	227	126
19	51	35	118	107	168	148	108	52	6	164	193	223	17	220	70	141	202	34	110	171	42	160	213	71	80	219	149	49	113	89	10	145	209	68	157	26	65	115	78	93	196	167	182	91	39	197	11	185	228
13	58	98	176	30	139	56	55	117	45	116	152	111	95	180	1	22	192	123	86	48	32	41	162	151	208	125	225	170	62	127	101	194	144	212	190	4	7	33	63	137	216	153	87	25	173	18	114	59	135
165	0	96	136	104	204	36	195	233	163	14	236	21	23	155	77	82	200	61	210	159	175	188	2	100	92	214	85	109	191	44	53	84	158	90	131	229	230	143	224	71	42	202	34	36	22	177	115	14	119
35	178	2	102	166	181	201	177	208	197	22	33	133	134	107	135	221	183	149	172	76	34	64	224	151	141	190	164	218	79	68	113	101	70	77	4	81	122	137	104	16	99	10	136	216	109	124	65	129	146
53	63	233	30	204	210	207	42	83	28	167	46	26	230	9	62	165	157	176	206	180	198	25	15	47	120	87	211	116	21	170	213	31	14	143	100	37	169	40	32	38	229	78	125	130	92	108	220	75	128
66	17	123	97	140	71	142	91	225	8	205	148	23	192	126	202	85	106	90	182	20	13	150	188	36	154	234	175	195	153	189	52	139	236	145	54	24	7	111	80	61	199	168	160	45	18	215	179	152	49
