2,1
204	154	228	126	183	1	59	193	131	260	171	180	295	163	218	92	279	197	24	269	132	26	286	64	192	172	259	232	127	190	47	52	275	278	152	206	25	247	105	263	288	167	43	187	80	272	181	56	98	106
148	87	142	212	36	10	276	121	186	300	282	199	102	241	65	35	19	188	230	227	61	70	5	119	210	113	138	266	202	76	274	147	157	242	60	284	69	21	209	78	173	49	170	285	58	277	75	215	292	114
20	38	189	100	111	169	164	194	162	211	68	139	0	226	219	129	6	55	246	151	244	174	37	83	27	130	283	207	63	257	264	225	195	86	249	46	229	214	293	175	2	137	222	267	116	120	290	223	32	7
9	103	91	39	28	270	255	280	245	298	196	109	268	72	136	254	198	191	240	294	184	161	149	238	296	115	117	48	107	271	233	213	155	99	95	67	66	96	22	166	124	101	159	235	144	261	30	236	90	41
81	160	208	176	110	153	53	178	17	231	51	14	237	82	84	291	29	3	23	146	128	165	201	217	168	45	251	97	57	42	258	79	185	287	224	220	12	112	11	150	234	85	134	143	252	205	301	104	34	182
108	50	253	88	262	4	133	44	250	203	135	145	71	118	273	299	216	74	297	248	94	281	93	18	31	140	89	158	141	243	13	77	289	179	177	200	33	62	122	54	239	16	40	256	73	8	221	156	123	15
125	265	239	273	215	297	44	27	45	124	244	228	298	123	285	258	64	167	263	76	181	39	106	138	131	143	110	13	275	274	92	271	53	30	79	52	169	200	290	207	12	238	5	201	73	33	22	266	272	9
0	262	204	288	88	136	156	173	196	295	150	98	199	162	207	141	17	86	25	126	107	270	189	133	125	22	213	287	230	105	131	70	128	27	26	236	251	89	11	82	120	223	246	248	275	181	235	113	171	188
164	61	91	286	40	147	263	282	271	93	176	274	273	211	20	183	109	106	50	292	45	151	158	1	71	222	121	297	51	210	111	247	52	233	75	191	209	43	232	13	153	154	68	184	177	218	205	148	16	112
149	138	252	10	139	291	54	44	272	240	62	92	178	145	261	53	281	74	298	220	64	168	2	225	47	28	129	155	104	206	46	200	172	130	279	134	65	179	165	6	187	250	267	228	114	257	166	5	182	29
137	85	34	124	9	81	227	76	14	193	234	269	195	31	289	21	283	77	115	8	212	259	97	60	118	198	219	48	216	49	110	249	12	194	239	169	32	36	73	192	144	221	55	33	3	253	18	174	38	170
190	159	143	202	58	90	140	224	203	127	4	146	294	285	94	299	57	123	217	117	95	197	163	79	63	241	244	238	293	142	201	277	101	300	116	284	15	264	152	119	243	19	41	229	83	265	24	226	276	96
266	280	69	39	30	167	290	72	37	100	102	245	80	84	160	7	268	208	242	42	157	122	135	180	256	301	185	66	35	59	255	215	260	103	214	99	78	132	87	56	237	23	108	258	231	175	254	296	67	278
161	186	123	263	147	193	62	110	21	67	170	265	87	17	190	205	189	33	257	228	74	142	31	252	284	71	137	277	93	261	131	112	230	45	99	115	81	235	229	217	260	148	274	241	7	69	270	10	53	279
131	215	116	110	153	227	252	288	44	219	148	246	208	2	160	173	17	77	283	192	297	31	156	34	35	88	231	251	101	146	37	138	245	0	46	135	72	24	113	178	81	85	89	97	4	60	56	242	191	287
15	264	123	87	61	40	185	140	220	106	64	141	241	212	133	262	205	299	12	100	162	186	143	26	271	130	188	268	279	144	300	221	202	277	196	125	92	74	289	51	66	54	120	14	5	108	63	84	225	104
224	269	145	7	30	249	6	167	70	285	90	233	248	244	179	170	154	276	105	236	96	95	8	36	226	109	174	197	256	190	172	27	117	206	166	41	86	165	171	126	207	10	158	203	168	53	16	294	48	195
250	83	75	102	184	211	182	136	189	69	78	253	210	45	55	122	213	204	18	99	65	119	1	296	22	217	232	292	278	62	52	218	298	193	29	260	169	111	272	235	270	286	282	80	25	180	201	150	82	112
266	71	58	151	28	20	128	19	163	107	49	295	267	293	275	118	187	134	183	115	164	124	243	139	230	257	175	91	59	263	13	67	216	98	229	121	176	255	239	79	291	42	234	76	301	132	94	240	281	142
43	9	273	247	228	38	155	47	194	68	237	3	147	114	238	152	259	157	290	11	265	280	73	254	261	50	222	129	149	274	93	177	39	209	284	103	21	200	214	258	159	32	33	137	199	161	57	198	181	127
223	23	147	179	14	164	82	26	8	219	279	189	264	10	121	67	66	202	293	36	46	165	138	296	301	77	54	58	270	181	176	281	195	35	254	13	16	97	49	72	217	206	251	241	96	115	228	75	224	240
114	193	265	16	198	224	220	129	96	243	91	240	286	134	33	86	139	116	283	161	105	230	201	145	173	51	213	42	143	80	132	250	236	49	237	192	184	166	293	164	257	68	175	106	203	152	228	112	131	148
169	174	41	295	191	208	187	119	47	244	151	103	130	222	239	182	235	74	75	104	210	60	272	276	170	90	87	89	177	76	273	253	267	291	154	133	300	209	141	225	56	97	156	231	17	8	284	249	65	136
5	29	268	140	252	247	94	188	185	111	226	53	48	274	11	194	110	18	263	4	128	270	78	211	163	122	217	43	58	57	113	150	158	219	61	279	92	218	298	121	32	31	93	202	115	290	254	264	69	124
189	289	20	262	178	39	168	292	296	125	181	196	108	77	21	275	36	287	137	301	160	216	0	255	258	1	204	144	19	22	200	135	248	223	251	176	27	183	118	35	28	98	123	277	259	50	63	207	37	40
212	85	269	171	34	180	7	44	64	26	153	299	233	245	126	72	271	54	241	197	179	67	195	2	199	30	190	102	215	155	12	142	167	66	88	278	15	70	281	84	242	246	280	127	172	101	99	297	10	71
38	214	205	256	59	159	9	46	81	3	73	229	109	162	107	55	45	282	288	221	261	146	25	147	294	6	24	186	149	234	52	138	260	206	14	100	285	232	82	23	83	95	62	117	238	227	157	79	266	120
13	165	165	258	265	88	157	160	237	222	84	47	122	250	210	28	176	54	67	97	104	30	156	87	238	205	278	45	12	106	25	263	105	272	175	200	247	92	280	20	61	236	161	64	206	259	142	82	192	151
285	274	219	105	103	7	8	174	51	108	273	90	86	1	293	176	38	178	186	235	73	222	221	298	245	12	280	145	272	24	252	69	256	101	37	265	294	258	60	16	9	132	197	237	180	53	57	68	269	102
284	277	44	190	148	136	223	130	78	260	74	276	210	181	115	22	85	217	182	27	288	162	11	161	125	3	88	286	209	191	110	40	200	41	5	50	268	179	297	123	20	226	91	13	199	238	144	109	225	17
35	63	166	150	233	241	52	247	19	39	264	131	29	275	59	301	295	117	128	36	98	111	134	120	204	243	81	202	271	198	89	248	72	107	79	93	157	253	55	279	250	127	135	147	28	140	94	291	10	299
133	67	203	84	246	45	165	21	267	156	75	262	175	216	71	62	155	229	76	282	137	196	254	296	112	228	118	124	14	18	66	205	263	211	56	218	2	83	167	61	194	214	116	283	113	163	151	193	30	192
82	234	70	49	80	261	142	0	164	34	104	287	92	188	31	152	201	172	154	183	289	126	146	23	143	206	232	230	119	65	187	64	106	26	47	58	266	189	244	281	278	158	160	138	87	139	212	208	95	121
6	213	231	15	42	236	122	153	224	242	240	257	227	114	97	249	251	184	220	99	168	54	4	159	169	239	255	300	259	141	100	77	173	177	290	171	33	149	48	185	46	215	25	270	129	207	32	195	43	170
292	96	296	74	145	71	157	210	283	149	179	238	168	263	20	269	152	138	255	117	89	16	99	195	11	139	189	79	7	17	163	261	59	270	169	252	48	93	4	125	177	69	26	18	216	160	277	27	134	276
212	15	160	144	261	120	259	279	143	258	3	286	239	227	79	113	137	55	97	140	111	89	121	77	66	138	271	178	39	206	35	30	43	14	130	124	240	88	229	129	58	234	25	225	56	238	273	51	216	210
112	5	87	136	268	72	101	57	107	27	1	91	134	150	168	291	186	54	252	93	85	269	73	195	106	218	126	180	128	13	193	285	104	299	276	197	17	274	99	265	147	173	84	8	46	172	283	139	236	44
127	149	23	275	103	181	237	254	247	74	223	167	284	118	177	80	32	117	37	92	154	266	257	233	21	18	219	214	201	68	157	176	217	109	108	69	159	41	105	255	278	272	29	162	38	9	298	110	294	100
264	277	194	155	189	151	179	244	123	164	174	165	49	115	52	94	199	289	281	133	7	10	183	48	141	182	19	207	53	161	221	83	256	33	169	224	300	188	114	295	198	296	231	187	185	200	301	62	132	20
2	222	292	145	119	280	204	142	215	96	76	192	196	63	95	31	226	260	282	47	22	26	0	170	11	59	6	163	61	290	235	131	70	243	12	67	75	297	202	288	253	293	40	24	116	42	64	208	262	135
248	242	122	263	65	171	81	232	251	82	98	86	245	250	241	166	36	228	246	205	211	60	34	184	28	267	152	156	71	209	220	148	230	190	203	16	50	90	153	287	102	146	158	213	191	4	175	270	249	45
125	78	241	287	196	167	78	155	145	81	180	265	102	158	261	52	86	16	154	205	178	184	115	271	53	137	236	148	185	197	20	139	266	226	114	203	176	288	269	233	219	74	258	54	151	141	238	284	174	256
111	115	22	146	202	35	203	181	143	206	156	170	207	255	90	39	161	230	157	10	141	42	188	212	6	229	233	43	148	64	298	139	31	151	226	232	178	69	114	158	7	78	91	20	218	147	240	29	283	152
53	180	73	4	275	300	46	17	177	242	25	208	272	30	266	98	270	294	186	18	171	71	128	153	93	258	262	163	94	119	28	277	244	282	37	201	189	211	271	80	14	3	238	260	176	45	8	97	231	193
253	285	72	149	23	21	131	110	276	144	296	50	132	273	47	85	175	250	77	0	173	24	213	103	166	237	88	65	32	195	191	198	293	221	290	215	257	5	107	129	227	118	55	113	58	126	66	225	192	286
89	194	299	68	87	40	100	281	86	214	279	15	164	216	124	51	219	36	9	133	117	241	63	52	108	84	102	222	248	162	41	185	183	278	121	154	105	120	187	145	44	74	38	92	112	205	81	140	79	106
217	261	184	135	96	13	104	136	95	12	62	223	67	199	160	274	16	11	137	76	251	155	301	263	246	267	235	127	182	138	168	150	287	123	210	48	284	60	159	197	247	224	75	34	297	265	49	82	228	256
165	33	26	252	172	264	1	101	204	209	190	57	2	169	269	179	245	236	83	142	291	109	249	27	295	59	196	280	254	288	259	125	243	174	130	54	61	292	239	70	122	134	289	56	200	234	220	19	268	167
99	116	246	117	277	71	285	12	208	271	241	121	79	164	88	120	15	28	218	207	99	173	110	176	3	239	240	181	253	70	136	20	297	275	40	143	17	228	153	294	293	156	237	222	169	126	215	250	269	68
219	137	213	115	23	183	34	178	90	295	177	58	120	98	65	301	20	216	107	46	121	270	293	297	181	254	95	36	70	198	232	132	18	129	11	38	74	140	97	189	9	193	224	57	190	27	71	279	110	249
281	251	66	192	14	158	188	228	54	272	127	69	179	290	134	75	258	250	33	229	133	237	204	230	118	117	255	48	247	91	244	169	263	49	135	239	116	29	126	79	119	196	202	269	238	280	55	264	143	282
138	16	31	300	170	104	87	28	252	88	168	128	52	37	21	103	13	162	299	218	286	176	24	99	83	43	287	227	208	84	278	157	32	60	19	160	77	6	215	217	100	142	56	261	245	171	201	265	298	93
266	141	111	212	35	68	210	114	25	94	267	206	76	0	234	182	108	82	64	125	123	3	256	233	2	44	276	26	148	257	155	289	85	101	17	283	40	220	50	194	284	174	149	184	8	259	150	248	214	81
262	67	207	15	136	131	164	273	205	167	152	246	102	166	92	180	109	80	165	5	62	260	242	96	231	72	61	172	175	146	241	159	222	7	130	145	161	1	285	113	45	225	12	223	47	53	191	235	139	41
203	42	277	275	199	122	163	288	240	105	294	156	173	59	153	195	10	268	243	209	186	22	147	296	63	86	106	185	73	124	151	30	197	78	226	291	221	4	39	292	200	211	274	253	51	271	154	144	112	187
236	89	135	251	22	35	239	97	4	162	154	21	151	204	170	105	280	115	70	175	2	37	191	95	241	178	116	102	3	104	99	293	140	265	258	77	292	255	271	148	31	266	34	87	83	194	33	124	273	240
6	166	79	284	98	200	146	114	201	57	28	159	215	203	156	247	219	64	110	178	250	269	170	51	85	128	263	198	197	21	294	182	137	262	271	80	32	135	192	91	88	153	129	89	29	15	300	18	68	223
17	30	244	48	254	211	127	277	152	149	121	205	293	245	162	229	171	183	96	196	276	87	243	19	141	54	191	256	283	16	260	116	47	265	117	214	168	70	297	150	280	33	109	24	279	77	231	43	55	126
67	158	181	118	185	288	83	291	130	84	63	241	172	226	176	206	22	9	124	154	266	58	161	94	143	115	97	213	71	160	264	122	46	101	75	163	93	72	258	2	20	267	133	103	78	76	190	73	238	151
41	179	7	287	12	230	204	225	186	144	27	123	82	261	120	0	193	60	62	36	240	248	216	199	189	194	3	69	131	232	90	125	175	31	155	184	252	132	139	285	40	237	38	253	210	111	147	268	4	136
202	251	52	100	164	157	81	212	134	278	169	14	246	208	34	296	188	195	113	207	282	224	290	10	145	270	59	289	233	119	56	108	234	174	5	292	298	13	180	275	45	106	228	257	272	11	140	259	177	8
65	25	217	42	49	86	37	99	53	239	286	148	66	44	105	107	142	167	95	222	227	236	249	26	92	102	218	221	274	112	1	61	23	242	104	39	74	173	165	187	138	255	299	209	50	273	235	295	220	301
35	281	44	183	46	148	17	88	31	133	163	134	233	160	2	174	169	300	170	77	274	243	212	289	51	36	186	119	81	206	165	262	56	249	270	257	281	282	145	242	9	12	100	129	228	168	87	83	42	259
37	186	34	53	100	198	64	65	110	30	12	250	184	91	43	86	126	167	239	36	246	214	48	245	180	270	273	62	63	116	152	172	275	181	138	221	58	243	240	29	229	157	232	179	154	42	263	202	248	78
189	99	218	73	136	117	173	133	264	87	5	56	225	177	242	268	121	20	11	113	212	52	280	96	230	75	128	170	129	10	61	289	148	178	9	199	253	26	205	211	102	296	143	71	46	106	200	18	7	17
45	49	33	160	44	297	31	66	145	109	282	226	201	271	84	194	147	150	72	287	213	23	104	278	252	193	209	24	118	210	217	231	285	120	112	101	175	90	192	257	153	168	68	169	130	135	139	260	165	50
97	123	2	286	151	292	142	207	158	238	208	77	227	125	32	236	27	51	19	155	237	111	283	103	41	174	185	204	171	4	241	220	265	176	28	290	224	261	254	279	223	284	70	277	114	94	249	215	21	67
55	40	60	132	141	81	59	8	222	79	300	301	191	35	15	190	196	137	272	281	16	156	166	25	98	255	22	95	124	197	216	219	122	115	161	195	88	0	206	93	247	299	54	235	76	267	234	140	188	57
269	14	162	276	159	119	39	251	80	13	134	82	294	105	288	107	69	131	83	298	203	187	183	85	274	74	244	108	144	291	149	146	163	89	295	262	266	164	259	6	258	38	3	228	1	256	233	47	293	127
182	92	278	90	43	224	300	279	288	220	284	252	33	294	128	7	229	116	65	99	276	145	78	197	238	133	30	55	134	63	3	46	66	295	296	62	92	184	231	153	287	174	282	166	176	301	196	14	152	149
282	131	75	263	42	105	21	242	283	158	149	79	293	264	288	202	197	168	275	46	223	9	150	170	17	58	81	24	167	220	285	192	206	244	257	89	138	205	157	214	0	145	185	188	84	127	252	135	77	262
98	239	85	142	238	146	217	281	166	184	248	199	271	30	280	122	95	261	108	106	125	92	191	213	182	124	6	267	169	265	177	120	274	97	38	113	295	240	253	64	55	291	2	178	181	130	183	215	28	57
39	137	103	8	156	51	208	189	152	44	141	260	82	229	294	76	129	123	18	136	235	109	71	222	20	165	278	247	32	203	163	60	209	296	187	279	1	25	290	48	72	132	143	268	227	101	80	50	47	23
175	67	19	119	251	12	74	115	225	237	70	29	284	164	233	7	198	162	83	221	86	226	31	176	255	151	22	87	128	298	33	173	300	194	270	201	266	273	297	245	27	99	160	96	286	211	195	154	212	34
