0,0
718	334	501	572	74	866	1226	666	924	323	1035	1094	1318	981	481	1582	1158	1467	64	879	1088	1058	1341	1478	1137	882	1409	102	361	115	1423	1013	1525	559	230	721	1071	579	35	1451	392	952	643	449	1551	307	1572	1531	108	345
218	48	426	450	1064	1330	1273	725	1079	264	930	31	729	36	784	1221	339	1441	1059	774	844	278	869	367	143	317	1030	1506	1587	689	1514	56	267	663	440	1319	329	1403	384	1338	1151	130	881	233	212	67	861	661	1121	1570
1415	428	1201	962	528	123	1295	1395	1256	778	304	1511	220	1041	125	805	1054	97	1087	370	846	638	244	372	34	507	1308	1123	1562	1068	835	976	273	87	1015	120	1513	591	565	596	1150	660	24	1585	1429	463	435	1529	1346	883
85	1252	945	589	1410	999	270	809	544	1461	217	1111	593	414	1370	359	1436	1092	1184	678	1450	418	1161	739	1493	69	131	922	604	1316	854	203	191	873	1350	991	1231	348	567	1285	811	1527	1157	133	946	708	618	886	1401	483
318	1499	1171	7	1418	1432	299	1437	1438	915	532	1048	750	942	996	637	1005	96	899	621	109	558	171	1155	968	1227	1	27	1322	301	691	588	146	1124	1248	234	145	153	904	912	891	225	973	1449	1251	126	1185	786	748	613
1131	685	700	1589	1452	769	16	403	803	375	332	775	1264	75	840	870	417	29	379	1360	970	1288	1567	190	1424	1373	537	1235	1472	564	518	688	672	1502	1553	454	668	1044	1056	1601	369	1559	695	1012	452	810	112	1112	1528	28
845	1049	1213	808	344	1462	383	1568	529	1188	657	616	124	1391	1324	303	175	1199	819	1139	1117	1120	860	719	781	298	1191	1420	245	1187	936	679	43	421	336	247	228	1339	703	489	1232	194	1303	576	764	1564	1463	827	636	941
829	486	647	11	1057	366	73	512	1179	261	573	222	1203	510	782	274	1555	812	1442	1473	1369	1597	667	876	475	1306	1061	1382	722	1421	935	1535	617	1394	794	707	1546	1367	893	223	800	118	1327	939	1547	491	494	1590	1356	961
649	39	1512	1192	188	1200	744	413	986	470	78	179	142	1425	1022	957	202	1542	1154	1257	802	858	121	72	730	471	1144	110	1517	1510	992	654	1447	211	798	555	1405	1100	1202	1156	562	1439	1292	1055	815	776	1396	1351	1337	533
1584	1533	325	990	795	139	427	271	1002	1377	1434	789	68	1402	1365	1575	793	354	896	37	619	916	1277	539	1003	1082	731	625	1034	884	1313	445	174	387	1600	601	1479	305	989	47	817	3	1296	821	948	1371	1311	1026	1128	447
1331	859	60	980	1242	903	894	1376	326	1384	1392	104	363	577	1486	1586	1329	1255	524	1114	1431	966	1497	704	22	164	598	779	1152	381	752	1501	151	514	461	1526	1214	365	1503	172	734	229	1211	80	438	157	684	1141	1195	1090
1197	1536	1160	177	1239	907	1081	987	1076	699	751	341	1383	482	693	822	498	431	300	612	1504	282	358	1164	52	633	1386	1588	467	910	411	1286	1000	373	20	152	1266	1540	41	960	1243	1143	1272	1593	280	495	173	1051	773	550
439	51	1457	425	828	1326	224	890	538	933	863	742	30	204	1583	180	420	199	1115	997	909	525	1163	213	1522	1433	255	855	106	738	963	1008	1416	1007	1029	1177	1031	1108	374	6	1305	226	397	437	419	196	520	378	1254	1355
603	442	820	82	521	1153	1025	1301	895	1560	1166	500	287	335	1537	416	841	761	905	723	1563	1036	1215	1208	1524	511	838	1594	843	872	658	1455	1260	906	479	1500	1398	763	1389	1018	1062	900	665	1126	236	399	95	284	441	554
1074	492	1207	155	1186	1375	477	1053	1265	949	816	1134	101	215	1422	140	1040	582	410	79	1302	253	1487	249	1014	205	1489	393	874	1019	88	242	880	349	513	756	250	1089	908	243	1269	1354	735	1167	832	1580	611	1456	10	276
193	1358	842	504	1453	788	958	434	1244	443	45	850	745	526	1332	385	1307	1435	1122	53	563	342	132	1577	955	682	824	1276	195	1140	1194	683	1261	141	508	580	1212	1379	887	147	238	982	474	1175	57	285	1178	197	138	646
23	566	1317	1576	92	712	1412	1084	163	984	1085	1174	448	1491	1310	531	687	857	839	1245	1523	953	1253	1104	216	302	176	114	897	484	609	429	386	1016	181	65	898	277	262	292	1323	965	951	979	696	1335	1353	1234	1494	1414
711	1598	675	1067	716	546	1466	1116	9	1080	337	1399	408	76	235	1282	248	33	628	995	1427	799	240	312	1218	705	1102	871	1262	1556	8	954	741	868	192	353	1190	1543	444	706	294	1574	1162	487	1516	569	499	1407	49	622
1165	12	1129	932	1196	169	1325	548	585	496	823	430	1083	545	259	807	530	1483	1238	170	702	252	911	458	1133	602	1561	831	1357	1050	260	1300	1101	322	758	867	94	1148	1274	635	473	629	351	709	931	1363	1284	964	83	505
664	1009	398	457	1249	357	254	161	116	1220	1241	1290	920	631	19	1333	485	1283	263	792	1507	608	167	1086	295	1309	423	237	584	549	321	969	100	614	1183	592	1476	971	84	1099	519	994	720	456	754	42	669	122	135	692
768	186	697	578	547	571	1042	767	1334	293	1548	772	615	940	1475	726	315	99	590	1347	1298	804	1046	833	415	1495	770	743	1446	988	1464	1063	673	698	1145	1109	1093	993	1378	913	183	517	834	878	983	1193	568	950	1484	1132
639	184	309	198	1118	1069	1216	1278	1460	389	1172	814	159	790	166	1176	1343	1219	681	610	623	1189	1336	1181	1045	1411	536	791	594	460	1480	272	200	311	1052	1348	581	1023	937	1017	1599	836	402	1198	352	1482	1459	943	1173	1223
1259	1496	21	1096	1518	1004	388	1566	105	1205	91	740	771	626	1426	853	156	1247	967	466	1138	1385	1024	497	86	396	257	1408	849	231	462	1465	1470	1293	407	1028	1448	296	1359	1521	478	1001	503	107	765	934	377	70	1105	1217
390	424	333	728	641	862	1281	1481	1142	154	1349	600	1380	136	50	864	753	1352	1372	241	757	1342	98	1430	451	1471	583	1107	405	956	634	694	61	1170	400	162	59	1011	306	1027	316	759	1320	676	1070	651	119	210	509	523
266	570	1428	129	279	522	81	926	888	14	469	178	947	620	1573	111	677	1135	468	1038	214	1246	327	160	476	1592	26	1328	1509	182	1039	25	275	1304	901	1268	1073	885	38	848	1263	1545	586	1539	382	465	343	1474	1469	66
1229	338	1250	642	289	433	148	852	686	227	724	149	1236	975	1125	1595	605	587	737	488	1314	659	1047	113	1297	1443	308	1557	265	320	560	1538	1209	851	63	889	144	219	1550	837	928	1490	650	58	1404	2	208	1558	599	938
251	391	1299	1130	541	1400	959	1222	17	542	1413	1010	575	281	1280	1113	1321	187	207	165	1312	927	892	246	269	288	830	1182	1275	1060	394	701	977	297	1043	978	310	553	1291	1136	291	632	1315	1498	1515	787	918	644	714	1505
189	710	1271	5	1534	925	1169	1228	515	826	1340	432	453	847	362	1230	1549	127	561	209	314	331	656	552	404	806	368	1225	1066	902	117	493	1294	324	556	0	1033	55	1519	1127	1532	455	595	1458	717	875	319	18	813	1210
1110	350	46	168	674	944	340	221	1530	436	1565	627	998	258	137	330	376	1006	158	972	1204	32	150	1287	777	103	347	551	540	1374	727	516	929	1037	1237	206	985	1596	877	1279	412	328	648	346	1468	680	1591	736	607	917
1445	459	1397	1072	1578	506	1508	1106	923	355	1119	446	1091	534	766	422	380	201	1381	671	128	1168	1020	401	1233	286	268	90	1065	464	1361	1440	1544	1258	1390	921	1077	690	785	1267	1103	1075	1362	1364	797	535	914	640	713	557
818	865	747	313	749	232	364	185	62	480	732	780	624	662	746	597	1270	134	1021	655	856	1485	783	360	290	1206	1388	1541	71	4	645	44	472	762	1492	801	796	715	1159	1454	1419	1579	1095	630	1488	15	1417	1240	1098	1581
760	606	919	406	1571	93	1554	283	825	543	1345	652	89	670	1366	653	1406	409	755	13	1477	77	1078	974	1224	1569	574	1146	1387	1368	54	395	239	356	1552	371	1444	502	40	490	256	1097	1032	1520	733	1180	1147	1393	1344	527
1149	1289	56	664	1167	1144	179	784	1426	843	1090	1469	980	1178	522	1031	1502	343	960	1309	848	606	326	1270	690	931	1326	1338	1139	1382	1413	1419	1497	1492	176	1471	998	437	989	25	1516	101	1367	113	877	493	781	58	1022	515
945	1454	366	97	404	885	1321	1127	339	1174	742	1336	1263	586	1596	693	498	1372	1095	659	1277	146	261	655	1291	1080	548	474	1274	1497	1003	925	529	1012	1371	758	222	1015	1376	311	1500	1234	1091	872	1278	787	1370	1567	1063	1380
937	189	732	290	1589	46	1033	518	1133	433	640	1218	123	1322	147	398	772	1187	1049	581	322	1000	524	218	676	1358	1583	908	95	42	697	1153	279	893	420	1215	205	813	1275	1537	577	1056	135	1134	707	619	817	333	824	1410
1082	1010	1052	1281	580	842	599	1425	900	686	525	330	194	703	1222	1397	1142	1261	1435	970	1088	1515	508	527	912	1432	1463	941	16	88	718	515	396	784	1445	909	1475	762	660	555	1040	1132	58	1478	502	1407	1238	1090	1450	43
402	494	882	1538	406	76	294	809	898	389	325	159	1452	783	1505	1045	1236	40	463	166	276	126	240	133	1242	879	190	821	422	611	1315	796	1458	1550	916	136	286	1207	1547	1523	1158	85	566	20	647	310	1555	770	867	1461
1584	592	974	605	666	245	1575	930	584	1047	1600	1590	623	54	948	1075	1520	574	368	620	435	1248	704	852	314	497	300	1209	1457	731	1333	57	1447	346	1172	1201	484	1415	858	1273	841	1363	1103	424	603	192	1185	815	1441	861
744	836	89	576	1438	201	1440	1298	60	1232	1156	814	828	1423	121	639	1597	1102	736	673	470	593	483	1121	1486	1337	808	464	219	1398	723	614	543	117	1169	12	1087	932	1076	875	1288	1347	1586	918	1106	938	1279	29	757	1413
338	850	482	467	414	132	810	98	750	28	1231	53	845	430	283	227	1579	537	1394	546	137	1022	594	1256	789	960	538	66	376	511	1041	418	1404	1529	491	621	1058	1477	1330	436	413	1116	1389	643	839	536	274	1007	331	110
328	1100	980	881	926	432	454	1495	805	388	516	873	696	1002	966	982	453	1508	1271	1403	237	551	1028	1442	615	0	271	71	1066	1506	212	1163	374	683	1421	1536	1089	1125	1178	129	304	1044	735	24	116	115	1135	801	618	1017
303	597	228	1138	1599	756	293	493	1585	285	919	1338	589	961	347	394	291	554	1046	1465	1375	1096	1061	1558	1433	378	1399	80	1245	1194	1244	1026	73	452	711	752	284	334	344	837	277	847	1318	854	231	141	902	1427	213	179
1485	553	99	1595	1512	1250	1073	1137	1011	443	1004	672	114	1317	316	1345	168	275	1181	780	224	855	1417	887	562	1060	1177	475	829	708	1148	579	1249	915	1190	595	485	251	544	894	645	1379	831	957	1387	1414	1351	1083	1204	235
1043	725	1530	785	244	370	170	492	753	1335	1264	386	1576	1468	1139	364	1569	727	3	1117	857	1227	793	1293	148	411	204	63	790	1053	17	622	1224	979	1059	1373	8	1284	705	559	1254	149	1068	667	361	1118	1206	1545	1235	1077
1528	840	1269	408	1162	950	951	843	1175	250	92	109	336	165	517	318	1577	1267	96	510	995	172	175	1570	812	1309	417	1	113	309	139	1295	1241	298	1381	1556	653	1013	1490	448	1282	477	263	156	719	1016	816	1018	768	1265
1184	890	1307	977	606	826	243	1200	1079	1578	154	575	86	106	1354	400	804	151	1542	658	197	726	962	1220	679	1359	1544	1344	1431	4	862	1320	253	1408	738	972	981	807	373	1496	1123	1152	1021	994	410	349	461	532	176	270
943	888	177	883	644	345	1006	572	1112	1563	774	954	1434	180	535	1147	853	1108	1313	965	692	1469	162	238	1029	953	1539	798	601	1124	10	252	39	68	449	709	26	321	590	1302	1326	93	18	706	188	1541	91	1593	216	1027
1341	1466	700	775	570	792	125	1488	56	567	1374	822	920	628	874	1392	351	1489	278	409	1562	1183	1170	48	1353	910	288	1009	866	835	942	1159	381	246	1548	62	1549	1202	144	1573	260	1574	802	1233	1340	737	1316	1198	1115	649
82	984	849	877	1396	530	626	1443	254	1534	501	969	677	1300	955	1513	392	1168	1296	1025	36	1481	1502	1551	1328	1114	1042	806	869	763	77	712	1451	1173	1290	1501	1527	1225	100	1167	341	365	447	1346	596	670	987	985	1540	934
747	131	733	967	585	1409	509	1509	301	550	94	929	7	1128	257	69	717	202	158	914	856	1565	1418	1131	83	255	1601	119	1211	634	1031	1388	379	1098	1329	297	1448	64	523	1001	671	1598	557	1071	1532	1592	426	308	479	343
998	761	1483	52	21	779	236	419	1572	610	939	471	1199	1518	428	1144	469	654	1366	155	393	1193	118	766	903	217	1285	1143	458	880	1312	988	695	1036	669	1171	539	1360	1151	438	1094	1266	1564	680	1492	958	1332	825	1155	975
128	1343	1217	1582	407	564	549	924	138	1237	234	488	651	210	281	1391	265	1382	710	767	991	299	1400	359	522	105	102	437	1525	1034	624	607	558	326	387	315	928	1093	687	514	990	788	1467	13	37	72	1157	1420	870	74
1557	358	1070	1192	507	512	896	397	1449	401	931	827	78	423	1122	273	47	160	1030	391	1430	547	489	1314	468	280	1361	907	187	296	1110	1319	371	688	1101	741	225	1416	565	635	541	178	959	773	111	1129	415	1039	754	360
1210	1377	1304	399	329	759	1385	242	682	889	650	1154	944	1120	989	1368	701	1310	59	811	262	1212	1240	421	1352	460	287	1406	531	734	627	1180	313	1473	1065	1203	455	771	1356	157	844	1216	533	324	1480	1553	913	648	1327	429
833	367	668	1276	1105	395	1259	917	1219	786	356	561	486	1383	1230	684	720	348	520	1272	642	656	200	256	1362	403	933	241	1064	186	1331	1038	1533	1165	456	173	1032	353	794	694	745	1141	317	663	1246	1303	1182	1051	431	563
384	1048	490	871	1084	1342	193	1378	215	1208	444	1516	312	999	830	1460	971	198	478	1535	163	641	221	369	689	578	182	506	38	61	1113	743	1470	87	1561	1519	598	1221	652	528	209	124	1239	819	332	167	777	901	1484	1514
946	699	820	108	1510	1160	674	451	41	1280	940	617	1517	208	145	1591	1062	604	740	476	1369	1511	269	1419	81	472	140	1229	335	362	1195	1223	184	226	1037	616	904	863	681	1323	1401	730	199	1294	272	1035	1161	588	33	1008
1140	49	127	936	1393	838	560	927	992	1395	34	19	947	305	996	282	1196	513	101	1292	1289	1439	267	1524	445	2	169	1166	355	1005	800	385	923	748	983	323	1453	1482	1262	1446	27	746	1588	354	1456	1325	1554	239	427	1568
1149	755	868	1474	174	1305	573	582	751	473	70	1146	134	997	1308	1258	220	268	973	859	848	818	1594	949	363	886	357	905	342	1197	922	545	1099	1487	1311	6	84	691	1109	721	1214	340	716	613	416	1334	851	1255	1386	30
1455	1580	956	1429	122	1078	891	1054	1522	1164	661	1357	442	952	446	864	203	32	637	1436	1081	120	31	993	878	196	665	153	14	1507	521	976	964	1464	729	350	791	778	1498	1085	519	462	728	1019	496	1074	44	1428	1494	1349
1365	457	724	503	185	289	1364	782	1111	390	713	1126	1424	1422	211	1130	1444	702	823	1136	459	1437	1179	50	171	130	1057	526	781	760	207	441	657	583	1119	602	1287	698	266	895	1412	1324	1097	662	11	248	685	1251	161	1252
795	67	480	1205	1504	1543	1571	860	51	258	1176	103	1339	722	715	776	799	1020	232	466	678	1297	609	1350	540	1405	1270	797	587	434	412	500	505	1024	35	181	112	439	765	1367	1104	440	306	892	405	372	1546	897	1559	352
1306	1092	142	1107	646	214	377	832	1086	1072	1150	307	591	1355	487	1243	1390	1186	764	1402	292	450	191	104	1426	143	600	1479	638	1226	1459	195	380	769	495	632	223	1260	1055	383	630	1384	636	152	834	233	978	1299	230	499
9	1050	739	1521	1228	327	45	1587	911	1023	1286	465	1526	608	629	1301	79	968	1499	425	382	302	568	1067	569	1472	1581	247	164	1189	1493	1411	1145	65	1253	5	1476	1471	15	1213	625	25	1552	206	963	337	249	23	846	1069
264	675	542	1503	504	1348	612	481	183	899	320	552	1014	22	935	75	229	1283	259	1247	986	295	1491	749	1268	803	865	633	534	1188	1462	921	664	876	714	1531	1257	906	319	107	1566	556	571	150	1191	631	90	884	55	375
690	1560	568	777	1540	97	1396	832	1109	1059	409	1107	1111	808	318	973	42	1452	382	316	373	1104	1439	137	1210	1166	1516	1313	1102	285	1286	1322	931	1484	960	1319	804	496	378	51	64	46	1315	473	1268	1300	1175	325	58	165
1086	829	578	499	874	989	819	258	979	794	875	367	707	1069	1508	1525	716	845	1242	556	1409	200	1020	1270	963	1492	768	1537	1469	193	2	670	1178	462	1070	738	825	1190	436	837	612	413	1154	190	91	900	1416	378	1486	1394
847	1488	1187	1373	1564	98	343	933	392	1235	1464	20	433	696	501	602	1517	687	1463	1169	1201	139	1099	4	399	1481	922	484	1274	613	81	982	605	1424	681	663	116	285	32	1357	147	916	886	278	1446	65	128	481	151	77
444	1334	1440	827	1338	1352	426	1042	66	890	857	562	1193	194	723	1125	1179	1022	474	624	1183	997	1191	530	1072	600	1318	1080	237	919	1299	516	799	174	683	1251	945	539	1518	1531	848	1331	568	1305	718	934	51	118	1321	642
863	335	833	870	766	812	1435	239	1546	780	265	1132	1323	962	734	1580	1088	1596	1510	703	348	1215	1560	9	29	691	884	172	1302	1203	455	357	1147	329	1303	19	1380	1198	814	407	1379	475	1569	1310	171	1089	176	232	1495	855
901	892	96	323	1347	1273	75	369	965	408	665	63	835	791	442	622	546	584	443	1556	807	1146	1358	692	330	1081	824	1065	196	1143	233	1061	625	743	41	1539	520	671	1584	589	522	503	21	840	1015	1399	947	322	493	793
1415	1126	1585	191	921	518	494	467	489	1383	756	1300	427	1600	1133	515	362	577	1062	1109	939	713	215	1316	902	1496	1401	371	1012	262	246	1256	1051	779	1567	471	795	504	388	1458	1131	37	749	727	1032	1429	1194	274	1563	1101
531	342	1155	948	1395	1601	1016	593	92	649	752	438	724	744	1002	747	925	1466	775	1277	70	783	1360	377	150	776	1405	212	631	559	380	461	1309	1159	1319	389	728	1438	567	1432	972	349	940	526	1239	67	1013	1114	621	784
1327	355	538	162	169	1210	1408	521	125	754	1156	588	936	817	466	1553	1568	685	255	610	912	157	563	695	129	1484	1426	1217	532	511	1057	570	569	1140	318	1456	1470	1280	1142	224	52	705	16	1241	368	142	416	1336	1222	954
83	742	206	1238	524	1044	854	78	1162	1295	208	360	227	544	84	765	1473	787	1285	748	106	1369	700	11	1364	46	904	523	482	632	1324	1398	85	913	861	1085	44	189	673	853	428	103	1278	684	1001	1199	1090	712	228	425
606	1091	1029	617	652	715	1544	1442	1296	1521	341	1443	1555	862	952	1355	983	529	725	1503	1120	56	809	701	218	291	1127	112	1	1485	576	575	931	452	95	781	437	717	850	1192	586	1583	213	307	231	760	984	878	1493	1370
937	548	1597	1335	0	42	479	480	958	986	1551	1128	826	214	1011	310	677	1245	288	1520	1312	498	1354	1439	1195	108	1543	813	320	1003	619	1157	1378	43	1593	1232	1436	1237	137	1483	1461	1412	121	659	552	8	1059	1262	24	1475
1252	722	463	1392	259	803	620	412	1342	1566	1591	1268	249	699	542	133	432	182	15	1451	31	1226	1444	655	596	73	459	395	951	969	1353	868	222	893	477	1173	405	1490	1356	312	115	1152	1533	216	1261	730	1074	838	956	209
512	1110	308	905	1348	33	385	926	678	1092	1536	420	1060	332	1557	429	1064	597	94	832	257	1137	558	550	996	1504	755	384	565	390	808	859	860	345	1254	419	1554	865	23	100	975	740	694	1459	1514	1552	1578	1329	198	1093
315	1340	616	230	456	668	1577	1292	225	6	1396	1298	478	873	1311	87	1365	1276	197	1041	823	135	45	993	54	555	382	1224	28	1445	788	113	132	990	929	1594	1115	1007	131	333	920	306	645	248	117	1317	111	909	1287	502
358	968	1272	304	658	336	1548	777	785	422	1197	1374	244	1538	1434	970	181	1363	880	915	145	179	960	1523	1122	457	1381	629	810	1030	1225	325	1425	1253	1018	977	774	496	1586	709	305	1213	1008	251	1397	1289	680	946	491	430
741	266	338	943	1054	1040	1288	1181	192	53	547	1565	851	828	1519	418	1390	435	12	1411	311	636	177	361	363	439	1279	154	1168	185	1541	1148	393	898	1209	1221	1502	974	240	1325	1113	1301	110	1259	1460	1571	1263	245	1455	1454
173	1428	1073	441	1339	18	1494	1227	294	1479	1474	856	1071	469	1257	985	1500	844	99	1361	263	164	822	797	126	601	1478	347	1108	421	1522	651	1166	22	1247	582	528	1341	644	1406	887	1100	839	1236	1587	269	1417	319	914	1592
500	1151	1527	144	967	1218	1489	403	674	1391	10	1149	344	447	340	298	583	763	1308	204	1482	751	846	615	1260	591	689	1388	424	1025	1410	579	1511	1182	773	313	17	574	276	1332	107	561	49	697	1437	792	372	1430	123	1027
1019	449	1575	3	1028	1350	1315	560	256	1045	930	595	682	14	166	1082	1228	346	352	223	221	27	1205	1498	551	370	519	165	549	543	287	1515	842	235	60	1206	402	662	1291	872	554	706	1599	1447	978	1202	1006	536	301	1249
767	383	1075	1581	796	414	1087	1255	314	105	1487	387	580	202	896	141	1034	365	1275	394	888	1129	62	1220	101	1532	661	460	611	275	1343	1258	1534	309	175	510	1219	633	238	1186	152	666	806	1322	1216	1524	708	1010	895	374
1233	811	488	1185	497	800	1145	184	735	1144	159	1121	679	1067	331	540	908	789	1135	876	507	571	1037	647	440	746	1158	220	648	1549	553	5	199	260	1240	242	458	643	120	149	1558	971	168	1545	995	667	535	1333	957	1418
1211	654	1107	1375	1246	992	581	454	820	664	1367	290	557	1453	1223	1507	163	852	1031	534	757	525	1449	1282	672	801	1320	59	450	252	790	415	68	1472	1576	1098	492	1422	1530	268	1048	869	1290	170	64	1465	1506	409	1570	1153
379	1189	89	1413	153	1095	903	1313	506	434	626	279	376	300	1326	102	966	451	1264	1377	1501	834	1230	69	714	517	186	657	973	1387	1052	364	292	858	201	1513	317	883	57	894	545	1243	1184	804	879	566	229	1250	594	234
264	1118	326	1078	1134	448	587	35	236	1297	282	47	867	1385	495	211	356	1559	1457	1017	953	1176	187	778	938	241	641	1036	302	183	541	1344	1293	1112	324	299	40	1180	690	1528	932	1582	127	758	1055	247	1130	271	136	1014
608	764	180	1400	48	400	1111	1589	630	688	1480	906	1535	1231	1097	1286	843	533	1248	1384	134	1212	831	1579	676	1139	917	646	483	918	877	410	280	1499	297	1165	899	572	1117	508	156	1477	273	473	286	401	1039	79	1200	1103
1076	935	1452	1021	669	1271	50	1102	1079	1386	889	210	1196	205	423	76	1046	614	509	1540	391	476	635	1281	949	339	316	736	1562	1119	1077	1172	417	219	769	1026	337	1476	871	1174	1574	737	762	998	188	864	841	1407	772	1244
375	327	604	1368	1035	726	1269	1330	634	599	97	226	980	1362	1170	1366	61	1106	910	721	830	607	1058	1123	1529	1005	1214	702	609	122	1066	731	373	138	732	729	1167	1056	745	1160	753	71	203	1043	798	350	82	686	527	250
564	1188	86	1371	1307	1163	284	431	1208	1345	640	1471	911	638	381	90	836	849	1265	270	1033	36	1047	104	1359	1136	1207	994	1234	1393	1376	1337	148	353	195	1509	25	1104	950	158	590	1124	885	1096	167	653	981	445	140	1516
1204	7	637	1000	907	1161	1116	1382	161	805	650	243	446	1431	1084	296	660	253	759	58	1414	359	944	1024	1402	698	303	1038	955	1229	585	1423	1053	396	818	1105	1547	1314	1433	505	487	802	114	261	623	897	1068	1083	295	964
941	1404	386	1009	1306	761	710	514	155	1512	272	1094	1283	627	1063	628	942	1573	1572	598	1150	453	1420	470	80	486	1468	1349	987	786	130	988	618	693	976	146	656	13	961	93	30	1175	720	927	923	397	74	143	1526	88
821	289	1346	719	366	1467	267	468	1505	1050	537	1421	1550	1141	771	39	1448	1171	283	513	1004	72	464	1450	55	782	217	750	1462	959	573	351	1267	398	178	281	26	1403	991	815	334	675	404	1588	1266	406	928	472	733	1598
1590	38	1138	1177	770	704	866	1294	207	328	1427	490	639	881	119	739	711	1419	109	321	1542	999	1023	603	277	1328	1491	882	1441	485	1497	1351	1164	411	160	1561	254	1304	465	592	34	124	1389	1595	1372	891	1049	354	924	816
293	1284	1599	828	1033	176	770	1496	79	472	550	628	1095	1057	1451	946	131	309	108	349	177	726	1159	1480	28	464	974	26	1094	540	1206	166	1476	183	1172	157	1203	883	1356	134	84	329	1576	1478	1221	1575	692	1378	648	1409
411	971	421	448	560	1511	867	984	1084	1482	532	1426	1284	83	250	47	558	1139	607	922	1065	1456	1419	1274	1029	615	936	1560	1403	304	1286	469	330	833	1370	1378	610	38	111	589	43	99	1165	166	64	208	1487	1433	79	1421
1494	736	750	1148	642	1339	1154	656	476	215	874	412	1265	1372	24	1288	407	232	734	1543	333	925	134	1351	1331	109	617	1332	213	722	1582	1042	106	351	784	1361	121	836	1335	924	1040	1597	843	167	996	918	199	679	341	223
634	1048	585	1270	434	309	54	297	1349	881	1113	862	662	90	1308	87	489	1319	128	518	919	1513	1580	1459	235	450	1374	911	645	1596	1262	22	399	400	1413	46	1249	1508	1178	723	1094	1383	732	671	1043	1418	808	243	82	107
686	825	1245	494	637	1050	675	1035	892	1469	651	452	212	926	1584	408	334	1237	175	1397	1488	181	1574	292	293	932	986	493	1478	75	362	1101	914	1273	1490	1401	807	426	759	947	1121	209	484	42	402	790	551	1320	94	603
388	910	459	1211	193	387	643	880	72	229	952	957	1227	1195	1558	1380	100	1346	176	1386	647	1126	157	1473	1300	978	336	1236	1161	1138	1172	230	445	1228	798	1445	409	1223	884	27	905	1538	1536	405	1278	1562	810	1055	1164	477
1549	324	290	1117	708	731	887	0	968	1018	762	1067	1485	1212	1317	1390	306	776	1526	1340	989	325	1201	584	1037	928	244	1096	515	115	1051	23	813	507	1501	1085	1326	680	653	1271	828	1100	1342	1328	565	76	1180	1115	1004	446
316	1181	1239	1323	1104	513	746	748	364	247	605	428	534	1023	987	1189	133	1321	1601	546	583	667	1124	980	1033	1059	1130	7	668	481	346	1593	901	1420	1133	602	721	661	1447	360	1098	308	224	161	455	616	383	749	479	174
406	1242	231	648	1461	702	86	1314	990	314	1576	170	726	937	846	278	1443	561	344	943	554	1258	1440	942	152	665	500	1290	871	1307	875	488	125	140	210	1503	1521	886	1483	765	578	1111	499	327	854	1495	677	929	608	1338
1054	49	549	1129	1318	861	1207	768	389	1149	17	1070	580	206	529	908	203	962	838	310	835	1020	1157	869	577	797	218	441	1151	1505	430	1504	253	1460	1090	1008	277	1565	536	685	1464	1135	272	1444	12	295	1491	1329	600	263
458	514	576	815	1140	531	127	999	1064	1569	69	376	1081	1373	255	1142	13	916	1369	102	1030	900	1528	1534	542	682	350	714	356	275	192	485	856	414	596	801	21	767	463	110	404	1388	527	1592	670	528	1309	1280	1156	172
1547	53	860	839	639	953	1579	1086	598	1577	707	933	654	1364	1432	650	701	1276	280	777	1112	285	283	163	683	1110	1312	183	447	35	537	1053	761	1017	597	422	288	73	1127	704	424	1436	1125	60	977	1214	396	540	743	663
1193	995	983	1045	137	972	865	627	786	1363	568	217	530	941	1535	778	195	979	457	11	522	811	754	116	1106	588	1177	1414	1077	822	361	766	1316	418	358	487	1080	1581	848	266	1458	700	1450	1044	832	1216	267	817	124	1213
1465	251	1437	1116	628	1587	1253	1497	678	474	1128	164	1566	693	1234	384	535	130	56	2	440	896	196	363	265	5	91	1198	269	84	259	1486	1011	575	449	1173	1457	1036	1277	511	591	207	148	510	882	366	783	1382	168	374
646	1034	194	1408	1449	1345	1192	710	191	1089	354	443	287	1123	365	432	1068	410	1119	1337	301	1281	697	1544	1454	893	705	1176	1010	1481	1266	1269	740	1186	1183	491	328	385	1190	539	857	1367	1336	840	1268	920	162	889	1515	318
1556	1554	724	417	915	1435	1392	1005	550	112	975	1524	1416	1293	1522	799	1500	555	62	841	756	716	241	178	1060	68	964	715	1550	61	1231	1256	1376	1246	930	973	562	1073	1240	897	611	504	395	687	794	664	638	944	257	307
1069	226	1003	403	339	1512	1398	1087	1530	774	349	623	394	1204	619	601	582	851	1013	720	877	1533	579	138	1200	883	451	185	951	1279	853	329	1075	1415	1451	337	906	300	699	525	379	725	227	454	1074	1095	200	271	709	553
205	625	242	15	604	1529	1103	1586	1532	1072	997	1196	238	594	1252	633	1324	1306	1114	595	96	1510	948	1225	890	169	305	70	444	1368	1472	1343	1218	1493	1595	1039	1163	380	1191	1412	1031	1272	1251	938	58	1179	816	689	44	636
970	401	907	93	631	753	976	322	1479	392	55	1516	1147	317	141	1507	1354	1194	347	1014	566	1572	988	1091	1297	1137	1188	559	1260	618	780	959	876	821	669	814	273	1396	563	158	791	1387	1424	781	955	1425	268	829	179	1559
1019	423	552	788	904	967	153	557	1517	621	338	326	204	1446	878	32	676	1477	390	1	960	1079	1583	509	391	150	1540	416	413	1215	419	289	626	1141	688	103	706	961	222	712	592	294	437	1102	420	348	564	425	923	1153
1480	548	1209	755	1410	343	1453	1205	1027	1429	666	1598	315	1468	1292	279	1021	1097	1391	958	803	1384	118	772	775	1221	1226	1241	1407	1350	254	114	237	1000	695	95	1254	123	1289	672	789	1152	429	1093	372	742	67	1347	745	773
1088	1235	1136	526	1261	154	472	758	1041	1155	187	1159	1232	456	1049	4	1057	296	373	1555	730	182	632	353	355	826	1145	939	1150	1385	1590	630	593	77	770	1206	1430	1105	1359	728	847	249	264	98	1568	159	673	19	760	427
1313	1393	691	1038	492	852	1330	1496	894	146	624	1202	1076	462	787	1462	830	501	433	219	282	467	1015	1219	1499	480	415	818	516	10	1066	503	312	1294	949	717	225	1438	14	1230	769	1302	524	523	1203	393	145	1120	270	795
903	739	495	1257	1061	1542	1162	735	519	1546	1063	436	649	1171	1570	1026	466	586	1108	378	570	1395	1118	1322	1541	1552	752	331	659	820	612	1146	1520	751	6	812	614	1422	97	18	165	609	85	764	1166	1233	1047	302	382	1285
470	1561	1052	719	945	1238	236	228	1182	71	321	1327	782	809	956	855	1344	9	1263	78	873	1366	342	33	216	1484	863	1502	982	571	1199	377	898	122	1428	1122	1514	713	274	613	1109	261	1224	827	252	1301	690	1006	155	1264
299	3	1250	240	352	319	1362	149	1404	1071	156	1356	1358	991	652	620	969	902	1058	171	850	547	567	1107	1452	52	1002	974	844	398	369	785	658	332	804	45	1527	367	1287	921	998	57	1402	1131	684	51	1187	496	1573	737
581	1210	771	657	375	1409	842	29	256	28	464	1355	1169	180	120	1352	963	1283	439	37	837	1167	453	1463	1399	1594	831	25	741	879	245	1548	26	935	692	1439	931	1588	359	506	142	497	1467	1475	1509	371	895	1299	81	117
1518	368	16	1599	1564	606	281	1523	381	303	1348	1506	490	1578	1551	1471	899	635	1434	126	1298	189	733	483	1325	917	698	39	792	92	30	1022	913	160	214	104	221	311	1333	806	1389	891	186	574	966	66	573	298	1303	819
1208	89	1466	763	1012	386	864	1600	1563	1220	1024	1431	694	674	74	286	173	655	796	1400	1217	31	1197	802	1575	260	950	262	681	508	335	8	1259	793	757	475	1009	1489	1379	1158	993	521	1062	629	1365	747	132	1476	909	1537
1028	1222	1016	1377	912	590	1170	1295	1092	198	538	1144	1305	1046	569	541	965	1442	144	1244	1557	718	63	486	284	1357	188	482	533	177	258	1025	276	992	197	599	151	1160	1134	59	1519	823	1531	1553	1539	703	711	101	40	727
1282	88	1492	48	468	1423	1184	465	940	131	660	233	1394	1132	442	1099	1311	320	994	1304	135	1056	870	644	201	1143	779	1417	370	36	248	438	190	478	927	431	1082	1567	80	640	460	805	849	1455	572	859	246	1371	1248	587
1174	545	239	34	885	800	1296	505	1275	888	1185	502	1353	834	202	313	1525	696	1247	985	340	1448	868	866	556	1474	473	1229	520	139	1291	1406	1341	143	357	1571	1360	1175	1255	1381	20	129	108	543	41	1375	136	1441	113	220
744	1589	1411	471	65	1083	119	981	1498	1427	435	1310	1470	1007	1001	234	512	858	184	397	498	1032	738	1243	1405	1315	291	544	147	729	517	872	954	1585	641	50	1591	211	946	323	824	1334	1545	845	461	622	1168	105	934	1078
345	1267	986	240	930	73	1075	962	464	757	444	9	835	154	11	43	984	1308	909	332	1281	1504	686	1141	1399	887	753	1442	87	1259	829	99	988	544	1408	1028	375	442	874	658	531	812	139	749	303	1125	1225	300	1409	583
615	731	775	932	240	248	23	884	1449	1192	431	106	733	804	14	1169	435	676	1313	312	969	937	504	965	872	716	822	1495	373	1594	686	1276	1517	1058	335	524	1355	575	736	610	1028	1062	838	432	1570	75	423	264	798	1182
160	296	37	211	1236	179	1329	1096	1337	1204	1200	1389	577	1553	719	915	509	1010	931	831	1413	820	1117	213	682	541	1578	1401	1128	601	1036	1199	1054	272	622	1060	680	1029	1023	281	49	924	1509	607	433	1415	568	941	186	1202
24	138	694	771	1265	502	83	526	802	1457	773	1431	988	1575	1343	217	529	962	994	1041	206	1207	1550	428	1247	809	120	1371	254	611	146	873	1196	1349	380	1211	977	1212	1092	468	1366	190	1292	324	1425	424	945	78	290	1303
1068	1569	507	1593	1	539	1598	100	22	58	681	640	62	1339	1026	1507	1164	603	1015	751	1423	119	704	968	1378	955	720	484	807	735	624	1500	1511	1256	452	891	554	1253	1235	666	368	80	702	674	328	1163	604	378	440	721
276	233	1170	439	20	774	347	1468	927	76	796	970	1439	1142	779	1480	877	605	558	1315	1428	0	32	4	135	436	291	1048	546	1484	1538	156	90	972	288	467	336	1458	1426	101	1582	1139	742	1188	1354	606	760	1373	1299	1032
1496	1081	466	445	829	600	189	1284	868	145	816	1521	1255	1152	365	1035	1012	473	1160	1090	133	1585	1325	794	843	810	374	1440	8	397	1064	1437	377	812	991	1245	527	303	786	419	1146	845	953	1452	1326	1382	317	1595	1549	1400
230	277	1145	361	1175	639	1112	899	854	299	117	1137	1259	1583	237	649	1367	1392	407	514	594	168	1388	134	732	1019	738	896	1258	102	553	623	1381	890	1518	590	904	983	196	1454	1475	834	672	533	521	659	1377	187	420	1099
1474	305	227	658	318	1516	1228	1130	744	1144	1040	1217	1539	894	379	418	391	283	861	70	19	52	1338	673	1122	1290	1360	483	1287	1342	169	908	1123	1014	479	1592	893	856	40	938	517	151	369	901	537	1340	1189	799	16	1025
1505	560	34	976	1180	370	1527	180	1597	700	1321	99	776	985	926	461	1121	853	1003	691	602	511	241	806	909	1149	1555	1302	1183	897	1091	44	641	471	450	501	1453	1214	480	1471	1288	405	1323	685	1479	617	1251	857	1473	1506
1459	1552	867	756	294	271	718	850	596	1396	1082	214	1073	1314	708	513	1416	142	1376	199	1022	144	692	273	1272	1561	434	282	587	657	764	1540	1080	1000	1359	528	232	21	148	72	1277	841	287	1492	1115	1242	344	35	722	289
337	498	495	60	496	782	581	510	906	750	1357	632	1283	566	1336	410	949	1033	1263	1353	826	1205	45	862	1422	811	453	729	302	1274	161	914	713	589	593	224	805	947	403	98	404	788	177	1077	59	1574	918	1308	777	354
925	458	1191	508	188	69	113	304	1197	697	1489	307	476	557	654	669	1195	429	152	1285	1186	939	677	216	1535	990	1268	1522	1385	950	506	193	1402	620	1460	1599	183	1513	408	1097	1541	1591	266	767	647	1346	463	1328	411	426
327	871	207	1352	67	1131	1279	741	65	1503	1225	900	86	197	1551	362	987	1008	278	339	122	79	588	319	817	1311	1231	523	329	163	1420	1018	490	679	1414	364	385	839	916	265	175	389	860	1105	530	846	579	270	852	1344
1464	584	1546	875	108	137	1232	578	740	837	71	1572	1345	469	576	17	1554	178	621	898	48	1102	1118	883	599	1362	444	1230	1502	485	1178	1529	535	1519	1254	457	951	371	848	97	256	1369	1433	1409	267	808	1462	618	830	1544
797	1324	653	109	1206	1083	114	690	943	500	474	472	413	1037	1229	1034	1380	634	1579	223	1074	652	813	1372	1577	1443	41	1525	698	942	61	748	252	889	1485	823	749	1584	1069	940	1135	1559	1447	824	710	209	38	1418	1100	334
73	1429	512	372	1047	437	470	494	1167	1399	1126	107	1166	979	1461	505	1004	51	1335	497	881	998	383	583	503	141	1070	155	787	1219	984	952	1410	1398	1488	454	643	1483	542	1072	959	844	219	1417	194	1395	1005	465	978	1031
1056	625	1153	136	26	359	887	400	1446	1124	518	306	394	128	586	569	1445	1562	684	1384	399	81	390	920	124	7	944	127	996	765	828	752	645	11	1397	247	628	147	250	333	1063	1184	1079	414	1451	585	1110	562	184	709
212	1300	1095	43	129	1282	1470	1571	1448	1140	538	331	851	1424	384	785	1404	1065	351	1499	1271	9	859	551	1361	84	191	637	295	1580	745	631	53	515	525	1240	1331	1534	1318	1512	173	286	1478	464	493	258	1002	91	262	874
922	1133	660	1486	780	326	352	442	342	375	706	766	31	1490	550	540	728	66	382	456	396	598	1596	725	170	1085	89	707	1162	1237	1173	176	814	911	118	1103	1556	1084	963	96	683	3	705	1238	1565	974	552	863	1239	325
1444	1316	619	416	321	1293	1101	28	1243	174	1071	315	882	215	388	930	1469	567	961	638	68	789	226	1267	406	422	1179	1190	1531	386	635	966	139	790	298	1567	1481	203	572	1436	1566	42	1155	714	358	520	417	723	1390	935
1201	543	1533	393	260	864	878	1165	954	563	401	251	1249	64	1545	1532	447	1542	165	220	743	549	123	164	345	712	1270	768	1523	349	1250	1405	903	842	532	1275	608	1116	795	803	964	982	531	459	1059	1187	791	314	1038	1297
612	244	1386	1586	858	231	1434	111	125	279	54	1564	703	662	1350	1269	1332	346	1438	1075	1465	895	460	1289	172	1322	1246	478	126	1294	1262	482	836	221	47	238	833	1093	95	1198	832	821	154	1601	1520	737	958	946	1306	869
614	1379	1493	63	366	781	1432	1009	332	880	571	309	840	1011	793	1213	1543	330	103	815	1045	747	545	1557	1260	936	1174	755	1208	1043	284	1341	580	1383	997	1435	1051	734	257	917	595	565	992	1261	185	1013	1364	1515	1301	1351
1125	1001	6	801	1061	1021	121	1563	1278	1210	717	1055	92	1560	1421	678	311	446	519	695	1588	253	699	1024	355	491	1017	548	923	522	1176	1411	85	1317	243	1320	825	246	630	1407	87	116	140	592	1106	1193	1057	646	249	1044
1333	1310	402	629	960	866	94	204	1049	143	650	201	1042	1234	300	633	847	1181	948	1508	1573	392	1455	1171	1143	1504	739	1113	1501	1147	1154	783	1370	879	104	1109	727	235	1046	313	1498	759	1590	1482	888	18	443	1394	236	130
912	316	27	757	1220	1161	1514	1510	1138	1224	1226	1266	835	218	688	30	1248	762	746	573	981	1203	627	892	1273	648	475	285	202	1107	492	661	905	1477	10	259	338	198	438	225	980	55	415	667	701	1334	1114	268	477	387
1406	57	455	772	1330	559	1218	671	1280	1589	664	159	886	761	398	360	1327	205	642	1441	323	582	724	1104	1307	1494	1007	999	449	1241	29	1581	644	320	792	1027	499	1134	13	132	1391	516	928	1472	255	308	1066	1168	441	534
376	1298	274	715	1158	1487	1086	1442	157	451	957	778	310	1528	1209	1148	626	261	1427	1548	902	1393	356	395	110	50	412	1257	167	348	827	350	74	1286	263	1127	341	561	1347	726	46	150	655	784	357	1252	1016	995	1312	409
1053	1412	1177	195	956	933	1537	158	1291	182	239	1120	758	343	993	153	105	1368	1067	1295	975	1363	115	1568	489	229	910	1087	967	1558	689	293	754	597	171	1309	989	242	297	353	301	1600	1132	570	425	1030	973	668	687	613
929	181	819	855	200	363	82	488	486	1119	870	487	367	536	275	1185	2	556	340	1222	1530	1450	1305	907	1547	1387	322	93	675	88	1194	5	12	448	1244	292	574	1375	1159	919	591	1456	651	245	1264	1281	1430	1491	800	1536
1150	1374	280	1497	1466	1216	166	730	36	656	1348	56	753	547	693	1151	1108	986	481	33	849	1227	25	1136	544	1039	1020	222	609	1358	670	131	971	112	430	1296	1587	865	769	192	1304	1223	210	1094	555	1403	39	1576	913	663
421	1089	711	1526	427	616	1052	921	1233	1419	462	1215	234	1172	876	269	15	1156	1408	208	1524	1088	1050	1098	665	381	1078	885	1356	1111	1157	1129	1006	228	149	763	77	934	770	818	636	1476	1467	696	1221	1319	162	1365	1076	1141
564	1463	288	881	596	32	1545	432	1098	331	461	1537	1563	456	389	1059	1116	645	781	576	909	654	1389	1255	685	628	1125	73	131	438	1331	946	126	1077	33	844	353	391	778	256	434	1273	1211	1575	1083	618	890	1303	591	760
589	1540	465	1515	575	1514	553	1221	935	1265	283	943	709	2	97	1110	181	111	1222	712	1359	129	704	135	243	1373	879	984	1377	801	131	646	67	980	479	318	153	766	399	761	1220	814	1533	1279	184	434	590	564	205	1558
34	1036	93	1400	925	1157	917	402	237	1599	282	1500	1262	1513	65	287	447	208	1572	1214	223	1280	323	1292	1052	808	567	63	102	272	746	927	43	1137	1451	524	715	81	142	744	610	921	474	942	871	546	1014	963	342	1324
572	372	1206	902	277	1143	1248	813	1016	478	1333	538	645	120	1320	1461	760	906	919	883	365	398	1593	219	1492	1109	657	71	1241	1277	1000	271	484	894	1218	986	666	363	1360	615	1085	992	687	1472	114	1343	1565	918	1555	351
1266	59	1462	1590	1433	394	1060	861	869	1354	286	1473	975	1149	1027	702	649	377	1017	898	1553	1024	1258	429	1173	274	1510	607	88	1557	1058	322	450	1549	1546	100	475	495	1537	692	755	1378	1234	779	526	9	1129	796	1050	456
1518	1366	1067	107	708	973	448	32	749	1346	1281	1460	752	616	829	446	1481	529	1161	1144	1380	600	821	743	588	1554	1531	278	604	748	1299	275	701	618	1136	437	25	212	311	1121	344	1001	143	1223	754	216	812	1391	485	1566
68	698	1200	822	1351	1226	1003	480	815	690	1091	1334	150	220	872	957	1246	333	386	1187	1209	644	1227	1249	238	700	492	901	1015	1088	375	1236	1055	961	874	1381	317	1498	316	947	998	662	532	669	315	1505	1046	1330	209	337
556	16	788	1203	673	1399	953	366	236	1211	189	1006	453	256	625	12	775	868	1347	663	1406	880	197	1571	35	305	1575	1278	441	117	419	393	1442	1130	560	335	557	612	621	502	1576	400	133	1256	713	1037	847	451	217	458
417	668	640	705	661	1010	719	1225	1545	685	981	469	996	613	167	528	1146	913	1387	1158	571	491	310	23	504	176	543	1169	772	250	824	139	991	1420	676	1504	967	1287	1339	1328	696	221	1135	548	632	165	1025	508	1568	80
802	1447	185	424	1035	17	116	1048	145	1245	395	382	1530	215	470	932	1047	911	1501	37	551	896	885	1295	361	1267	545	1022	1528	1298	591	1174	79	1293	106	1071	786	330	186	858	542	599	144	523	1104	260	1189	1465	724	1172
509	1116	959	156	1186	1588	1331	745	29	1548	1086	585	199	228	665	1496	439	627	1402	1591	180	443	606	196	549	1076	343	1569	1228	1029	15	936	1485	498	728	362	201	360	1512	21	940	544	717	714	835	1577	86	782	1536	628
652	1099	1583	1541	1273	66	110	780	177	36	73	158	1	554	558	357	207	1450	1026	750	341	3	225	227	332	1250	909	1384	787	1404	675	994	721	689	1272	695	916	486	777	141	1477	383	1235	1040	1188	578	1081	969	14	811
51	1268	593	1224	778	730	397	190	912	1147	865	121	105	1459	46	50	214	1411	173	619	1456	1282	1582	790	364	1383	878	527	1095	340	1038	852	559	799	292	1361	1394	1412	1564	853	91	490	161	867	258	1108	269	254	1443	726
476	481	884	1362	1089	204	1021	768	1325	697	1030	979	152	841	1526	1476	723	989	1066	62	515	582	774	339	347	1355	367	608	1167	1118	931	1426	440	345	507	211	1252	1544	253	1264	648	566	103	1219	1337	1181	230	263	1093	1482
873	1168	1270	1357	313	1309	594	806	321	1542	302	1586	1154	602	1310	477	75	1393	836	1508	1319	626	595	1064	993	1034	598	1148	497	297	48	1327	224	1494	826	1122	654	941	401	49	242	1342	1043	1562	1191	1467	346	10	683	410
26	741	182	611	851	519	1061	1589	1314	247	758	276	1556	952	1313	415	642	609	169	1042	137	764	855	740	1112	56	718	864	923	319	501	1290	1028	633	958	296	1179	1142	1435	517	452	1570	295	1517	862	757	298	905	1415	1321
762	1240	1507	273	38	1386	555	803	1475	636	763	170	268	1084	430	1069	900	308	977	234	353	416	281	7	890	488	1254	245	1243	172	870	306	1113	384	1164	1215	1506	800	391	915	1294	1115	1596	1385	126	848	903	463	255	19
1082	84	1111	389	279	1198	681	506	1019	1305	1524	1452	1175	18	659	1213	1239	385	1056	132	1390	1376	1083	403	193	326	1535	907	854	539	1551	1458	464	605	454	1529	576	1434	119	563	1367	767	1350	1560	1141	910	1595	520	354	226
1031	435	1260	1597	1316	1202	1375	371	624	1478	737	1012	1534	40	1075	1348	1432	1352	630	956	1468	241	396	155	1132	1070	1416	720	414	899	423	650	1204	1094	1078	819	1409	1032	710	1332	420	188	1561	735	312	531	82	893	693	138
406	438	90	707	87	356	1418	617	374	390	1247	1185	489	828	677	653	69	432	301	85	1300	1231	309	769	970	1128	733	537	285	1011	467	1424	949	154	8	765	1007	1438	756	734	651	694	985	168	1488	39	877	742	1059	1062
568	462	1217	753	1074	1039	1369	789	1201	601	614	368	1051	473	635	493	1525	1166	664	1229	1271	232	1497	1285	1573	122	1563	889	140	1490	1527	1199	472	684	1453	1117	1041	1423	995	776	1013	1579	1345	1238	771	60	44	409	325	1422
47	1127	123	982	1114	411	679	444	183	1410	930	1471	30	500	725	838	1193	732	1349	265	195	1519	1358	304	104	1474	547	988	1045	1253	540	1550	289	583	513	1054	1125	1097	631	270	875	535	112	574	27	670	1155	1470	1139	518
881	960	711	422	6	284	934	1196	358	834	203	882	1257	1584	191	146	1150	1275	264	240	1259	797	5	1592	1120	442	99	210	1165	1344	1401	1212	408	1483	53	108	818	1063	1522	1020	1364	1140	200	804	261	1079	249	1077	1301	299
1469	1437	78	1318	660	706	1326	1480	1057	860	1151	833	1004	846	1002	1336	832	634	74	370	1425	1269	28	307	164	202	674	603	95	280	643	136	1372	1053	1407	1119	266	825	449	1539	891	1177	570	134	1503	647	1398	1317	703	908
407	1329	1096	194	1341	1340	1232	1171	288	522	1408	1192	990	1162	1284	922	421	468	1405	1208	512	791	596	290	77	381	1296	1521	246	1182	1323	22	955	267	773	496	328	320	1160	198	64	1487	96	691	376	349	552	1457	622	1439
1311	1491	350	291	839	1289	565	41	1585	235	876	1092	587	58	1495	300	192	1297	428	52	945	946	904	148	971	1145	1018	1379	736	1197	130	1080	1493	206	964	1578	798	785	962	1102	562	460	1580	671	1107	1180	830	1261	461	729
257	174	510	505	1237	1356	1274	1587	294	1486	859	1288	499	511	405	629	781	466	1440	412	1484	314	680	792	127	1365	98	157	965	569	844	166	1123	1205	850	187	1396	888	355	1444	1335	115	639	392	840	1087	1306	233	810	128
222	11	1436	978	1170	72	324	1363	160	293	1152	820	920	455	4	561	1455	1413	334	0	637	1216	738	950	1441	92	171	1176	331	1286	1464	1242	807	747	503	378	1183	530	1098	686	1567	1131	536	251	1382	793	1445	70	303	805
147	413	816	1105	974	655	866	113	739	951	1371	1559	1207	525	514	42	338	1403	1322	1134	1244	55	1414	1547	218	770	584	809	997	1178	641	667	1103	431	352	1552	1431	856	1283	54	1454	436	1153	1308	118	76	1538	231	1388	1023
914	1429	1072	1523	597	1263	954	620	722	837	863	976	1374	887	425	1427	1303	1124	124	1033	678	1276	1397	926	1353	101	516	471	433	1133	348	482	1581	682	716	329	387	94	1598	939	1302	845	672	380	336	445	886	1065	1594	1194
592	1304	179	794	1516	924	897	928	1489	1448	972	1090	1428	229	109	379	1190	1005	13	1156	1421	1430	1466	892	57	1479	369	1068	1417	61	1255	159	1509	175	534	541	1210	842	1601	857	831	83	933	262	213	983	1543	31	579	699
1101	1446	162	895	1159	1463	1392	1338	1049	623	1389	33	1307	999	20	24	1600	1370	586	1520	404	573	483	581	1315	457	1574	1138	1312	533	149	163	784	1233	759	580	783	1100	487	731	494	638	1368	1511	1499	1449	944	1106	843	244
248	1073	688	823	966	521	418	577	968	929	427	1291	827	89	937	727	426	388	1532	178	1126	1009	658	987	459	1251	239	125	252	1163	1419	1195	45	849	151	656	327	1395	550	259	359	1184	938	1008	1230	751	795	817	1502	948
373	1044	558	858	1440	901	408	923	258	520	687	542	1152	633	577	1459	1545	166	1515	1083	1190	991	450	296	1538	1317	425	749	336	796	1091	764	989	1248	570	79	1052	1351	1006	528	1561	508	1186	880	1305	1209	598	456	1415	1081
857	27	576	1393	1436	756	682	832	1488	120	730	1375	1139	838	184	1191	1520	722	590	293	1343	1394	469	1061	1428	507	1137	1274	520	50	1533	559	107	115	108	1574	408	1002	1251	617	1332	350	854	705	1576	382	977	400	505	312
455	1395	375	818	463	1081	1226	1469	462	1223	1462	443	1	757	418	1376	345	213	905	1069	680	221	34	1491	879	1222	897	1316	984	324	550	1427	181	1284	1314	862	911	1328	98	266	698	1410	1397	277	963	1415	605	596	1101	785
1070	1407	743	755	77	1031	776	456	263	803	104	1578	1066	250	791	85	1325	1100	1418	1481	623	1015	39	1207	1230	248	619	502	869	190	431	1217	873	406	663	1422	114	522	701	358	1247	55	1239	573	1559	207	560	509	364	1485
820	1508	1549	894	499	1409	209	278	1128	1001	428	626	1596	898	744	1267	1403	1013	1483	415	676	940	99	429	1189	1000	934	427	777	144	671	176	628	269	1158	359	1297	459	341	826	158	1433	141	271	648	145	92	295	956	1490
1478	128	1519	875	677	1383	191	913	598	440	849	1042	147	458	1512	343	909	1089	102	1501	1442	931	760	635	604	1587	1119	451	946	985	1468	1203	535	1374	1530	620	1173	1356	1116	517	874	629	339	592	1529	1535	1227	808	710	391
511	1047	662	1378	288	1494	790	407	1282	1242	1561	214	344	0	1256	1008	729	867	1258	243	199	1299	59	715	1229	51	217	548	1446	354	953	795	835	1125	714	926	950	732	932	374	1276	967	363	726	325	1078	69	557	401	1144
117	632	1289	388	1073	1246	787	778	1057	12	1074	695	1371	1336	1430	1213	38	210	1380	961	282	616	1026	143	139	22	1010	704	1167	212	647	644	1317	377	1219	656	697	1511	530	1185	1181	412	1209	28	1272	980	763	982	1547	630
101	746	1136	1131	720	541	1329	1170	1296	1339	1537	1273	1159	646	684	1360	1471	1575	871	1165	1557	1023	1111	1435	651	866	328	659	329	979	159	48	515	491	578	570	123	1160	438	506	1177	1028	411	361	993	292	546	297	775	1571
336	1280	1351	1548	847	238	824	1304	938	409	71	1484	906	234	466	151	1072	52	1597	1018	699	528	1545	1589	230	556	1117	200	1408	893	155	205	1199	702	1405	691	1312	424	1180	608	1055	310	1281	465	173	1455	471	884	1060	914
929	718	35	195	24	621	1452	284	1467	1168	135	105	268	1302	1234	78	1531	422	275	1479	497	970	122	500	287	819	1179	1127	579	639	721	587	735	1051	1065	187	1345	1050	1448	157	971	1237	1349	1315	319	962	1569	474	1241	1260
886	1423	986	936	1029	1321	990	1579	163	433	1235	1580	1577	367	414	1582	360	41	1120	1381	110	442	865	543	768	65	394	260	634	1193	11	152	957	941	164	245	1431	1058	675	1240	593	1208	1151	460	519	614	601	834	302	1454
1493	1288	498	562	1333	1335	166	1218	461	508	1077	100	788	751	728	597	485	304	403	1174	988	1445	1404	423	393	1270	767	1025	552	1138	130	1507	1059	299	723	133	1591	1205	880	1504	1346	37	1453	340	175	1338	1040	1004	227	892
16	330	1551	1327	351	468	855	381	804	672	1459	901	800	1331	811	903	709	1087	761	1522	2	434	1477	1440	66	724	1014	1277	928	206	224	1320	316	478	514	1443	490	1362	1269	817	395	349	1590	1286	1094	1307	239	97	170	713
1294	793	1526	1584	685	995	259	420	109	1190	390	1536	1318	1334	827	742	840	954	825	1461	347	734	1585	80	1354	1103	1079	524	1118	658	882	1543	642	264	352	512	1348	1389	908	772	220	1562	95	1324	1035	1195	273	353	1552	1275
1379	188	281	690	960	774	692	1046	311	362	501	146	1142	1113	172	542	435	1513	976	7	68	1492	8	3	276	296	762	43	1085	572	719	949	987	111	992	944	1532	925	237	1528	1305	1355	948	185	40	1090	1450	917	1538	945
959	1134	257	1416	955	1084	1176	633	694	1341	759	74	306	1411	670	910	1326	1401	837	1271	1108	232	584	1594	270	1295	679	654	197	196	627	1088	551	464	983	1463	1509	1495	968	215	1231	303	846	859	521	1544	1298	67	495	1149
258	1384	174	1502	419	836	235	815	45	631	920	885	1098	167	290	171	346	76	396	1441	72	921	487	1020	452	30	189	1352	1147	253	924	1518	1106	89	62	1592	216	492	357	574	852	489	1500	1414	1169	575	625	527	935	643
1340	841	681	1350	229	915	327	454	640	555	168	1146	262	1022	17	49	1476	1595	322	858	779	1583	317	1005	1388	1601	638	54	417	736	1542	252	1444	4	140	186	1006	1322	416	1330	1319	1482	748	23	1123	369	1344	1396	1048	94
321	1175	504	801	1456	1082	536	599	851	740	711	1287	533	1039	194	780	904	582	1112	799	848	218	747	770	86	1417	1499	558	436	294	211	31	1293	1096	1570	138	1525	773	380	538	251	372	1095	607	1599	1439	1121	1311	1563	473
1426	1268	441	1204	595	868	1171	1007	883	413	586	594	472	430	930	839	1503	208	1465	943	1038	1400	513	32	26	479	1254	1154	1377	771	843	1514	1278	696	753	125	1202	267	1044	649	1155	951	223	1248	334	782	91	136	687	131
1224	402	981	1489	1243	1009	1145	600	581	1076	610	652	244	1421	717	338	1429	1183	912	806	1114	1261	1550	496	518	1244	272	1412	899	707	1215	246	975	1546	1252	1369	44	1196	784	379	57	113	1068	1464	895	1091	939	529	25	1480
966	432	1458	1266	754	254	1496	842	585	1104	612	283	591	1541	366	1071	1342	1368	20	82	1097	1392	1164	383	853	1301	561	1364	589	622	1382	1558	153	373	712	741	1451	1406	1122	467	410	1460	602	1363	624	90	1172	1036	1357	219
398	766	1337	421	389	326	1194	1586	1385	1027	1198	58	503	678	1581	1201	289	242	1157	1152	307	274	1498	933	813	1567	112	1043	1110	121	1156	331	126	1568	1062	588	1133	860	193	150	1093	1143	56	1083	1437	978	476	674	1598	540
161	481	450	657	488	733	178	1432	900	119	84	426	494	1593	378	106	1033	1236	392	1064	368	404	5	477	202	890	1556	291	457	156	750	1534	792	1253	1358	453	567	1572	1233	154	1011	1353	1566	554	236	1457	1221	1053	1361	42
493	731	688	1150	1447	1398	47	802	137	445	81	335	1323	664	738	1037	997	1161	1472	1565	165	29	93	994	1263	1200	686	781	1238	231	1262	333	1054	1308	937	1017	1510	226	19	580	1283	10	370	61	716	1399	1105	261	129	611
812	1109	1086	127	706	249	142	1129	565	73	1163	397	999	636	1264	444	301	889	525	1197	1024	88	1032	337	124	1300	669	1564	534	618	1420	568	475	1402	650	700	149	64	794	952	1515	942	1553	384	1310	1092	1257	1228	660	888
1192	1259	1052	1497	861	1049	566	1188	348	1487	973	1080	583	1505	797	305	947	1290	169	919	964	1413	233	1249	661	547	708	725	615	1132	1434	1216	783	1003	1140	1387	1115	177	182	1102	13	1186	332	484	60	103	308	179	1182	116
1486	796	314	549	531	965	765	1438	1588	356	1539	996	810	1475	974	683	323	1521	1473	1359	1265	1019	821	1466	1517	1365	96	544	637	376	789	918	1366	876	1449	1560	814	1292	279	989	902	1250	1600	1313	240	1425	118	470	666	1390
446	285	668	1041	569	1148	896	280	1178	830	1012	315	641	881	79	864	1474	482	1516	523	425	645	192	532	703	870	563	571	613	1135	923	480	1303	537	1386	872	764	309	365	387	922	831	1187	1245	609	927	891	769	1225	816
1370	318	228	998	829	148	828	405	655	1141	255	972	300	553	822	75	667	15	198	63	1030	21	877	1211	1067	87	1470	1373	1045	1306	1099	320	1166	286	564	9	693	1255	991	833	18	1347	1285	737	689	36	1126	385	1016	823
183	486	1130	878	355	160	798	313	809	539	483	510	1220	70	83	1210	758	1540	180	739	805	132	1232	225	749	222	447	863	1367	1523	1153	1214	448	241	247	33	606	577	856	673	265	449	1506	134	256	887	653	6	298	371
1554	1419	14	1212	201	1034	1021	1372	386	786	1424	907	850	1107	844	399	727	1309	1162	845	1391	603	439	958	526	46	1555	969	1124	53	665	1206	342	204	162	745	1184	516	1279	437	545	916	1063	1573	203	807	1524	1291	1056	1075
1527	752	219	1113	1265	66	474	1526	545	289	460	1043	826	227	467	1063	785	217	1440	839	236	183	929	167	1396	919	775	1594	924	1428	74	1567	189	308	662	663	1264	1205	1039	1158	1573	40	136	412	1500	1098	286	822	1031	157
1293	726	835	769	824	1599	1568	380	1165	1435	256	715	822	15	1580	632	97	302	377	967	421	496	470	73	1215	1070	992	1202	1407	1254	158	710	1292	531	1024	532	249	493	982	1349	25	1563	179	106	1445	1204	1015	965	1054	909
198	23	335	140	40	765	860	454	619	349	1205	83	1038	828	245	907	549	328	1131	1102	1283	391	354	1121	511	432	774	1455	1059	389	51	1043	636	494	524	1547	980	941	1557	1179	817	823	203	1487	782	359	887	1320	1290	484
1421	1126	498	1502	1144	1330	677	433	1431	111	430	274	1094	1301	98	1420	891	1167	1437	271	986	551	962	1091	502	943	363	448	933	1266	601	373	565	1260	1289	1429	1361	1226	456	1074	569	27	1562	307	1262	1107	705	1021	443	1016
1440	1145	837	1570	1117	473	847	1195	233	1319	1300	1039	1534	1092	1077	243	703	959	1558	1133	581	1103	1412	361	1394	490	1251	1044	1405	1040	265	1014	857	1378	1494	1235	680	525	1334	898	1183	207	640	1354	554	599	826	702	411	1002
145	347	673	966	913	189	346	1022	264	582	1113	1206	773	1520	1095	1339	607	628	353	366	227	35	1556	650	723	978	333	1176	1212	315	605	1282	343	3	1331	183	303	538	460	867	665	357	1037	322	1272	924	309	38	1258	923
1452	957	57	849	1565	733	1080	1005	84	1279	1341	668	875	1239	1538	1515	899	877	1241	804	874	452	157	1324	44	355	1430	89	954	713	1066	742	104	648	1217	54	1521	52	1508	1261	590	637	374	1469	33	584	759	699	1187	656
725	1498	464	1424	505	1046	1326	1389	840	878	1249	1263	1029	927	212	1500	873	747	1363	711	1447	105	446	719	1273	969	1023	1398	518	482	466	662	28	1318	267	135	492	1303	987	55	431	148	129	772	852	1271	210	18	1142	485
789	905	159	1214	170	1446	1561	577	1522	859	952	691	254	856	364	1338	932	39	491	381	863	1240	975	547	919	884	61	696	269	9	841	736	1423	341	1168	1287	1577	1476	1045	297	19	920	922	661	602	834	872	995	1479	555
1243	720	839	1460	1518	47	1410	352	768	1514	451	1150	88	935	440	976	48	330	219	130	1297	526	1384	1197	234	1141	1593	184	1010	1123	758	397	1586	469	429	1501	75	1592	574	410	400	1513	597	229	1136	168	1052	1353	81	46
336	401	1572	1147	131	1532	716	7	1185	653	1375	1003	869	744	836	1277	325	175	6	542	1200	1004	252	1583	112	1020	1336	419	845	1178	1359	1209	1207	1253	1488	1451	197	1536	372	697	94	282	880	434	407	468	1247	1082	1086	983
1190	740	1307	313	1237	192	1461	1062	512	1591	1601	805	351	701	996	339	1426	408	413	1381	200	147	445	174	783	36	442	562	695	1312	848	1555	842	844	1478	879	583	376	727	298	1294	231	1457	1047	645	318	1129	940	1006	117
1480	1180	1115	1530	340	329	624	897	998	1396	1055	1060	1333	638	1076	984	1284	1342	223	634	114	116	865	1386	1069	1474	1395	195	1223	818	540	1031	1137	324	1208	1268	119	1574	850	746	1017	611	684	332	1578	1259	258	660	480	821
944	748	1135	474	1438	990	1313	608	1595	127	1527	308	156	830	385	564	1529	1030	517	1379	833	781	1306	1388	209	561	1356	851	558	29	348	1393	1219	827	625	953	360	714	136	1153	1541	972	718	942	807	1130	99	617	487	160
870	779	134	669	1173	931	1526	1056	853	1370	861	382	403	406	1403	1221	167	530	1567	208	345	1364	1073	1189	955	906	1064	24	72	293	60	251	292	291	883	1564	912	270	1422	1061	971	204	631	535	1124	257	1222	1068	1106	214
1598	20	1171	754	1391	371	947	1321	1553	655	738	929	1269	903	811	509	1323	732	1315	395	1026	1104	527	1122	476	911	497	1503	534	787	977	776	994	230	813	418	1238	644	917	504	937	1477	101	133	358	895	439	1372	618	706
882	1089	427	1305	1308	1367	1286	306	1105	862	809	467	708	1360	10	383	666	904	866	138	751	164	938	450	816	1275	1265	1310	501	96	1012	1295	802	1415	201	1343	1278	288	1355	144	458	548	1146	780	914	1151	1443	93	629	143
221	461	416	290	187	92	1551	206	362	721	1072	652	1125	689	417	1459	513	1450	1401	475	1511	449	791	614	1337	262	1188	963	1411	1546	1491	1382	334	161	579	172	868	437	1383	1392	1549	1535	678	1505	1485	843	412	26	1139	1110
108	1436	1539	1210	478	537	1036	1588	585	946	1078	63	679	592	453	598	76	1406	854	1533	560	973	589	4	888	1013	1316	181	974	118	559	327	642	71	1462	1127	958	707	1484	635	1509	1544	1387	422	185	961	165	1027	171	799
1067	142	91	177	402	515	321	1138	674	1569	951	1007	1161	447	763	45	1149	570	572	109	1463	623	1464	838	916	387	284	70	275	213	1225	522	771	1203	390	356	163	831	1108	731	124	796	1385	178	557	1093	981	1001	1497	149
285	121	125	1304	737	182	627	396	566	786	486	1579	1340	1576	316	647	82	1042	409	1399	1172	794	1049	1163	338	743	1291	1327	846	276	1581	1587	595	795	294	1242	1199	1098	717	1119	503	375	1552	539	1589	42	739	698	441	154
483	1232	553	425	1439	1274	253	586	1079	930	1140	1524	797	226	1441	224	1328	616	633	544	1051	1194	643	489	892	278	169	301	1543	520	1373	424	240	217	242	1528	1018	259	622	1111	250	704	415	659	1065	1296	398	1211	1390	621
64	1162	1433	508	1174	997	499	211	603	939	529	1596	404	384	1325	1585	1085	260	1414	1314	672	814	69	753	304	1181	620	1186	255	855	685	1087	639	32	344	1600	729	1317	479	950	1132	626	323	1152	790	16	186	166	1155	326
1352	1256	1134	1559	1083	95	137	1250	14	1380	173	1470	1298	1220	936	755	1100	545	712	103	1416	220	1369	894	495	331	1584	1554	455	423	1482	519	102	1473	596	1128	658	1493	1428	576	1158	49	1081	56	778	693	222	279	1499	885
236	1448	514	420	651	1248	784	1302	600	918	1097	722	928	767	676	21	1257	1088	314	594	272	239	1118	552	886	228	819	370	299	890	462	122	683	1495	1432	1540	1245	606	587	1413	113	934	386	115	436	1575	1486	1492	1050	368
541	463	1244	414	1071	405	237	1490	1159	1571	820	428	247	573	949	477	580	1063	1000	1597	507	90	700	337	654	964	1170	1157	1175	1116	1329	591	1475	1230	752	1267	215	126	1053	1537	902	1058	812	734	810	670	246	948	1418	510
1467	762	188	2	67	296	657	1184	68	87	1	8	459	1096	1525	921	66	993	289	785	85	205	1156	41	232	1276	1449	43	989	1280	604	471	110	1351	311	1408	202	305	107	991	871	263	100	342	1228	1466	1507	1366	152	800
1182	1057	266	1504	999	609	988	488	1531	1465	1198	1346	610	1427	908	649	694	17	465	756	900	1350	193	379	37	444	273	1191	180	281	1332	1213	1236	190	312	815	1368	1506	1582	235	724	1365	1496	664	199	30	1233	13	1481	1033
749	761	1114	320	1229	162	1166	692	925	378	568	1164	521	300	1542	1468	1512	750	50	770	319	1444	1285	365	1590	399	146	34	1456	1288	248	1458	369	218	22	578	1371	120	613	1594	945	1434	1028	268	1090	793	53	686	1032	128
1252	1109	59	1419	960	563	687	567	766	1008	1246	1034	543	858	671	1442	261	1041	896	864	1397	593	1519	792	806	985	1264	745	392	481	1550	760	536	1019	956	550	546	1309	1404	1489	910	1425	277	11	893	435	78	123	1357	1409
283	1402	1048	630	153	196	350	1075	735	317	801	1270	690	926	709	533	1311	1120	31	141	310	1227	979	1192	1483	1112	968	1224	615	438	1560	1573	244	1169	775	1454	1281	1376	571	829	388	286	1472	798	74	1143	1362	803	393	1160
1348	1335	1084	367	472	1377	641	191	238	1523	280	5	58	1545	506	150	132	675	825	194	295	741	556	394	225	1345	457	588	0	1025	1196	516	1548	1201	79	728	808	1322	1154	1101	1035	1216	876	730	777	80	1234	1231	241	287
901	62	426	788	12	216	65	1193	1177	1453	612	1566	1358	155	832	663	500	682	575	889	764	1374	1471	757	1009	1510	528	688	646	915	970	1099	151	1148	681	77	1299	523	1516	667	1347	1517	1344	1218	1255	176	881	1400	1417	86
139	1011	1574	58	1293	388	1012	822	592	1224	659	125	406	1222	950	1229	1424	1570	1477	793	1079	1423	1401	785	868	1593	272	1171	131	1351	367	216	1463	1431	418	1400	1065	1180	24	986	1002	396	370	650	1370	1082	74	675	364	1226