0,0
909	1331	35	67	589	1581	1214	1152	695	1191	803	854	337	976	752	1590	1684	1493	96	667	591	36	1780	996	1186	202	1600	1044	163	108	1743	596	244	970	1655	1525	1631	990	810	1242	1683	932	1789	315	764	1200	245	1319	1509	1326
176	1521	904	945	1086	312	833	800	1231	965	1672	120	845	633	1198	1176	115	1576	1586	1139	278	1298	1423	881	1749	31	994	1216	37	1813	1193	449	130	1807	598	1535	230	608	1782	1819	344	1695	798	1414	631	97	562	1462	1595	1082
217	1246	964	60	1396	531	1014	454	270	211	838	458	685	1099	1034	1269	1767	839	815	481	1635	537	618	869	329	1487	369	1499	1735	359	1704	367	577	1217	916	440	842	666	720	518	423	123	191	64	212	571	1481	267	1761	1658
1510	794	450	1117	318	1610	1563	384	174	769	372	1824	277	69	1838	1385	1795	1513	426	693	427	1555	195	27	1192	1675	857	1283	564	1611	1358	1773	1619	1179	979	922	74	973	1404	348	962	1347	47	539	56	24	339	48	1725	615
1512	471	844	1293	379	669	895	248	942	1	102	1391	494	811	1786	1084	1295	817	870	861	1305	968	820	1369	703	233	1768	1639	507	1074	418	1093	1367	1664	566	593	1516	721	94	220	142	936	345	1748	1763	1324	1502	1079	1313	1375
143	1382	799	951	565	604	1705	68	428	1432	1410	1457	1022	1259	1679	225	470	131	1677	705	299	1335	11	417	332	1633	679	28	989	772	1500	763	383	370	1736	1353	1474	1306	188	802	1765	1116	1126	729	1605	835	414	758	1092	840
125	1827	1122	112	1628	398	893	1003	317	1486	1775	949	126	429	1548	1788	463	1476	34	1261	273	1794	1797	301	1650	1183	1064	784	1002	87	1745	1536	805	700	1257	731	1437	879	524	1480	808	1425	613	940	1311	899	1699	660	1218	1371
1128	822	1574	1131	850	528	85	1659	1700	657	883	1802	887	555	691	1558	636	1137	576	1597	1422	761	795	336	1575	1702	512	775	435	1690	1316	264	739	986	203	1115	961	1718	767	124	110	1686	1505	663	307	366	1621	1696	133	946
1178	1475	1452	860	1472	1654	730	1348	1565	1051	7	1685	1333	819	326	218	1350	1519	1080	725	1624	567	361	510	1304	601	484	707	637	109	954	171	491	475	403	948	1466	1341	529	1007	896	146	1297	1598	234	145	153	1771	886	882
1363	742	1249	1630	1719	1837	612	832	1738	452	588	1056	1604	1018	16	1562	1577	304	1754	781	1158	1532	1163	1053	1553	75	1068	738	1005	621	778	29	1636	1831	392	786	1153	1741	654	987	334	1546	1753	1662	1245	614	190	1238	1733	1746
274	984	321	375	744	1187	1730	696	871	1161	957	579	1799	995	1588	1465	1172	1413	1288	898	73	1674	39	1171	1760	1435	1812	1133	897	1208	558	689	1441	413	118	1511	1220	1822	1102	1518	303	175	1804	323	1408	354	890	1175	1727	1668
298	1826	756	43	1041	228	247	1048	1415	194	643	1042	1649	1268	1100	114	1729	661	1716	1379	1790	486	1145	261	779	222	1328	1030	734	876	609	619	1568	941	617	533	1215	1403	474	906	1019	544	1327	33	1808	1166	1112	1227	181	421
501	223	489	23	573	872	960	1594	1009	1138	1541	846	1663	991	841	78	179	1640	774	1263	1835	616	1081	121	72	1669	483	1207	907	1247	1104	638	874	1090	1593	1256	1241	1203	1063	1491	1285	1573	1334	1468	1728	829	1769	216	1599	708
953	692	1682	1195	325	697	139	271	147	580	1612	1418	1026	684	1111	1184	1321	1717	1244	1094	445	387	816	1703	305	1266	559	668	3	1296	1059	1653	1571	649	447	939	572	900	104	363	754	992	1442	1583	1219	1439	823	1284	1469	1646
1151	773	863	532	824	1185	22	164	1821	1567	1141	1317	1330	381	1000	1083	151	514	461	1420	1155	365	1731	172	1339	981	229	1710	1551	1265	1501	1392	1803	80	1620	1025	438	157	920	186	750	880	1254	1834	1377	1040	1338	722	177	197
1109	1243	827	719	1570	1252	924	1332	1490	999	341	1085	1585	482	1049	723	1647	866	498	704	431	699	1430	1564	300	831	997	282	358	1343	706	52	718	855	935	1724	1189	1825	467	1460	411	678	1660	1253	373	20	152	1732	821	776
1255	41	1148	1426	1395	1320	894	1689	280	495	173	1781	1058	550	439	1479	51	1276	425	1373	1061	828	224	1742	1534	294	625	538	1129	76	982	30	204	1820	180	647	672	420	1292	199	952	122	496	525	1342	213	1031	1164	255	546
106	1652	1286	930	1629	1016	688	1162	1277	238	1278	374	6	1507	226	859	397	1088	789	437	419	196	1787	843	520	378	1438	1752	1124	603	442	1755	792	82	521	1591	1181	1766	1101	1303	1318	500	287	335	955	416	1069	1757	169	966
751	1798	1380	1673	891	1665	1756	511	788	1196	980	793	1644	240	658	1676	1329	1108	915	858	479	1067	1054	1012	1301	590	1221	235	665	1300	236	399	95	284	1401	441	809	554	1634	492	1449	1046	155	1365	1050	477	1212	1359	505	1055
1309	101	215	748	1637	140	1199	903	1524	582	1370	410	79	302	253	1711	249	1174	205	1453	393	1606	1177	958	88	242	1274	1666	910	782	349	513	1523	250	99	1497	243	1456	1549	735	1346	1062	1540	1817	611	1678	10	276	193	1596
1173	504	1232	1035	116	434	1427	443	45	1076	963	745	526	237	385	1405	1671	1450	53	1758	563	342	132	1323	1144	682	873	1302	1008	683	1473	141	508	905	1015	1272	1167	908	57	285	1357	884	1013	138	646	812	933	92	1463	712
135	1211	1160	448	1235	687	1638	1428	1436	1431	1625	1617	386	1601	65	1482	262	292	1517	1150	1157	1156	1029	12	1720	1627	711	1721	675	1197	716	9	408	1708	1057	628	42	1642	1234	8	1503	1143	741	868	192	353	1776	444	1273	1407
487	569	499	49	622	1036	1114	1506	1602	548	585	912	430	545	259	807	530	1443	1556	170	702	252	911	1308	602	1796	1411	971	260	322	867	1118	635	473	629	351	709	931	1087	1529	83	664	457	1459	357	254	161	1140	1424	19
1528	485	263	1737	167	295	584	549	969	100	1349	592	84	519	456	1579	1814	1471	768	578	547	1201	1202	293	1698	726	1123	1542	804	1205	415	1722	1132	770	743	1264	988	1687	1584	673	698	1322	1190	1656	1707	993	1165	1226	913	183
517	834	878	983	1670	568	950	1592	1307	639	184	309	198	1290	1434	1398	1467	1533	389	1351	814	159	1071	790	166	1355	1538	1402	681	610	623	1759	1531	1360	1045	1623	536	791	594	1089	1608	460	1559	272	200	311	1052	1543	1188	581
1023	1121	937	1017	1836	1154	836	402	1378	1120	352	1706	1772	1248	943	1352	1801	1823	1723	1134	21	1194	1096	1750	1239	1004	388	1616	105	1461	91	740	771	626	1641	1809	853	156	1281	1416	967	466	1394	1587	1223	1024	497	86	1251	396
257	1618	849	231	1260	462	1688	1693	1484	407	1028	1262	1667	296	1561	1709	1282	478	1001	503	107	765	934	377	70	1105	1399	390	424	1213	333	728	641	862	1337	1657	1142	154	1544	600	1811	1582	136	50	864	753	1603	1572	241	757
1508	98	1645	451	1694	583	1107	405	956	634	694	61	1170	400	162	59	1011	306	1027	316	759	1504	676	1354	1070	651	119	210	509	523	1744	266	570	1643	129	279	522	81	926	888	14	469	178	947	1314	620	1810	111	677	1135
468	1537	1038	214	1429	327	160	476	1829	26	1464	1740	182	1039	25	275	1496	901	1455	1073	885	38	848	1448	1779	586	1589	382	465	343	1697	1336	1783	66	1229	338	1250	642	289	433	148	852	1325	686	227	724	149	1236	975	1125
1832	1310	605	587	1356	737	488	1470	659	1433	1047	1386	113	1777	1661	308	1792	265	320	1389	560	1770	1209	1446	851	63	889	144	219	1785	837	928	1714	650	58	1614	2	208	1793	599	938	251	391	1299	1372	1130	541	1609	959	1222
17	542	1626	1010	575	281	1376	1280	1113	1515	1383	187	207	165	1312	927	892	246	269	1622	288	830	1182	1275	1060	394	701	977	297	1043	978	310	553	1291	1136	291	632	1315	1726	1747	787	918	644	714	1734	189	710	1271	5	1560
925	1169	1495	1228	515	1384	1421	826	1340	432	453	1557	847	362	1230	1784	127	561	209	314	1447	331	656	552	404	806	1498	368	1225	1066	902	1412	117	493	1294	324	556	0	1033	55	1751	1127	1764	455	595	1680	1778	717	875	319
1409	1580	1830	1458	18	813	1400	1805	1210	1110	350	1527	46	168	674	944	340	221	1762	436	1483	1800	1514	627	998	1530	258	137	330	376	1006	1478	158	972	1204	1545	32	150	1287	777	103	347	551	540	1374	727	516	929	1037	1237
1489	206	985	1833	1566	877	1279	412	328	648	1607	346	1451	1691	680	1828	736	607	917	1445	1494	1651	459	1397	1072	1815	506	1613	1739	1106	923	355	1119	446	1091	1632	534	766	422	380	201	1381	671	128	1168	1020	401	1233	286	1522
268	90	1065	464	1361	1440	1712	1258	1390	921	1077	690	785	1267	1103	1075	1550	1648	1362	1364	797	1539	535	914	640	1701	713	557	818	865	747	313	749	1578	232	364	1615	185	1526	62	480	732	780	624	1547	662	746	597	1270	134
1021	655	856	1485	783	360	290	1206	1388	1774	71	4	645	44	472	762	1492	801	796	715	1159	1454	1681	1419	1816	1095	630	1488	1791	15	1417	1240	1098	1692	1818	760	606	919	406	1806	93	1554	283	825	543	1345	652	89	670	1366
653	1406	409	755	13	1477	77	1078	1715	1713	974	1224	1569	574	1146	1387	1368	54	395	239	356	1552	371	1444	502	40	490	256	1097	1032	1520	733	1180	1147	1393	1344	527	1149	1289	626	611	1149	1812	541	170	1453	76	1286	188	1300
1761	524	1236	1629	1265	1262	423	1152	1360	1458	189	1030	1554	1442	666	1576	1634	790	1044	750	319	51	766	457	1000	1343	141	570	632	653	1777	1734	1578	1105	1469	1674	582	409	1803	1486	1143	9	363	170	181	477	483	58	330	1058
1588	417	298	767	894	1128	1003	736	1820	918	822	185	344	1626	1766	1807	895	809	978	29	1033	1255	1728	1712	1432	1204	1760	260	1268	3	1091	908	1106	1478	1736	382	1164	235	364	831	1325	599	985	413	1040	1184	1810	443	1159	482
1012	1156	1336	1812	817	711	488	521	1640	1669	1395	1614	1706	1104	577	492	1419	1692	989	937	1036	1559	982	851	864	339	97	441	693	1542	995	497	1673	1057	1110	95	1567	294	1682	658	1684	291	1117	840	247	853	1627	1207	155	619
1748	1174	529	1205	412	270	593	1729	1435	244	1349	502	1127	827	1427	197	266	1101	1713	791	1516	958	1801	1783	1396	1781	855	1261	30	821	852	932	829	1727	1050	1225	1172	837	980	845	341	1308	1525	644	1363	1638	4	430	1287	843
427	1765	1474	1480	1658	487	637	135	1417	1014	164	1094	342	1011	621	1131	970	775	1387	156	773	1556	834	974	990	366	1711	1800	1693	1295	1309	162	805	1448	880	592	738	370	204	1079	214	378	166	516	446	10	177	37	943	931
468	1752	760	1557	1049	612	839	368	22	1600	1829	116	1476	768	1680	854	770	1438	1224	714	1831	1139	704	584	1709	246	414	149	536	954	1520	929	591	175	692	1691	464	887	1279	1779	749	300	613	1090	801	1273	515	286	146	54
1019	436	1722	1214	125	1137	347	205	1644	792	1530	85	143	203	1517	961	121	751	449	731	1463	553	776	284	15	17	293	1565	289	603	88	216	1715	147	1192	1700	1300	327	46	1414	748	1006	1160	785	916	1318	1768	928	1635	1146
814	1288	997	708	1373	511	263	1440	1357	1545	1534	600	1112	420	159	609	856	1135	881	1379	43	450	1029	1835	605	1471	1267	1277	218	1310	1004	1416	1015	566	1787	70	398	555	123	1251	1720	789	645	679	824	885	828	1623	365	1114
527	1772	1210	1481	869	1259	83	1452	1023	955	106	514	860	1170	909	994	676	406	1451	884	1321	718	1597	254	115	1822	967	1522	761	470	573	1519	1653	459	848	168	607	1825	1351	196	611	1103	1369	346	1791	1472	747	1151	984	20
1291	709	103	245	1056	1708	1460	1624	690	1293	608	1111	1141	1639	1060	1467	1504	543	376	1701	1774	518	1368	559	683	283	673	784	404	640	826	120	229	176	0	655	906	691	953	672	1679	318	774	550	1819	139	136	889	888	1489
919	325	620	546	90	381	1335	31	695	1802	202	1080	892	503	1584	866	1495	1524	793	1217	1543	392	1292	865	1430	1121	986	1390	532	1185	1703	1507	1805	1229	630	1306	207	765	1444	661	1609	972	1375	1182	1222	1073	1157	1424	622	1494
45	1764	959	1401	396	433	264	725	321	1088	554	1773	1150	549	99	53	290	1754	808	1763	1372	677	1221	105	107	276	142	1797	354	772	227	320	688	448	900	1657	925	274	1560	1	1513	614	23	1285	1549	379	1526	1523	1464	1198
1054	727	660	273	842	1620	1183	418	1330	1646	1429	424	615	547	1563	281	1319	386	206	279	1348	179	1757	1362	89	1053	1269	508	1689	117	758	1527	579	130	1788	240	903	1678	1158	131	230	360	1661	589	857	686	1208	719	733	1719
941	1515	1233	134	14	42	1329	602	726	1078	562	1834	548	1721	1637	257	1497	647	1484	1246	1345	233	1837	1095	1243	595	525	1619	28	333	1790	1528	951	867	1821	1509	832	1784	1283	732	1263	580	755	1453	1378	1109	7	484	16	1366
1573	862	762	1455	474	1237	624	222	372	133	1096	493	32	1386	40	698	393	190	314	172	94	1144	646	639	623	1087	1039	1717	537	271	126	1503	877	76	1370	201	983	1688	385	753	1334	1465	322	1134	1364	1132	491	422	841	638
389	1598	494	1742	587	1454	194	1346	1529	71	700	949	1570	924	261	535	963	1289	1738	597	846	397	912	810	1698	439	98	212	306	586	960	137	1479	80	338	432	435	1272	310	1066	1685	1303	453	957	1133	373	60	1409	1230	1798
57	735	807	998	1793	323	835	517	74	311	581	1350	1365	1347	192	1154	69	1213	454	304	1199	1776	1168	1546	1067	1252	1488	1218	1047	1532	1585	987	633	1043	1725	1541	850	340	498	969	1212	1622	859	238	1065	1687	307	224	1577	1069
1399	966	223	1625	1756	1778	275	667	1683	1547	1324	1739	219	161	48	697	1477	1175	1723	1276	1165	1153	12	1482	11	262	1456	1550	1405	729	467	1162	1326	715	1499	171	705	1533	39	1642	921	883	1670	1180	712	952	452	1148	1572	259
1616	1077	1074	242	132	606	1404	1457	1595	1607	1645	950	1021	1823	1163	329	1358	1009	795	899	1506	739	764	1332	1385	1120	1307	1425	285	1147	1167	1315	1394	440	930	964	977	66	1007	1341	1176	722	1052	1235	1086	1686	388	1459	1311	475
1333	1833	1611	1055	1042	1209	973	1498	1586	1119	1433	914	1322	1190	402	1393	1001	331	351	110	328	876	1020	231	1668	102	1249	73	1531	1628	505	1450	1633	891	1521	1024	1018	1099	1299	91	1377	897	47	1650	723	873	1296	618	237	1089
590	1583	818	1580	886	1242	1097	1601	1664	1593	1608	1514	1197	557	965	1535	1744	374	911	68	545	707	1590	1145	847	129	816	1566	24	1282	1491	890	1124	778	303	939	571	228	375	797	742	463	631	394	803	696	1203	183	1412	1785
377	1540	1589	744	1697	796	334	277	1391	1355	1045	1275	213	1647	408	299	1188	1606	1070	1731	114	544	316	174	787	1331	868	1232	1389	568	1302	1122	485	251	361	1361	234	1138	1579	879	358	35	836	746	152	882	350	1663	1228	239
594	576	893	1027	1592	44	538	148	551	411	63	1041	78	1502	574	50	8	447	250	1726	92	337	685	1194	643	1612	1581	1171	1397	481	934	1116	109	336	165	1193	268	96	510	1808	1085	1359	898	1025	1274	113	1280	737	780	991
815	309	703	1294	1173	1677	1189	861	752	1562	1676	988	59	910	195	1428	1443	243	1615	534	659	154	575	86	1130	400	151	923	542	1475	1216	288	1730	806	1241	390	496	500	1028	1244	1587	1558	253	1075	783	1301	489	112	1501	1239
1512	410	349	1010	804	461	1200	1771	706	849	1201	823	1423	345	1248	572	1662	1046	981	1327	1815	1059	802	180	52	948	902	1655	1603	1016	1656	480	1538	1298	756	1782	782	1762	1816	601	757	1681	1034	252	1063	1092	567	26	945	1743
1434	665	93	18	1337	938	1735	188	25	763	1707	1115	150	1240	462	1621	1398	905	1818	1654	1795	1602	798	1582	1383	1371	56	1690	1827	1256	813	1511	628	664	1575	383	769	278	1510	1769	1792	1072	1446	1806	1381	407	1374	1270	426	62
1796	144	1284	519	1227	1789	1473	649	82	1571	1013	1367	530	626	1466	1278	479	501	391	1238	512	872	1539	36	1809	926	675	1617	1461	1354	1413	77	1630	1758	415	1561	956	1271	1832	100	1751	1022	1068	596	670	858	625	812	387	1775
1155	1490	585	258	509	421	301	1574	1555	1031	1750	1281	1093	717	915	1226	158	1449	1260	75	232	1696	1107	255	1344	119	1814	634	191	1290	1641	297	1437	979	64	523	1518	671	55	1699	1191	308	343	754	1076	1496	21	935	779	236
1648	874	419	1675	610	942	471	499	428	1649	469	654	405	1179	118	875	217	6	1716	458	962	442	565	1553	669	539	713	438	1636	220	1339	680	636	1483	1487	825	541	1304	128	920	1824	1431	564	522	138	380	1258	651	210	1305
878	265	657	710	178	1323	1017	359	1129	1126	437	1215	1710	558	326	1411	315	1631	687	788	13	1061	72	1737	678	870	1098	1732	1223	507	1672	896	1421	352	401	1102	1447	1245	1297	1071	160	1544	1415	1436	975	1470	1492	280	1206	907
1002	187	296	1468	1755	371	1177	741	225	799	635	1202	111	1694	1536	1548	1384	1813	526	122	399	1353	759	1266	682	650	1108	944	1187	701	1083	811	1286	27	1445	724	1667	1026	1186	460	287	295	531	734	627	1552	1426	313	1181	104
1317	1596	1799	455	1312	1462	771	1388	211	157	844	1702	1741	1665	533	324	1605	1564	302	913	648	153	429	833	1118	367	1234	668	357	1651	1408	1632	395	473	917	1770	1826	786	356	1352	1257	561	486	583	1838	1100	684	720	348	520
1780	1123	1704	642	656	200	256	540	403	1314	933	1081	241	1082	1064	186	976	1038	65	1747	456	173	1032	353	1695	1500	794	694	745	1714	317	663	1231	1569	1338	1441	504	434	1767	1403	1051	431	1493	563	1613	384	1048	490	871	1356
1084	728	193	1568	781	215	1253	1247	1811	1749	444	79	312	1320	999	1402	1195	1439	830	1125	1724	1169	971	198	478	5	1643	163	641	1407	1142	221	1591	1254	369	689	1594	1406	578	182	1794	506	1178	38	61	1113	743	1392	292	1604
87	552	1380	425	1149	598	1220	1420	1828	652	1551	1660	528	209	124	249	819	332	167	1316	777	901	495	629	946	699	1599	1250	820	108	1485	84	1382	1219	1652	1740	674	451	41	922	940	617	1400	968	208	1211	145	556	1745	1610
1062	604	1505	740	476	1136	465	269	466	81	472	140	1836	335	362	1786	1830	184	1671	226	1376	1037	1759	616	904	863	1342	681	993	67	730	1753	199	416	1804	272	1035	1161	588	33	1008	1140	1705	49	1666	1328	127	1718	1418	936
662	838	1659	1264	1746	560	1410	1340	927	1733	1817	992	248	34	19	947	305	1618	996	1537	1313	282	1196	1422	513	101	716	721	702	267	569	445	2	169	1166	355	1005	1508	800	636	85	1640	1745	1710	707	605	556	429	51	1486
1096	1554	448	1314	1163	390	825	143	464	1310	544	560	589	1404	1193	576	1207	588	243	1260	526	1781	454	1259	1627	1832	1417	886	41	272	1837	922	246	1500	910	541	148	1703	1348	297	1762	575	678	1594	156	1512	805	1375	1833	1676
368	245	270	1095	71	834	237	527	1160	1559	1297	1211	140	1806	1195	135	1820	1783	1787	592	833	1015	1303	78	905	1668	669	1560	769	1439	128	380	180	780	1807	605	298	1047	14	607	1225	827	620	1248	822	821	1431	745	1346	993
1022	1688	1757	1133	1740	933	1642	1363	1254	333	518	5	705	1673	631	1135	355	1359	1064	1206	223	967	1102	523	908	1070	407	273	1256	775	673	1052	332	466	591	510	1573	779	1194	1319	1707	482	1377	1036	149	1726	1433	1379	347	362
84	255	1017	100	1003	1477	727	816	200	1466	29	134	884	141	1416	570	391	751	1422	1596	317	253	377	1120	1273	735	1097	809	66	557	1454	756	859	637	104	531	125	1041	121	1736	752	789	968	1604	342	201	1115	1513	632	586
352	941	646	1073	1579	291	940	97	802	1128	1216	1741	1495	267	724	1482	584	842	1738	422	115	1021	567	728	1286	755	1812	1099	67	1728	136	1473	434	949	1261	1589	847	269	574	229	535	1210	1719	1675	729	997	846	1777	349	1378
1198	31	1455	366	77	1326	601	1457	1075	168	741	1779	1413	744	1684	1519	142	280	442	1170	1425	169	1040	1824	1127	81	915	1521	1606	1264	1121	279	996	1085	397	485	1172	437	1598	1098	1468	1383	818	176	604	1670	1034	519	86	874
1773	480	1403	1014	1290	788	193	1460	1674	1778	1372	477	87	470	1769	459	1226	881	716	1630	515	1142	1113	1553	53	39	757	431	992	1709	1152	1614	1804	845	534	1451	873	1577	1007	1386	235	1103	1161	1434	533	546	274	811	1086	1083
1706	1499	252	582	998	370	259	714	1426	174	498	1179	507	1602	1271	721	18	1667	1584	1802	540	285	1396	786	1201	54	692	856	1401	127	923	164	1698	1191	1561	815	911	1338	1400	837	1308	1435	1332	286	655	202	1645	1587	1507	832
838	276	1599	166	568	1331	1475	781	1835	966	327	56	344	689	353	1770	1114	16	389	1333	173	219	1734	619	278	1266	1643	211	1478	776	1799	1440	1367	622	1298	191	1796	785	1253	1548	561	69	181	158	1679	492	1518	798	468	1316
807	760	653	1628	639	378	1558	209	683	618	1410	1117	324	1572	1045	376	20	1795	58	1043	212	1199	32	1293	1790	403	1122	1343	888	914	1339	438	1361	439	1793	76	862	787	421	974	572	1744	1786	713	551	1661	412	139	1309	626
440	1355	106	936	1418	1725	1061	207	497	1025	1053	657	1081	1093	1816	762	268	133	340	539	388	1364	1664	1755	213	1334	1652	1384	1018	47	1549	288	976	617	578	1294	1715	358	171	335	865	1255	1771	1088	505	1692	928	719	496	1288
1208	1450	1497	1653	995	895	1394	1564	499	1705	1395	1565	1187	1033	1278	980	224	868	1200	302	1544	91	1094	107	948	1019	436	1140	1270	1153	916	1369	1743	1686	1001	1767	1622	1282	1649	765	1149	1721	896	226	900	952	63	123	1511	1534
545	1329	112	33	731	1524	701	1539	1696	408	529	987	1557	938	89	1556	1748	178	1821	599	35	474	875	1580	153	462	260	1110	648	679	1209	303	476	1525	1648	684	1650	912	710	160	918	95	1224	606	880	628	687	1164	334	1749
500	1101	1046	876	702	861	1010	234	583	525	869	558	664	1044	522	946	934	21	1432	1002	651	810	1009	1315	1537	1479	458	443	748	913	116	671	323	1079	1301	220	1341	577	696	1644	296	1784	1506	1402	1349	872	950	603	351	1092
1462	372	943	1814	321	172	126	17	1449	935	1563	1637	196	1568	19	1472	481	354	587	1302	794	615	150	955	907	942	387	371	860	1826	645	829	841	314	839	59	1373	1232	65	1620	1000	958	1776	1429	730	676	904	654	1571	1825
424	548	1184	1626	1230	1171	999	420	1236	428	1813	517	1764	820	1467	1747	3	1527	1100	1621	593	1258	970	633	1780	1028	1562	1107	530	1144	4	329	871	1611	1038	1714	1066	799	159	1617	693	1291	982	988	400	1354	1365	1663	1493	1150
1051	1112	258	1735	585	1452	661	1239	490	449	712	919	92	1601	124	11	88	532	1508	1768	1105	1132	450	1371	232	44	680	1285	257	1746	1700	1427	419	1089	1374	1438	717	1569	1167	1370	117	564	418	216	283	369	1104	1087	1484	293
337	1185	1591	1280	1389	222	501	1510	415	24	1476	113	1006	375	48	1213	1235	1397	167	122	151	1547	1415	360	208	740	521	1328	675	190	1325	1131	187	665	1445	1320	889	1068	858	634	114	1074	1158	1496	937	1392	25	1419	1090	290
1528	1552	508	711	1529	1026	1624	981	228	130	552	609	1613	893	1247	1274	640	1531	877	623	61	659	461	854	898	49	793	307	493	1625	1750	475	447	1202	1517	652	579	1337	1811	1697	300	616	722	147	1629	600	627	1204	306	396
2	1029	1183	1489	610	613	1731	152	1352	1666	1186	1118	40	239	1774	1311	1306	1693	131	9	256	1530	782	723	1659	1490	750	1830	516	326	242	60	1801	1603	843	1646	715	520	26	770	1223	96	1641	1318	1406	1727	685	1353	945	265
944	625	828	1189	931	15	1214	1533	1792	1313	1535	1758	524	562	1458	1228	238	686	262	118	1058	70	373	699	1545	1638	404	920	1190	595	986	1162	734	1605	1218	1175	98	767	706	906	93	413	1633	37	1071	1810	812	1808	119	478
1822	1192	656	1578	36	753	27	695	883	1523	621	1	1109	1284	1480	1760	738	1108	189	318	85	1275	183	1180	691	550	1474	1619	484	1393	921	145	429	330	1829	1289	1154	638	1423	749	903	1834	194	1720	295	766	563	1168	367	778
511	1701	1056	1229	975	901	426	969	1257	761	1388	489	1492	1336	1295	1486	322	747	102	1143	233	1722	357	1241	1494	338	1555	1016	1024	42	1217	385	1008	663	1723	1585	1366	214	1464	1504	444	1292	1031	1516	495	642	1819	1215	1739	953
763	1550	341	1084	51	287	885	708	1505	742	218	855	244	1196	22	1299	1612	1317	1541	361	195	292	977	1347	1805	110	155	487	120	1682	1745	1220	1827	1082	1072	1262	1491	764	1277	1399	844	275	433	392	737	427	1542	365	796	814
1251	75	1836	1165	402	343	319	1498	455	203	1471	624	1665	248	644	1125	1717	569	1437	954	1654	186	1065	38	1680	672	956	1597	1485	1212	984	537	985	823	703	1788	743	336	1448	494	1655	674	1708	1405	1685	566	1012	1651	1381	227
959	864	808	471	602	467	899	215	573	1263	409	74	7	157	1469	909	491	503	1526	758	857	1488	452	879	1753	50	1424	697	348	1532	129	512	662	1398	1586	549	1129	1076	199	649	1838	1279	1243	301	483	1658	1797	768	1116	1307
479	682	1798	1411	759	261	1791	960	451	1408	132	1188	1412	754	1004	383	700	364	1067	1174	416	732	559	1592	1345	1421	1567	1634	1428	1581	660	1203	488	1754	289	694	62	1702	771	1803	1091	720	1391	1616	643	30	924	399	1503	162
681	446	161	1456	1540	1566	206	902	109	538	1181	1794	1713	641	1327	1687	453	1546	1647	1032	1342	1732	264	971	1376	836	989	504	52	528	250	1166	328	1656	83	853	718	1420	1481	55	1724	852	1430	596	236	1817	411	1130	947	1751
870	1035	381	46	198	1461	1063	105	1610	746	556	263	144	103	612	1607	331	1252	425	897	204	210	1608	1737	792	1138	379	72	773	1249	1368	926	1344	309	1323	1742	1080	1106	1691	1242	1657	423	1136	146	1514	1119	1618	1671	1151	917
1020	1237	819	231	1575	175	165	772	536	866	0	554	991	1593	1219	1062	1631	1238	668	79	310	1689	882	401	1312	725	925	406	163	878	1729	247	108	465	469	320	598	299	356	1695	830	677	1576	1059	965	1321	1710	43	1583	1304
472	835	1522	137	1711	64	1470	979	1145	6	1487	8	1672	784	964	1772	894	797	1048	486	795	608	386	1037	1570	774	463	313	1283	441	1615	892	1436	1227	1733	1148	509	249	1718	972	542	1157	432	182	1039	994	1055	929	346	580
1677	1069	73	1483	395	1407	394	1060	1632	1246	316	1501	1538	405	670	1054	284	863	312	1139	1752	1350	398	1240	1234	221	791	733	1681	1635	1600	1233	1694	1536	1623	1636	927	308	1588	1551	1057	1409	611	826	1543	961	1690	277	1050	831
1444	1716	1182	1356	188	1453	707	1509	983	851	597	630	94	1380	800	1281	1823	1582	1574	1815	1390	804	849	1782	1683	384	565	1414	294	99	10	345	1678	1443	939	311	990	1322	1023	23	803	1124	614	1766	1712	957	34	636	824	962
57	1441	1146	1222	170	315	1265	1640	230	951	456	1221	359	1789	225	1030	1276	1756	736	1800	1502	1639	1250	1111	90	1340	817	197	1177	1828	1159	45	777	932	840	1287	1078	555	1011	382	28	1609	1818	1137	1013	783	1156	1176	543	138
1126	184	1155	1357	1245	801	1330	726	1669	867	930	1272	1141	1027	111	667	647	850	502	1382	704	339	635	304	658	1360	571	154	1305	891	1446	1005	271	350	1268	666	1123	1300	1205	978	1662	650	68	963	1169	179	13	1730	435	457
581	973	629	806	80	553	690	325	698	1595	473	460	1387	1520	254	709	305	410	1759	251	445	1761	1704	1590	1515	430	1765	266	1362	241	887	1173	1231	1775	739	192	1077	547	1763	1447	506	513	1442	590	1459	12	813	1267	1335	1660
177	1385	363	1463	1244	1178	514	185	1699	790	594	393	1147	688	1809	281	82	101	240	1831	1324	1351	848	1134	1049	1296	374	205	1269	1785	1358	1197	414	417	890	1465	282	1042	217	923	826	231	404	513	86	1457	1113	1564	1395	686
714	1682	1485	832	1295	399	469	262	1354	29	1635	792	873	614	1609	1822	785	1010	1357	44	1294	19	425	1143	853	850	440	230	1094	1114	833	1311	622	880	550	617	1014	473	1793	561	519	772	99	658	818	1273	1779	681	1325	932
1429	27	232	1744	1494	166	536	164	1489	1768	373	1602	682	375	922	597	283	633	881	30	839	580	1806	397	551	1732	1526	488	217	840	1534	1243	695	1795	1497	809	1509	781	1774	1668	242	1155	71	675	583	1150	665	285	1127	264
638	453	1193	530	174	1223	542	226	777	1049	601	119	526	820	1118	1783	677	439	1543	920	349	992	1269	1453	917	686	631	866	1320	1261	1056	1211	32	310	562	1103	1787	1264	591	964	1397	1096	444	1572	1620	1600	975	857	416	605
646	1086	1005	598	348	151	495	187	296	87	506	351	1021	415	1716	1116	1074	854	196	1695	664	710	1624	1833	989	994	409	1065	16	543	521	858	1525	402	1582	28	229	544	895	978	1684	739	1532	353	429	1544	560	797	1439	1280
1479	370	942	843	364	1392	1597	555	209	379	442	1646	565	702	794	1090	908	1767	1201	1698	1680	1559	1369	1307	952	452	1539	58	1638	1674	1156	981	1326	1422	1469	1712	458	875	113	661	1097	1577	290	1287	1195	834	602	1563	765	1492
108	1834	1236	302	783	1808	175	1484	1154	1667	498	240	1351	1801	1515	878	757	744	940	960	803	522	360	848	1134	1506	305	126	1335	1786	531	1754	1633	1548	303	466	446	1190	1623	830	1681	328	22	831	1689	427	120	909	1164	158
203	1468	669	1046	1401	569	245	102	1058	1362	385	1137	1314	782	1733	610	499	250	1281	684	205	1147	1514	1319	12	972	1593	472	1457	933	627	1778	971	518	1574	406	1199	1693	1730	341	889	726	33	1358	491	1813	72	324	588	712
1178	222	1784	679	486	1823	1309	1047	1799	221	1634	1627	263	1723	1782	1078	1394	1382	1458	1773	309	188	804	1711	1026	1138	319	604	1570	477	742	322	1691	936	392	949	167	1499	1566	10	1313	554	194	766	1428	893	1128	45	111	35
1009	1035	1271	206	1818	982	1524	800	1409	297	639	220	705	720	346	152	1442	1789	534	1338	1780	643	131	950	474	1080	780	300	381	1140	1536	1708	1512	63	1210	1132	504	41	366	110	751	1498	47	1391	1562	1709	1683	1590	687	1415
68	464	330	727	1359	826	1419	711	1777	959	969	704	1821	930	1765	967	1113	132	31	691	1054	117	1573	304	299	478	249	1776	403	479	807	277	1686	1606	178	159	1306	1510	1802	1169	1462	1395	145	0	719	1025	891	678	753	1052
1403	1450	1728	991	1102	430	812	1521	183	786	508	417	1050	520	847	268	581	618	1218	748	1300	1308	1745	82	1363	1550	1148	1079	1555	576	382	667	1265	1001	5	773	333	1476	724	59	1664	1455	1171	134	89	424	136	1028	1676	1568
1407	1305	497	198	460	1270	320	1130	1599	1227	1013	1501	1661	1650	160	594	822	1088	128	1414	1703	1626	471	1376	706	15	1636	1430	558	445	1804	1413	1165	731	1220	1093	1832	38	52	1734	1091	481	51	231	419	668	468	104	1596	582
329	179	396	1378	144	815	168	862	450	879	1718	184	1400	449	1721	1611	235	1006	380	616	50	398	93	883	1584	1757	266	1591	642	965	1153	94	1503	1297	894	1464	1502	988	340	997	935	549	584	1411	1836	239	943	386	216	1594
993	70	191	1333	821	1441	3	1233	590	1109	1293	1529	923	1697	1101	1387	358	1753	456	621	1586	611	165	708	647	1827	538	48	1508	507	1471	81	1189	835	312	995	788	1569	607	214	517	412	140	630	1344	1286	192	1747	1838	405
1057	690	344	215	689	1323	1197	1488	1694	1135	463	1254	1213	1247	1724	421	568	1179	298	26	482	1340	557	172	897	1713	1704	362	331	327	620	811	1023	970	1242	1616	1719	1640	1107	1324	433	1151	1284	410	1124	269	1377	825	694	271
1481	599	369	784	1608	905	1353	612	1447	510	1449	1482	121	1120	1004	1232	723	1751	1660	155	1726	645	332	1240	1700	945	46	1139	913	1062	1607	1672	18	874	1373	934	1342	985	1771	1037	1549	1647	1448	1675	1181	57	1519	67	535	286
1038	700	374	1760	1000	887	827	1251	246	157	1030	1671	1408	154	1561	1389	1658	383	683	1810	1182	961	1452	1019	595	1343	1386	1511	204	36	237	1136	796	1604	653	609	828	210	1444	1405	73	1312	762	1546	1204	141	1705	197	259	260
1803	523	1461	501	1475	361	1238	951	368	903	43	1731	426	844	431	733	193	1224	634	65	289	1743	1318	1244	799	789	1246	1812	805	1410	884	334	1655	587	860	1762	441	287	105	527	1214	1402	1274	513	306	1228	1099	1045	422	1160
1202	1012	990	1837	436	1327	218	1758	663	292	623	1163	1268	864	916	838	447	1617	1141	1384	1585	958	1042	37	224	841	146	1061	98	1775	1032	577	1690	1071	1619	1053	1651	801	1177	921	937	842	1478	1701	202	387	1505	1162	347	1565
55	1380	1063	470	707	571	528	1618	363	1746	147	968	1259	1592	870	929	1420	1632	1790	1144	223	1298	1752	4	354	795	384	1610	454	1018	896	736	181	1828	274	1075	133	378	511	83	171	716	278	1639	1317	1431	284	928	1291	156
62	336	749	1554	787	1112	1290	1252	1542	1748	462	1106	1398	135	1761	1653	153	776	281	996	88	829	636	574	434	401	288	236	1659	1645	345	308	186	750	1131	177	1480	489	1108	1800	1272	101	414	1805	1796	1517	1830	114	1537	1424
1583	763	1316	1292	122	944	1614	876	257	1067	150	1535	248	953	823	1255	7	130	494	1426	593	1772	525	255	1289	851	1831	1085	1692	1404	693	265	1432	1370	541	697	212	540	1763	1368	861	1379	1641	987	1427	1194	96	393	437	1288
955	721	927	931	123	619	1	90	1267	1433	173	1792	267	438	692	980	492	1412	902	1104	1824	578	1069	1677	890	553	759	390	1145	814	1722	1440	75	1331	211	1567	1580	279	1055	1816	650	948	180	662	54	1263	307	676	1159	939
1180	1133	1374	872	208	1383	1637	957	1219	559	1146	1328	1212	1495	316	552	556	533	624	737	1516	885	84	768	1231	919	1372	199	774	666	579	1435	103	1123	1084	2	671	1425	80	701	1002	1007	869	207	1064	637	1393	1445	673	6
1657	483	1152	1283	1560	1027	176	1820	163	1016	836	1725	912	600	1459	1670	280	1279	1039	325	1798	1059	1276	1330	1068	276	389	1788	484	846	293	480	376	585	674	413	649	1073	1513	778	1769	1095	852	1304	14	24	69	1553	586	301
200	1256	1418	1759	1082	1533	1229	567	1530	1249	1266	713	888	1003	1188	1206	109	318	791	775	1454	106	926	1158	60	1523	1371	1720	1239	1589	741	1545	428	1603	311	443	1612	1688	407	1749	241	539	1558	628	760	1710	21	85	1662	606
1041	1209	394	170	189	855	899	1172	1740	1735	1278	76	107	1349	819	313	39	1770	190	1237	142	252	856	641	566	1191	475	1310	1687	1578	355	234	779	1230	1615	1817	78	1477	448	816	640	589	947	1322	1329	339	1648	806	1250	907
1666	1729	849	1234	1396	859	516	9	357	1474	882	1581	548	963	219	100	1490	1755	1125	1092	461	64	1628	1015	1750	1764	148	1715	1365	502	1679	1736	1385	1066	1809	1098	764	377	1665	729	127	1829	124	1835	233	1060	1556	79	999	1456
656	350	898	1245	1406	1785	1587	1174	1105	734	629	871	1048	335	213	745	918	1685	813	1630	1044	371	572	365	20	116	696	169	1360	455	1649	747	863	143	1126	725	338	195	1129	1205	125	1739	752	1446	1575	1621	1463	1797	91	672
771	315	1466	323	1642	485	1296	1008	1111	1070	1538	817	1087	1222	1605	343	659	138	1375	1277	986	660	1699	1438	162	1364	1814	790	112	1282	798	685	1631	1629	1302	503	974	755	1588	1486	1168	86	1483	564	1081	1643	1766	900	1184	1011
77	910	625	1122	1557	400	983	1399	1595	824	1336	563	1437	735	1166	946	1487	886	915	1029	892	770	493	1348	1051	1531	532	740	372	1115	761	505	56	592	1366	1253	243	1742	1540	603	1579	1303	1161	1355	1077	1216	1110	767	924	670
1791	837	1527	42	1043	688	139	914	61	962	865	182	810	457	258	1215	1794	1361	13	342	1381	1654	977	1217	1756	1434	1117	1352	1022	97	66	185	1020	1598	275	356	1200	1208	1564	1221	925	1388	1673	1507	984	1467	295	1121	1738	1520
998	1356	570	490	1819	321	1656	966	500	201	391	808	411	1072	512	1275	732	1036	451	326	1436	644	1625	1024	1142	1321	746	1652	1737	53	655	802	545	1187	537	1811	756	1451	1714	845	1203	1717	515	1547	1644	1522	1815	244	657	1175
115	596	23	1185	1421	459	225	904	867	1465	367	118	1702	1119	976	1226	1033	359	467	1472	524	1707	1528	388	1470	698	227	34	1100	632	1727	40	651	435	1669	352	911	1678	1034	1571	420	74	25	1518	769	1552	247	1235	1601	1390
1337	793	1192	1416	635	408	1157	615	395	1367	317	1285	529	129	254	1613	1350	1170	1496	1183	1031	938	1417	1541	1741	954	1346	1825	626	738	1345	728	8	1423	613	291	270	1332	1248	161	1551	1781	1299	1198	149	758	743	1443	973	680
1257	1622	1491	404	1460	1347	1826	314	1315	1706	648	1040	487	294	1241	92	137	256	95	1504	1258	1176	253	509	1076	654	877	703	575	754	1149	652	906	432	722	546	1576	273	1493	868	251	1260	1473	1301	1196	423	1341	272	699	1696
1207	49	514	608	709	1225	418	1173	1663	465	901	941	1083	17	282	718	547	1186	715	1339	261	1334	573	337	228	238	11	956	1807	1500	730	1017	1262	476	1089	496	979	717	1167	1018	407	788	691	1727	1500	1225	1749	963	335	1715
941	211	1200	959	73	1276	1712	684	402	185	786	1127	705	446	980	1130	856	110	1711	1536	707	1761	1600	1124	902	1612	1366	1642	1505	510	564	1116	1002	877	316	1343	752	360	695	1159	1551	794	1232	1425	353	268	921	452	1315	1040
601	843	1290	202	126	1398	1305	391	1474	1655	1251	1448	303	1021	1063	798	1303	32	461	1286	591	1577	428	1277	1291	1180	1113	307	1408	1270	458	983	1318	130	605	986	833	1340	1329	648	1736	641	33	288	999	667	1247	1157	87	42
4	1563	872	1306	1436	825	75	145	521	1831	1493	817	11	1785	161	791	1719	618	870	1689	544	1047	1016	174	1327	157	1569	1732	774	593	1765	973	1238	416	1215	1042	213	499	1146	1829	1556	1056	1447	864	664	153	206	318	1193	615
340	628	909	273	1388	1322	748	1744	1252	1125	991	880	1762	509	426	1686	1713	831	736	1331	1014	619	582	654	1597	150	780	1069	1312	1122	177	256	543	451	315	1775	1691	819	1389	1283	519	1832	1680	1822	284	1152	930	1399	1104	1108
1392	218	1511	1169	1249	938	1609	132	1370	345	795	131	803	1768	822	1531	1727	545	255	267	1324	728	53	1834	1510	737	1702	122	1782	1825	1187	1540	1422	46	1385	866	1459	815	80	777	248	837	1406	1102	878	1096	899	1679	842	1258
785	1701	949	437	1268	31	1709	1354	162	589	650	1624	1284	592	576	1313	1218	987	435	981	1319	331	1257	1473	995	1778	184	871	1145	1105	1164	1506	283	738	1729	1811	1796	1177	1086	1808	1279	514	984	575	879	918	1668	390	948	1383
508	76	812	535	1802	1109	694	1635	679	574	1403	51	643	1361	109	1562	1233	596	1094	553	406	1464	1076	1625	888	1204	1708	799	1344	180	182	1589	1444	296	1401	960	1260	1160	1674	1430	1790	389	1143	1582	599	1184	1101	824	1259	107
578	1396	215	1759	580	865	1107	1114	1061	1480	1147	61	802	968	583	1519	39	881	226	287	1543	165	1773	531	1673	290	1054	1654	1745	1763	756	40	1144	518	400	24	438	1504	1321	1616	996	1170	937	413	343	1174	1348	1342	588	757
713	1419	262	448	540	1614	456	417	113	754	1013	1693	1467	23	1195	934	223	841	962	1512	1661	280	1644	1591	630	1181	965	1262	1373	1534	1077	783	1633	1183	419	1294	1272	358	511	1302	1664	434	1667	867	219	859	577	1743	158	827
916	647	1552	99	1171	742	755	1289	423	72	1008	1593	1805	853	1833	1682	635	1596	917	504	875	269	1627	1692	149	1441	21	78	1837	974	1227	1334	54	1548	1528	890	1246	260	768	1438	1338	1476	152	1384	1487	1068	1499	432	1010	1495
1827	571	526	332	1688	718	1275	644	1437	1533	1372	123	1641	101	554	1544	1665	1011	1298	363	1369	657	689	1019	766	1206	26	759	715	1779	1598	191	394	1203	1017	1020	1209	228	468	261	533	1382	793	1570	47	805	661	685	887	735
50	1371	1435	1059	108	636	942	839	1285	356	681	719	886	1623	851	1478	495	17	1535	1780	840	1007	951	1492	778	710	502	1838	1078	1460	1271	1214	116	924	912	227	863	1410	317	1142	933	1526	1220	1151	547	701	424	1314	1004	750
430	1588	199	181	1364	1000	1182	82	894	966	1156	646	478	25	910	1038	1660	1362	334	567	1426	1044	762	1320	175	217	1416	230	1394	378	1620	573	1820	1738	1648	1617	1602	203	1009	487	239	1381	276	1035	826	744	352	512	8	536
243	300	1225	548	945	369	1153	706	1716	1263	1161	488	1065	1126	1806	65	259	1060	1330	558	699	637	1800	1376	1390	1050	225	1735	557	1341	1415	1029	1767	1530	28	1574	1607	555	1386	1205	473	666	1527	70	1669	407	35	272	2	874
275	427	1557	1816	379	1809	1579	1162	361	1576	1795	111	1647	1786	855	405	237	690	1706	1715	770	1751	734	60	711	763	1005	1202	781	1066	309	1136	835	1339	493	1566	453	401	552	1267	1776	1095	976	1603	0	52	1265	305	1777	1132
167	327	1261	367	957	1643	1561	1083	516	1740	808	1695	645	665	717	857	1093	1522	1414	700	271	404	1613	1630	433	377	1463	746	1033	1523	1628	1676	834	346	221	30	1787	1640	1368	486	387	1121	882	760	1488	370	1663	505	532	208
1365	1155	722	708	642	1082	1823	241	1615	1332	324	1489	240	151	806	1084	93	1799	925	445	649	1601	1452	247	105	173	852	703	849	1192	1710	1754	1149	429	289	498	328	1273	444	422	1402	484	270	134	1583	1560	692	43	81	1479
320	179	1653	1407	1221	626	1722	286	1508	336	652	669	469	1367	200	1742	1025	383	409	13	581	1699	14	1092	569	1001	1817	972	585	301	253	341	1250	1393	481	613	1045	144	1455	1053	1826	439	1337	386	1514	858	1239	797	299	48
104	790	787	617	1573	1670	1749	1336	668	92	311	118	176	1564	138	467	549	1541	677	696	1048	885	1380	1696	952	1757	1626	36	1167	989	1264	68	743	1387	1818	7	1301	602	800	1547	374	1550	1055	660	1599	463	1026	1117	1515	919
1705	563	1542	66	975	671	810	749	98	900	1317	1434	354	411	163	441	1400	364	1079	1760	771	1471	1675	396	542	1062	295	1772	712	940	1771	568	586	1023	680	229	656	958	1486	1051	471	1355	1135	1747	1087	612	1359	77	205	160
1240	845	963	1173	1453	904	936	368	985	351	231	992	745	1619	489	470	279	1502	67	297	906	292	90	551	166	326	337	97	946	1131	482	562	1565	1210	982	1501	1662	1724	506	1592	74	365	1490	600	1176	729	761	442	1524	727
990	758	371	381	513	1253	373	492	1111	186	388	466	139	212	1148	201	281	584	258	1451	889	1197	1516	895	1807	609	1707	291	1507	372	293	1666	1723	1545	820	751	242	187	608	598	1212	529	1255	1377	1636	1224	1559	207	16	159
198	89	88	1622	1605	850	691	20	1070	1168	490	460	611	898	235	1718	477	1223	1812	1766	997	1018	720	1424	238	1618	1074	421	155	659	1819	830	926	1590	62	927	570	1697	304	1427	702	1694	1532	556	1081	678	1098	1299	1431	1484
1581	1028	1764	1345	1481	12	1353	497	1703	1409	1128	530	838	1099	1190	1443	915	572	726	1813	1134	1725	939	357	704	546	1684	764	523	325	1475	49	869	1803	121	1756	398	1423	500	674	730	655	1178	192	323	96	1774	462	1469	1804
1750	135	1266	1358	670	141	1287	1671	1758	1351	1420	1677	610	1659	1472	410	1728	503	483	813	1310	594	210	274	961	137	5	954	1621	1075	1521	1555	854	190	1185	1228	71	209	1632	1140	1085	333	998	1678	724	384	807	399	1057	418
658	395	604	1352	344	964	1411	63	1237	1683	539	1739	18	1080	651	1585	414	1517	1179	1360	603	1720	1656	194	1649	725	29	355	632	1748	38	905	58	348	1433	779	792	775	1316	1733	688	1034	935	1788	816	154	1412	672	522	1571
472	420	1798	860	91	1646	1513	1188	595	1440	1296	883	22	100	57	614	178	224	197	979	1243	929	193	1821	1158	862	1657	1608	1687	408	1072	675	1801	977	769	251	1405	232	447	170	9	64	1379	1634	1791	55	1006	528	1165	525
69	565	1468	1064	524	1244	1115	956	246	517	115	534	1150	34	1500	245	1091	6	697	1538	1509	1815	1446	95	801	739	1741	1231	1281	1307	1046	782	1194	1575	1226	188	1789	1235	140	120	393	10	953	148	1089	1391	1031	1248	147	397
1039	908	829	454	809	846	1587	978	1137	127	709	631	893	491	222	1717	1052	1166	1520	1461	818	639	922	1139	663	254	216	359	1003	119	86	234	891	676	1123	1465	1308	1421	673	1199	1558	1578	653	741	1746	1498	1012	1783	1395	1418
947	1483	1292	1698	884	1374	1133	772	638	828	836	903	1175	1769	1222	252	1106	1346	102	1610	342	335	537	1553	515	1568	1734	136	385	1288	1793	1129	501	776	1230	476	682	128	479	693	313	350	1022	683	1639	339	496	1466	950	920
969	278	559	265	1525	277	520	624	312	449	1503	266	1293	1637	1172	298	1032	1030	1088	640	1652	732	189	106	587	1672	282	37	1494	380	993	796	133	366	811	349	143	1234	83	911	250	1491	459	1300	169	431	1645	464	1397	1810
1413	196	1090	716	1363	597	440	868	1417	560	142	1572	249	1631	1219	475	129	1824	146	347	1110	233	1024	1658	538	931	1036	620	1814	1611	1058	1100	767	1015	1356	112	45	114	622	740	1450	1792	1477	1350	392	733	294	914	257	634
236	1	164	1217	901	988	627	1454	1404	1349	1458	623	1449	814	789	214	455	1752	561	117	1753	1163	1650	541	285	1685	848	955	566	1242	1269	784	527	1730	944	1254	457	1138	1198	172	876	1357	907	1311	306	943	873	1518	415	550
1497	27	723	1274	1049	1191	1071	195	821	1462	319	1241	1594	1482	765	436	485	465	1737	85	220	1721	1700	204	698	621	1606	1836	1546	1103	1027	1041	1278	1213	686	1549	1280	1835	79	1245	731	1704	1256	1731	1681	1229	362	1207	590	375
1554	633	1216	84	896	321	1043	1347	308	329	1325	1629	1432	1442	928	15	1485	1201	94	606	1690	1456	1429	1584	1828	1755	1580	263	747	1037	41	804	714	1097	156	19	474	721	932	330	1196	124	1282	629	1119	1335	494	1073	753	310
1595	425	1529	450	913	1714	507	1726	1208	1439	44	1120	1781	264	971	823	1457	832	1186	1333	480	1496	244	443	1651	302	322	1830	844	897	403	314	1797	1770	1309	1118	183	125	788	923	1638	382	1378	1537	892	56	1304	616	1794	1323
338	1236	1470	3	1428	59	847	1297	967	171	687	1539	1604	773	1586	994	970	1326	662	1112	1328	1141	103	1445	168	376	1295	861	1067	1154	625	1567	1375	579	412	1189	607	1784	1211	1799	438	1716	1265	1045	659	607	644	1626	129	1507
23	1156	1572	685	1642	7	549	479	230	523	84	1650	558	1103	1557	619	1395	772	515	239	957	1673	1305	258	1743	1517	2	1803	299	80	1770	722	1733	1184	486	591	1040	1134	1635	1054	787	1238	1477	40	627	1474	251	1797	451	16
50	753	989	1491	415	1048	1149	443	487	1150	972	1768	55	1497	245	1291	1568	968	1083	1749	795	1301	1168	1112	119	1798	797	1831	1448	1417	809	1513	1328	673	1076	270	794	729	944	1099	389	951	814	573	757	598	1680	1106	833	947
1456	466	1197	207	1250	830	109	516	837	1024	77	1001	294	840	460	520	1170	1634	1330	1607	1179	491	1518	564	269	1522	1819	1192	441	426	1558	1651	1084	1829	779	1427	919	1444	813	1052	1828	1537	874	1357	469	1092	1343	407	1700	1500
455	166	236	1640	1174	1813	331	1385	763	405	1729	1540	620	8	762	635	296	1113	428	1337	615	307	1086	1763	905	1360	408	1796	1755	552	958	732	1293	1615	1526	462	1606	1036	174	904	1625	120	701	1493	1771	275	1065	326	759	1792
931	56	71	1503	1246	1139	1311	815	465	1152	1706	1435	169	746	1085	223	136	606	74	383	463	1757	1376	1772	834	1206	213	1561	879	176	445	108	959	1068	966	1361	725	235	1375	1340	1668	12	1273	388	264	78	1698	1826	210	824
819	918	612	502	1176	69	346	1715	829	1242	1720	1181	775	978	1531	1623	881	577	1520	1482	425	1734	1374	1811	1593	967	1212	1437	1475	1094	1318	1563	920	511	526	1003	1171	1204	354	1166	1663	715	156	61	528	1256	538	933	1088	1671
154	1393	867	838	79	597	1353	1748	1442	584	184	11	885	1315	1284	20	1799	191	365	1235	826	1281	1255	1665	1800	1824	1020	242	1111	1320	1123	1453	793	1394	1443	608	221	1359	578	897	178	990	1571	1182	953	1709	228	317	801	1027
143	896	1002	1295	300	1211	1248	1313	1790	1356	1396	63	1690	393	1006	518	617	43	1479	349	1742	394	1066	1566	1382	1389	409	1218	540	1814	1227	1618	568	1432	18	633	1462	1309	1788	1327	102	1527	1620	1817	311	1008	547	1350	585	827
106	868	1688	165	892	131	667	1221	1707	1381	1005	297	580	1773	196	70	747	186	246	602	1502	735	527	202	858	132	1780	997	1007	1257	863	1716	938	930	1162	1226	1617	1580	969	1806	103	899	1157	33	1696	1554	148	649	161	641
1410	1298	939	963	1373	1570	6	1038	1574	1519	1784	1441	1560	86	1509	1267	175	1605	1834	1279	977	1478	1488	386	1158	1278	1268	1689	1294	332	1439	845	1379	937	285	138	1425	676	367	1550	923	439	810	588	1128	691	1067	1655	1452	1021
678	1759	1064	128	342	204	162	233	1612	1660	255	796	1116	860	1300	1146	821	586	1564	503	1203	125	1644	272	1775	1341	226	629	1492	474	777	1501	1744	1547	10	67	1	1504	800	1791	1676	768	1399	960	1147	1725	702	1523	805	434
1286	994	336	440	1670	81	1429	1440	209	1183	1352	1600	1380	123	189	91	1415	1107	231	27	964	780	1823	983	1302	323	1345	1835	257	1682	1637	1378	1224	575	1786	689	1687	112	704	1044	135	1237	1223	212	1837	672	1178	1297	1175	398
1346	695	1091	1450	669	1140	1366	1323	738	198	1369	1657	1774	1728	1195	808	1252	187	160	1271	1538	1480	804	60	200	1573	1712	308	1308	653	211	1053	1515	1721	524	555	1251	761	1732	1409	68	265	771	268	1667	188	241	1124	304	825
950	247	764	975	88	1173	227	159	1678	1236	711	593	574	943	1629	436	973	508	1042	249	96	688	1506	1735	1310	1010	333	1511	1609	195	75	1232	28	710	1388	1619	1449	1649	157	1407	955	895	1355	484	913	880	1089	1495	283	1802
254	1213	104	603	545	1767	1247	1057	95	278	1739	535	328	1135	533	1228	59	1411	361	1542	745	1163	709	660	1486	1402	836	4	786	630	1738	170	1026	1575	1102	180	1207	64	1586	1681	500	152	1832	914	133	1220	946	1229	14	473
1552	442	1548	271	431	802	495	559	760	1581	949	1138	714	915	1269	1000	1372	1059	1062	1524	639	665	712	1077	1459	289	788	1666	1434	1041	1598	1289	1833	1782	1351	1756	306	1196	456	782	1578	734	556	3	1384	1485	325	778	756	1626
124	954	987	1277	1365	1031	321	687	604	1510	446	167	252	992	758	392	926	1455	1684	607	72	267	1216	1104	1476	344	1736	183	655	1810	146	378	1142	281	638	185	47	341	433	736	429	379	599	716	1730	519	733	993	843	263
262	851	1338	1364	563	31	290	1185	1705	203	1177	622	542	1219	37	250	790	420	728	126	32	411	1472	117	1750	505	742	1553	1244	1662	570	353	739	205	1530	1793	682	589	30	149	587	475	453	1695	846	1761	873	1827	917	1265
39	1188	450	621	640	335	1740	911	1638	153	208	461	1514	1017	197	668	891	1699	1155	1438	497	572	1143	1428	509	370	279	1818	1769	424	658	1754	707	206	984	1445	1549	324	562	256	1050	1694	1222	582	1159	1118	857	48	1633	631
1060	147	1397	1126	1821	713	422	636	650	494	292	642	625	1534	652	266	1160	1202	1583	1576	818	719	410	274	0	656	690	1288	798	417	375	357	58	1282	1319	551	1599	322	557	1508	110	924	686	718	217	906	1674	663	534	327
1469	675	34	240	259	313	314	1587	1624	1577	936	427	1028	605	329	1731	337	65	42	806	1483	662	890	877	107	1589	927	1317	1489	752	886	305	544	129	1201	201	856	531	1215	1011	1105	387	1795	1043	999	1387	1342	338	1418	1551
390	525	1101	1056	1722	1019	741	288	41	277	1816	613	1280	909	182	490	1461	1646	766	776	1691	634	1683	380	360	1590	376	421	381	1627	1049	916	1752	831	539	151	1528	261	1233	569	253	1464	73	1628	521	287	38	1494	700	965
529	1484	510	1677	51	991	482	1490	976	1614	835	1331	1180	66	1601	177	1097	1659	114	1296	225	121	350	1713	220	452	318	1544	1762	1745	1363	158	366	1285	932	243	750	1603	1532	302	1656	1292	483	1370	1416	887	740	609	1046	340
811	962	362	99	1565	1420	703	1358	1555	219	981	1172	1414	111	382	244	864	1070	637	922	404	699	368	1645	1167	137	928	1653	98	150	940	1210	648	1701	1446	657	216	438	1808	1325	414	1785	1658	1339	765	1630	1299	229	1430	457
872	1145	419	869	862	105	1702	1362	1451	908	1585	1058	1460	168	571	1037	1719	348	52	1400	1426	841	853	1679	1290	945	628	566	674	478	1115	910	1016	1245	1812	948	1344	90	447	470	13	1779	1193	1794	293	807	1559	1110	774	1579
432	708	1264	849	1080	611	57	996	601	912	430	371	697	925	749	726	237	1316	1592	1217	1165	1029	1120	1805	1133	1390	35	512	400	723	1436	1822	850	9	192	1240	956	694	616	1760	1458	1349	581	26	83	396	472	1424	1234	600
1329	1686	1499	1604	828	260	1631	1820	17	1039	847	1632	1392	1144	1243	1747	998	316	1259	489	1711	1114	1781	1335	1061	1741	1205	751	901	859	1787	1723	1354	783	1789	1125	522	671	1371	1539	988	941	1187	677	1200	985	1764	190	842	647
1776	444	464	537	122	717	15	499	971	97	1191	1433	1602	1148	164	458	113	423	1647	437	1398	330	1169	1838	961	1153	1276	553	215	1141	343	286	1836	1230	546	1096	817	1468	506	397	232	1804	309	1815	1025	413	1032	1708	54	1131
1137	974	359	391	882	172	789	942	1616	179	1597	1260	579	1457	1347	181	373	876	416	1261	623	504	406	785	889	1413	1507	1611	93	1272	820	76	1055	364	536	1777	721	670	1209	399	1004	724	488	163	85	1582	144	706	273	1368
893	345	100	1078	592	53	1541	1198	792	310	664	282	1087	1697	1151	1081	693	1034	1562	560	1661	1122	1608	626	1505	1536	1431	784	1336	1136	1595	781	554	803	1685	1412	493	1304	692	1074	1266	291	1726	194	610	5	1672	248	683	1386
139	1303	755	1778	1783	315	46	900	82	1093	979	1569	49	1525	659	234	644	1071	1825	1194	1161	929	193	1249	145	1594	1596	372	921	358	280	1090	514	1045	355	1013	1051	140	654	116	550	1154	903	1258	532	1130	25	374	173	888
705	214	87	727	1287	666	1082	871	1516	1214	645	1014	1023	347	823	894	680	1367	471	1332	1710	459	1447	902	1419	1275	646	496	1718	791	970	507	1015	1724	651	934	865	567	541	319	596	614	395	1529	412	1321	356	449	276	19
1408	36	1692	1807	298	898	481	935	767	1063	1270	238	618	1584	1108	1324	754	1117	1664	576	385	101	1543	1129	284	501	1613	1075	1703	1307	468	1521	1463	1405	384	1012	1512	115	1643	1717	513	1470	1737	44	1567	822	1199	62	769	884
339	1306	855	720	661	643	218	1588	1403	1545	1533	878	1421	1466	1312	477	624	1225	1498	1621	171	199	594	773	730	1422	89	369	1033	1610	1109	832	995	141	1830	127	1018	870	1333	1047	1069	45	1639	1753	517	907	94	1208	1274	1648
1254	1765	1496	1035	1283	1641	698	485	1253	1636	1072	812	29	1190	632	770	351	1186	222	352	1073	583	1100	1471	363	748	1758	1654	1406	883	737	590	1348	731	402	130	848	454	530	1119	498	377	21	1751	1377	303	1622	744	22	1009
1326	1766	743	1546	92	1404	875	548	435	1591	861	986	595	312	1098	1714	1556	565	467	1189	480	1030	852	696	1127	1391	142	24	1675	679	1231	1095	1132	1164	476	543	418	982	1383	1481	155	403	224	1727	1022	1401	1423	854	401	1334
1535	866	118	1314	1652	301	799	1801	1467	1263	1322	1454	134	1121	1704	1239	844	1809	839	1487	1473	492	1669	1465	816	952	684	295	1079	1262	1693	334	681	561	1746	448	320	1241	980	509	41	1621	862	312	1754	947	617	39	1238	1335
46	1563	835	1534	1250	443	89	1653	761	1813	1008	574	1641	105	598	1389	1756	1478	954	807	590	1287	1553	712	1674	301	325	721	863	823	201	1620	726	1152	1144	1068	297	548	1738	609	1833	306	453	553	101	1191	157	815	1139	1294
1754	594	607	489	1228	1761	1436	577	1615	1569	1064	1736	316	740	1231	195	351	97	256	889	1114	433	811	891	890	1100	1784	1582	1351	1711	1805	395	1281	1518	291	819	1243	625	23	1566	498	1449	1185	1456	345	106	1235	1705	1116	1690
1570	1371	1375	276	1606	872	474	1543	901	1264	1665	621	718	1247	1327	535	335	1530	1424	1176	1186	1735	742	768	631	1055	360	558	1050	1433	229	1137	828	1046	1835	208	790	945	1312	148	853	877	111	440	219	1632	1355	19	1309	582
270	586	1187	63	332	361	538	551	893	318	502	1623	35	1789	1558	694	1771	616	1651	645	1722	1198	1687	1486	1123	1719	182	470	727	702	1714	1576	881	711	322	1526	20	508	1489	1759	1272	903	1255	1642	683	1149	524	989	27	837
42	1715	1817	302	340	1596	992	496	1420	1226	1780	1818	1146	1260	664	121	434	348	1500	309	1832	680	983	70	666	1700	1679	1785	1669	1709	1079	1502	845	545	409	1062	707	366	746	1233	1259	1776	1593	131	1048	911	1043	1189	1522	418
1148	962	1086	544	54	1457	1394	1693	284	1655	918	1431	1244	1601	1138	953	1202	810	499	1275	1812	1080	1727	1318	91	1213	731	1016	781	589	1300	1072	93	669	812	844	1508	1292	1741	1531	69	804	517	108	1459	848	1108	827	417	1621
1158	1604	1821	1796	1408	1613	1640	32	1084	1516	917	98	382	1073	600	1554	668	114	1487	1022	1422	1192	416	1332	1274	873	1254	1635	1399	938	1159	1732	1454	355	1065	839	1262	1819	1775	1682	1342	412	802	864	243	1571	887	920	1583	16
1609	585	1567	824	1803	1246	1573	1252	1295	138	766	1145	1024	618	99	1200	1127	1401	1664	1306	1313	1054	852	1248	473	1438	949	1303	1011	760	425	879	217	408	49	274	57	1398	491	1455	1572	1837	1595	494	1602	279	1347	1525	1212	236
1545	532	1624	384	1376	1049	797	1712	407	1409	1580	1574	1003	1308	818	278	166	1241	164	1370	655	64	1676	82	272	862	1823	239	526	40	1032	684	765	513	307	359	561	833	299	362	643	1230	1059	171	1321	725	1006	584	899	1009
856	1696	346	1825	1194	422	1390	745	115	1265	479	780	1219	692	987	610	676	368	1358	1270	288	1816	569	414	47	227	695	758	330	237	1611	1225	1467	1283	605	547	135	1762	1150	1415	247	56	61	437	477	271	1760	540	1758	1121
1770	1052	955	303	636	850	1484	993	1334	497	1012	1808	952	133	624	1051	1034	1160	748	1154	1175	1407	29	602	606	1288	1263	733	1584	510	1453	1678	1698	398	67	1592	469	1092	296	160	1499	87	1109	511	801	946	1718	262	72	632
400	1517	289	782	1670	787	41	232	43	254	825	1671	293	1544	888	110	1302	541	929	1707	1795	405	263	100	942	1284	377	597	816	1329	1753	1643	997	424	1101	988	883	752	1555	773	1385	1296	1273	737	396	1807	174	1675	554	1014
699	642	193	1311	37	446	1610	991	595	1058	1749	281	924	617	1025	1001	1820	212	941	312	403	1539	1434	1692	1168	235	799	1485	1647	1128	1039	1750	1636	1090	995	1731	950	868	1600	980	1746	1044	1519	724	568	1098	521	300	791	783
50	319	1788	365	1236	909	1088	1564	1728	894	34	729	264	248	369	218	1506	1366	371	347	1654	613	495	870	1605	268	751	66	542	1256	1023	905	1286	1662	957	85	1396	1211	563	687	567	1724	1151	10	1066	1588	851	1074	261	17
1373	593	1483	1465	885	1815	392	481	1650	536	550	1617	1298	1435	1204	1113	1524	990	1404	78	123	333	1330	1824	378	24	771	831	196	1425	1537	1249	849	246	690	1304	1520	821	504	96	1131	1268	1354	1437	1704	203	1445	754	1417	1806
615	1021	834	244	145	430	257	936	571	388	286	1752	74	119	338	1633	136	324	940	311	60	1085	367	1162	1421	1377	539	191	238	793	1110	5	1197	58	1293	506	1527	132	675	869	1447	741	948	394	225	321	1482	1556	0	800
1645	1	1710	1035	820	986	79	728	677	298	1551	1367	861	1428	192	843	777	80	1360	207	241	287	1673	62	426	1448	12	1458	1133	169	709	153	429	1708	612	840	1395	155	1680	663	500	1081	575	1124	1703	665	1648	350	1210	671
1594	662	486	528	688	646	1229	1007	994	1432	681	77	275	1470	492	1267	1702	1280	320	194	1716	770	176	1406	1400	86	139	767	552	421	475	423	803	867	1239	240	88	898	1681	214	1501	1005	570	1257	1169	277	1161	459	462	1352
339	304	1027	467	657	1622	1271	634	698	947	1217	269	1439	142	1042	390	1836	958	792	1181	943	1828	1533	1412	838	183	1509	906	1444	202	1037	822	1423	436	336	769	1017	1344	137	8	1441	190	342	356	258	442	1559	998	1627	84
90	438	981	1258	1697	1656	1061	228	402	449	1503	493	48	372	216	882	814	158	460	907	172	855	344	1141	654	638	204	566	959	1232	162	1206	931	134	1096	556	177	26	33	170	1278	1589	794	337	650	1494	1442	1744	1443	826
435	189	1472	1585	1491	750	716	151	1317	94	1177	512	640	501	892	772	292	1359	448	778	757	1402	415	514	1410	1743	1644	1119	1471	154	432	1346	1013	231	611	516	1279	406	1166	1120	1416	779	1694	3	1577	1063	221	1322	576	1542
265	92	374	696	102	329	1103	156	167	1356	817	649	1087	1095	1493	294	543	181	1495	1783	978	326	1462	1350	1310	973	1618	1450	1634	1626	534	1222	884	73	249	630	565	427	1510	381	1397	185	1628	700	1112	1504	1476	1199	1155	1289
213	967	28	52	65	1126	505	1208	1102	1174	1004	308	507	895	179	173	251	487	343	1172	199	1251	1221	871	1838	1323	1479	829	591	1777	1357	1379	1134	1104	18	580	660	713	1099	620	1207	389	1405	1000	1701	220	1097	928	1345	622
1475	222	1353	1804	206	140	328	1723	1763	697	846	960	1363	1253	736	295	255	420	857	1269	483	969	1002	163	441	1767	635	722	1737	830	1688	36	1122	531	1773	1107	670	461	209	1019	738	1663	186	644	1015	380	1167	685	404	1659
1380	1790	1362	1203	401	1668	658	1140	290	1201	447	1757	1093	1748	1473	592	112	1547	1083	1468	587	1831	682	715	1429	599	734	341	253	75	1326	1178	1338	1498	596	1386	866	1579	313	1337	1532	1038	860	854	1089	775	749	454	1652	1349
143	629	1550	1382	118	1689	651	673	1811	1742	708	1076	1115	1787	805	933	1384	667	1625	1639	463	1540	1215	965	747	1726	1637	1418	1658	150	922	1488	7	759	1427	529	939	1343	1136	44	149	259	1316	1672	614	652	488	210	1586	865
411	152	1364	1378	1179	982	753	1340	1339	1234	1392	379	579	1282	1529	1018	260	1156	211	188	1799	763	1388	1528	1629	1171	1277	1660	30	1782	385	604	1291	458	984	1307	1105	370	509	1218	125	161	1496	1523	363	1170	876	1557	717	1695
1117	1513	450	1745	1599	187	1320	1512	1548	352	1822	934	1305	1800	935	701	578	130	912	880	21	116	223	373	1341	977	583	641	104	1685	331	1793	1164	1814	485	1546	875	971	1082	1801	386	51	1223	1772	1720	334	59	1463	1514	1725
393	1657	1497	428	1157	1560	896	1612	1361	1348	1778	1490	1041	1130	1578	1403	704	886	122	468	762	1666	1393	1535	926	847	1028	976	11	964	387	451	124	1598	1045	1195	6	1180	686	974	557	1521	1511	1733	1802	168	966	1165	1182	1125
647	1677	932	1451	14	327	1734	250	1224	1536	1057	1721	1541	1188	858	439	128	358	1747	184	1792	1071	732	230	25	1111	1372	1163	419	1036	1591	282	1661	789	1183	648	637	714	1411	484	1056	280	391	774	13	1492	1630	951	1597	68
710	743	45	376	357	455	22	1575	1227	1827	399	1030	549	1616	1686	923	1142	808	1474	465	533	1245	925	1430	813	413	719	1147	784	141	530	776	1683	961	1190	315	572	1391	806	1464	756	198	1067	1040	397	601	1414	147	904	1717
103	555	1261	519	245	266	588	267	476	841	1764	224	353	1481	522	1314	1774	364	1830	1729	1452	76	410	1214	573	1549	234	628	979	796	930	842	1751	1834	537	1205	285	1290	902	273	739	1365	466	1461	1020	1091	1480	619	1276	916
205	608	735	1242	564	4	1608	1369	1603	859	444	705	126	1829	233	1077	720	546	1333	661	1193	672	53	1581	1809	31	559	985	1769	457	1135	375	914	874	1331	1631	1798	674	159	1368	127	55	1216	1106	689	1755	1381	1387	678	627
1440	1129	1173	144	120	1299	785	999	1184	1419	197	1324	1466	1730	38	71	1562	1319	723	1561	975	1047	1060	693	1240	633	314	1590	1667	795	832	471	490	691	786	1413	242	1739	1565	1069	354	200	603	910	1094	317	109	581	2	1336
1607	560	323	764	310	1538	1779	921	1515	1010	970	1797	518	653	464	226	1033	809	897	963	1446	798	623	1209	515	95	129	1132	146	656	1568	9	480	445	1791	659	1285	755	175	927	107	1706	252	937	915	15	913	520	1684	1383
1078	1266	1315	1301	1826	1477	1220	956	39	83	1118	1196	1325	1426	972	944	1810	215	788	996	1614	1335	349	1786	178	744	1374	1552	1766	1638	639	1649	1026	1053	1075	968	1713	1070	908	503	1143	1469	523	1297	1768	1740	1587	900	1328	117
472	919	1699	703	1505	525	1691	626	452	1031	1765	1781	527	431	180	482	1507	706	383	1460	1237	1029	1646	562	283	113	679	836	305	1153	478	1794	1619	81	878	165	456	1238	730	1804	399	627	1231	1773	75	807	1039	1013	1724	950
541	1707	138	1546	1358	357	1082	529	1666	1253	171	647	988	1451	27	405	1476	1588	1193	1611	450	1623	304	403	467	112	456	708	386	1591	582	819	84	1249	1351	974	1201	247	1214	601	434	857	62	605	1248	146	225	1297	1326	1596
104	1393	728	771	667	543	1783	904	1504	1739	966	556	1528	102	1702	1687	320	186	960	1277	1617	96	415	1246	1782	776	346	1824	1203	1449	1423	492	90	68	236	318	766	1632	528	461	293	1375	1261	163	1159	1662	1384	921	713	1355
1828	657	561	781	1690	125	1342	928	1180	1574	392	1279	1202	238	1433	847	1502	796	572	289	797	251	1490	1811	1708	1694	428	1141	154	1207	1247	748	1241	148	1652	1056	968	610	1685	1069	376	1799	1357	1377	981	1420	1566	356	1294	1400
223	1300	274	982	147	1536	532	457	1638	1370	1605	300	971	1243	1532	1148	306	323	180	160	435	1606	55	1645	451	625	339	241	864	744	683	636	1511	378	1340	423	167	1496	239	1553	1390	1188	850	815	1175	698	526	1218	1533	1209
785	1774	792	555	1564	682	1356	750	202	972	676	99	47	1547	545	874	1036	1501	257	1651	810	1788	1204	56	509	119	613	1392	1772	1092	1447	1139	24	818	260	335	308	1661	179	351	1032	834	842	752	1284	1419	1768	460	1192	1471
816	1622	32	252	234	1055	1134	1033	1831	331	1070	1263	63	22	608	329	1278	687	1682	1231	660	749	162	1389	1464	1396	1518	221	370	1631	1519	800	1475	327	1172	570	768	407	328	1752	1383	1198	49	1757	978	1813	826	624	1597	1709
861	612	332	1459	137	745	869	1780	1240	1457	1268	600	338	455	253	1296	554	1137	1424	760	1517	1658	1244	896	1111	141	231	799	761	703	272	594	365	990	1801	1718	230	900	1282	877	668	651	1411	1749	314	808	86	418	71	571
987	1717	573	1462	1068	661	1156	779	1107	1637	1005	1446	764	870	652	951	551	481	712	1329	1621	51	1727	1832	912	1161	1416	175	1345	710	1318	433	1031	579	1600	1075	1129	1539	733	1145	1737	1314	1048	1412	588	1776	204	813	1822	168
336	629	493	1038	1721	1461	1599	1583	1410	30	1270	140	836	240	1304	1001	852	25	740	646	876	1489	132	33	1455	1479	1779	642	1428	91	263	1538	250	1472	474	1051	1542	979	1669	615	115	188	31	1726	1792	98	1698	1165	1271	1534
925	763	459	1693	1589	1363	242	727	495	1790	856	821	1639	984	1369	422	694	1146	569	1644	851	121	597	57	716	205	217	283	1634	414	83	788	552	1078	658	476	905	1012	54	859	1112	44	36	87	1084	505	1213	402	1529	1041
372	468	1353	999	991	469	1524	1616	6	1425	108	765	1079	176	1122	1697	675	548	778	484	8	124	1303	358	1030	1561	208	1554	1160	1337	1105	463	1602	1052	406	1593	1168	1359	72	557	333	995	174	1770	271	470	134	1508	714	1657
1551	1431	1366	1019	52	190	1512	195	1272	780	1756	319	1514	1361	1463	498	1506	1522	1313	1700	1827	1763	17	1238	1215	786	275	1755	1550	1720	1343	1584	895	880	1570	755	227	465	533	1374	1163	315	1113	863	1217	1675	840	784	860	734
192	1706	127	1334	824	1133	59	1280	298	700	1523	1595	1498	458	1234	1520	637	244	530	388	1688	1371	944	330	100	1404	583	1594	914	1323	1614	1103	946	1495	1039	926	1235	858	200	673	1325	1149	5	18	194	527	1545	397	1526	809
1269	364	34	216	1452	511	1764	961	634	827	1810	1468	692	1531	149	817	117	1211	943	866	413	296	1310	1467	956	395	80	169	290	903	1398	633	429	28	1394	754	439	822	1500	1002	1679	607	311	486	1045	1478	575	1093	38	644
1150	684	934	577	1179	1759	1672	12	1786	1094	394	485	1029	14	1176	1083	798	1320	970	302	1769	567	1798	352	442	266	301	790	777	1817	1311	1712	462	609	268	482	1136	1328	1699	1665	949	1445	1716	1797	2	105	938	1809	1568	1453
1625	1335	182	1397	965	1761	40	1823	747	1290	1291	897	1152	1187	1505	1482	1200	1460	1417	1046	1379	775	1728	998	1166	197	1043	299	367	890	564	927	443	602	82	1027	1800	855	184	1825	1010	1091	191	1678	1815	278	906	1580	64	410
730	635	1732	1338	1838	1642	151	1344	741	1040	373	930	832	1836	1473	1319	1143	404	1124	945	1194	1072	1563	519	1407	1458	1062	1275	354	1714	811	901	539	165	1264	534	886	1571	922	933	618	1741	1177	725	1090	843	980	1104	1575	1537
936	1440	1302	1414	892	449	303	326	835	39	76	92	114	235	472	830	1581	720	559	1081	916	258	1388	1572	507	13	1421	628	85	1376	1427	562	177	448	1181	1170	400	452	758	963	1515	871	1607	262	1054	918	1307	131	1748	391
363	259	341	203	793	153	705	229	502	1127	1339	1099	270	1650	1017	553	1191	152	166	1579	1610	1559	421	473	1106	947	1696	783	1373	164	1565	1477	496	508	1109	1000	61	1135	1691	155	1242	237	1381	210	276	1723	881	348	440	1540
1493	693	45	1765	187	446	1018	848	804	441	598	1114	1486	466	1123	288	369	385	246	1142	1835	621	334	431	361	807	1332	1620	795	654	1386	524	1733	801	932	1115	1837	1155	475	989	1044	185	471	1590	1265	1585	321	1222	506	1221
1118	1245	1535	550	1061	718	23	909	931	1232	929	731	1626	1541	277	868	1615	514	95	1341	1450	1576	1157	1751	894	1503	641	917	1624	420	292	802	1387	489	1128	1226	122	1298	9	248	1680	342	1042	1808	193	590	867	581	1747	899
1442	659	1171	681	1073	1491	1481	525	417	772	130	322	627	617	65	789	643	53	111	170	1372	576	1364	518	340	794	218	1735	738	261	310	1352	1777	1131	181	183	1147	1121	360	542	1117	580	128	215	910	1098	1686	1465	48	825
1484	10	603	286	1648	656	678	1608	908	940	1262	1259	50	1350	1368	854	726	198	312	1664	7	1190	77	540	499	1803	889	1035	1258	1521	560	344	1085	284	307	1399	1281	739	616	907	1430	1013	150	1826	742	674	1220	1705	1784	1753
1738	1120	305	774	58	695	1674	1587	1601	1333	1767	1057	923	1312	1820	1306	516	699	1829	16	1169	118	1126	1742	1635	1409	753	1362	172	74	447	142	1097	1182	398	1049	66	670	622	759	862	632	94	1695	81	803	477	226	510	1089
106	1184	1474	1289	15	838	144	957	1395	884	490	1441	1660	1466	408	1830	650	1096	751	831	787	1060	503	212	120	491	1067	915	773	536	767	1257	976	1560	158	1266	919	1567	483	1014	939	345	589	846	1677	1346	704	1516	201	396
1629	1167	883	1760	1276	702	1636	1819	243	222	347	1330	1577	875	1024	316	20	343	1015	604	736	1557	110	623	1138	19	782	1415	599	640	1233	1309	445	1378	409	1641	1250	1025	653	399	1125	724	1729	1713	1715	1102	845	1681	849	1076
1654	1196	1119	898	996	1006	941	1382	1659	1724	812	717	1771	1066	672	297	1689	770	383	1613	1750	1483	1668	1438	853	136	291	994	1578	911	1022	1405	1380	1604	937	606	1058	1216	256	107	113	69	1834	997	578	504	671	380	219	512
42	1348	1487	1183	1454	497	206	1273	1008	123	1403	593	375	21	1020	983	424	1053	648	454	1108	666	1391	546	1603	1719	1509	517	719	281	1745	1189	1773	1649	1740	1731	823	631	1285	1100	1804	924	1619	1059	1252	254	1210	1003	464	1646
722	614	389	520	1598	249	255	116	0	133	690	1086	1021	1609	294	1426	891	1444	1283	1406	513	371	1236	952	494	967	1267	41	1208	1692	89	1802	324	436	544	161	649	1317	1676	1655	1432	1627	558	680	1656	479	1408	1758	1219	1174
1028	1643	1647	1077	1295	664	159	1592	1558	992	1448	1743	1331	1530	224	701	427	688	189	1287	1821	501	1818	135	1710	620	412	547	209	145	1703	1806	269	723	655	1791	538	1239	1140	416	377	228	1762	715	1225	214	1074	1807	282	619
1007	101	287	350	1385	1683	1095	1050	1734	515	1663	1178	1549	309	1016	1315	679	689	381	1805	1787	893	280	1228	1367	368	1224	626	1064	1434	1552	769	1730	696	233	70	1667	873	488	1544	1562	1162	1293	1507	574	273	349	879	1354	639
1796	1413	1308	109	1525	426	1488	432	1132	948	1034	595	1087	1047	592	480	743	1701	1485	1499	264	837	1251	267	1435	950	411	1365	973	662	1009	419	355	1197	1816	313	985	955	1288	1494	362	1011	1401	663	1173	1151	977	964	1582	1080
46	1130	1327	566	969	1527	1286	3	962	1360	196	1612	359	1725	732	79	1063	902	1510	584	638	487	35	685	1543	199	1026	841	746	1812	1711	677	1324	1186	888	959	211	379	1321	993	721	1781	1766	1065	762	1292	806	958	1670	1497
1640	568	143	60	1153	805	11	1436	565	1814	523	393	88	522	1274	285	878	37	591	207	1336	438	1230	1322	73	1556	29	709	178	1795	1618	942	97	1299	1573	1480	1744	1205	585	1195	549	706	430	844	1254	1227	1158	1704	1255	1316
1722	563	1778	1628	697	1164	1633	1833	156	337	78	1071	1785	382	1793	279	630	1088	325	865	1736	887	295	93	1555	1212	387	1439	245	986	1418	1402	920	220	1470	611	1794	1789	103	1305	1630	814	791	729	317	756	587	157	374	537
839	265	691	665	353	4	975	1422	129	1469	232	872	390	596	425	707	1548	686	1229	882	384	1775	1513	453	1754	1101	1185	1199	43	366	437	885	26	735	1671	833	1144	953	1673	1437	173	1429	1569	711	1256	1116	67	1653	1443	737
500	1347	478	1349	1260	521	935	75	820	1746	1	829	757	1023	1037	1492	1223	535	126	1237	139	1586	444	213	669	1110	1301	1684	828	1456	401	1206	954	531	1004	586	1154	913	645	715	40	1290	545	1262	1472	1703	1295	907	1707	1809