0,1,0,1
1003	558	410	628	956	428	967	990	361	676	815	688	177	325	11	901	893	946	235	832	728	16	617	707	225	398	142	223	903	305	483	426	399	64	672	298	898	577	889	638	374	567	924	767	335	945	323	831	230	699
491	687	222	139	43	596	171	685	876	500	1011	600	954	304	529	353	570	381	27	295	191	539	379	484	22	463	240	999	580	572	621	658	495	250	479	629	75	196	294	669	520	88	633	748	233	120	964	445	131	997
284	508	1015	448	859	641	769	155	576	499	743	880	181	153	969	173	45	264	334	1008	584	497	1	384	647	735	253	285	878	487	121	950	724	52	726	456	907	819	482	905	68	843	620	429	955	329	544	626	1017	203
138	703	848	720	936	850	92	437	623	882	816	917	370	195	782	104	217	172	179	562	349	218	1001	450	921	988	438	613	6	975	874	211	722	467	417	287	564	838	537	908	794	85	163	34	124	473	759	176	566	980
403	386	244	274	300	261	31	839	193	835	318	702	963	489	592	271	622	192	861	686	858	188	194	249	844	339	447	57	879	604	441	854	12	813	585	277	387	803	700	833	511	615	248	609	611	408	39	774	174	960
444	190	252	378	143	413	519	873	140	358	666	1012	94	846	820	569	197	654	895	659	152	643	375	411	116	646	419	721	704	805	280	307	425	167	415	30	326	548	37	100	392	245	80	872	84	581	345	299	663	242
751	157	992	651	800	682	619	518	693	35	899	822	293	773	260	939	768	634	315	99	78	132	87	292	354	970	237	639	108	761	618	175	968	565	826	593	510	161	910	486	962	254	507	602	754	7	141	770	475	183
719	102	322	414	56	501	33	126	737	60	568	692	184	309	675	855	697	262	775	986	731	786	20	220	504	635	723	302	159	47	418	799	278	166	933	750	679	169	871	524	918	729	351	147	598	443	115	705	24	571
851	65	806	76	559	276	383	272	875	538	311	492	28	202	164	69	887	957	97	664	130	862	1019	440	367	96	814	273	852	224	578	303	812	431	442	151	590	765	229	513	402	110	452	21	170	941	932	845	830	72
667	449	215	752	892	971	105	10	824	603	984	91	546	228	763	998	259	114	531	588	885	341	525	631	317	694	29	389	764	514	601	594	923	485	199	849	1000	1009	791	396	257	133	877	282	231	236	457	109	462	372
792	866	742	661	407	934	789	238	853	296	739	840	555	547	466	614	738	678	625	914	107	377	70	573	582	390	424	716	333	435	637	808	536	823	118	336	154	943	989	788	753	136	836	50	241	684	98	696	451	744
83	610	405	61	146	400	162	59	306	3	730	795	781	119	210	509	916	718	266	810	129	279	522	81	787	857	469	178	927	888	579	991	827	111	940	709	14	214	612	327	160	476	1007	458	26	642	706	912	928	837
25	973	772	673	49	439	38	953	586	959	978	817	343	740	312	549	66	205	494	890	226	481	289	433	148	478	301	227	149	212	101	1013	870	605	587	332	488	649	979	23	734	113	828	308	966	1020	829	1016	365	560
550	944	909	976	63	517	867	219	886	650	460	58	2	208	599	477	698	391	896	505	275	348	106	541	778	198	17	821	793	575	281	352	1005	636	972	532	359	187	207	165	695	920	269	616	790	288	712	987	251	512
36	394	701	297	19	310	553	267	112	711	632	291	961	644	714	906	189	710	247	5	660	563	883	913	145	471	204	894	926	397	316	432	776	533	362	900	947	127	561	809	869	314	423	331	656	552	404	474	368	757
863	42	388	117	493	270	324	802	0	9	55	922	807	937	455	897	595	952	717	319	385	556	1010	434	18	942	982	186	86	811	503	46	168	674	891	221	935	436	842	977	1004	841	847	258	137	330	376	454	158	708
180	521	771	32	150	263	777	103	347	551	540	350	727	516	681	981	213	465	206	665	1014	542	255	412	328	725	648	583	346	902	427	938	680	1006	741	736	683	607	779	421	470	627	459	904	373	48	993	506	589	758
911	82	355	95	446	67	834	608	534	766	422	380	756	201	357	671	128	144	401	209	286	498	268	90	41	951	745	337	416	884	234	366	53	690	785	243	79	51	526	915	338	340	784	797	515	535	640	677	713	557
930	865	747	313	749	554	232	929	591	185	1002	62	480	732	780	624	523	662	746	597	246	134	655	931	461	783	360	290	182	364	818	856	948	949	4	645	44	472	864	762	468	801	796	715	135	430	657	958	994	71
630	464	965	15	393	216	74	668	1018	760	606	919	406	983	93	530	283	804	825	543	321	652	89	670	798	342	860	653	382	409	755	13	453	77	995	691	689	974	868	200	545	574	122	363	344	54	395	239	356	528
371	420	502	40	490	256	73	8	881	925	496	733	985	156	123	369	320	527	996	125	265	638	63	594	733	607	935	964	744	394	409	422	526	937	440	174	345	946	36	477	565	208	669	99	329	153	808	260	42	990
324	276	494	780	996	869	623	842	212	758	304	416	844	514	778	138	474	860	731	989	395	916	576	550	769	751	1009	960	537	29	185	805	322	539	607	829	626	853	148	540	637	25	633	280	614	210	872	762	557	613
246	519	781	814	489	429	858	681	482	718	752	921	2	968	373	386	45	740	896	3	822	664	275	323	174	51	200	836	841	795	196	219	487	733	367	779	353	627	975	589	828	136	316	150	683	945	586	264	1019	37
465	931	546	894	473	329	638	325	472	552	864	902	855	98	102	334	875	95	347	797	101	431	649	746	687	267	753	593	365	812	532	313	240	965	759	635	458	611	307	311	88	554	843	285	333	85	882	963	460	528
359	834	35	610	443	268	873	889	360	53	854	840	396	599	620	565	897	848	676	727	619	970	84	418	237	912	263	413	292	801	936	1018	932	235	453	705	522	40	241	341	956	233	667	175	480	1008	383	216	484	110
579	744	435	891	28	147	470	180	456	144	1014	293	874	183	459	230	376	707	643	510	57	644	272	105	176	125	388	987	677	447	726	385	90	847	250	73	398	38	604	103	698	326	286	422	863	397	738	424	498	132
536	172	33	679	883	100	294	767	218	68	973	379	748	91	513	81	737	154	330	892	575	229	126	64	927	703	722	27	825	134	404	953	408	346	657	21	179	16	9	171	437	655	800	355	400	777	225	578	913	672
815	387	22	178	959	283	629	36	496	479	543	634	454	161	983	622	833	507	82	169	226	621	850	92	689	999	548	20	308	13	128	295	938	673	145	802	617	817	26	356	52	432	19	167	911	517	674	568	205	871
736	0	245	182	804	789	248	80	654	559	984	446	130	768	961	704	784	181	499	636	107	512	197	190	335	950	1001	405	403	711	763	55	978	127	641	392	466	284	165	236	140	964	451	266	700	958	67	549	340	591
962	806	515	277	56	156	790	339	811	449	564	691	695	321	332	419	137	151	298	1007	846	375	374	380	757	18	66	957	772	714	462	312	469	837	83	423	571	442	914	582	372	547	991	845	407	234	904	192	338	303
940	756	336	254	409	142	256	420	290	104	222	686	149	1003	444	31	152	588	923	922	439	761	382	974	279	399	980	925	651	119	955	659	809	771	282	47	58	502	189	495	609	930	943	160	394	87	139	566	577	678
121	6	213	231	15	42	492	852	776	278	427	224	709	1011	917	412	114	97	947	928	948	168	54	630	735	905	239	255	352	141	471	173	934	648	48	574	129	688	43	786	96	839	886	680	157	749	426	433	115	906
798	570	668	46	61	198	79	76	49	985	653	202	791	468	766	682	884	265	706	207	808	317	78	666	331	924	436	464	877	926	827	605	526	592	562	645	794	893	457	663	166	525	694	903	112	658	775	895	675	701
702	117	421	561	773	135	23	155	291	741	1010	300	262	743	361	870	488	628	337	952	62	261	1000	59	430	728	193	598	531	534	976	690	357	876	742	868	580	692	7	545	920	581	533	1	832	1016	979	878	595	941
684	774	719	603	647	729	214	747	900	187	69	209	297	867	249	887	11	390	1020	368	299	305	898	503	223	954	370	608	351	350	662	191	39	401	558	587	830	942	195	838	258	967	72	730	696	783	857	358	289	765
393	665	269	118	455	406	364	164	650	242	590	504	1012	997	516	563	625	70	309	116	143	389	89	441	201	939	208	445	123	584	993	306	615	918	937	764	511	211	452	501	366	77	381	1015	639	642	597	1017	572	354
551	215	232	981	787	342	708	14	901	486	1006	831	755	497	977	1013	71	567	345	560	530	944	861	509	481	908	153	17	685	34	270	986	866	849	990	274	992	624	745	111	75	810	553	86	500	228	327	972	1005	818
529	302	819	170	527	988	971	699	862	320	656	602	319	632	50	5	252	199	865	63	788	710	697	411	671	721	919	328	606	124	251	723	44	296	652	131	203	631	782	524	475	712	907	485	253	163	669	12	186	823
391	792	122	535	807	518	1004	184	994	640	616	508	227	41	951	881	146	660	434	271	244	478	856	618	106	188	739	10	661	885	770	257	273	384	596	281	483	820	734	646	438	933	344	74	467	450	260	879	448	343
288	109	754	724	30	159	824	194	715	717	969	238	60	793	859	24	888	750	601	612	287	995	410	725	477	542	259	716	880	720	949	378	113	521	585	490	8	915	221	428	909	538	415	414	362	506	440	583	220	493
349	760	785	520	910	65	476	243	133	541	594	544	463	247	94	966	162	693	796	821	816	301	523	899	402	108	4	505	826	935	206	120	461	890	310	555	314	425	217	569	491	369	803	318	556	946	573	158	732	600
982	204	670	348	99	813	377	32	417	713	177	799	93	835	371	1002	851	315	363	929	998	931	141	613	926	930	997	524	478	451	221	667	91	280	157	828	895	916	952	176	1019	946	986	904	346	93	686	437	276	886
660	30	140	623	983	923	808	282	146	425	101	543	844	314	493	327	302	668	475	751	81	723	87	587	339	616	782	757	31	388	967	467	157	529	248	914	898	574	959	65	453	104	46	794	702	785	595	982	292	516
719	936	396	865	689	505	124	289	555	614	905	552	370	459	108	580	759	646	450	70	527	531	123	235	801	927	848	786	372	577	356	502	9	147	67	816	143	962	120	793	452	528	929	583	605	240	817	995	79	876
640	402	264	249	319	948	95	307	34	918	181	404	1017	97	912	860	694	1014	42	90	783	355	726	382	960	706	107	856	205	348	897	589	322	711	135	855	676	546	338	508	650	810	839	261	760	820	891	968	418	300
276	16	945	88	311	691	884	1009	429	758	790	362	454	190	686	484	245	617	58	389	206	813	134	764	804	43	413	1016	773	15	890	597	76	908	729	566	424	666	159	142	829	371	588	279	207	40	979	166	360	126
873	133	476	724	222	852	800	797	194	600	229	422	189	386	435	433	384	136	787	818	23	559	41	85	218	591	20	483	333	267	798	867	330	414	560	436	771	681	692	269	834	921	464	286	674	440	406	487	325	573
54	899	630	609	290	970	599	368	745	696	57	294	953	998	49	893	987	353	313	192	894	846	89	611	633	201	784	847	60	310	497	845	859	949	121	716	444	376	434	924	806	618	939	667	223	993	807	537	548	219
161	750	639	568	117	895	606	12	473	511	915	911	439	612	969	736	193	346	613	29	340	645	728	363	592	259	506	1000	132	841	98	778	28	420	53	498	824	619	283	342	227	707	562	11	877	137	27	615	749	629
632	554	66	840	576	643	456	621	701	521	647	826	169	620	474	770	683	946	937	551	561	999	274	242	331	854	110	328	922	544	482	714	963	470	673	233	366	863	836	652	540	934	722	122	385	1005	398	491	518	849
1010	237	515	556	306	906	964	0	271	71	403	430	662	45	212	208	374	399	709	775	703	720	603	335	129	304	200	762	24	116	661	115	463	432	832	525	986	303	427	622	228	985	375	672	293	524	103	285	956	230
545	858	347	394	291	495	950	354	130	184	586	183	582	378	903	80	196	272	377	287	73	490	738	780	284	334	344	869	277	879	1012	887	231	141	536	768	213	179	658	578	99	954	958	655	256	902	84	443	329	698
114	32	316	917	494	168	275	690	809	224	805	262	324	579	734	742	485	251	569	976	872	752	594	862	996	457	581	688	152	814	244	170	492	781	350	593	900	792	553	364	239	882	3	198	892	486	822	638	538	148
411	204	63	913	357	17	648	445	1020	815	50	8	938	731	584	174	149	520	693	361	478	641	337	323	241	164	697	831	408	653	988	989	1007	472	250	92	109	336	165	517	318	659	268	96	510	61	172	175	225	843
145	417	1	113	309	139	756	774	298	441	637	679	163	886	448	563	477	263	156	746	727	744	59	789	888	799	926	755	944	631	857	243	209	186	534	154	575	86	106	185	400	835	930	151	542	868	197	753	1001	772
705	390	1018	496	500	4	708	211	253	51	765	1011	112	838	373	1019	369	851	704	111	410	349	461	532	176	270	981	725	177	919	644	345	602	572	312	22	802	992	35	180	535	955	885	215	990	1004	718	480	162	238
796	991	305	828	601	715	10	252	39	68	449	735	26	321	590	932	665	93	18	732	188	25	91	150	216	295	462	173	700	803	570	823	125	395	56	567	171	721	853	957	628	910	367	351	383	278	409	635	226	598
48	503	947	288	925	901	866	941	933	381	246	952	62	730	127	144	777	260	1013	833	776	519	748	737	203	33	984	649	82	153	881	850	685	530	626	974	254	880	501	1008	677	214	994	608	392	740	883	460	36	195
739	675	14	861	533	791	837	980	763	77	712	317	466	415	864	247	2	100	604	341	365	447	44	821	596	670	830	741	625	812	972	747	131	733	1006	585	258	509	421	301	550	94	966	7	38	257	69	717	202	158
951	889	75	232	743	83	255	320	119	19	634	965	266	379	431	943	297	935	842	64	523	526	671	55	557	656	167	571	426	308	479	343	754	761	769	52	909	21	779	236	871	874	419	5	610	977	471	682	499	428
332	469	654	405	155	393	416	118	766	875	940	217	6	819	458	916	442	565	695	455	669	465	539	713	699	438	504	220	973	680	636	997	1003	825	978	1015	128	920	811	513	664	407	564	549	961	138	380	234	488	651
210	281	878	265	657	710	767	178	299	795	359	522	105	102	437	191	684	624	942	607	558	326	387	315	928	663	687	514	541	788	904	13	37	72	451	678	870	74	481	358	642	199	507	971	512	896	397	352	401	931
827	78	423	221	273	47	160	627	391	412	547	489	975	446	468	280	182	907	1002	187	296	7	964	361	294	701	99	204	1001	646	653	748	887	971	346	363	685	924	63	785	145	241	526	749	669	674	1005	854	502	78
429	120	945	843	742	671	955	691	66	149	934	501	709	310	471	252	175	239	635	347	145	189	395	51	187	989	433	940	966	245	512	852	509	856	334	392	128	167	216	320	882	17	156	322	687	842	21	824	692	946
546	165	844	1018	20	911	998	265	405	577	871	440	706	183	170	113	545	67	414	85	195	879	522	707	294	1002	896	191	64	63	457	261	203	988	201	108	84	553	406	732	950	893	32	83	394	71	873	597	798	420
302	886	136	46	610	52	439	857	374	234	637	611	660	11	186	28	353	722	727	752	326	456	463	962	316	636	680	894	90	358	858	854	9	973	23	741	79	740	996	556	152	479	823	812	97	944	275	975	992	473
100	325	912	969	451	645	584	7	125	139	424	738	591	820	382	782	215	633	775	588	1000	422	642	954	600	134	755	888	497	122	47	465	762	194	654	701	688	901	462	387	813	487	959	1009	154	572	870	974	933	703
129	785	864	209	908	676	223	626	472	535	418	81	251	771	2	446	348	351	410	77	891	478	663	897	115	596	116	669	698	555	625	598	333	1006	470	747	558	437	188	288	68	710	427	363	18	980	219	372	130	834
331	929	106	222	503	330	942	144	13	447	177	537	388	151	648	781	609	143	576	1013	419	877	686	299	956	866	390	441	318	464	475	811	1	72	33	673	563	55	502	339	413	217	677	808	874	905	822	838	880	604
101	163	672	399	958	570	726	551	763	766	258	192	40	448	757	127	518	1012	259	481	109	349	1001	385	690	1011	716	248	786	362	756	935	850	884	160	839	713	529	593	970	943	517	124	797	140	1016	304	670	696	321
863	276	24	749	559	208	485	455	240	650	614	235	500	623	104	678	423	667	178	360	403	133	977	1020	435	674	920	42	521	205	731	1007	666	847	853	58	981	554	30	142	641	153	657	655	928	496	620	855	426	242
605	624	994	631	378	585	507	528	544	997	724	991	590	168	162	461	550	714	444	875	94	761	876	285	1003	164	489	644	401	95	684	341	408	592	381	373	861	230	835	664	224	906	301	398	421	280	728	229	557	819
767	681	12	436	350	682	357	830	506	836	340	238	491	289	39	632	748	147	778	132	214	263	618	900	542	264	734	536	482	96	278	199	890	567	787	983	292	799	137	467	976	232	369	957	103	344	581	236	380	135
131	452	575	181	1005	697	984	967	454	615	158	425	256	291	445	38	523	34	552	56	627	352	702	569	739	386	725	653	286	514	311	796	968	693	760	332	27	661	336	57	831	952	923	262	493	271	212	92	601	270
49	375	119	150	504	841	480	851	833	313	295	658	8	359	505	744	520	640	807	887	221	14	308	751	825	982	513	937	805	306	793	484	753	1015	476	921	695	257	931	560	157	328	110	80	50	938	279	255	197	579
323	794	924	899	26	268	494	179	488	74	878	371	190	541	539	582	91	717	602	519	788	595	254	246	207	370	342	1008	543	534	483	233	612	848	343	458	885	213	260	549	764	396	791	269	490	883	547	508	829	608
37	780	765	652	202	45	783	916	409	515	477	93	161	62	319	628	200	377	510	498	293	171	442	466	659	449	196	415	117	526	578	486	228	346	898	867	267	296	272	699	774	35	995	949	729	803	638	561	324	88
910	804	383	111	990	397	527	566	895	43	69	840	769	622	210	155	65	953	366	869	391	746	298	355	948	656	431	307	960	5	964	174	10	368	548	941	972	78	646	603	909	364	218	868	379	241	249	821	917	826
564	460	736	53	772	606	705	872	961	3	225	827	993	114	715	651	720	89	98	61	571	198	936	400	616	806	243	338	586	317	290	971	469	389	613	44	845	721	814	443	19	801	846	965	166	978	54	25	665	193
76	315	430	525	73	237	138	926	1014	384	1017	735	184	837	574	281	305	411	986	468	662	777	939	434	99	903	180	273	999	860	530	810	459	247	220	668	16	211	733	634	770	474	22	393	768	617	206	244	407	159
327	987	800	15	182	337	402	881	453	365	723	925	533	930	59	689	335	580	759	282	412	985	516	75	712	1010	312	314	802	121	889	284	1004	204	495	809	82	428	176	815	743	70	568	499	932	102	300	173	172	918
185	904	859	919	29	915	902	773	629	112	118	784	818	41	105	849	730	913	630	599	361	565	297	532	790	758	531	675	562	750	141	922	438	589	718	524	963	31	704	776	607	789	146	60	417	231	700	253	832	892
450	792	4	683	754	685	779	354	708	309	250	538	745	148	719	404	914	587	86	647	432	287	1019	36	694	376	817	0	927	283	621	951	274	107	345	266	828	639	583	643	303	679	737	711	540	356	416	87	795	979
573	6	329	649	816	594	126	492	511	907	169	277	227	865	226	947	123	48	862	619	367	582	151	884	397	814	384	191	92	516	66	142	957	695	671	922	19	833	678	65	629	174	1012	562	527	577	905	559	990	416
933	969	564	286	148	417	270	557	996	558	597	458	782	236	125	655	765	100	496	770	259	632	930	346	825	77	359	143	198	193	78	502	658	386	938	970	559	454	542	401	606	507	908	225	288	465	264	457	860	324
29	445	438	607	439	174	136	757	668	605	530	97	245	955	398	540	527	693	723	108	685	128	692	744	104	425	545	801	645	302	695	485	710	785	654	1013	733	889	890	612	331	1010	472	486	593	16	1014	80	883	709
961	829	711	964	209	893	156	342	340	311	66	854	641	476	405	514	90	976	223	435	488	640	643	931	221	268	376	914	207	421	953	876	274	68	837	20	166	246	997	618	922	294	962	229	1020	576	856	518	1004	241
749	316	345	349	328	28	273	735	571	846	680	628	775	858	702	298	12	604	411	1012	266	132	339	344	713	729	317	613	980	886	619	650	83	14	903	767	660	548	971	636	739	67	168	681	529	622	807	499	541	202
434	333	802	968	954	715	460	362	725	869	992	847	534	738	240	86	756	671	1007	553	497	308	440	235	761	535	578	965	437	575	790	582	366	888	201	679	544	76	237	1015	1005	276	684	1001	31	335	701	517	267	39
107	923	696	397	180	390	787	935	826	492	905	687	505	929	610	944	468	653	137	780	477	551	991	106	63	661	722	734	289	592	519	112	33	987	332	985	430	8	89	178	87	35	543	1019	158	892	54	853	727	753
261	224	928	678	891	717	462	626	57	589	160	584	95	769	820	724	1000	480	211	664	819	297	745	510	464	880	305	1011	470	234	303	71	818	990	611	46	755	482	10	115	506	659	615	327	719	925	389	436	249	842
574	355	69	381	116	481	978	957	84	845	220	873	833	778	347	296	974	832	310	162	555	603	91	963	827	590	683	388	712	1017	321	848	126	17	353	567	140	47	372	196	312	19	639	816	354	368	881	182	391	408
378	103	395	150	800	669	560	831	648	546	374	824	523	940	314	59	776	634	65	666	599	608	528	451	989	866	815	164	999	811	383	424	412	998	924	53	532	363	830	900	918	633	561	420	651	428	272	176	5	728
456	804	442	191	3	313	652	81	583	617	977	121	565	533	616	18	799	949	784	284	4	329	793	896	377	730	887	226	387	587	394	159	670	181	759	539	627	956	30	43	23	556	1009	251	852	279	258	631	620	515
772	422	874	149	932	403	490	449	200	762	92	912	124	11	88	872	572	637	741	271	232	44	257	688	975	72	419	538	791	768	117	418	216	283	369	469	293	337	794	993	55	222	501	877	415	24	585	113	754	898
895	167	122	151	588	748	360	208	521	190	210	781	187	568	416	700	114	917	913	25	657	600	73	981	441	647	591	623	228	130	552	250	945	61	960	49	307	493	384	581	475	447	882	579	810	920	839	300	147	99
884	306	396	2	720	716	766	152	161	803	40	239	849	513	726	131	9	256	994	109	516	326	984	952	206	34	520	26	910	96	698	154	165	265	625	15	916	1008	524	562	536	919	238	262	118	70	373	404	821	595
875	231	498	474	751	665	459	290	98	21	407	123	93	413	828	838	146	37	446	779	705	586	594	878	138	119	789	926	352	656	45	278	36	629	280	27	169	410	13	621	358	1	173	936	111	525	473	213	901	242
189	318	85	139	885	986	183	843	691	550	144	281	484	855	526	145	429	330	192	522	1006	809	902	185	736	911	788	260	254	721	194	704	750	295	563	812	479	580	673	972	448	450	367	511	865	184	32	942	894	269
577	426	959	247	375	773	489	62	1018	598	948	322	747	102	153	233	635	630	822	357	934	690	840	921	1002	707	0	163	42	732	958	385	380	663	304	134	453	285	214	478	504	982	444	939	851	859	531	495	642	834
897	783	171	763	197	350	689	341	60	51	287	686	904	64	742	218	414	244	870	22	94	1016	364	706	133	175	862	863	361	195	292	676	714	399	871	309	941	841	110	155	487	120	777	179	797	906	205	58	172	836
48	966	677	764	988	596	798	844	275	915	392	737	601	334	805	379	760	609	937	204	432	946	867	796	814	983	979	299	614	699	500	75	282	141	402	343	319	973	455	212	995	203	382	624	6	248	644	101	850	569
466	752	638	370	708	82	170	365	186	41	38	646	135	672	675	433	277	813	252	320	393	338	188	537	823	703	795	406	743	336	731	127	494	315	674	943	177	427	263	554	1003	566	694	718	325	423	907	142	227	323
746	864	808	471	253	602	400	467	899	215	461	573	967	351	409	74	7	157	79	909	491	950	503	509	463	774	758	291	857	951	356	508	452	817	879	806	50	792	697	348	861	570	56	129	512	868	662	667	682	947
927	549	105	52	431	199	649	217	786	255	219	547	771	835	740	301	371	483	230	443	243	996	679	194	295	987	129	525	131	436	484	221	496	253	166	350	980	55	119	763	275	790	146	349	553	243	915	491	128	395
893	394	423	807	86	432	672	24	283	267	364	515	17	413	866	172	630	776	1011	854	960	485	434	304	437	170	512	846	500	344	354	105	564	446	290	988	292	797	322	231	586	643	79	974	410	594	600	445	782	928
938	529	265	636	328	288	944	191	5	947	499	255	46	346	181	706	56	351	140	633	575	808	667	967	814	993	297	563	562	614	894	716	420	729	946	494	555	842	12	447	391	926	361	683	787	663	740	624	762	203
843	568	693	459	454	1005	49	365	1006	525	162	408	484	654	510	21	550	577	677	307	174	764	873	469	444	699	902	1012	513	72	583	27	511	301	285	603	531	366	305	417	65	551	705	578	479	167	374	865	514	487
789	844	212	91	76	557	1002	922	390	959	234	397	642	217	206	588	517	87	939	266	64	826	786	979	61	942	544	507	646	701	767	827	522	975	53	99	850	617	175	250	152	784	402	411	211	774	542	1020	836	209
336	125	210	881	536	247	546	111	534	804	115	632	697	731	819	278	549	253	208	148	330	972	688	725	400	138	869	43	743	607	185	491	425	585	350	295	73	994	768	934	955	771	293	412	13	671	213	554	615	867
956	137	899	602	591	790	41	738	735	627	15	794	139	558	831	864	914	178	238	82	259	121	308	678	96	7	360	169	70	306	62	915	726	403	582	379	666	424	476	610	385	44	124	552	334	93	749	903	383	710
55	964	741	141	414	579	612	226	889	472	595	647	912	106	327	540	986	157	608	273	962	700	158	418	128	777	269	268	685	396	930	908	492	153	761	1004	990	326	458	580	780	164	829	952	593	50	996	20	1015	289
387	598	176	103	194	222	200	983	294	669	680	207	520	971	243	736	343	936	662	456	409	675	748	775	421	981	628	847	707	916	430	263	35	406	695	811	626	114	237	404	183	95	851	123	721	277	929	11	372	230
67	816	474	650	407	690	102	477	717	154	416	455	187	977	871	841	429	565	373	376	218	448	638	877	862	539	605	625	384	435	702	60	133	810	422	898	737	339	756	799	118	920	997	887	116	77	604	449	182	906
560	852	338	833	853	249	905	576	204	264	645	556	818	159	1007	19	473	973	882	828	427	553	752	963	1017	100	426	537	168	878	389	561	241	362	481	661	596	609	724	880	900	656	392	229	803	892	611	112	1018	978
884	813	526	428	781	462	275	970	318	795	127	501	493	641	166	924	651	639	820	282	830	324	673	835	480	300	415	516	10	42	195	503	312	976	225	90	872	14	69	314	937	758	524	523	659	753	855	968	433	895
918	527	861	778	227	746	270	879	769	722	730	945	232	192	815	296	519	315	913	623	436	949	109	631	931	2	466	84	378	670	199	570	94	995	925	1014	331	129	257	760	597	380	6	528	791	897	992	340	97	18
215	165	356	130	649	689	23	980	302	891	739	470	759	405	715	991	236	228	316	535	832	71	321	856	310	848	254	242	9	719	78	837	342	33	216	998	419	801	839	868	377	122	358	904	179	98	676	785	613	85
261	584	252	982	155	720	299	3	704	240	772	352	319	149	47	770	156	401	932	348	751	620	999	171	547	567	1013	616	83	798	52	687	325	398	559	317	369	812	658	332	45	637	205	367	467	57	788	107	518	684
51	163	496	219	581	809	657	734	375	876	363	621	29	256	244	28	464	840	145	180	1000	439	37	910	566	143	755	498	728	452	953	874	461	25	245	113	26	954	1009	917	359	451	395	506	713	142	618	497	958	965
371	890	950	81	117	453	1019	368	16	54	606	648	941	886	349	723	665	388	381	712	668	901	303	589	622	817	1003	490	147	323	961	838	635	909	126	274	189	733	483	732	698	337	39	792	92	30	824	443	509	943
214	857	104	221	311	309	806	863	682	186	574	750	504	66	619	573	298	279	184	89	948	957	708	763	386	345	196	825	0	907	694	1001	674	634	74	286	653	845	822	655	796	875	193	31	773	173	802	291	260	766
262	681	508	335	8	235	793	571	757	709	475	984	355	134	521	38	629	341	1016	488	132	489	592	966	911	4	883	353	590	495	146	271	68	198	538	120	281	22	569	541	652	919	744	144	220	718	765	63	486	463
284	333	188	482	533	177	933	1	276	197	599	151	664	136	1008	110	440	59	823	382	471	821	601	357	548	703	896	711	101	457	40	727	441	258	88	987	48	686	742	468	923	985	399	160	465	679	940	131	783	660
754	233	969	108	532	442	75	287	320	280	135	32	870	644	201	119	779	691	393	370	543	36	1010	248	438	190	478	927	714	989	530	58	858	80	640	460	805	849	860	431	572	859	246	347	224	587	150	545	239	34
885	800	745	272	505	251	888	161	502	692	921	329	834	202	313	450	747	951	696	223	935	131	541	43	985	944	690	232	444	409	931	634	901	284	953	921	398	382	231	141	33	497	501	175	450	861	196	158	630	416
651	650	1003	492	317	399	469	262	139	29	993	911	872	613	201	572	784	1009	9	44	671	19	425	661	753	687	440	230	169	691	974	76	668	859	479	618	925	473	1015	560	518	771	99	852	849	325	499	680	812	931
455	27	232	149	265	166	797	164	1008	95	373	569	516	375	938	935	283	856	880	30	966	579	418	397	550	8	531	541	217	839	909	189	994	423	738	808	594	780	775	467	242	7	71	888	598	578	664	285	390	264
637	453	207	529	174	355	486	226	914	20	711	119	570	819	901	432	676	439	665	919	349	991	774	323	534	1001	692	865	142	712	693	706	32	310	561	576	273	80	907	970	79	96	444	976	338	675	794	631	416	604
532	212	1004	597	348	151	815	187	296	87	505	351	835	415	573	491	583	853	196	739	639	709	180	476	988	760	409	591	16	542	520	857	504	402	1019	28	229	543	483	977	127	565	56	353	429	696	559	831	236	740
428	370	941	940	364	124	721	514	209	379	442	858	564	701	724	727	662	256	719	554	238	961	754	84	951	452	602	58	254	985	315	746	475	954	308	755	458	488	113	679	393	848	290	125	758	713	601	457	825	53
108	581	802	302	782	123	175	394	208	359	551	240	737	49	945	804	773	592	699	959	963	521	360	847	211	910	305	126	610	605	530	97	116	923	303	466	446	748	434	1020	40	328	22	830	371	427	120	908	316	158
203	822	814	811	350	715	245	102	257	1016	385	279	818	781	365	682	498	250	280	984	205	537	555	255	12	971	21	472	948	932	626	684	868	681	11	406	6	678	339	341	526	867	33	357	980	17	72	324	622	750
669	222	556	506	540	337	291	114	247	221	536	23	263	170	905	25	233	437	1006	509	309	188	803	443	288	943	319	603	270	477	741	322	74	823	392	763	167	1010	495	10	906	553	194	722	881	512	1002	45	111	35
972	177	106	206	714	981	924	873	843	297	638	220	548	769	346	152	751	633	770	448	920	642	131	949	474	878	588	300	381	649	243	395	195	63	827	75	503	41	366	110	496	894	47	77	809	562	435	840	686	744
68	464	330	726	162	522	1018	710	702	742	968	688	200	964	92	544	438	132	31	800	122	117	130	304	299	478	249	876	403	806	277	766	225	178	159	898	78	892	788	997	150	145	0	718	401	890	677	752	39	24
705	942	899	1013	430	730	627	183	785	508	417	656	519	846	268	580	617	261	624	101	836	757	82	962	109	930	163	606	575	382	990	176	1000	5	772	333	282	765	59	975	485	884	134	89	424	136	343	227	13	480
854	497	198	460	515	320	352	891	877	1012	586	118	115	160	958	658	294	128	213	917	745	471	148	643	15	646	918	558	445	708	335	552	614	792	986	887	38	52	756	502	481	51	231	419	667	468	104	295	582	329
179	396	100	144	879	168	861	450	821	137	184	655	449	939	807	235	1005	380	616	50	398	93	882	275	314	266	389	704	833	871	94	695	85	893	321	625	987	340	927	934	549	584	837	978	239	697	386	216	983	862
70	191	293	820	161	3	585	590	143	628	895	922	413	720	377	358	404	456	621	903	611	165	953	647	1007	538	48	138	507	660	81	703	834	312	731	904	342	607	214	517	412	140	630	636	411	192	64	533	405	875
690	344	215	689	641	644	258	982	185	463	734	600	42	652	421	568	666	298	26	482	640	557	172	885	129	635	362	331	327	620	810	574	969	832	732	34	490	90	566	433	234	311	410	889	269	525	824	694	271	685
599	369	783	500	777	674	612	272	510	672	936	121	228	786	376	723	252	367	155	657	645	332	913	874	944	46	547	863	248	965	372	18	916	1014	933	790	850	779	489	670	244	91	698	725	57	493	67	535	286	318
700	374	648	1011	979	826	992	246	157	345	615	619	154	182	729	866	383	683	900	103	960	659	995	595	855	764	563	204	36	237	66	796	816	653	609	828	210	759	546	73	107	762	173	946	141	408	197	259	260	608
523	817	501	219	361	735	950	368	902	43	728	426	844	431	733	193	494	634	65	289	673	190	14	799	789	69	461	805	629	883	334	459	587	860	487	441	287	105	527	593	897	60	513	306	484	407	886	422	307	567
998	989	717	436	778	218	313	663	292	623	767	791	864	915	838	447	798	947	465	356	957	414	37	224	841	146	956	98	654	186	577	420	253	326	61	596	801	199	921	937	842	112	793	202	387	400	912	347	524	55
632	952	470	707	571	528	451	363	743	147	967	301	388	870	929	589	545	251	54	223	869	86	4	354	795	384	391	454	1017	896	736	181	768	274	851	133	378	511	83	171	716	278	845	761	747	284	928	539	156	62
336	749	276	787	267	241	813	955	973	462	1	999	135	926	2	153	776	281	996	88	829	940	91	129	214	314	44	287	943	279	184	656	419	519	347	706	463	219	407	621	973	60	139	456	714	142	254	193	371	113
276	561	85	235	746	839	723	75	703	760	696	730	702	14	241	904	144	106	441	507	787	303	176	993	825	610	244	135	12	335	201	528	467	240	956	436	854	531	955	23	204	479	867	529	54	1018	208	428	301	812
918	484	153	717	799	546	855	866	822	480	718	692	708	373	376	996	447	860	962	1019	374	471	742	783	679	693	233	264	861	56	804	544	616	940	731	805	268	917	769	164	639	734	450	47	3	68	5	541	990	1005
160	50	779	862	782	88	491	981	658	902	875	735	952	686	486	388	575	680	232	213	37	345	986	817	892	418	685	120	661	139	776	440	881	688	969	358	784	468	806	132	211	293	673	315	226	377	202	983	992	592
945	210	841	997	930	821	677	826	672	57	691	989	272	926	843	49	381	968	336	392	891	833	24	521	138	590	391	30	83	60	279	895	317	80	720	624	341	350	567	148	146	125	632	170	763	568	903	674	707	229
445	856	111	140	813	603	646	556	626	958	363	87	835	397	248	320	482	609	539	897	349	894	870	622	179	1017	504	452	32	985	78	741	1009	328	360	775	154	281	330	640	598	513	877	773	190	401	353	217	1	608
524	473	100	604	22	514	58	62	406	816	186	361	664	663	206	55	809	119	808	537	167	582	290	312	166	502	420	774	297	771	676	605	929	549	719	347	534	254	522	20	432	704	76	911	481	387	509	416	803	462
296	0	288	4	849	156	887	840	291	90	974	846	767	101	814	415	934	594	560	402	873	581	189	10	714	145	912	979	324	251	231	6	423	726	130	343	357	644	941	133	553	577	973	886	931	777	845	1011	8	865
795	242	498	943	42	18	959	379	424	607	143	344	978	914	431	916	757	74	572	368	636	199	366	77	230	277	64	819	971	488	1004	716	888	455	953	299	117	820	954	236	228	237	727	863	261	733	180	648	1008	759
669	589	168	421	134	475	818	220	919	810	998	257	102	950	700	435	991	558	951	871	340	882	365	196	200	633	613	751	601	433	738	461	187	689	970	126	305	227	736	318	332	110	284	294	378	185	617	681	246	192
995	566	740	580	593	495	283	961	439	70	908	19	466	52	994	483	545	13	419	517	615	761	28	443	651	380	889	198	92	169	1010	932	195	715	300	869	627	527	963	657	606	749	40	215	602	151	395	369	794	1003
564	150	158	857	526	16	519	641	407	711	832	554	34	370	222	847	901	1006	99	121	89	214	836	393	666	285	755	511	282	879	205	999	44	807	21	438	405	694	316	957	477	123	271	802	949	938	225	398	792	824
105	142	412	273	434	287	501	682	29	933	1016	451	596	533	72	939	659	104	786	35	289	337	496	510	656	743	655	797	93	638	499	410	325	750	218	600	923	967	45	876	115	864	907	453	559	789	302	754	161	747
793	623	772	829	224	900	964	403	98	404	611	177	478	649	59	744	1020	492	868	587	354	238	458	116	508	188	69	113	304	654	910	695	456	307	476	557	732	748	667	429	152	259	922	722	96	756	216	635	885	630
15	834	25	844	425	506	193	548	697	770	565	183	547	408	552	253	322	266	858	725	620	721	463	449	411	426	327	972	207	274	67	516	563	927	65	82	2	1002	86	678	197	249	362	203	321	278	339	122	79	588
319	913	159	1001	523	329	163	422	165	490	758	798	364	385	937	781	265	175	389	960	872	530	944	647	579	270	823	255	275	584	39	976	108	137	905	578	764	665	935	71	612	308	469	576	17	427	178	621	1000	48
245	103	984	599	310	444	977	280	485	811	157	712	535	33	313	457	63	371	947	97	1012	256	1015	597	182	267	852	729	928	367	618	925	555	890	671	653	713	109	94	221	114	690	883	500	474	472	413	948	543	532
924	634	309	223	172	791	652	946	788	356	893	570	41	898	698	705	61	837	252	842	292	920	838	149	724	683	915	884	827	668	921	710	975	209	38	790	346	614	334	73	980	512	372	314	437	470	494	446	815	409
355	107	311	386	487	830	505	260	51	768	497	982	46	383	583	503	141	323	155	878	36	298	619	239	987	650	454	643	448	542	460	796	174	942	219	536	194	27	965	831	465	131	1013	171	625	850	801	880	136	26
359	988	400	762	853	739	518	306	394	128	586	569	1014	234	848	684	263	399	81	390	396	124	7	269	127	417	765	828	752	645	11	520	906	247	628	147	250	333	662	243	701	414	181	585	571	562	909	184	709	212
966	737	43	129	1007	899	670	95	687	595	538	331	851	896	489	384	785	348	573	351	118	629	9	859	551	778	84	191	637	295	699	745	631	53	515	525	800	459	430	642	753	173	936	286	675	464	493	258	112	91
262	874	162	338	660	574	780	326	352	442	342	375	706	766	31	591	550	540	728	66	382	468	171	516	307	303	675	690	940	87	894	262	158	910	1009	563	107	145	919	413	482	356	185	267	460	419	749	567	672	877