2,1
1375	435	1197	1479	1014	1786	693	1733	1079	1391	906	35	1574	317	344	1533	773	1122	1768	1585	891	115	428	637	67	828	1069	96	418	1507	1561	965	1595	484	803	940	1332	946	97	992	720	471	1697	1246	1638	1357	1564	721	429	1292
752	1401	824	174	1650	1264	1100	1198	31	1651	1086	945	1714	372	37	1583	744	1395	666	427	750	1003	1335	369	528	1367	1792	1396	615	565	1802	1295	191	537	60	1707	567	423	1543	332	657	1399	591	781	176	991	616	211	612	220
973	948	452	679	345	1717	267	1343	897	1728	337	1460	1300	108	800	318	1639	248	685	700	756	1675	130	36	123	778	1484	475	64	524	359	1226	245	1740	244	491	1030	1798	854	840	1443	531	1108	562	1241	558	69	1463	450	1576
1200	936	1778	1173	27	1369	996	661	995	871	163	1505	1093	1184	1542	74	742	329	1176	638	47	1767	56	24	48	1680	1471	1394	1662	823	1504	869	1531	1630	1	102	1634	414	1221	202	348	494	1709	1506	1067	1745	1442	660	379	857
729	1281	769	1568	1469	1163	270	1392	94	233	691	217	1253	738	1306	863	278	633	143	555	1706	1575	886	230	1422	1608	212	613	669	986	454	1301	774	142	1513	1179	1402	1008	1155	225	120	1117	1503	1742	895	131	1138	1371	1593	941
1104	1202	1177	1044	663	481	11	1787	1633	1317	1373	28	312	1751	1482	1274	1644	1590	916	426	1516	188	1190	1349	339	1124	315	1235	1031	576	817	819	125	1806	942	529	1201	618	1351	1434	299	1468	1618	668	126	795	1529	1664	539	1708
34	1663	273	1570	1776	301	1059	1781	1051	1404	87	507	846	1245	440	589	980	1722	588	920	398	883	571	1338	815	1082	1712	617	1752	764	1439	1115	802	383	1307	829	708	85	1378	1679	1193	859	1601	370	1365	1629	1208	1599	417	1288
827	609	775	958	786	1544	384	1782	518	1669	876	264	1810	957	203	1061	684	833	124	110	1816	1803	1266	307	366	1661	981	133	1678	604	1457	899	839	621	1546	1248	1330	1211	7	1612	841	470	326	218	1464	1586	697	1212	1144	1748
361	1532	1244	1407	458	835	619	109	1481	171	463	449	403	1696	1448	1323	1175	1058	872	146	1636	1423	234	145	153	1094	614	772	1774	566	1508	1346	1016	596	845	1765	1040	1126	1584	989	16	1557	304	763	761	667	1720	1467	1724	75
1055	1480	976	608	758	29	1616	1502	392	1139	821	636	334	1665	1329	979	1416	598	190	579	1164	1160	274	955	321	375	1427	1725	703	1199	1610	577	879	564	725	966	880	1000	1414	1750	336	1026	1698	874	367	73	631	779	277	39
1744	1151	1487	512	1614	510	990	1759	112	68	1739	1549	1243	1686	1192	1773	1635	831	413	118	1493	794	1801	1276	1500	303	175	1783	323	1012	354	866	707	1591	1556	298	1805	896	43	860	228	247	805	1652	194	1555	984	961	1303	1431
114	838	643	1353	1683	1769	486	1167	261	932	222	1441	1009	1517	1269	593	855	1548	907	601	533	1231	1385	1694	881	900	544	1309	33	1062	1133	1099	1025	181	421	501	223	489	23	573	1462	739	692	1074	890	1035	1363	962	820	78
179	1620	754	1413	850	1068	121	72	705	483	1191	882	695	784	1456	935	1573	654	1558	954	1157	1473	1418	1553	1316	1450	798	909	696	999	1579	689	1313	1172	1658	964	325	1265	139	271	1674	1015	1592	1577	822	1050	887	982	1619	799
1534	1081	445	387	1747	1682	305	1249	559	3	1278	1046	1571	1551	649	447	1761	572	731	104	363	734	767	1022	1563	1203	1537	1297	1268	1326	1626	1137	1327	842	532	1429	915	22	164	893	1723	1128	1005	1496	381	1002	1436	151	514	461
861	1141	365	1710	172	1321	952	229	1064	1257	1600	1624	960	80	1465	997	438	157	894	186	730	1731	1238	1766	1359	1215	1320	722	177	197	1255	1227	1102	719	1220	930	898	1756	1109	970	341	1653	1565	482	1092	723	1627	844	498	704
431	699	1217	1007	300	811	968	282	358	1424	706	52	718	1156	1277	1703	1174	1804	467	1034	411	678	1459	1171	373	20	152	1711	1746	776	1140	41	1252	1408	1377	1302	870	1668	280	495	173	1254	994	550	439	1461	51	1259	425	1153
1048	808	224	1721	1161	294	625	538	1116	76	953	30	204	1799	180	647	672	420	199	924	122	496	525	1324	213	1689	1150	255	546	106	1700	832	904	1609	1604	688	1148	1286	1085	1261	374	6	1263	226	397	1687	789	437	419	196
843	520	378	1420	1111	603	442	1734	792	82	521	1348	1166	1474	1088	1018	1656	500	287	335	1491	416	1056	922	169	1472	751	1777	1178	1379	1084	1735	511	788	1053	951	793	1736	240	658	1655	939	1754	858	479	1054	1041	1187	1283	590
1205	235	665	1298	236	399	95	284	441	809	554	1232	492	1112	155	1347	1628	477	1196	1341	505	1042	1602	101	215	748	1617	140	1183	903	949	582	1352	410	79	302	253	1690	249	1453	205	1435	393	1382	1162	88	242	1076	1646	910
782	349	513	1405	250	99	1645	243	1438	1605	735	1328	1049	1521	1796	611	1657	10	276	193	1535	1158	504	1216	1019	116	434	1581	443	45	1063	963	745	526	237	385	1654	1631	1432	53	1370	563	342	132	1305	1131	1760	682	987	216
1695	810	1114	195	873	1475	1284	1214	683	1428	141	1814	508	905	1080	580	1308	816	1285	1083	147	238	1145	474	908	57	285	1339	884	1013	138	646	812	933	92	1649	712	135	1195	1152	448	1219	687	1727	1410	1234	1129	1511	1597	386
1560	65	1090	262	292	1499	1515	1143	1318	1029	12	1699	1640	711	1582	675	1181	716	9	408	1476	1057	628	42	1622	1218	8	1732	1587	741	868	192	353	1755	444	1256	1642	487	569	499	49	622	1036	1101	1358	1501	548	585	912	430
545	259	807	530	1425	1403	170	702	252	911	1290	602	1775	1813	971	260	322	867	1118	635	473	629	351	709	931	1087	1510	83	664	457	1415	357	254	161	1780	19	1509	485	263	1716	167	295	584	549	969	100	1331	592	84	519
456	1559	1793	768	578	547	1185	1186	293	1677	726	1123	1523	804	1189	415	1704	1132	770	743	1247	988	1666	1207	673	698	1304	1293	1242	993	1165	1322	913	183	517	834	878	983	1355	568	950	1572	1817	639	184	309	198	1272	1311	1380
1449	1273	389	1333	814	159	1071	790	166	1337	1519	1536	681	610	623	1350	1512	1342	1045	1603	536	791	594	1089	1588	460	1540	272	200	311	1052	1524	1188	581	1023	1121	937	1017	1815	1154	836	402	1360	1120	352	1685	1660	943	1334	1737
1426	1702	1134	21	1194	1096	1729	1239	1004	388	1596	105	1738	91	740	771	626	1621	1762	853	156	1398	967	466	1296	1567	1223	1024	497	86	1251	396	257	1598	849	231	1260	462	1667	1672	1466	407	1028	1262	1647	296	1538	1688	1282	478
1001	503	107	765	934	377	70	1105	1643	390	424	1213	333	728	641	862	1319	1637	1142	154	1525	600	1790	1562	136	50	864	753	1684	1800	241	757	1490	98	1625	451	1673	583	1107	405	956	634	694	61	1170	400	162	59	1011	306
1027	316	759	1486	676	1354	1070	651	119	210	509	523	1528	266	570	1623	129	279	522	81	926	888	14	469	178	947	1314	620	1789	111	677	1135	468	1518	1038	214	1411	327	160	476	1808	26	1455	1719	182	1039	25	275	1611	901
1437	1073	885	38	848	1430	1758	586	1791	382	465	343	1676	1336	1671	66	1229	338	1250	642	289	433	148	852	1325	686	227	724	149	1236	975	1125	1811	1310	605	587	1356	737	488	1452	659	1433	1047	1386	113	1470	1641	308	1771	265
320	1389	560	1749	1209	1446	851	63	889	144	219	1764	837	928	1693	650	58	1594	2	208	1772	599	938	251	391	1299	1372	1130	541	1589	959	1222	17	542	1606	1010	575	281	1376	1280	1113	1497	1383	187	207	165	1312	927	892	246
269	288	830	1182	1275	1060	394	701	977	297	1043	978	310	553	1291	1136	291	632	1315	1705	1726	787	918	644	714	1788	189	710	1271	5	1541	925	1169	1495	1228	515	1384	1421	826	1340	432	453	847	362	1230	1763	127	561	209	314
1447	331	656	552	404	806	1498	368	1225	1066	902	1412	117	493	1294	324	556	0	1033	55	1730	1127	1743	455	595	1659	1757	717	875	319	1409	1580	1809	1458	18	813	1400	1784	1210	1110	350	1527	46	168	674	944	340	221	1741	436
1483	1779	1514	627	998	1530	258	137	330	376	1006	1478	158	972	1204	1545	32	150	1287	777	103	347	551	540	1374	727	516	929	1037	1237	1489	206	985	1812	1566	877	1279	412	328	648	1607	346	1451	1670	680	1807	736	607	917	1445
1494	459	1397	1072	1794	506	1613	1718	1106	923	355	1119	446	1091	1632	534	766	422	380	201	1381	671	128	1168	1020	401	1233	286	1522	268	90	1065	464	1361	1440	1691	1258	1390	921	1077	690	785	1267	1103	1075	1550	1648	1362	1364	797
1539	535	914	640	1701	713	557	818	865	747	313	749	1578	232	364	1615	185	1526	62	480	732	780	624	1547	662	746	597	1270	134	1021	655	856	1485	783	360	290	1206	1388	1753	71	4	645	44	472	762	1492	801	796	715	1159
1454	1681	1419	1795	1095	630	1488	1770	15	1417	1240	1098	1692	1797	760	606	919	406	1785	93	1554	283	825	543	1345	652	89	670	1366	653	1406	409	755	13	1477	77	1078	1715	1713	974	1224	1569	574	1146	1387	1368	54	395	239	356
1552	371	1444	502	40	490	256	1097	1032	1520	733	1180	1147	1393	1344	527	1149	1289	1789	671	1057	235	1030	1336	1605	1350	1729	380	1156	911	1531	731	499	101	201	1359	1417	1422	1059	420	1692	1077	1130	495	1181	803	898	1634	1582	835
1050	644	1006	244	1073	1240	1381	1619	464	532	521	600	1752	554	58	412	527	197	1218	181	1617	1069	1311	1221	1052	417	1719	378	814	570	1497	488	1154	1438	1291	1483	1128	1269	1791	990	961	450	185	344	840	1473	767	1554	546	1657
1528	365	1086	300	1001	1611	1127	955	189	1374	1540	1409	9	869	1049	1217	843	155	459	1589	1347	414	549	1567	978	1097	1272	982	709	29	1735	1759	762	1774	1087	1498	1620	774	1110	543	736	1432	765	1398	1722	1524	658	792	791	766
235	1003	640	364	1425	51	963	342	987	246	1580	1012	1015	1686	3	614	1806	877	1442	502	1695	97	382	761	865	1354	1624	995	1804	515	170	1054	851	289	1518	608	903	1633	577	1578	482	1637	284	366	1379	1784	924	753	1563	135
1364	1565	214	291	989	511	776	156	1475	645	770	637	468	518	1629	1391	1259	747	266	605	330	599	524	166	449	1566	487	37	666	693	270	1655	1335	1642	4	1446	1765	22	972	943	286	298	821	503	1558	116	846	1399	632	918
1461	1385	406	1163	423	446	1261	162	912	1573	895	1648	204	862	1053	516	1531	149	483	341	1628	832	1122	1295	929	887	1414	785	175	692	370	1011	398	826	141	1348	1712	1074	725	536	1694	409	1749	1506	921	368	1731	679	607	339
1065	470	30	146	54	1513	949	760	1174	125	1095	205	1769	1060	1042	85	143	203	1458	1366	121	1464	1799	1070	1468	1210	718	15	17	1780	88	216	1650	147	1023	1636	1251	46	1361	1030	555	1627	888	1371	1241	864	1224	1089	1535	1162
970	327	1321	620	263	673	1077	1137	727	1433	1167	159	985	855	1198	1663	43	1710	822	1467	686	559	1153	218	441	1393	1363	690	1612	1529	1808	853	123	613	719	731	867	1119	931	824	768	529	1365	1693	1117	514	808	683	83	733
953	789	106	1018	363	1289	591	793	1397	1121	1412	1440	254	115	420	900	1470	1596	1159	1647	1460	1767	661	168	1755	1299	1000	1341	1491	346	1044	1417	1109	916	20	1099	655	103	245	1009	1243	1244	1378	758	708	1214	1465	611	1601	1793
1094	932	376	457	842	1484	630	283	550	726	404	1602	120	229	176	0	1088	477	714	738	619	430	318	892	1170	1190	881	136	492	1761	834	837	325	1803	967	90	381	1283	31	1615	1699	202	1039	1575	139	827	660	957	805	1437
294	1288	807	1185	941	95	260	1419	392	1654	1213	1180	1287	164	413	1080	889	1209	1466	1143	828	584	1639	603	1387	1608	854	1315	609	960	1598	1256	1621	207	566	1674	1390	10	977	553	1263	443	497	1322	831	1664	1350	1562	1165	1742
1728	1753	1711	247	1132	436	908	45	1698	691	1416	1310	1104	396	433	264	928	321	1700	1797	1193	53	290	1688	750	1697	1066	1014	105	107	276	142	1653	966	1504	227	320	612	448	1732	1203	1216	274	784	1	1454	1706	23	1267	1490
379	1067	1813	1156	1007	672	273	1192	1560	1773	418	809	998	1525	424	1175	547	1349	281	1194	386	206	279	1296	1021	1691	732	89	1413	1273	508	1626	117	647	914	579	130	240	841	593	695	131	230	360	1661	589	711	1236	677	1734
1139	1189	1779	14	42	1277	602	1334	562	1124	548	839	1577	257	1455	1429	1516	1709	233	1449	622	1199	595	525	1559	28	333	1702	1145	885	1141	1751	1448	980	1681	676	1644	580	698	1164	1325	1326	7	484	16	1549	773	801	704	1285
474	937	624	222	372	133	1055	493	32	1333	40	393	190	314	172	94	688	646	639	623	1173	829	1669	537	271	126	1284	76	1318	201	1625	1771	1597	1282	1358	322	1201	852	1090	491	422	1423	638	389	1538	494	810	587	1677	194
1294	71	700	883	1510	860	261	535	1047	1242	1673	597	1487	1556	850	1116	1634	439	98	212	306	586	894	137	1424	80	338	964	435	1687	310	959	1622	1787	453	1495	1091	373	60	1329	1188	1463	57	735	749	930	1724	1775	775	517
74	311	581	1564	192	1112	69	1609	454	304	1157	1308	1405	1373	1478	1207	1171	817	974	1239	1401	919	633	986	1660	1482	790	340	1811	1182	1168	965	1750	238	1101	1496	307	224	1517	1809	1346	899	223	1690	925	275	667	835	1488	973
1293	219	161	48	697	1183	1133	1658	1230	1541	1111	12	1368	11	262	1176	1265	1707	729	467	1120	1274	715	845	171	705	1474	39	1383	857	880	1138	712	1486	452	1106	1512	1795	1656	1036	1033	242	132	606	1351	1579	1447	1547	1584	884
951	1369	329	1306	1680	795	859	739	764	1280	1332	1079	1530	1805	285	1105	1607	1232	440	1135	909	66	969	952	1134	722	1004	1337	1045	1534	388	1427	1255	475	1794	1763	1040	1721	984	1764	906	1158	1526	1802	1502	1270	1148	402	1737	1550
331	351	110	328	876	950	231	1606	102	73	1472	1592	505	1770	1509	891	1301	954	1456	1058	1019	91	1324	897	47	1043	723	873	1248	618	237	1585	590	1790	818	1355	886	1205	1056	1553	1533	1548	1386	1298	557	1476	1679	374	911	68
545	707	1212	1103	847	129	816	1507	1662	24	1235	1024	1435	1222	432	1471	1785	778	303	939	571	228	177	375	994	293	397	615	1114	797	772	742	463	1020	631	347	394	803	1262	1394	866	1057	696	621	183	1450	890	498	1359	592
1788	1716	1786	1481	1300	99	744	1377	796	334	856	1331	277	1574	1303	1343	1229	653	1501	958	213	179	1586	1150	408	299	1546	1029	1725	114	544	316	1800	787	1279	1798	1144	1336	1812	1237	1646	485	251	361	1160	234	1096	1519	879	358
35	836	1783	152	882	350	1268	1184	1792	594	576	893	1027	1532	44	538	148	551	411	63	1041	78	1444	574	50	8	447	250	1539	92	337	685	1152	643	1552	1469	1404	1344	481	934	109	336	165	1151	1817	96	510	1738	1085	1307
898	1025	1228	113	1233	737	780	991	815	309	703	1246	1131	1614	1147	861	752	1503	1583	988	59	910	195	1375	1389	243	1816	534	659	154	575	86	1130	400	151	1772	542	1643	1172	288	1430	806	1197	390	496	500	1028	1200	1527	1499
253	1075	783	1252	489	112	1443	1521	1453	410	349	1010	804	461	1723	706	849	823	1370	345	1204	572	1600	1046	981	1275	1745	1059	802	180	52	948	902	1623	1543	1016	1208	480	1479	1249	756	1714	782	1696	1746	601	757	1740	1034	252
1063	1092	567	26	945	1778	665	93	18	1225	938	1670	188	25	763	1367	1115	150	462	1561	1345	905	1748	1593	1276	1542	798	1522	1330	1319	56	1635	1757	813	1452	628	664	1515	383	769	278	1451	1703	1641	1072	1357	1726	407	1292	426
62	1727	144	519	1227	1720	1729	649	82	1511	1013	530	626	1411	479	501	391	1238	512	872	1480	36	1668	926	675	1557	1616	1302	1360	77	1570	1692	415	1327	956	1271	1762	100	1685	1022	1068	596	670	858	625	812	387	1708	1155	1434
585	258	509	421	301	1514	1520	1031	1684	1281	1093	717	915	1226	158	1395	1260	75	232	1632	1776	255	119	1744	634	191	1290	1581	297	1457	979	64	523	1459	671	55	1544	1191	308	343	754	1076	1362	21	935	779	236	1587	874	419
1613	610	942	471	499	428	1588	469	654	405	1179	118	875	217	6	1651	458	962	442	565	1494	669	539	713	438	1576	1815	1339	680	636	1428	1431	825	541	1304	128	920	1754	564	522	138	1777	1814	651	210	1305	878	265	657	710
178	1323	1017	359	1129	1126	437	1215	1492	558	326	315	1571	687	788	13	1061	72	1672	678	870	1098	1667	1223	507	1683	896	1421	352	401	1102	1245	1297	1071	160	1665	1415	1436	975	280	1206	907	1002	187	296	1689	371	1177	741	225
799	635	1202	111	1630	1477	1489	1384	1743	526	122	399	1353	759	1266	682	650	1108	944	1187	701	1083	811	1286	1782	1445	724	1605	1026	1186	460	287	295	531	734	627	1582	1426	313	1181	104	1317	1536	1730	455	1312	1462	771	1388	211
157	844	1638	1676	1603	533	324	1545	302	913	648	153	429	833	1118	367	1234	668	357	1590	1408	1572	395	1807	917	1704	1756	786	356	1352	1257	561	486	583	1768	1100	684	720	348	520	1713	1123	1640	642	656	200	256	540	403	1314
933	1081	241	1082	1064	186	976	1038	65	1682	456	173	1032	353	1631	1500	794	694	745	1649	317	663	1231	1569	1338	1441	1789	434	1701	1403	1051	431	1493	563	384	1048	490	871	1356	1084	728	193	1568	781	215	1253	1247	1741	444	79
312	1320	999	1402	1195	1439	830	1125	1739	1169	971	198	478	5	163	641	1407	1142	221	1591	1254	369	689	1594	1406	578	182	506	1178	38	61	1113	743	1392	292	1604	87	552	1380	425	1796	598	1220	1420	1758	652	1551	528	209	124
1781	819	332	167	1316	777	901	495	629	946	699	1599	1250	820	108	1485	84	1382	1219	1652	1675	674	451	41	922	940	617	1400	968	208	1211	145	556	1610	1062	604	1505	740	476	1136	465	269	466	81	472	140	1766	335	362	1717
1760	184	1671	226	1376	1037	616	904	863	1342	681	993	67	730	199	416	272	1035	1161	588	33	1008	1140	1705	49	1801	1328	127	1718	1418	936	662	838	1659	1264	560	1410	1340	927	1733	1747	992	248	34	19	947	305	1618	996	1537
1313	282	1196	1422	513	101	716	721	702	267	569	445	2	169	1166	355	1005	1508	800	1715	1396	385	923	748	983	323	1107	380	1678	1810	1645	249	27	746	319	354	377	1595	196	504	1523	1278	239	427	1309	259	1149	755	868	848
174	1666	1078	573	582	1372	751	473	70	1146	134	997	568	1736	1258	220	1555	268	193	809	1808	1487	331	18	1088	437	751	223	1511	523	347	85	1073	413	1491	216	461	1755	269	1290	848	423	677	521	1642	1308	894	999	542	103
5	1623	877	873	1532	71	141	176	865	1089	1428	1383	811	1251	259	104	324	1311	1200	607	434	1664	716	1306	1195	317	1378	1622	1355	378	1061	121	889	246	180	1191	193	1263	748	84	1777	1327	115	272	1374	584	719	1143	143	1790
1701	1412	370	136	496	347	1733	1262	1045	243	1591	1637	497	1813	1286	779	1015	606	995	142	134	1648	156	628	1110	128	1081	620	1497	1338	1629	297	827	1226	1784	888	276	1417	1253	1435	599	1022	1361	1099	422	291	1810	1354	368	702
906	135	67	1160	1085	125	200	470	1088	874	440	1256	333	31	140	1326	1438	701	41	948	1712	1310	729	1723	1628	327	1058	464	592	482	1289	1786	389	818	810	1593	78	388	1791	934	1727	1427	860	148	81	1243	1230	507	1404	937
976	1218	1260	1112	1292	1714	938	570	353	1785	617	1627	605	1749	66	1186	1052	1144	286	86	1528	77	632	97	558	235	1121	390	1122	687	535	1496	431	1531	1336	492	274	1553	245	785	1029	648	1618	468	1466	692	993	1570	53	39
1783	843	1812	752	1279	1026	816	1614	968	437	1675	1461	529	421	1009	1448	805	1184	391	1640	1597	1349	366	1379	1346	557	397	858	776	589	1563	174	974	730	1738	355	273	377	100	1217	18	1688	657	380	477	1348	29	285	637	1220
252	832	54	1458	1264	1104	127	859	1692	1464	1561	1507	744	1255	1452	1153	1307	527	546	202	1685	1508	680	166	756	1643	466	862	533	1676	1422	16	1213	900	219	1298	454	1683	362	1706	568	1805	519	191	1239	645	683	1150	654	181
158	1204	1652	875	912	868	828	567	837	794	534	1294	209	1730	1002	1372	20	1748	58	1801	212	664	986	349	915	1028	966	1096	76	1732	821	1635	922	588	412	1109	914	880	551	1235	485	1518	1074	1295	207	576	1344	615	928	1175
1487	1223	1334	1282	1152	856	268	591	1644	918	229	133	1212	1064	168	769	935	1113	1522	267	907	1214	1391	1040	1796	442	1261	1769	270	1621	834	1797	1722	47	1768	1083	288	1574	149	639	1314	1185	1097	970	895	1486	775	1729	171	335
1504	1345	661	655	1208	56	1548	1100	603	572	1172	1285	523	342	1369	923	712	1533	531	1210	1270	1610	1708	541	998	1368	1741	1271	884	626	499	1162	201	671	1125	332	1158	237	224	755	480	1744	724	302	211	1680	952	1767	967	1373
438	436	575	838	1034	1663	931	1740	1257	255	619	604	1626	1660	992	544	781	905	693	1489	1725	1654	545	1581	676	91	1576	1747	735	226	710	1616	908	87	1475	106	63	376	505	1154	679	622	740	515	1403	944	1467	112	33	845
601	69	578	1224	1347	540	408	583	1381	518	439	1651	1690	1800	1601	178	1564	35	847	933	1003	462	943	987	539	1098	303	476	1586	1545	1592	1509	802	705	160	95	1554	1519	1056	334	1602	500	1408	1811	717	1248	997	1480	234	904
941	1608	869	1483	653	1053	788	631	618	1196	1406	458	443	116	323	1775	871	1717	1277	296	1342	1278	1229	1735	1481	351	949	815	1772	1209	321	172	1700	1763	731	1429	1211	196	1434	19	1329	481	354	587	1612	150	745	387	1541	1120
1682	678	833	314	1290	59	799	809	65	1131	787	1751	1051	1457	1756	548	1367	1485	1658	1337	820	420	428	517	1167	1430	1044	1780	1753	982	955	593	1142	1010	1702	898	689	1423	1754	530	1038	4	329	713	1006	1323	159	829	696	1817
400	1684	1650	1319	1410	258	1773	669	1500	490	1778	1388	92	1649	124	11	88	532	1413	789	1632	825	1316	1703	232	44	1764	257	893	1017	1302	419	946	1033	1743	117	1782	418	216	283	369	936	1678	293	337	1075	1164	1693	222	501
1359	415	24	757	113	1317	988	48	1102	1024	167	122	151	760	1041	360	208	521	675	190	1206	1025	187	665	1492	1201	728	911	1746	114	919	1460	945	854	1247	25	741	1512	1070	1421	508	711	1399	1719	1043	896	228	130	552	1779
1737	1132	640	623	61	659	461	49	307	493	1484	1759	475	1739	1092	652	579	1047	1656	1199	300	616	722	147	1707	600	627	1093	306	396	2	841	1416	610	613	1207	152	1232	1163	1001	40	239	1273	1804	1187	940	131	9	256	1165
782	723	750	1339	516	326	910	60	1236	1505	715	520	26	770	1705	96	1149	1582	685	1521	265	625	15	1711	1114	1101	1194	1140	524	562	1562	1115	238	686	262	118	70	373	699	404	371	595	1431	734	1170	1325	498	474	981	780
1090	459	290	98	767	21	407	123	706	793	1687	413	1425	1734	1066	1315	37	1449	1517	916	586	1655	812	1501	1555	119	684	478	1666	1082	352	656	1585	278	36	753	1803	280	1799	169	695	1620	883	1600	621	358	807	1	727	1611
173	1127	1569	1118	525	1352	1613	213	738	1179	242	189	318	85	139	1094	1537	183	1071	691	550	1193	1478	484	1536	526	921	920	145	429	330	1633	522	942	1630	1710	638	1653	958	646	1036	1526	749	260	1750	903	1677	1617	721	194
1802	980	295	762	766	881	563	1668	1439	1418	673	1320	1634	448	450	886	367	778	1583	511	765	1301	1557	32	1183	1291	269	913	975	901	577	426	969	1401	1503	761	1079	1624	375	861	1018	489	1364	1216	1426	1673	1133	950	1665	322
747	102	1393	153	233	1577	1472	1365	357	1014	798	1556	1395	1525	1366	1068	338	1398	1016	1468	1332	1437	42	1202	1105	385	1008	663	1578	1450	1647	214	1107	1755	444	1128	1031	1386	495	642	1087	1594	953	1745	1419	341	51	1787	885	708
1377	742	218	855	244	1086	22	1716	1473	1198	361	195	292	977	1402	1420	110	155	487	120	1539	1599	1108	1671	1072	1511	1363	764	1161	1275	844	275	433	392	737	427	1411	365	796	814	1135	75	1679	1814	343	319	1795	455	203	1724
624	1523	248	1715	1572	569	1309	954	1513	186	1065	38	672	956	1641	1559	984	537	985	823	703	1479	743	336	494	1514	674	1527	1400	1171	566	1012	1313	227	959	864	808	471	602	467	899	215	573	1657	409	74	7	157	1341	909
491	503	1396	758	857	1580	452	879	1606	50	1299	1770	348	1308	129	512	662	1274	1451	549	1129	1076	199	649	1681	301	1794	1516	768	1116	1192	479	1789	1215	1542	759	261	1638	960	451	1284	132	1697	1288	754	1004	383	700	364	1067
1174	416	732	559	1455	1225	1297	1433	1493	1303	660	1203	488	1742	289	694	62	1558	771	1645	1091	720	1589	1695	643	30	924	399	1375	162	681	446	161	1328	1454	1432	206	902	109	538	1181	1331	1568	641	1544	453	1415	1506	1032	1587
264	971	1254	836	989	504	52	528	250	1166	328	83	853	718	1669	1353	55	1579	852	596	236	1661	411	1130	947	1604	870	1035	381	46	198	1333	1809	105	1471	1757	556	263	144	103	612	1474	331	1252	425	897	204	210	1469	1816
1138	1718	72	773	1249	926	309	1596	1080	1106	1470	1242	1499	1728	1136	146	1384	1119	1440	1498	1151	917	1020	1237	819	231	1510	175	165	772	536	866	0	554	991	1456	1219	1062	1490	1238	668	79	310	1546	882	401	1312	725	925	406
163	878	1584	247	108	465	1689	320	598	299	356	1551	830	677	1752	1059	965	1321	1565	43	1405	1304	472	835	1392	137	1566	64	979	1145	6	8	1529	784	964	1560	894	1699	1048	486	795	1731	386	1037	1436	774	463	1762	1283	441
1476	892	1227	1588	1148	509	249	1806	972	542	1157	432	182	1039	1776	1055	929	346	580	1534	1069	73	395	1407	394	1060	1491	1246	316	405	670	1054	284	1704	312	1139	1605	1350	398	1240	1234	1798	791	733	1538	1494	1462	1233	1550	1482
1495	927	308	1057	1409	611	826	961	1547	277	1050	831	1444	1571	1726	1356	188	1453	707	983	851	597	630	94	1709	800	1281	1667	1659	1390	804	849	1631	1540	384	565	1414	294	99	1736	345	1535	1443	939	311	990	1322	1023	23	803
1124	614	1788	1807	957	34	636	824	962	57	1441	1146	1222	170	315	1265	230	951	456	1221	1760	1636	225	1030	1276	1609	736	1646	1502	1250	1111	90	1340	817	197	1177	1781	1159	45	777	932	840	1696	1078	555	1011	382	28	1662	1137
1013	783	1156	1176	543	138	1126	184	1155	1357	1245	801	1330	726	867	930	1272	1141	1027	111	667	647	850	502	1382	704	339	635	304	658	1360	571	154	1305	891	1446	1005	271	350	1268	666	1694	1765	1205	978	1758	1793	963	1169	179
13	435	457	581	973	629	806	1815	553	1771	325	698	1595	473	460	1387	1520	254	709	305	410	251	445	1590	1515	430	266	1362	241	887	1173	1231	739	192	1077	547	1447	506	513	1442	590	1459	12	813	1267	1335	177	1385	363	1463
1720	1178	514	185	790	594	393	1774	688	281	82	101	240	1674	1324	1351	848	1134	1049	1296	374	205	1269	1358	1197	414	417	890	1465	282	1042	217	1670	1021	1318	786	80	93	1549	469	89	510	164	1721	1123	1477	1287	1188	822	797
126	1625	633	1371	863	1530	1445	1488	651	1380	1046	1103	582	1552	1095	644	1180	574	379	839	1244	1266	1293	253	1343	1792	1182	1524	423	1168	1389	608	1117	403	1698	714	10	1258	344	447	340	298	1607	1007	1019	763	634	1228	1642	751
846	996	1639	1766	1615	1713	424	746	650	1603	359	792	313	17	1598	1300	1397	107	561	1073	697	690	372	585	1147	220	994	876	449	609	3	1672	564	560	1280	1000	1691	1808	1619	682	999	14	1190	68	483	1370	1376	223	221	27
1424	1241	1575	1394	1543	1189	1573	1567	287	1063	842	1259	1084	279	402	1686	1761	872	582	364	1759	456	210	551	1648	1806	56	1076	414	781	203	1480	1656	1610	756	799	826	79	968	1134	997	649	516	170	479	293	1278	785	1496	1812
240	250	1736	1424	1806	1261	113	955	226	297	1485	217	1006	1543	230	373	1741	29	811	1440	1270	1075	71	364	429	753	479	1710	1160	895	99	1133	30	174	452	1762	1414	1190	1227	417	203	310	1436	1150	19	1354	1151	477	16	1807
1251	669	1550	1250	661	1194	965	891	889	1114	319	536	1529	205	1571	1294	187	488	1492	1652	166	1165	1615	1476	1030	1158	309	1720	346	876	1517	1722	409	675	805	878	1637	1316	478	58	469	245	1193	403	330	1389	87	617	27	1784
439	526	1236	689	786	1551	646	554	108	460	782	458	1610	1099	678	1353	1607	495	1603	1249	1279	1577	1518	379	1071	590	1582	1212	1474	392	622	353	1613	1412	385	815	731	1505	1132	262	1335	397	1777	633	611	1626	1488	1731	1530	1136
943	705	1330	1583	1444	1795	504	22	1078	542	934	120	1295	1351	158	1601	1276	28	349	991	1178	102	690	1188	825	681	719	1138	1465	474	638	1307	1793	1516	1561	922	543	561	1237	928	1627	777	1147	196	1405	1464	264	530	1220	351
1401	677	1403	1797	1062	1677	1703	209	832	1010	834	627	647	1683	958	1459	445	1359	415	381	126	850	446	550	1419	854	221	1230	1429	880	1152	1616	897	1224	1373	1598	1761	1691	1304	188	1180	1631	1753	164	1538	993	1494	1642	1697	1317
285	518	996	1056	1102	1146	1630	1477	821	1728	1229	10	594	1740	1649	324	944	727	111	35	1484	949	1127	206	453	803	952	1520	220	1281	1026	152	1396	521	131	1489	551	1673	1560	1348	1264	1004	1278	399	305	41	110	601	328	47
1395	406	1670	597	68	1664	1195	481	1407	1562	591	1744	555	1112	1171	773	508	1764	1064	117	870	304	299	249	277	612	1748	178	1685	712	1767	1666	874	145	0	576	1528	602	862	950	610	1338	840	375	1713	1144	442	1085	1418	497
1469	835	1306	827	785	1789	665	605	82	857	402	1690	1231	1380	464	604	1054	519	1086	1585	486	894	5	333	1297	370	59	916	1018	473	134	1244	1701	1566	89	136	995	1005	1482	1470	1602	668	679	682	198	1156	873	972	706	1079
360	796	643	800	444	970	1639	751	160	1213	1479	63	1508	534	1696	909	128	1242	724	1636	1228	1378	921	1128	896	15	167	607	175	748	618	569	1547	1800	302	1096	917	1045	1544	642	1439	780	702	1325	841	52	51	598	969	616
1202	419	341	1437	1548	792	491	1400	994	522	1651	499	179	1745	1201	1131	144	232	584	168	683	967	1013	1441	1542	1787	562	449	742	430	1586	1621	1154	1214	1256	471	235	1608	366	797	380	104	50	1057	398	93	975	268	184	329
1391	1569	762	1541	290	266	1088	1028	132	630	531	691	94	560	1668	708	1289	781	340	733	1340	544	1665	1785	386	216	1101	1360	1750	191	1204	1247	1189	3	935	710	1219	1716	1218	358	1537	456	784	165	1103	1430	538	48	1619	507
81	1032	1182	621	1379	214	1662	412	140	1137	192	1729	1435	1617	1155	344	215	1700	614	980	463	860	1655	421	568	298	1804	482	557	172	700	826	362	1191	327	844	1333	1624	1410	1065	931	1169	433	978	1135	410	1656	269	1120	271
599	1399	1712	1411	620	1273	848	639	121	1025	695	942	1329	1457	1759	332	1567	1243	46	989	1675	875	913	842	18	1058	801	739	1461	1001	1104	1445	1274	1739	1179	67	535	286	833	374	1124	1053	658	1809	246	157	1286	1467	929	1684
1371	686	383	1581	1240	1145	788	981	1327	838	36	237	985	653	1768	210	1233	1726	1159	937	141	1570	197	259	260	1584	523	501	1393	1791	822	368	43	426	431	193	883	634	1692	289	1061	1164	1106	1108	1063	1238	334	1453	1719	1545
441	287	828	1635	1331	1172	1265	513	306	1090	923	1723	1000	1781	1177	783	436	1632	1162	1796	292	623	723	1672	1055	1375	1392	757	843	37	224	146	1438	98	1558	820	577	1765	887	1422	864	1449	1364	1349	1704	387	1324	1653	1727	55
1456	1269	470	707	571	528	1452	363	1531	147	765	1283	1650	1763	1434	1771	997	1705	881	4	354	384	1413	454	804	736	181	1080	274	133	378	511	83	171	716	278	1383	982	284	1426	156	62	336	749	1091	787	940	1141	1711	930
135	933	992	776	281	88	636	574	434	401	1049	1724	1634	1674	1803	588	1336	345	794	308	186	1037	750	1533	177	818	1638	1575	105	945	489	1084	582	893	33	1069	1760	1612	1774	101	416	38	1578	1810	807	1428	1287	1181	510	1268
1320	953	830	853	114	1563	405	1012	1252	331	988	971	1163	72	1143	122	1047	1211	1509	257	1559	218	1629	320	150	248	726	1376	823	1679	7	1311	130	494	1254	1451	1756	1555	525	1113	255	1140	1499	932	720	851	1565	1483	1557	693
1038	858	265	1259	1266	541	697	212	1747	1778	1369	866	903	951	1210	1420	1255	1475	96	393	223	437	1556	1139	667	721	1009	927	123	619	1	90	1123	1372	558	1377	1342	173	549	968	1661	382	1094	438	1587	692	583	312	492	1326
1107	861	664	1609	902	1640	1052	1648	1645	45	1471	890	553	960	759	1042	1199	390	814	231	1458	763	1245	1267	1263	75	631	959	1486	211	1197	595	1553	440	369	1718	279	31	1357	1596	650	948	1209	744	964	180	662	54	427	809
307	1725	229	425	1067	939	222	795	1239	1232	1365	1046	1118	450	1628	714	872	322	1021	884	208	348	711	1643	1659	957	1313	559	1074	1314	316	552	556	533	624	1681	1308	1708	84	1738	1093	919	1535	199	774	666	579	1611	103	1749
671	1539	80	701	1002	1007	869	207	637	1223	1271	673	6	1455	483	1134	1370	1027	176	1600	1702	1016	836	1798	912	600	1284	1466	1695	1592	1717	325	1633	1715	1130	1676	1802	276	389	1622	484	846	293	480	376	585	674	413	649	1073
1328	778	1323	1095	852	1153	1752	24	69	1780	586	1671	200	1246	1082	1512	1678	1343	1322	713	888	1003	109	318	791	775	1280	106	926	1737	1735	1507	741	428	1406	311	443	1415	1480	407	1534	241	539	1368	628	760	1498	1663	85	606
1041	394	170	189	855	899	1362	1521	76	107	1680	819	313	39	190	142	252	856	641	566	475	1472	1385	355	234	779	78	1298	448	816	640	589	947	339	1446	806	907	1463	1515	849	1462	859	516	9	357	1625	882	1397	548	963
219	100	1310	1125	1092	461	64	1015	148	1536	502	1574	1522	1404	1066	1589	1098	764	377	729	127	1319	1623	1614	233	1060	1366	79	999	656	350	898	1234	1568	1394	1174	1105	734	629	871	1048	335	213	745	918	1478	1743	1432	1044	371
572	365	20	1782	1813	169	455	1447	747	863	143	1647	725	338	1773	1129	1205	125	1525	1706	1272	1519	1288	1579	91	672	771	315	1291	323	1532	485	1008	1111	1070	1503	817	1087	1222	1408	343	1733	138	1618	986	660	162	1594	790	112
1282	798	685	1433	1431	1302	503	974	755	1374	1168	86	564	1081	1358	1644	900	1184	1011	77	1801	625	1122	1497	400	983	824	563	735	1166	946	886	915	1657	892	770	493	1051	1344	532	740	372	1115	1742	1758	56	592	1253	243	1527
1384	603	1386	1816	1755	1077	1216	1110	1641	924	670	1573	837	42	1043	1808	139	914	61	962	865	182	810	457	258	1215	1576	1361	13	342	977	1217	1540	1117	1352	1805	97	66	1698	1020	1402	275	1654	1200	1770	1221	1688	1388	1468	984
295	1121	1524	998	1356	570	490	1599	321	1454	966	500	201	391	808	411	1072	512	1275	732	1036	451	326	644	1427	1024	1142	1321	746	1450	1523	53	655	802	545	1187	537	1591	1746	1502	845	1203	1552	515	1595	244	657	1175	115	596
23	1185	1421	459	225	904	867	367	1757	1490	1119	976	1226	1033	359	467	524	1495	388	1709	227	34	1100	632	1513	40	651	435	352	911	1034	420	1686	25	769	247	1235	1390	1337	1817	1192	1416	635	408	1157	615	1751	1815	317	1285
529	129	254	1350	1170	1496	1754	1031	938	1417	1526	954	1779	1605	626	738	1345	728	8	1423	613	291	270	1332	1248	161	1564	1299	1198	149	758	743	1443	973	680	1257	1491	1667	1460	1347	1606	314	1315	648	1040	487	294	1766	92	137
256	95	1693	1258	1176	253	1788	1076	654	877	703	575	754	1149	652	906	432	722	1772	273	1493	868	251	1260	1473	1301	1196	423	1341	272	699	1669	49	514	608	709	1225	418	1173	465	1811	941	1083	17	282	718	547	1186	715	1339
261	1334	573	337	228	238	11	956	1500	730	1017	1262	476	1089	1814	979	717	1167	1277	1292	761	789	1312	1682	1510	1296	520	12	1116	905	263	300	1689	1580	527	812	472	581	1501	1448	242	767	466	1109	1549	578	580	1126	1604	1769
1699	1381	1734	347	356	1023	704	1029	496	1293	414	267	517	21	1425	1487	1646	404	1148	1207	772	301	1714	303	236	684	1588	565	1687	936	1597	737	124	1786	154	159	74	567	925	1300	1732	990	65	1783	546	280	645	829	185	1398
1309	283	163	687	202	920	752	659	885	698	1799	462	1514	183	447	1059	1097	1039	1387	587	296	1790	1305	422	288	676	73	1355	799	831	32	424	151	1707	694	1206	1792	60	768	57	194	961	1620	813	766	396	756	540	1409	2
70	395	14	1730	1183	1161	593	118	505	155	153	468	908	847	987	1775	1241	1554	609	1318	1812	1572	1694	195	204	1481	879	1035	1546	1346	1363	1014	116	1504	44	239	1593	498	509	839	1019	361	1776	1794	1506	1442	663	1382	1511	1590
506	910	1068	1290	26	1022	1721	119	688	1050	1660	901	1208	696	1658	1367	1303	793	1473	1730	237	1804	254	277	589	568	187	710	1138	1133	566	962	1230	1671	391	1082	804	976	728	1374	1275	968	1008	653	1701	407	1684	80	233	874
997	211	1735	1204	416	582	1060	1330	654	218	1028	1185	1683	1487	1436	949	1481	303	1746	256	206	255	1495	872	177	1751	518	1174	1029	1556	900	451	899	391	843	1238	794	605	33	1593	1246	737	1750	174	717	363	73	781	749	1748
1473	1319	80	934	1406	966	553	1788	1572	544	1370	991	182	130	573	53	1796	1307	495	1412	1407	1093	1759	564	734	511	157	1306	315	1806	1051	1200	618	131	1225	1215	636	499	940	646	1564	446	1253	759	768	1541	1016	1605	863	1224
1161	837	875	783	1169	1111	1159	713	32	110	202	774	510	1053	1809	885	358	718	1438	1450	842	1354	508	719	126	1059	888	1812	1795	145	248	1033	1514	1092	643	808	180	1713	296	889	514	806	1094	965	1784	1155	150	1396	1009	1007
432	1068	1145	1627	1482	1461	1160	1180	1554	419	980	1181	458	331	1565	841	757	1268	1261	577	288	161	1766	1553	1134	1095	1171	960	1708	545	795	1613	1227	390	1273	780	1351	1606	435	1047	1258	1698	641	215	715	762	426	267	1659	1451
802	930	226	107	835	1716	1689	1558	1151	855	1415	1069	1505	1433	31	1705	1734	819	1405	1239	340	1477	283	882	1521	504	786	165	1020	1453	1508	1657	1394	1294	1803	1277	39	1026	558	974	1760	262	803	423	1329	1076	417	705	578	1390
1538	596	910	413	548	345	1720	1374	1334	113	822	791	23	1056	592	690	583	1077	1065	630	468	1501	1703	1511	1220	1500	290	1121	1530	219	1008	158	536	478	99	589	918	840	1478	1292	1592	456	400	1620	1372	1101	815	1460	1128	1762
785	1619	1019	54	533	1726	1641	1421	260	912	1447	1302	152	1625	1313	1602	1426	1611	1074	1489	576	575	771	123	1044	1631	1235	981	509	856	1212	343	531	797	132	591	1644	1386	353	42	1108	223	593	1413	870	1197	1732	1275	1780	1361
213	699	1188	1061	812	21	1055	664	47	1617	26	695	777	389	1749	1291	448	1048	1722	851	866	108	1510	833	968	1725	1517	356	916	987	567	642	1570	1127	735	728	1728	519	1807	1584	1221	1640	1401	689	601	1662	890	787	51	799
657	555	1183	1672	526	649	1177	452	1532	894	1214	227	990	1811	1700	1296	554	317	1653	748	996	825	1348	700	859	543	754	434	1054	547	1652	881	185	78	986	1368	1472	1618	199	1484	1434	181	1520	1179	756	1380	679	82	778	755
1156	619	25	1070	701	766	1467	921	268	334	1547	1262	153	122	1740	430	1050	402	1114	1731	1507	175	217	858	937	1670	1266	378	871	61	1193	849	615	280	1476	1408	1417	394	203	681	1144	487	239	906	276	1387	318	261	817	1131
983	1633	580	746	886	1727	243	300	1083	1444	738	369	1400	1805	1078	488	874	644	976	1667	259	867	1425	1587	1381	1228	880	1004	1545	1559	1062	645	684	972	1677	1315	827	1066	1666	1423	70	1474	407	35	272	2	275	427	1000	599
379	1596	1638	361	1569	1583	111	1575	405	237	1513	1237	1544	571	60	1817	1063	1449	309	648	1184	493	1383	1355	401	552	810	1566	1721	1086	0	52	1117	305	962	1789	327	1778	367	692	1790	1492	516	1102	628	667	1345	909	271	1654
665	1552	433	1143	1763	635	1346	1769	647	1168	221	30	1576	685	486	387	1352	1314	370	1308	505	532	208	1549	1018	895	742	241	1427	1209	324	240	151	93	831	722	1318	1416	839	247	1255	173	750	736	984	887	1682	1804	498	328
1124	852	1398	484	270	134	793	1377	43	81	1259	320	179	1712	1783	626	1265	286	1668	336	1723	669	945	1736	200	1285	1494	383	409	13	1420	1499	14	1130	1671	1173	760	585	301	253	341	1104	1167	481	613	144	1615	1146	439	1664
386	1190	951	48	1435	1637	1475	1543	668	834	311	118	176	138	467	549	1317	677	696	1013	1562	744	946	36	1082	1116	68	1324	1604	7	1152	602	1367	374	1249	1337	660	1414	938	805	1717	1338	1774	1636	1777	66	1758	671	98	1648
1310	1673	411	163	441	1663	1595	853	1551	1768	1479	396	1692	1045	295	1563	712	1322	568	586	957	680	229	656	1714	1232	471	1098	1753	1660	1202	1284	205	160	941	1393	1283	368	351	231	745	1430	489	470	279	1327	67	297	1738	90
551	166	1702	864	326	337	97	422	1135	919	482	453	562	706	1382	149	1299	1603	316	1149	1409	557	877	506	1038	535	1303	952	1779	162	1002	365	1316	1399	1628	600	473	1588	845	729	1787	761	1808	442	1506	1761	428	184	1704	727
925	1696	1799	857	758	917	973	1153	371	1218	381	1687	1693	373	492	1035	1646	388	1719	975	1624	1745	212	1005	201	959	281	584	1737	424	1536	999	1042	666	77	1397	8	1148	609	1466	291	1331	372	293	1471	1140	1365	820	751	284
242	1656	1342	1017	258	187	608	406	598	1250	1270	924	1341	512	75	1609	1376	982	207	16	159	198	89	1109	529	1142	364	850	691	346	20	1418	116	46	1105	377	1339	490	463	460	611	898	1665	1516	477	469	865	1081	1419	992
1678	299	720	1260	238	1581	1797	1742	50	421	155	1233	659	1320	88	1321	830	926	1099	1187	878	1014	708	521	62	139	927	958	570	1231	109	1814	287	502	1483	1675	770	304	581	1226	269	1263	702	1523	1591	17	1353	556	933	1162
1798	1271	74	1205	225	1267	1087	76	1526	4	1555	1504	1810	1568	1281	1488	798	105	12	824	40	1010	445	497	1674	1490	530	838	1252	1276	915	1800	726	1599	1512	939	357	704	546	1486	764	523	325	1301	49	869	1590	121	1548	1729
500	1685	730	655	192	323	1754	1458	462	1287	1264	1410	135	1574	1251	670	141	1157	1195	1493	1480	610	1752	410	1522	503	483	1741	1147	594	210	274	961	137	5	954	1075	1344	1373	1632	190	71	209	1441	1085	333	998	1366	724	384
807	399	1057	418	658	395	604	1534	344	964	1247	63	539	1785	1635	1080	651	1402	414	1340	1203	603	1661	1463	194	1557	725	29	355	632	1542	38	905	58	348	1550	779	792	1676	1164	1690	688	1034	935	1577	816	154	1248	672	522
1388	472	420	1582	860	91	1455	1802	595	883	22	100	57	614	178	224	197	979	929	193	1607	1158	862	1464	1240	408	1072	675	1791	769	251	1468	232	447	170	9	64	1773	1579	1680	1006	528	1165	525	69	565	1612	1064	524	1115
956	246	517	115	534	1150	34	1509	245	1091	6	1718	1359	1560	1601	1279	95	801	739	1535	1046	782	1639	1392	188	1578	140	120	393	10	953	148	1089	1031	147	397	1039	1634	829	454	809	846	1422	978	1137	127	709	631	893	491
1767	1515	1052	1755	1343	1290	818	639	922	1139	663	254	1715	359	1003	119	86	234	891	676	1764	1598	673	1199	1395	653	741	1540	1600	1012	1561	947	1573	1498	884	1133	772	1645	828	836	903	1175	1222	252	1106	102	342	335	537	1371
515	1385	1772	136	385	1288	1744	1129	501	1701	1781	476	682	128	479	693	313	350	1022	683	1448	339	496	950	920	969	278	559	265	277	520	624	312	449	1816	1293	1446	1172	298	1032	1030	1088	640	1739	732	189	106	587	282	37
380	1794	796	133	366	811	349	1747	1234	83	911	250	459	1300	169	431	1454	1669	1775	196	1090	716	1363	597	440	1765	560	142	1389	249	1440	1219	475	129	1610	146	347	1110	233	1024	1465	538	931	1036	620	1403	1424	1658	1100	767
1015	1649	112	45	114	622	740	1580	1350	392	733	1711	914	257	634	236	1730	164	1217	901	988	627	1404	1782	623	814	789	214	455	1679	117	1546	1163	541	285	1699	955	566	1242	1269	784	527	1524	944	1254	457	1138	1198	172	876
1357	907	1311	306	943	873	415	550	27	723	1274	1049	1191	1071	195	821	1462	319	1241	765	436	1650	465	1531	85	220	1518	204	698	621	1622	1103	1027	1041	1278	1213	1691	1280	1621	79	1245	731	1503	1256	1525	1229	362	1207	590	375
633	1216	84	896	321	1043	1347	308	329	1647	1629	1442	928	15	1485	1201	94	606	1456	1429	1614	263	747	1037	41	804	714	1097	156	19	474	721	932	330	1196	124	1282	629	1733	1335	494	1073	753	310	425	1529	450	1643	507	1208
1439	44	1120	1642	264	971	823	1457	832	1186	1333	480	1496	244	443	302	322	1616	844	897	403	1695	1585	1309	1118	183	125	788	923	382	1378	1537	892	56	1304	616	1323	338	1236	1756	3	1428	59	847	1801	967	171	687	1539	773
1586	994	1770	1326	662	1112	1328	1141	103	1445	168	1626	1295	861	1067	1154	625	1567	1375	579	412	1189	607	1793	191	1084	376	1360	92	1432	72	101	854	352	908	18	563	617	1305	1194	995	1623	1571	913	360	638	186	1325	1192	1356
485	1527	879	1589	404	1497	273	1379	1058	948	612	1491	11	826	1182	235	1289	65	1332	464	230	569	1023	354	1502	1743	775	28	1286	561	55	1223	429	1608	1411	674	24	513	650	1257	1651	686	542	1107	572	314	1001	1298	902	1813
743	776	1243	540	104	1684	1170	637	1706	289	1272	294	1125	1771	1312	216	694	1021	697	466	1244	1040	1391	652	904	307	963	1686	87	1815	1	1176	707	1119	752	1369	1776	1724	292	1459	710	813	800	438	1358	1431	661	143	1786	1178
942	1688	1697	1132	96	1166	1470	936	763	1096	985	1025	1122	1469	1123	868	790	222	1594	1437	970	574	1528	1443	1011	1597	1210	1362	1113	1126	228	1230	1349	1079	1757	1533	1655	1630	1136	167	1681	977	1452	1211	993	711	989	1519	678	444
1694	1297	1336	1206	1709	1792	461	332	1384	588	437	1710	703	848	1364	398	266	1707	1610	97	67	439	1574	1437	815	480	93	1324	365	1114	632	1186	967	1128	197	135	278	910	66	215	131	1289	980	744	377	1372	1811	606	1740	1443
701	806	1646	1793	1007	16	434	8	588	936	1191	1700	1811	317	520	804	815	920	311	1702	612	367	1152	689	1552	1560	1610	843	7	1673	69	746	1159	1703	838	954	1486	349	846	829	1058	764	346	393	136	524	120	409	702	1362
1440	80	297	830	899	415	1716	299	620	1551	1346	729	1472	527	585	1510	1178	1244	40	1582	1294	294	1246	176	564	1528	798	732	1359	228	716	802	788	580	78	1211	1237	1698	1459	221	801	1139	1116	1053	913	1685	1349	79	331	805
1363	1463	977	166	1354	56	1067	873	895	728	1088	184	1643	725	1146	1185	1094	649	1443	809	722	1011	1103	768	236	466	753	1661	1329	1800	230	669	342	915	1628	1293	1089	1579	1172	707	762	1409	1612	710	425	890	1203	61	1763	394
1003	653	758	1330	953	207	891	711	1561	1183	1728	407	169	1584	109	598	673	969	269	1505	593	1207	1690	1031	1783	860	964	1276	778	615	275	1382	18	1773	1056	1717	919	102	1138	518	1594	55	960	1163	1453	1351	106	50	931	165
246	131	837	1480	332	1745	1495	827	336	1577	1414	1041	1156	186	463	1052	780	1589	547	1604	983	1157	191	904	451	881	1439	836	1217	1742	926	1806	704	1652	1038	285	1464	1265	148	428	825	1105	1539	465	1064	880	973	119	1426	1219
6	1445	1267	258	1753	1683	462	86	968	608	175	597	1521	1115	863	1319	1350	1493	354	691	1559	1028	635	1361	1603	1435	1420	897	128	1565	162	233	1281	545	1309	1701	1637	984	1112	1308	617	633	619	74	759	1662	1019	125	1302	77
272	1499	523	1379	1278	1180	1230	712	487	1631	10	1751	67	1101	1	568	552	1337	577	1448	906	1376	1006	923	667	1711	408	1062	528	1457	1807	1670	1091	1719	1142	1658	879	959	1392	808	911	1027	1598	760	1021	965	688	1286	1606	1568
1477	1107	638	867	91	1220	307	1524	892	231	27	1318	1667	586	994	1452	761	1327	950	257	1417	1545	1188	1070	63	202	196	821	1243	1814	112	33	1206	1296	1718	1200	1066	503	990	868	508	1527	896	630	665	1242	1374	1104	526	819
1310	573	946	1433	1567	1722	132	555	198	1546	1288	1623	933	1304	549	178	189	1428	1569	1547	187	245	270	108	160	1085	763	365	602	1305	296	1627	60	200	479	1476	1788	308	174	1679	1358	1036	796	209	558	1412	947	71	12	1106
43	1651	2	997	1523	1216	68	1596	486	268	874	1741	1797	241	917	304	1059	1165	1280	247	575	474	88	1398	227	159	1737	787	695	578	23	1730	574	70	709	1077	436	440	733	734	1696	1204	249	96	441	516	992	1498	1407	1325
627	1247	333	1147	443	1311	1357	239	195	75	771	28	584	1197	777	1285	157	639	535	1566	538	484	1575	1291	283	1556	254	1046	813	1057	826	95	278	909	328	845	1592	59	1086	361	978	987	1470	1240	629	4	591	1501	170	1187
1097	955	1427	1196	64	1352	1530	500	152	1264	133	1726	1060	14	1657	1344	442	1340	271	431	1084	495	559	1770	943	1050	756	736	1124	1316	1277	1664	289	1255	1236	795	1385	1581	930	1297	1625	1635	456	1366	556	3	1776	1218	1553	124
715	745	1731	1176	1789	1675	604	738	446	167	252	392	1399	1256	1746	944	72	267	1049	858	1233	344	183	1515	1251	378	1065	1110	966	47	1707	433	1639	379	1595	1801	951	262	1388	1175	563	31	290	735	203	622	542	37	250	420
126	32	1715	117	1040	505	1360	1441	570	353	205	1145	1432	1158	30	149	587	475	453	678	1537	1576	39	450	621	1803	335	1503	1779	1418	153	208	461	1020	772	197	1815	975	497	572	949	1554	509	370	279	1202	424	1599	1513	206
742	1479	324	1772	256	814	1462	582	1303	1043	48	886	631	147	1184	1755	713	422	1774	650	494	1682	642	625	1511	1659	266	958	1048	1796	1364	719	1140	1792	0	656	690	1451	1681	375	357	58	1135	551	797	322	557	1301	1764	686
718	217	1446	663	534	327	1396	1656	34	240	259	313	314	1375	1408	1365	793	1758	605	329	1494	337	65	42	662	107	1271	1179	1506	1128	1227	1749	752	1677	856	1724	1723	129	989	1615	1289	531	939	427	782	387	824	1671	1541	383
210	938	1450	1529	1024	818	833	1223	1343	154	1562	1514	226	104	390	1619	1687	1250	885	1355	1492	1315	682	741	211	161	1597	41	1762	213	455	281	613	338	1102	182	490	1578	1411	405	991	398	766	1393	1709	1010	1461	1786	1692	1273
1563	380	1497	1689	1748	376	421	381	1118	1338	1512	831	1649	1042	151	1781	138	1395	212	569	253	905	1368	11	1126	287	1068	469	38	1290	700	1437	235	529	180	1608	1212	510	1449	51	482	714	1092	146	685	84	1008	835	655	914
66	1650	1573	325	177	1810	676	1666	114	1644	410	225	386	121	1005	1026	1372	220	1805	972	1629	318	976	251	1336	1520	1507	1083	158	1694	1600	1489	1705	687	857	776	389	201	1415	932	243	750	967	1400	993	957	1434	1113	483	1744
540	263	1613	1221	388	887	123	302	740	1442	511	1516	609	1509	660	924	185	1389	1213	340	811	1602	362	99	1356	1224	703	1636	1813	219	1320	810	1593	1580	999	589	1160	111	491	1712	244	864	1299	607	637	922	963	404	699	368
1149	1647	1416	143	137	350	928	1431	98	150	940	1166	1044	603	648	1655	757	321	204	1248	1429	657	255	216	1754	1525	414	1540	1210	1802	765	1413	1502	229	1232	1765	872	1648	869	862	105	1292	1665	908	1373	1261	168	1740	1037	1483
348	52	1229	841	853	1111	1767	1678	566	674	478	910	1016	1484	1564	948	90	447	470	1739	1616	1548	293	807	774	1367	432	708	1323	849	1080	611	57	996	601	912	430	371	697	925	749	726	237	1133	1380	1029	1558	1424	35	512
400	723	1238	1653	850	9	192	956	694	616	1518	1259	1162	581	26	83	396	472	1228	600	1144	1641	1195	1390	828	260	1313	1590	17	1039	1688	1201	1508	998	316	489	1475	1114	1536	1150	1061	1504	751	901	859	1542	1272	1167	783	1279
1125	522	671	1182	1331	988	941	677	985	1522	190	842	1601	1794	444	464	537	1645	717	15	499	971	97	1235	1148	164	458	113	423	1425	437	1205	330	1169	1585	1778	1153	553	1618	1141	343	286	1583	546	1096	817	1269	506	397	232
1430	309	1025	413	1032	54	1131	1137	974	359	1785	882	172	789	942	1549	179	1642	579	1335	181	373	876	416	1607	504	406	785	889	1300	1621	93	820	76	1055	364	1626	1624	721	670	1209	399	1004	724	488	163	85	1370	144	706
273	893	345	100	1766	592	1743	1458	1198	792	310	664	282	1614	1572	1151	1081	693	1034	1353	560	1436	1122	1394	626	1750	1713	784	1136	781	554	803	1455	493	692	1074	1266	291	1490	194	610	5	1444	248	683	139	1780	1538	315	46
900	82	1093	979	49	1317	659	1591	644	1071	1574	1771	1161	929	1733	1249	145	1381	1543	372	921	358	280	1090	514	1045	1588	1013	1680	140	654	116	550	1791	903	1258	532	1130	25	374	173	888	705	214	87	727	1287	666	1082	871
1214	645	1014	1023	347	1630	894	1784	471	1332	1720	459	902	1799	646	496	1482	1747	970	1611	1015	1686	651	934	865	567	1756	319	596	614	395	412	1321	356	449	1775	19	36	1419	1555	1787	898	481	935	767	1063	1270	238	618	1108
1324	754	1708	1438	576	385	1817	1129	284	1760	1075	1469	1307	468	1405	1790	1012	115	1447	1710	513	1500	44	822	1199	62	769	884	339	1306	855	720	661	643	218	1403	878	1421	1312	477	624	1225	171	199	594	773	730	1795	89	369
1033	1109	832	995	141	127	1018	870	1333	1047	1069	45	517	907	94	1208	1274	1254	1478	1035	1283	698	1725	1253	1072	812	29	1190	632	770	351	1186	222	352	1073	1768	1100	1471	363	748	1517	1406	883	737	1587	1348	731	402	130	848
454	530	1736	498	377	21	1377	303	744	22	1009	1326	743	92	1404	875	548	1727	861	986	595	312	1098	565	467	1189	480	1030	852	696	1127	1391	1759	24	679	1231	1095	1132	1609	476	1622	418	982	1383	1481	155	403	224	1022	1401
1423	854	401	1334	1535	1782	118	1714	301	799	1467	1263	1322	1454	134	1121	1239	844	839	1487	1473	492	1465	816	952	684	1804	1633	1262	334	681	561	448	320	1241	980	101	1695	355	739	1466	234	533	1663	1798	599	265	288	1215	658
366	647	962	1570	1226	525	445	623	1282	1164	1245	1761	1732	1155	1087	937	1534	1634	215	1769	276	1638	543	1734	1533	1531	536	1143	790	452	823	1123	261	1079	1386	306	1676	877	1397	429	672	1456	1384	426	1402	122	156	1550	419	539
1387	1410	502	1491	81	1468	675	473	1345	652	1704	794	1496	1777	1684	1252	927	1222	1808	1571	1752	1812	1369	851	1532	1693	1171	1757	628	779	1051	1816	292	1168	1260	264	1488	1668	847	360	1284	981	641	1017	521	590	1519	142	1341	1268
840	1002	1485	300	1620	1706	1460	341	1117	1177	1544	834	382	1328	1314	918	1699	223	135	786	1474	1342	1721	544	1134	485	1640	435	1339	1170	1654	1809	326	193	20	1697	1119	1557	945	13	571	800	439	53	1181	1729	1120	791	1378	1054
1298	1192	515	1295	438	1669	541	305	1000	1735	501	507	277	1076	110	457	1078	1738	583	1234	1672	1194	562	1173	636	1660	1193	1691	961	1001	755	1632	866	242	680	391	634	298	323	1174	384	1154	274	747	1674	1422	1371	188	460	1275
1526	519	1257	640	295	411	103	606	1605	1099	73	775	1617	1347	916	668	417	1586	1160	1358	418	579	770	479	833	1025	1751	662	1806	970	66	1328	1777	891	546	1299	1135	508	1013	1193	865	1010	1195	147	371	167	443	509	825	972
668	121	1382	1402	46	870	359	1179	625	453	1101	1686	1113	1289	35	1246	360	1341	834	414	567	1667	243	1232	469	1583	1131	1043	1670	1527	278	1365	1437	544	1429	1478	508	1502	440	89	239	761	1391	1647	1228	489	1293	1080	1713	709
729	1393	768	1044	108	945	229	694	727	20	208	274	765	1427	69	1711	1479	1628	885	271	883	93	279	787	1679	1569	1229	1099	1191	70	1533	1079	345	1197	131	1805	1221	195	1233	1422	1112	815	848	1610	164	157	1258	843	1546	1330
1338	54	299	1454	227	1585	1234	1520	1608	148	325	1633	1166	826	1013	1788	302	844	873	958	99	835	296	598	632	1515	825	395	1089	330	1116	1262	818	1109	291	1472	1559	1275	803	942	1756	1702	1419	745	1642	1770	1457	822	1235	1008
793	1296	1724	1435	256	1239	1428	477	1655	27	1688	801	1602	924	1149	1630	853	82	16	1641	422	322	247	434	1140	1792	1357	1065	114	890	1231	901	664	1046	792	171	550	1181	513	869	590	998	613	1445	408	1551	111	166	1257	1687
535	1042	967	1439	669	1461	446	32	1254	49	1141	437	1380	1096	1456	217	1729	783	1748	362	1218	135	1097	1666	1522	1544	61	1656	767	943	284	1677	1771	297	270	895	1339	791	657	272	276	1519	1006	797	563	618	1256	40	1726	1298
814	1253	1309	833	617	377	1743	947	1048	1545	1681	1194	309	348	368	631	558	742	1782	827	973	816	1302	1442	586	1236	1119	1061	1592	67	551	160	1283	1273	936	1114	577	262	72	412	1744	289	585	1002	495	366	41	232	1459	1384
1794	43	1590	502	899	293	1337	110	1730	918	470	666	662	1484	263	823	100	1600	771	417	1660	1579	1808	877	812	288	953	1636	1399	1417	1098	97	201	1321	612	1358	532	382	741	42	1637	1648	917	491	182	1476	541	1736	193	332
1629	1353	1000	1259	396	1055	1463	733	1395	724	1004	695	1614	312	1306	1675	766	1083	91	605	1100	235	212	1364	1161	887	1443	584	1575	758	1303	1340	1430	863	1587	236	868	400	237	821	683	1108	1363	954	1793	920	1172	1035	1777	1719
1475	769	300	889	474	994	1372	1222	1549	50	498	319	1573	1710	645	1334	1487	1627	1432	1473	655	800	524	494	499	780	369	218	303	407	1715	610	746	1441	371	1817	837	347	1411	1534	1578	433	952	511	268	1704	597	66	721	281
365	1126	879	1716	1595	688	174	1295	1294	740	986	85	1751	931	907	1176	1535	1496	1482	1400	254	1451	1486	10	997	346	1397	1734	1251	1699	17	1796	264	545	1171	960	991	1367	1244	1201	473	1292	778	1375	1542	1684	949	1156	1406	861
1361	521	1371	1418	34	1104	811	1012	526	398	1024	856	1167	820	1693	1662	1282	1207	1644	1550	378	24	602	196	1653	1706	1087	946	595	1811	96	1376	1014	989	1452	203	1225	1589	636	1742	684	1563	145	1705	257	1148	388	286	737	74
1189	1722	1498	136	324	311	1571	1607	955	1351	1313	1745	1673	574	726	5	1769	1404	506	665	1455	1281	962	681	394	225	995	1124	0	1	1606	750	594	1007	1160	807	1320	1753	616	1211	192	1151	1765	207	241	287	62	426	855	781
1058	169	153	429	607	1260	155	500	575	350	1468	486	528	1392	940	1354	77	790	1249	988	909	770	320	194	1122	176	642	1187	86	139	552	421	475	423	1054	240	88	1774	1431	214	773	277	692	1591	462	1146	339	304	467	1491
634	680	1034	1074	1405	142	1121	892	1560	690	990	677	1554	1425	183	751	1657	882	1206	436	336	1639	872	137	8	190	342	356	258	1815	731	1359	1580	90	1807	757	1438	1465	794	228	1747	449	1277	493	1786	372	959	158	460	172
344	1453	654	638	1727	566	1423	162	1127	1638	1616	556	980	26	33	170	1735	1355	337	650	1269	1514	1547	1816	189	1025	1348	716	151	950	94	983	1635	640	501	852	1152	448	415	514	1403	1350	1738	154	432	1332	351	231	1612	611
516	1086	1440	850	1779	510	1464	1250	1349	1200	1814	517	712	838	3	845	1052	1645	881	576	663	1540	802	570	101	265	92	1623	981	390	1274	696	748	102	329	418	851	156	79	167	275	47	1120	1537	1733	828	839	1568	1634	294
1092	543	181	1267	29	326	1241	1674	1050	1813	1039	1664	1379	1169	1230	1408	1386	534	1088	929	589	249	1574	1504	1557	1342	565	615	427	779	1284	381	1003	185	443	219	1009	700	864	1278	1255	1016	948	1778	213	1343	1768	862	28	1185
646	898	292	888	65	987	505	1027	78	978	308	248	568	1145	507	1494	894	547	1783	1032	173	754	1139	1764	251	1582	343	340	1680	1064	1346	1001	1650	1017	1562	1123	799	1015	416	1511	138	12	1665	405	840	1066	591	361	1725	1621
1150	106	1215	992	80	123	18	548	580	1450	911	660	713	1672	1401	620	1584	1755	804	1005	1162	389	1062	1449	335	1084	333	220	1037	73	928	1192	643	269	1523	622	1658	1619	538	1370	728	216	903	1412	1279	1291	246	206	140	481
328	1019	1398	697	846	1154	539	1678	496	941	824	736	295	255	1548	420	857	1492	1312	483	1489	1572	969	676	163	307	711	1804	441	1508	177	1625	1617	1021	1701	702	1611	891	1780	1115	36	571	906	1605	1208	321	1268	531	884	1668
1501	670	461	209	738	316	425	1695	1692	1327	186	644	1698	1063	685	404	1203	1803	1072	119	1110	722	179	221	401	1421	658	290	447	1499	1434	1252	592	112	1316	1247	587	1509	682	1712	1212	599	734	341	253	1775	1085	1134	1272	1776
1175	866	1345	313	1133	1304	1723	860	854	775	749	454	1524	143	629	1420	118	1717	1632	1407	1565	708	1521	805	933	1409	1798	1385	1159	463	1310	965	747	1471	1806	1202	150	922	1503	7	759	1210	529	939	1138	1787	1599	259	1144	1424
614	652	488	210	1352	1613	411	152	1155	1168	982	753	1137	379	579	1760	1018	260	1766	188	1708	763	1177	1300	1389	1416	30	1517	385	604	458	984	1105	370	509	125	161	1270	1721	363	876	1773	717	1444	1117	1287	450	1488	1362	187
1286	1317	1763	934	1531	935	701	1654	130	912	1577	21	116	223	373	977	583	641	1762	1198	1661	1164	1541	1789	1199	1682	971	1082	1532	386	51	1588	1226	334	59	1288	1470	393	1414	1271	428	1157	1795	896	1373	1543	1265	1041	1130	1344
704	886	122	468	762	1691	1307	1799	847	1028	976	11	964	387	451	124	1045	1195	6	1180	686	974	557	1480	1497	168	966	1165	1182	1125	647	1356	1652	14	327	1248	1651	1731	1308	1057	1466	1311	1188	858	439	1752	1781	1490	184	1526
1071	1700	230	25	1111	1163	419	1036	1757	789	1183	648	1689	714	1749	1056	280	1746	774	13	1390	951	1360	68	710	743	45	376	357	455	1593	1683	1227	1553	399	1030	549	1377	1436	923	1142	808	1697	533	1245	925	813	413	719	1147
784	141	530	776	1433	961	1190	315	572	806	756	198	1067	1040	397	601	147	904	1462	103	555	1261	519	1737	266	588	267	476	841	1506	224	353	1669	1567	1812	364	1556	1474	76	410	1214	573	234	628	979	796	1676	1784	1493	1558
537	1205	285	1754	902	273	739	466	1020	1091	619	1276	916	1740	608	1596	1242	564	4	1369	859	444	1566	126	1555	233	1077	1791	546	1333	661	1193	672	53	1538	1741	559	985	1510	1759	1135	375	914	874	1714	1529	674	159	1368	127
55	1216	1615	689	1381	1387	678	1758	1564	1173	144	120	1299	785	999	1184	197	1324	38	71	1319	723	975	1696	1060	693	1240	1772	314	795	832	471	490	691	786	1413	1801	1483	1069	354	200	603	910	1094	317	109	581	2	1336	560
323	764	310	921	1010	970	1598	518	653	464	226	1033	809	897	1604	1446	798	623	1209	1671	95	129	1132	146	1622	9	480	1609	1525	659	1285	755	175	927	107	252	937	915	15	913	1790	1383	1078	1266	1626	1301	1552	1477	1640	956
39	83	1649	1196	1325	1426	972	944	215	788	996	1335	349	178	744	1374	639	1026	1643	1075	968	1070	908	503	1143	1469	523	1297	900	1328	1728	472	919	703	1505	525	626	452	1031	527	431	180	482	1576	706	383	1460	1237	1603	562
283	113	679	836	305	1153	478	81	878	1631	456	1238	730	244	1732	1659	705	1314	582	105	1186	60	1068	831	630	1107	1507	880	624	1570	84	367	487	1516	671	554	134	1323	1512	542	817	459	553	22	442	1447	735	1095	1528	149
893	331	355	1029	963	98	699	1581	810	445	1102	1624	606	865	675	1106	1051	777	117	222	1047	306	656	374	830	635	1315	698	403	1810	64	165	673	1093	1388	512	1785	1076	1586	957	1220	19	1797	1053	1128	1685	1073	687	993	1118
871	1707	932	609	578	1178	772	202	87	1485	718	1601	1243	1326	1718	829	1223	1217	1458	522	63	515	132	238	298	409	930	1322	1305	1136	199	1174	875	1318	392	1809	600	115	819	637	1059	1720	1448	725	1204	1694	1620	465	380	261
1739	1481	1703	1264	540	430	1219	250	1530	391	479	1690	715	782	1331	1280	849	651	1090	1347	1394	1213	1800	1038	536	52	133	1802	1618	1518	497	1224	1129	1761	569	1366	1378	245	1646	732	205	31	752	938	318	191	1709	1767	760	484
435	1415	128	1158	1290	621	1410	282	627	457	1495	649	104	352	1049	1103	211	402	707	58	23	1500	633	1663	1011	75	596	56	1597	406	492	358	1539	1022	842	1263	48	44	867	485	520	720	424	1081	593	1329	384	57	667	926
338	242	204	1170	905	1536	1396	438	561	1023	37	504	1513	1467	1561	1594	1750	301	23	364	211	1400	945	798	1467	387	19	1670	241	1599	1113	660	51	1121	1681	1778	1070	1766	265	1110	1338	1740	641	15	626	370	1744	1194	1608	1293
526	572	647	1270	204	1451	1373	801	1494	1648	1807	1589	1664	1376	1502	1226	1547	332	56	1685	813	861	274	392	1104	1722	435	1776	728	239	62	1138	916	556	1146	1615	1763	32	930	175	705	1268	1602	99	1395	1346	63	552	554	1281
1318	138	1540	241	137	1595	1081	571	1562	1605	236	1234	1583	1702	378	1400	180	1522	335	1525	835	308	877	1426	749	1408	858	1131	146	1811	1136	966	505	223	225	141	457	162	624	403	1057	946	451	231	1358	1183	1013	1730	1295	1202
234	104	675	934	1240	365	793	90	1109	708	527	252	314	999	1291	968	470	771	1096	1241	1039	1737	1732	557	1770	1048	634	1608	370	747	698	86	811	785	661	1459	1637	752	795	1613	1215	1617	575	1084	459	498	147	51	163	1697
1473	1176	1246	779	300	1417	842	306	609	492	1190	186	1519	668	1019	545	1207	797	493	1379	250	600	1167	1171	786	253	509	760	30	293	1045	140	834	1564	561	733	1000	612	1765	1370	1551	1157	601	1367	607	1357	1231	1397	91	1139
548	1549	1294	1062	467	960	112	1800	115	188	1606	860	132	1193	98	1312	331	456	799	1252	329	1184	1328	965	1188	1704	1531	981	47	1311	1405	1596	629	357	694	1337	257	49	528	1098	637	57	1060	205	217	1310	1787	1117	83	1491
1616	1204	1218	1756	1122	1580	1300	956	1035	44	36	87	428	754	1261	1464	1559	6	108	984	851	857	176	481	24	1148	1142	1759	1068	906	461	124	1486	995	894	673	1282	208	1126	1803	1785	807	816	1501	1579	1751	251	577	748	1114
1368	533	174	271	1793	1253	1244	346	134	635	750	730	1331	8	511	1262	469	179	52	190	1128	240	195	1089	804	1414	1717	1499	1577	1734	1442	272	372	450	434	1817	1298	602	1415	406	1338	740	541	1257	17	1454	275	1767	336	1816
1073	1643	1465	1320	1598	1805	1043	1764	263	1572	808	657	1635	460	1727	1666	227	1453	54	455	315	1210	830	1309	929	405	583	1094	202	1563	1381	192	1001	127	543	1103	1483	615	495	1611	238	1290	1587	781	1238	1216	1161	1725	980	1278
320	625	741	1676	415	734	388	1568	1010	1646	712	283	330	1745	100	244	1768	579	1679	71	1709	1603	1079	414	1361	1516	926	912	1269	463	1276	843	988	936	871	1054	338	776	22	200	484	1032	465	323	1689	423	1714	154	905	790
194	1383	1448	397	1044	880	867	318	364	1070	216	744	987	1808	1509	1243	783	784	1548	1576	1250	1306	1067	474	1031	1791	1090	899	608	117	1388	1106	605	1461	1574	1804	296	167	27	644	1636	1508	1196	395	1662	1449	80	1055	169	290
1333	817	121	1350	28	386	582	660	1750	439	458	768	682	1069	897	311	1191	1259	870	38	1600	1622	819	569	1601	683	1657	485	775	14	855	594	1302	302	1434	352	442	1735	301	588	1093	1555	1526	462	268	482	925	1538	1723	1476
642	1233	1757	2	105	1235	1382	182	758	1245	1038	40	1560	910	1123	947	847	1263	1029	1279	1575	1180	836	1645	989	1135	197	848	1119	367	1172	564	443	82	1802	1539	1656	184	974	866	191	1430	1272	278	64	410	1796	1528	151	1150
832	886	700	1467	949	1537	1052	932	404	909	1815	1085	1304	798	1754	1203	859	1091	1127	1112	539	165	1561	1592	1354	1120	703	618	991	1267	818	1097	1222	903	1726	667	1650	982	326	39	1772	92	114	235	472	1344	1715	764	687	258
1567	1716	1814	1661	780	85	1781	1217	928	1632	448	1113	1051	400	452	727	1786	1366	262	809	1621	1431	131	1493	1626	363	259	341	1355	153	229	502	1072	1145	270	766	553	1012	152	166	1342	1369	716	421	473	1099	1143	917	1236	164
1332	1258	978	508	1627	755	921	1440	1812	1061	1594	1296	276	1806	348	440	1273	693	45	1510	187	446	1049	441	918	1353	1266	1667	908	1506	369	385	246	931	1571	621	1691	431	361	1378	654	524	1479	1339	475	796	185	471	1352	1082
1348	1742	1042	506	1390	896	1303	1307	1778	1658	1678	23	731	1655	940	1374	514	95	1147	1326	1214	1496	1283	641	944	420	292	961	1027	489	628	914	1040	122	827	692	9	248	1287	1343	18	303	1133	84	765	850	193	590	1629	1553
1788	1121	1425	810	333	659	203	979	681	1033	1789	1584	299	525	874	1604	1810	1194	1280	772	761	1317	1762	130	1623	1698	1713	617	1165	789	643	53	788	111	1557	170	576	1394	476	354	1581	518	1590	881	794	684	242	218	1481	1391
738	261	1640	1659	901	1478	181	1665	725	183	613	1141	360	542	900	1701	580	763	551	128	1719	1359	288	1435	1247	48	825	1125	864	1265	10	603	286	34	656	678	373	1111	1468	50	1749	1156	215	260	1175	1169	854	726	676	1729
198	312	532	927	7	1159	970	562	540	499	972	1129	889	1783	1075	714	1297	560	822	356	1688	61	284	307	1438	1284	739	616	907	1220	125	150	1396	742	674	1404	1041	971	1633	486	277	1155	963	598	1760	1484	96	305	774	58
695	636	1340	210	1149	429	1289	1078	1419	1511	1411	1752	33	1498	1677	1463	351	298	1406	923	77	1558	1115	516	699	1242	1712	1543	876	118	102	826	1487	1392	1798	1794	1356	1436	1275	1673	221	1163	172	1585	74	447	1809	1427	1168	398
25	66	670	658	622	1446	759	417	862	840	868	895	632	94	1046	81	803	477	226	510	65	418	1612	160	1695	1107	15	838	144	957	1192	884	490	1512	1413	1248	408	1566	650	751	831	787	503	212	120	491	915	773	536	767
1056	976	1362	1642	1083	919	1334	483	1014	939	345	589	846	1532	1152	704	1401	201	396	1663	883	1505	1092	702	1393	243	222	1740	1137	1166	1652	1024	316	20	343	1015	604	1782	1389	1720	623	19	782	599	640	1118	445	1179	409	1398
1025	1790	399	724	1475	1460	1462	1102	1733	1432	849	1076	898	996	1006	941	1182	1412	1323	812	717	1515	1066	672	297	770	383	1795	1264	1421	1444	1609	136	291	1773	1670	911	1022	1201	1181	1607	937	606	1058	256	107	113	69	1570	1711
578	504	671	380	219	512	42	1741	206	1008	123	1520	593	375	21	1020	983	424	1053	648	1591	1108	666	1189	546	1363	1466	1365	517	719	281	1490	1517	1614	1387	1198	823	631	1100	924	1377	1059	254	1003	464	1477	722	614	389	520
1345	249	255	1703	0	133	690	1086	1021	294	891	1232	513	371	952	494	967	41	1682	1441	89	1541	324	436	544	161	649	1428	1409	1753	558	680	1410	479	1503	1219	1174	1028	1399	1403	1077	664	159	1325	1718	1488	224	701	427	688
189	1542	501	1556	135	1457	620	1744	547	209	145	1385	1545	269	1710	655	538	1239	1140	416	377	228	1507	715	1780	214	1074	1546	1593	619	1007	101	287	350	1095	1620	515	1416	1178	1319	309	1016	679	1738	381	1544	1529	893	280	1228
368	1224	626	1692	769	696	233	1649	1420	873	1599	1315	1329	1162	1651	574	273	349	879	639	1536	1731	1687	426	432	1132	948	1668	595	1634	1047	592	480	1586	1450	264	837	1736	267	950	411	973	662	1009	419	1739	1197	1554	313	985
955	1288	1771	1011	663	1173	1151	977	964	1080	46	1130	1327	566	969	1286	3	1675	1360	196	1705	359	1471	732	79	1063	1792	1578	638	487	35	685	1610	1026	841	746	1550	1458	677	1324	1186	888	1779	211	379	1321	993	721	1524	1065
762	1292	806	958	1423	568	143	60	1153	805	11	565	1552	523	393	88	522	1274	1755	878	37	591	207	1336	438	1230	1699	1660	29	709	178	1535	1696	97	1708	1774	1205	585	1195	549	706	1728	1694	1254	1639	1158	1452	1255	1316	1504
1777	1521	697	1164	1569	1797	1683	78	1071	1527	382	1533	279	630	1088	325	865	1799	887	295	93	1212	1813	1439	245	986	1418	1402	1775	220	1470	611	1534	1530	1669	1305	814	791	729	317	756	587	157	1746	537	839	265	691	665	353
1707	975	1422	129	1469	232	872	390	596	425	707	686	1229	882	384	1518	1513	1769	1101	1619	1199	1766	366	437	1672	26	735	833	1144	953	1437	173	1429	711	1625	1116	67	1443	737	500	1347	478	1349	1260	521	935	75	820	1	1686
757	1023	1037	1721	1223	535	126	1237	139	444	213	669	1110	1301	828	1456	401	1206	1747	531	1004	586	1154	913	645	1743	1455	319	584	1160	148	342	1256	1514	720	1017	743	59	55	1565	340	1690	534	282	237	821	171	1208	1700	488
945	12	1036	890	1644	230	31	1364	610	853	199	922	106	289	1277	1433	168	328	334	1185	1050	1693	1134	1628	1018	1582	1758	1375	322	815	355	5	177	1424	1087	1335	1285	407	496	1227	310	627	158	1105	581	1474	651	559	1523	70
449	1293	1784	962	1654	1330	951	394	824	863	73	1213	339	1386	1588	376	1674	466	1034	103	1341	1748	1706	753	1005	1653	938	1372	718	433	1624	844	1597	337	1251	119	829	109	344	1221	454	1801	1064	1314	1681	1447	942	529	1638	1322
555	422	990	116	710	1371	885	4	1299	68	723	997	16	1641	1631	1647	507	633	992	892	110	1492	1170	597	1497	904	1209	792	430	149	652	1308	777	845	1680	266	1684	869	689	1630	347	497	321	1573	412	358	374	954	413	998
646	72	1187	1384	519	285	933	1407	391	1485	802	902	943	468	1002	530	43	1500	1200	453	570	362	800	994	1489	920	1380	563	550	959	1225	1177	736	1211	875	1313	1124	1351	76	1271	653	852	1761	1472	745	1495	1724	156	567	1482
402	1618	1249	304	1671	856	1480	1445	1030	142	778	573	155	387	13	713	247	327	318	863	1332	210	1395	1412	874	513	567	400	656	1408	637	1276	671	1420	99	350	225	548	724	1525	277	1246	192	288	683	88	1374	1815	706	396
1581	1632	1548	1471	1386	85	211	588	622	849	911	1098	866	413	333	665	510	433	747	1053	523	687	392	1434	587	1719	626	1733	568	1316	1068	883	1327	807	1659	19	832	256	629	423	72	831	1276	117	382	260	924	859	970	121
29	105	303	910	862	237	89	606	1575	341	1222	548	1500	1793	1454	833	1280	1684	101	418	71	1457	922	812	788	1691	945	954	1042	1202	1165	1458	899	628	7	752	1279	531	180	1658	1670	1467	891	1568	1314	222	487	1798	1150	654
789	10	1344	1536	759	240	1129	1352	981	1268	373	177	152	636	564	1304	1608	1151	1558	936	1051	610	110	1214	1015	1455	992	569	1590	1043	306	1182	509	1451	489	682	107	1636	837	1191	131	1566	1071	1394	393	1085	1389	323	890	783
877	438	228	756	48	42	331	1215	912	1392	1173	254	1339	869	315	541	1298	529	1694	1722	1523	1083	1421	778	1014	709	396	971	193	578	1559	1149	191	1363	1167	2	1366	1146	1257	1571	1114	218	1808	1466	1094	1163	1640	143	503	723
810	505	1019	1797	769	1769	475	811	109	1814	823	1785	1496	1569	675	758	753	516	1778	327	590	1261	169	342	1097	938	99	655	1598	1629	1289	213	334	1414	348	1288	140	88	1290	39	1241	1402	1790	1196	1595	190	12	1696	1669	293
1103	644	5	1445	313	1510	488	710	816	1578	1723	1285	1606	1065	1630	767	858	1485	741	1570	407	1195	714	296	1745	1199	445	1714	1631	147	914	1184	93	1022	1704	56	521	1617	387	1220	1281	937	1207	1618	1727	860	202	186	615	40
660	563	1000	506	973	1016	1382	1154	638	1754	1582	977	1297	358	1278	586	276	738	800	170	1205	1753	962	1238	318	235	165	1349	95	288	442	1240	1750	1088	249	604	23	374	153	868	1474	1204	1179	900	639	1596	1478	1773	1395	1788
908	1579	295	1624	504	1528	1807	1069	77	1521	1378	1662	1576	1556	589	1728	1323	57	1508	1029	252	667	1050	613	596	1310	471	829	79	645	1734	679	1118	1359	1397	1634	0	1201	1539	1082	698	600	81	232	278	209	127	633	1369	791
695	178	1603	1522	241	163	502	1438	500	32	1680	920	787	336	402	985	347	554	1128	4	602	1562	1613	200	803	1450	338	1726	1350	1527	405	1429	194	1356	384	1586	678	1306	1095	989	1303	1695	490	1779	468	1647	166	963	846	1105
929	1358	1518	1254	1730	1177	116	691	1275	80	916	447	1229	485	379	680	225	824	1473	1018	974	631	253	666	1031	1294	969	476	1481	1432	168	1308	115	1667	1037	533	302	435	744	1224	624	1699	125	796	1235	1236	1059	784	28	1572
60	668	1110	119	735	376	108	632	1415	1661	643	1782	814	570	1058	581	640	1178	656	1396	1099	1296	305	128	247	1064	623	26	1251	446	717	1332	18	872	251	1115	1126	726	1472	1761	223	455	585	637	555	53	1057	1354	1517	978
1588	848	854	65	352	185	955	353	33	1685	1741	700	532	597	1803	1192	605	1093	1100	1189	995	1759	98	38	1377	1644	100	1343	215	964	91	1033	960	1615	1381	1525	1520	262	371	1305	601	271	1252	630	1338	1511	669	159	611	360
189	972	1560	1533	870	617	410	1027	1318	397	773	562	264	135	915	142	51	557	299	1469	478	350	733	865	878	843	583	113	1372	540	1333	1232	737	285	149	1119	635	181	1709	1106	1418	705	652	27	480	443	248	1594	1646	137
1720	863	1637	103	1086	1131	375	1253	1313	527	1176	1543	483	102	1483	173	1689	1384	75	1011	68	70	1092	111	300	243	1341	1628	1815	448	1140	1256	1233	731	430	1054	826	595	694	519	553	893	34	725	649	749	987	1648	1583	282
1141	1705	279	1107	1293	1682	1687	1172	268	572	297	454	36	412	157	1047	684	210	265	1712	722	1388	1228	206	1620	1234	956	1424	494	670	1284	44	298	311	724	281	1180	1001	495	1531	1045	461	1781	828	283	1506	809	1601	882	794
856	1028	1007	1255	1030	716	984	319	1491	1206	86	1616	16	324	763	1200	266	1039	432	1678	511	1544	1112	482	1567	994	1113	332	1330	1642	1574	310	1125	582	996	1657	1133	1166	1213	421	1074	948	470	894	226	272	1760	932	952	1425
592	151	1784	931	1156	1010	634	706	208	1231	1710	530	692	465	82	1380	176	1410	1477	549	520	61	1487	926	1399	11	466	1243	1702	1456	774	1355	1264	547	1546	1198	1444	1817	378	1460	270	1553	895	1604	406	1174	990	1084	905	1211
55	1715	1311	1	1749	112	1675	1340	1663	998	1407	711	1219	92	1116	988	307	150	1090	1142	1614	1417	1089	1619	939	898	839	874	818	1736	997	1036	1272	1170	1013	1317	512	909	1250	1542	1700	940	1132	1713	1721	1078	337	657	1360	314
542	728	852	1242	400	46	204	1673	1626	355	30	162	439	757	261	546	1686	782	130	1783	982	1770	980	301	24	1795	395	1493	408	1271	559	134	1246	1540	1611	1336	1698	576	1787	498	712	1138	1245	1072	1003	674	160	1335	238	1371
1587	993	1791	1549	792	1650	383	1499	52	1439	770	1428	1649	346	808	217	571	1060	464	1737	1244	1476	1622	233	1419	1073	918	1498	835	1545	607	786	359	1091	1109	574	1448	904	935	1505	1193	659	851	94	551	203	290	1117	556	74
650	1412	886	768	836	961	183	41	1693	713	184	1756	14	234	267	1524	1794	322	550	1062	118	902	1775	1639	1551	539	897	416	515	944	1168	1573	259	653	748	171	389	1758	524	221	66	69	1552	1462	1577	688	269	927	1801	1322
1468	1301	1104	1666	230	781	991	58	1461	593	1258	1443	328	179	1804	1161	609	1557	1375	385	1739	1061	884	167	1514	1717	1479	1357	381	459	903	161	1486	420	750	573	534	284	1223	1212	1049	139	642	745	975	1329	1188	847	499	457
1555	942	366	1315	686	1537	453	1452	1259	212	676	479	1326	1262	830	1237	967	1181	1813	136	1772	1108	460	689	651	775	431	175	73	274	999	702	685	1111	1158	1307	426	1731	953	195	188	1387	199	419	1026	326	598	1145	361	344
357	17	804	594	1653	1134	947	591	881	444	1453	1136	1044	641	1435	1364	365	1413	701	1515	1309	943	1638	1776	1169	440	1248	1004	888	957	250	1534	1127	681	1130	1079	1484	857	1635	1600	1777	1230	1008	1437	861	1751	1513	813	1708	906
1040	1373	673	242	1599	1390	192	1009	207	917	462	751	844	579	1605	414	198	1286	1668	1408	289	201	21	1411	1006	1321	380	1612	1664	646	853	1345	1509	339	614	941	930	946	345	1447	1780	518	401	1561	1532	369	1641	1052	474	354
1480	1032	343	620	1554	1144	901	368	1433	1690	1208	1046	1746	1706	817	799	1654	1489	1101	1811	525	1157	1124	1475	67	50	1096	693	845	429	308	1593	1805	766	1748	463	257	1580	875	1591	317	245	1516	616	508	1584	513	776	565	1160
528	1197	1076	320	1747	1774	255	403	1287	1763	227	1765	138	907	1757	968	921	1041	1385	1762	340	484	294	1422	647	1038	535	1672	743	1526	923	312	501	543	575	696	367	560	388	1488	129	1081	840	880	493	1564	280	335	721	1269
144	1809	491	8	552	187	231	467	1342	742	1283	1393	1743	292	97	1270	662	1217	1799	1786	1610	3	1459	1718	120	452	441	124	949	1383	78	1470	155	934	62	239	1203	1671	1563	9	1541	873	1431	1137	1164	64	1767	822	699	1171
1442	197	771	22	1152	1701	492	621	1674	1800	965	1538	1148	1735	608	777	1210	141	1589	1247	1440	1764	1075	707	205	1625	683	1282	450	1239	795	422	1423	1501	1796	1519	472	1379	90	148	424	96	739	1155	925	104	45	983	1334	959
1370	1742	1771	889	214	390	740	287	806	1277	182	727	1436	1789	913	1406	1376	1291	842	1292	1529	1409	838	123	958	979	1740	871	229	793	801	1816	1266	1482	1348	132	291	158	1585	1367	63	1427	1547	754	879	1755	1102	885	146	1665
514	1139	1768	133	864	417	1319	330	850	87	790	309	1463	258	1724	1502	1651	887	329	47	805	1320	1507	1688	761	1679	815	1005	1405	1147	1633	304	1209	6	411	427	404	1403	950	1592	13	1398	437	156	986	1300	473	1732	1122	1066
1260	1400	20	1067	1328	106	364	321	496	174	1221	1186	1627	661	584	370	867	1683	1401	1273	1792	83	363	1324	486	1227	15	537	1692	819	1716	779	896	1621	1492	580	627	1302	1216	1362	1744	734	428	1681	1143	599	802	1711	436	1063
1446	1707	224	1655	1806	1159	372	1337	1012	1597	1426	1353	1021	1153	928	196	1123	697	469	1190	43	1441	1703	25	1267	780	1512	1449	536	154	434	316	1677	1602	481	1530	1249	1420	746	31	1725	1048	1368	827	1299	1643	122	772	764	377
1391	1347	216	1766	286	1025	671	1404	765	172	755	820	1645	544	1346	951	720	664	458	834	362	164	1802	1607	1729	277	1194	1020	1374	1055	704	677	145	612	517	1312	1263	762	729	561	1609	425	1056	76	263	1494	1550	244	625	1225
933	126	1416	798	114	690	577	399	663	273	1070	718	1077	855	545	220	449	325	456	1812	1024	538	1017	1218	658	919	1676	497	236	566	1535	1331	1351	966	246	1697	567	603	526	351	797	391	1660	821	1623	1295	1120	1490	394	558
715	976	1464	1226	507	1002	1183	736	477	522	1497	1810	1325	719	1035	386	37	409	703	1023	708	349	1187	1361	1503	732	1565	785	876	619	49	1274	648	59	1430	1495	1265	1504	825	398	1135	54	1080	275	672	1185	219	1175	356	841
451	1738	730	1121	1656	760	1034	84	892	35	1162	618	1465	1087	1365	415	1752	1652	1370	440	555	627	56	1198	1649	1158	1410	349	443	803	909	1097	265	160	607	1753	1614	1404	430	1317	1330	716	3	919	1486	923	206	236	1690	1321
513	77	21	302	268	921	825	1150	1656	899	1234	185	756	583	2	1126	258	654	1383	782	1738	1591	90	1112	95	905	132	385	357	1744	1537	1023	410	528	175	328	473	1180	379	1088	72	1606	102	689	106	1369	967	271	1143	159
1403	847	1497	1260	1750	100	1628	761	182	152	1044	169	1754	1425	218	1722	153	332	301	1502	120	947	1371	1557	642	1451	186	1519	1321	988	755	742	531	1665	373	946	1454	521	1760	750	63	1618	435	1284	961	27	441	1420	1632	380
0	431	748	832	908	1315	576	1105	417	181	309	199	894	390	420	1524	1437	1436	267	1222	1171	996	1597	933	261	1746	1814	1310	1279	538	142	958	1283	1797	815	1396	207	1278	409	1154	1333	767	250	38	13	1565	318	665	1277	901
1576	23	1287	190	1288	1579	1347	382	183	975	504	279	1070	1783	1039	1684	1701	727	571	739	1710	1255	187	1424	202	1433	1194	148	87	1096	395	884	1356	1117	1427	559	205	625	1181	170	113	1411	1800	1713	1125	1734	1590	1200	900	1170
320	678	981	1327	888	280	362	1162	1220	673	1473	160	266	890	581	751	1551	1671	722	957	1017	1405	1566	242	322	1691	1022	386	860	1408	1093	239	1167	1291	1724	300	3	1375	404	1559	1756	565	1815	1121	913	1635	911	647	477	1803
737	1444	764	1227	1241	1151	1155	738	1029	617	984	399	942	1504	570	1431	134	945	439	1264	1342	713	1323	644	162	1362	1051	1172	546	862	512	1010	365	872	116	1558	1450	608	1481	760	566	80	640	516	1102	1063	1108	191	367	1758
1613	1614	1084	779	797	1221	595	1014	1135	275	307	333	966	1813	108	479	1267	349	853	1512	551	577	535	264	155	59	1681	680	1763	60	281	1027	959	262	200	1252	858	1641	903	1598	1271	1325	1015	19	1588	1462	792	246	778	949
1719	674	107	944	1584	310	1503	1550	137	1623	626	253	953	1083	358	1099	1122	1465	754	1367	859	1457	1574	1732	823	624	848	1280	1266	833	49	965	1667	238	1028	1636	372	766	793	1257	184	974	1397	1203	1043	1545	1166	1501	1470	1127
1190	1544	1235	1193	795	999	1399	158	1696	1510	914	315	231	1466	1600	53	448	277	1768	1231	389	970	1609	569	1807	1223	1555	468	919	1620	126	146	296	668	879	1769	514	525	683	920	1385	416	1281	1711	943	1263	1726	556	806	1790
634	1554	1464	1077	229	657	240	1548	104	54	167	1644	573	1676	1350	259	601	68	1156	698	424	1176	285	1528	1580	321	1349	436	1299	208	1721	718	164	776	255	1560	554	467	1547	1012	837	1024	1475	985	880	499	1300	719	1596	529
1230	813	1372	1533	316	1316	561	1761	1368	1688	1619	28	450	526	1120	384	1646	329	1689	1500	1249	1683	1285	627	805	1779	1184	1392	413	331	1328	50	1673	1650	299	810	971	195	1113	403	1393	1543	1134	895	1647	1035	1742	1484	189	1331
496	18	753	66	447	1440	1305	1621	1675	511	924	789	1360	724	251	492	1189	1706	524	1345	1692	1157	585	1373	1025	1275	272	1339	845	408	1455	276	1778	591	1720	248	1334	564	1575	638	226	141	474	938	1729	605	906	669	593	1607
868	1589	1700	1472	194	1224	532	469	1270	25	173	75	736	909	1073	129	1662	579	1273	1679	461	807	1244	1366	86	1298	220	1031	1191	257	376	1748	659	672	1680	476	553	962	221	1338	323	1311	711	411	344	544	1208	809	1553	871
247	256	1294	557	522	598	1755	741	371	1213	456	156	1467	81	927	1725	701	968	1359	1412	788	478	1355	1666	1441	1578	619	1816	1282	1802	1712	1456	1205	1352	1801	1256	1182	1438	881	611	1699	1079	210	688	497	558	1324	400	1697	103
1390	498	869	347	699	1735	69	734	398	109	466	1363	449	1765	117	30	78	58	1631	1526	1289	1174	438	1082	852	1145	1642	1188	502	929	562	1736	677	552	799	706	33	1572	407	1312	882	426	1286	1317	715	451	941	964	252	982
368	536	421	700	214	610	1799	973	667	1041	1792	488	633	1215	1506	352	1753	1004	693	306	926	455	639	907	319	1542	57	655	1608	343	1561	124	710	440	1055	590	1593	176	940	430	418	168	850	991	1552	297	1361	549	361	1784
1406	1140	15	1654	1186	1381	481	979	110	1253	1549	1625	896	1787	976	1423	1308	460	972	1443	1040	690	963	844	597	1745	730	1177	1482	875	588	1637	283	987	44	572	830	1531	1775	93	1796	151	1216	632	1379	726	1817	325	1421	235
1489	811	804	694	1759	580	359	432	149	1715	1686	150	295	992	582	527	1295	1124	515	1400	1211	790	523	1179	1518	1114	1259	723	40	1201	138	517	814	1670	1019	1020	602	1616	716	1603	1491	1036	980	1474	774	952	1386	887	1160	1529
1648	1103	39	427	489	1426	1520	1006	1045	1404	917	777	983	1214	609	707	886	1798	225	812	646	770	415	1749	82	241	370	1293	636	1562	997	518	747	818	616	878	1240	383	16	20	495	1332	1115	1707	932	912	1767	1129	442	1394
1236	1469	1138	9	360	1643	757	637	1395	188	717	631	935	752	629	1587	867	709	1663	505	311	1197	898	824	338	1242	1505	877	369	1698	1344	1226	73	784	22	749	1	819	1336	838	889	459	1527	1741	555	772	1364	1250	375	1303
260	1728	934	732	831	563	1611	1717	856	1326	1546	1139	653	278	179	1626	292	1556	293	397	1137	1539	234	1050	874	902	798	1595	827	1123	1290	621	470	1389	1774	781	939	1034	663	1142	1624	74	1243	215	1128	904	656	1458	990	731
17	1091	567	326	843	1116	1376	1687	290	350	533	1811	1173	65	910	866	180	1786	1047	377	42	1219	1056	1111	263	733	1322	1630	401	428	1341	1459	94	222	35	1708	1307	998	1651	1660	130	801	1192	136	891	209	346	775	550	446
1777	1199	274	1788	1695	1704	1515	1005	1094	679	725	1309	391	128	1511	227	1476	765	99	1499	1132	604	1737	839	1702	177	122	76	1781	1488	948	423	1509	1594	1652	1147	740	1634	1752	1617	681	1739	1378	425	345	1046	1496	330	783	1479
1672	599	841	822	192	574	1669	829	956	353	1409	1416	545	1776	1354	1791	1268	1057	1061	1407	1119	600	1530	1144	111	1452	1089	1805	1563	836	144	1335	166	1207	115	402	692	951	1037	1382	1468	666	664	337	1809	196	1377	327	1109	1003
1570	392	354	356	1810	1246	45	445	1541	118	915	575	808	1217	1164	506	821	1074	1059	471	429	1446	269	1247	1410	1661	1577	1766	1149	540	458	29	335	1187	348	324	1716	1808	406	201	273	1581	1030	135	1435	930	1682	876	606	800
855	55	1175	918	491	1743	70	1183	1351	1414	769	1605	490	1097	864	1657	1640	244	1095	101	1430	1516	1018	828	7	453	171	482	1573	612	1026	228	543	1740	854	1052	1668	686	1357	1487	1490	1195	1158	1304	36	1065	1417	786	1508	1627
1228	32	613	287	341	1521	1078	475	1612	1718	334	163	444	487	728	925	14	1678	1677	509	696	145	1770	1330	758	172	870	1329	1564	1261	1141	206	1432	826	197	1146	1163	1343	660	1388	1087	1601	1239	1086	1071	1081	1789	721	41	133
1076	735	157	1622	628	1733	568	1685	286	284	351	1008	1374	851	791	48	1348	1209	1062	541	994	79	618	714	1428	486	1269	1429	670	1198	1292	1703	986	1398	1387	1238	388	695	500	127	955	1225	1136	1159	592	342	140	1534	641	1582
704	530	366	317	1413	282	682	414	1320	1517	1664	1604	1118	745	916	1795	578	954	635	224	596	1771	1535	396	1337	154	1262	623	198	1314	589	503	928	61	1804	1258	1092	923	661	1302	43	84	131	1131	537	1629	339	88	71	387
708	1301	1780	773	454	587	211	802	648	1358	794	6	893	1649	771	676	1206	91	1653	1384	1133	11	1485	8	243	304	684	412	816	1042	1764	98	254	1168	768	744	1016	1569	64	547	303	265	217	484	203	245	1730	1415	5	1401
1633	67	883	1523	1507	1448	1694	97	1514	1009	649	85	294	969	865	560	762	1001	1265	289	237	422	1615	857	1038	1068	1536	1723	1463	493	507	24	1494	26	462	1812	233	1773	1080	1248	313	1638	584	1196	121	1793	52	1013	873	651
720	1486	1185	92	494	702	1002	1391	1178	212	539	705	37	230	1067	785	56	112	1453	1313	1296	1274	586	1085	697	780	114	1658	125	803	1402	161	607	1106	743	1434	501	314	1447	1021	1571	1100	1585	1659	394	687	840	1212	863	1806
216	340	1522	1210	703	1693	977	232	835	1254	1492	165	534	892	1090	817	378	1471	1011	1066	463	620	1483	457	47	1165	105	298	1104	796	364	1782	1610	434	759	993	1586	614	834	1152	1655	1229	174	405	89	1007	147	1583	1772	978
1318	1340	652	355	291	1233	249	622	1319	51	1161	1069	1480	1370	483	1538	885	1380	443	1272	989	603	542	615	1419	437	31	204	643	336	213	846	1365	270	685	143	1567	1306	1049	842	374	1674	1460	1709	1714	1762	464	1747	12	691
34	363	1245	763	393	931	4	1442	452	936	1602	1513	1048	1525	312	1599	849	1033	937	219	1110	236	960	922	729	1101	10	1705	787	662	820	1148	1000	650	1107	1794	62	1445	594	223	520	671	1276	381	519	123	645	712	658	1064
1461	1098	1568	1493	193	548	1202	1218	1072	1353	510	480	1058	465	1751	508	308	1540	675	1449	1495	178	1053	1690	1232	1237	1032	1169	1478	1639	433	950	861	897	119	83	1130	419	472	1060	1592	1346	1075	46	1204	288	1439	1054	1498	1532
485	1785	1645	139	1251	1418	1757	1477	1422	995	746	1731	305	1153	1297	630	1727	96	422	1610	1011	1549	117	1328	1040	1472	417	1764	1636	967	1624	1677	934	893	77	1529	551	1184	845	1295	106	222	1203	156	601	946	1007	153	300	1327
1719	1681	172	1477	1536	369	282	284	1257	389	690	431	650	706	675	586	1301	253	1758	1517	552	1807	754	1289	48	984	881	8	1148	803	1401	1164	616	787	968	297	646	1541	142	840	1063	76	1479	105	170	459	1624	958	1135	1471
739	403	1743	445	1691	1426	414	1280	1683	293	441	1569	190	348	1078	30	143	1234	1016	618	717	1399	798	1440	1694	1133	1651	1017	865	1202	1404	620	1343	1284	249	1363	23	1462	1568	1334	1701	1336	1754	747	551	1737	1070	1587	922	1444
110	666	1057	1193	149	549	930	893	292	698	327	1104	437	1163	809	621	226	410	1344	1048	1153	764	243	626	349	1424	233	457	1653	234	167	1512	392	509	560	1666	310	630	1035	1321	1483	1382	1359	487	1267	1242	481	619	1525	334
858	1330	378	1514	1060	458	848	1258	1619	1195	1560	1020	1276	674	464	1383	1086	1456	695	1555	1804	1288	702	1296	207	121	1046	1009	659	1600	1783	1215	101	55	853	517	21	1145	570	1422	359	682	755	651	631	684	1370	257	1453	320
1558	1799	1486	460	235	1447	1772	1347	424	1206	1302	1684	524	598	265	1130	1612	1643	828	1041	309	1156	135	1113	199	980	1067	271	1777	843	1664	944	479	868	1523	998	1029	225	1011	250	1620	1544	415	1378	1377	759	520	433	1652	1139
224	1432	259	899	537	1251	1127	120	1225	1633	946	1623	852	1033	337	432	1415	473	891	1392	1693	844	318	1430	203	1043	301	1137	1528	1375	1518	472	1381	113	261	1575	1500	396	1292	1678	1338	218	276	642	1689	400	304	1294	303	1711
912	1621	483	1709	1792	68	1734	1372	136	1636	1467	680	355	1120	743	1055	90	1253	1603	959	255	577	1505	1639	955	1660	368	471	323	112	1110	1059	723	726	114	855	1376	574	686	122	700	447	1696	1226	1434	128	634	1614	1522	817
699	266	951	1278	214	677	197	640	701	1591	1720	1386	223	847	781	125	1706	1180	939	1021	1543	624	1433	1096	1273	1521	315	497	653	1715	835	154	1402	504	1307	210	906	1427	784	367	1265	20	1581	1209	38	166	1121	144	245	532
186	588	1366	1630	1149	665	1578	1723	1227	1308	566	240	1770	506	1457	873	232	1605	866	1286	1459	499	1222	379	1172	1006	209	417	632	312	1084	1501	990	185	1793	1470	1303	854	571	892	1480	1212	895	925	26	512	288	1419	1189	1668
56	1458	1053	1538	778	1314	558	1795	883	1549	399	405	1641	808	1667	1552	928	1384	216	936	183	35	510	795	1332	1151	165	790	1773	476	796	1247	1089	1813	1056	741	196	1712	502	970	1450	1129	4	335	74	884	1752	1170	345	7
13	1446	1065	530	1306	863	1269	1665	289	658	238	767	86	788	373	776	1183	1817	134	580	1181	1708	1797	612	1004	703	83	1311	773	357	1588	66	668	1515	404	1610	547	18	341	1061	1647	202	1128	299	140	823	1534	766	763	1567
1704	492	1101	1731	977	729	1008	1116	1648	45	28	1319	302	911	521	1443	1659	1761	44	1802	600	361	573	827	1150	406	1728	27	178	644	591	1713	793	689	1224	1675	1396	965	290	1388	3	1190	943	1012	613	672	117	1606	291	1304
1741	1468	1123	746	443	480	669	1333	444	181	1028	1185	1749	662	1485	971	1765	1461	830	716	599	983	542	1655	338	641	880	1196	212	638	1264	890	1287	1003	1487	1455	1119	829	842	987	1510	451	123	150	1146	1241	470	1811	982	342
137	1497	1387	455	825	779	1179	657	1674	1650	1787	1022	162	565	1805	1454	622	1784	1237	346	611	366	124	1539	60	189	449	933	168	878	95	986	904	1428	1688	887	353	251	187	667	606	1692	816	1699	1642	262	383	718	652	1670
1814	732	1218	307	1786	1175	1188	831	264	1216	308	227	735	1644	285	173	785	791	909	1764	453	0	413	1331	876	1114	742	1767	159	864	1526	1030	1095	733	1369	93	1324	1398	381	252	1791	758	1658	63	382	1661	1097	1299	851	340
1673	1637	846	1027	1245	1735	1092	354	333	932	423	1109	1615	1312	448	350	1721	996	814	801	1413	75	813	705	562	204	1351	1732	388	1100	1354	375	463	714	294	1559	886	1024	956	1165	907	1586	484	867	1125	850	1421	553	300	715
80	1478	507	500	978	1580	772	1066	1390	1494	518	643	272	1781	720	1374	727	1790	719	1800	645	1492	833	280	1745	1556	988	1475	1050	1418	1207	1134	1716	69	427	623	1283	525	681	1504	1373	450	995	546	1410	508	1435	1778	1503	821
468	1464	107	157	1592	1595	1768	905	938	962	953	1607	1759	1111	1176	1352	283	407	467	488	869	1112	1072	1281	960	36	1769	1507	477	1632	1672	71	1192	792	1255	807	708	981	917	1132	713	999	780	1342	761	615	78	1654	1682	495
11	1186	1045	182	1409	16	519	1335	915	1531	845	1535	937	313	1570	1371	696	728	332	1625	1582	1812	1177	1763	1431	1090	837	213	587	973	1629	924	1657	322	1261	528	501	1718	1037	1073	1780	527	258	629	374	1364	416	131	1463	1013
