0,0
1195	212	957	1921	948	562	36	69	1009	631	1753	1116	1694	1876	1102	1786	1231	1456	372	564	435	426	1283	1191	1479	94	1318	1201	359	2003	576	1726	1887	96	1889	1401	1003	1563	510	1214	1058	1172	1343	1507	539	1600	35	428	1704	1777
1910	37	1620	752	960	1329	1917	1901	85	874	153	270	582	829	1916	1307	663	784	1679	1542	1002	968	345	1524	1626	27	233	470	619	130	621	1084	1181	1931	195	729	794	1503	819	1860	1528	176	1303	1964	1156	1622	872	1579	1357	318
1854	1970	798	491	1605	1908	1041	1647	379	609	1853	332	1457	67	637	1718	898	1733	1834	245	110	691	1814	854	145	115	1940	329	248	440	1197	946	1688	1799	230	661	1838	1186	811	1790	317	665	1171	817	1422	1144	174	1455	1126	1662
10	1548	1464	1674	1298	966	1907	437	869	163	1634	563	809	577	1937	1871	773	739	693	1235	1531	660	1359	1879	1590	1290	1026	537	839	1878	203	1913	264	1846	598	893	1117	97	370	953	202	1333	1449	339	890	1000	1476	1763	567	315
304	1079	369	1998	775	120	886	335	1551	593	2013	1085	840	108	344	692	1624	1654	191	1627	725	31	822	484	992	1054	1521	1663	1022	1886	1837	1375	423	1698	452	1176	361	1183	529	1992	604	1265	611	805	1762	588	1313	95	217	731
601	2000	1242	287	1050	1952	349	1807	738	211	614	101	60	1950	1706	1166	1848	307	1369	29	1743	143	1588	1731	734	1467	1602	1497	1061	1196	643	24	277	454	603	123	235	64	882	1450	1565	1935	1205	823	799	1619	1678	1943	1980	705
1866	1308	348	612	1658	1425	935	1304	463	1546	596	367	342	1717	1754	1162	1609	828	1523	679	1160	707	1059	1813	1355	1347	449	1685	1158	74	47	1926	1538	1708	803	79	744	1693	1133	417	56	756	242	1109	48	334	1243	299	1418	891
1049	475	1	102	1441	689	1088	267	1899	772	375	697	999	761	1331	274	205	981	244	1284	964	1358	1321	1829	1855	941	471	994	855	608	1672	1558	220	142	1686	995	1392	1469	326	1232	1187	1129	427	1124	1332	1377	1582	68	1300	1809
1064	838	1798	1942	1221	1288	842	1525	225	507	278	1174	1297	1716	131	1511	1825	845	414	1839	494	1092	6	11	915	973	841	1636	28	769	833	887	1649	337	1747	657	951	1014	418	1152	1723	558	920	188	524	1094	312	815	633	1870
429	883	810	1851	1379	778	500	1974	1423	1398	1637	1567	1755	384	125	2006	218	112	1768	505	1391	512	750	658	1633	1337	767	863	1068	1150	126	565	1852	1382	481	1730	1380	1751	696	579	1430	34	949	273	1215	1973	301	1956	566	1981
1167	1820	146	1925	87	758	1219	1865	617	962	16	860	909	832	965	685	764	124	1177	1226	779	788	638	1432	936	1074	1677	1046	684	336	383	963	1811	831	1491	385	1827	1963	243	613	1274	1779	458	450	366	398	133	1902	1005	1836
1721	1975	1778	1720	1153	7	1559	518	1480	907	945	1968	1452	1439	392	109	171	403	378	234	2012	1840	1499	1570	1500	531	735	1900	1475	1122	528	1143	1234	932	703	555	1155	75	589	1404	1414	1796	879	1438	618	1104	45	1365	190	1944
952	895	321	866	835	196	708	1976	695	996	1847	1053	1608	721	1255	1198	1048	73	984	39	1516	997	1934	1576	1915	1572	2017	1725	1241	1277	1519	1108	1323	669	827	844	1018	413	118	1661	1437	2001	1617	636	1668	303	175	571	1982	323
1295	354	1112	871	666	591	1216	298	2005	970	1093	1961	43	1040	228	247	986	667	1030	1553	194	1301	774	237	1339	1031	1207	114	1025	861	792	955	1515	1965	486	1373	1253	261	930	222	1462	906	1644	1595	781	1035	730	1918	1724	1841
880	533	800	1540	474	1055	1872	544	1761	33	1178	1179	1254	1220	1139	1699	181	421	1324	501	223	489	23	1114	573	1420	1882	1163	1752	1410	1192	1844	1584	1148	700	1517	1311	615	1062	78	179	654	1800	1891	1643	1408	942	226	616	922
1185	121	72	870	483	1322	511	1924	1211	1145	1080	520	1246	1750	808	1875	2016	916	1051	881	1639	1930	1729	1468	1612	1099	991	961	216	1757	1562	897	1673	1227	1996	325	1655	139	271	147	580	1770	1470	1128	821	1189	1666	795	1256	1346
1890	754	1200	1056	445	1735	387	1745	1533	1873	305	1843	559	668	3	1711	720	1161	1660	1727	649	447	492	572	1405	900	104	363	1082	939	1137	1740	896	1338	1581	846	1407	1208	1806	1431	924	816	1350	532	1748	1638	22	164	1268	1722
742	786	1249	1448	1461	381	1111	1394	824	151	514	1583	461	1537	1264	365	1903	172	1474	513	1199	229	1273	1413	1604	1650	980	1641	904	80	1083	1629	1592	438	157	479	186	899	763	1212	1804	802	1832	1513	1929	1473	722	177	197	1217
1363	1845	719	1597	1738	1063	1466	1319	1646	1817	850	341	1429	1742	482	1151	723	1276	397	498	704	431	699	1352	1349	300	1594	276	282	358	1789	706	52	718	1793	441	1896	1302	820	2004	467	2019	411	678	1623	1175	1292	373	20	1948
152	1659	1904	982	776	1245	1263	41	1257	1816	1532	857	1826	1044	1858	280	495	173	1326	1946	954	550	439	1625	51	1399	425	894	1719	876	1818	1164	990	224	1914	1335	294	625	538	1042	1810	76	1115	30	204	1999	1680	180	647	1783
672	420	1955	199	1881	1510	122	496	525	1830	213	1131	1756	1675	255	546	106	1628	1019	1067	1787	1465	688	1272	1764	238	374	1403	1792	859	1815	789	419	858	843	1734	442	1927	940	82	521	1741	976	1669	1081	1007	416	1076	169	1016
751	1309	1534	1203	1962	1928	793	1173	240	1090	1012	1611	1788	1427	590	1560	1426	236	399	284	2002	554	155	477	1328	1157	1436	215	748	1797	979	140	903	1957	1506	987	410	302	253	249	1330	1596	393	1305	958	88	1794	1831	910	989
782	250	99	1218	1599	1481	1985	1086	1034	193	1709	1285	504	1351	1687	116	434	443	1069	745	526	1812	53	132	1252	682	873	1428	1008	683	1589	141	508	905	1015	1247	1202	1269	908	57	285	1493	884	1013	138	646	1603	812	933	92
1606	712	135	1710	1920	448	1618	687	1411	1568	1370	1577	1683	1138	1775	386	1737	65	1656	262	292	1667	1259	1758	1266	1029	12	1989	1785	711	1958	675	1664	716	1593	9	408	1100	1874	1057	628	42	1802	1353	1101	8	1652	1442	741	868
192	353	1951	444	1396	1544	1141	487	569	499	49	622	1036	1939	1512	1193	1671	548	585	912	430	545	259	807	530	1586	1561	170	702	252	911	1435	602	1972	1549	971	260	322	867	1118	635	473	629	351	709	931	1087	1682	83	664
457	1573	357	254	161	1140	1238	1564	19	1947	485	263	1909	167	295	1585	584	549	969	100	1630	592	84	1184	519	456	1736	1993	1616	768	1471	578	547	1316	1317	293	1868	726	1123	1695	804	1320	415	1261	1894	1132	770	743	1385	988
1856	1342	673	698	1453	2020	1190	1278	1402	1378	993	1165	1971	913	183	517	834	878	983	1508	568	950	1821	1434	639	1293	184	309	198	1415	1286	1348	1535	1610	1416	1244	1296	389	1486	814	159	1071	790	166	1490	1691	1893	681	610	623
1504	1702	1496	1045	1781	1334	536	791	594	1089	1766	460	1714	272	200	311	1052	1696	1188	581	1023	1121	937	1017	2018	1154	836	402	1670	1120	352	1877	1850	1248	1327	943	1487	1543	1703	1642	1895	1134	21	1194	1933	1096	1922	1239	1004	388
1774	105	1869	91	740	771	626	1801	1367	1977	853	156	1341	1281	1555	967	466	1443	1744	1223	1024	497	1395	86	1251	396	257	1776	849	1306	231	1260	462	1857	1863	1631	407	1028	1262	1833	296	1941	1424	1712	1932	1571	1509	1282	478	1001
503	107	765	934	377	70	1105	1676	390	424	1213	333	1459	1987	728	1371	641	862	1472	1819	1142	1360	154	1697	600	1990	1739	136	50	864	753	1601	1728	241	757	1657	98	1805	451	1864	583	1107	1979	405	956	634	694	61	1170	400
162	59	1011	306	1027	316	759	1653	676	1354	1070	651	119	210	509	523	1700	266	570	1835	129	279	522	81	926	1460	888	14	469	178	947	1314	620	1988	111	677	1135	468	1690	1038	214	1991	327	160	476	2008	1482	26	1823	1912
182	1039	25	275	1760	1645	901	1598	1073	885	1463	38	848	1591	1954	586	1746	382	465	343	1867	1336	1862	66	1229	1518	338	1250	1505	642	289	433	148	852	1502	1325	686	227	724	149	1236	975	1125	2014	1310	605	587	1356	737	488
1614	659	1433	1047	1386	113	1635	1824	308	1967	265	1791	320	1389	560	1574	1945	1209	1446	851	63	889	1541	144	219	1960	837	928	1885	650	1484	58	1772	2	208	1969	599	938	1501	251	391	1529	1299	1372	1130	541	1767	959	1222	17
542	1784	1010	575	281	1376	1280	1113	1665	1556	1383	187	207	165	1312	927	892	246	269	1640	1859	288	1621	830	1182	1275	1536	1060	394	701	977	297	1043	978	310	553	1291	1136	291	632	1315	1898	1919	787	918	644	714	1906	189	710
1271	5	1684	1587	1986	925	1169	1495	1228	515	1384	1421	826	1340	432	453	1557	847	362	1230	1959	127	561	1575	209	314	1447	331	656	552	404	806	1498	368	1759	1225	1066	902	1412	117	493	1294	324	556	0	1033	55	1923	1127	1938
455	1897	595	1849	1953	717	875	319	1409	1580	2011	1458	18	813	1400	1983	1210	1110	350	1527	46	168	674	944	340	221	1936	436	1483	1978	1514	627	998	1530	258	137	330	376	1006	1478	158	1732	972	1204	1545	1795	32	150	1287	777
103	347	551	540	1374	727	516	929	1705	1037	1237	1489	206	1689	985	2015	1566	877	1279	412	328	1749	648	1607	346	1771	1451	1861	680	2007	1765	736	1707	607	917	1803	1445	1494	1651	459	1773	1397	1072	1994	506	1613	1782	1911	1106	923
355	1119	446	1091	1632	534	766	422	380	1780	201	1381	671	128	1168	1020	401	1233	286	1522	268	90	1065	464	1769	1361	1440	1883	1258	1390	921	1077	690	785	1267	1103	1075	1550	1648	1362	1364	1808	797	1539	535	914	640	1701	713	557
818	865	747	313	749	1578	232	364	1615	185	1526	62	480	732	780	624	1547	662	746	597	1270	134	1021	655	856	1485	783	360	290	1206	1388	1842	1880	2010	71	4	645	44	472	1888	762	1492	801	796	715	1159	1454	1681	1419	1995
1095	630	1488	1966	15	1417	1240	1098	1692	1997	760	606	919	406	1984	93	1554	283	1828	825	543	1345	652	89	670	1822	1366	1884	653	1406	409	755	13	1477	77	1078	1715	1713	974	1892	1224	1569	574	1146	1387	1368	54	395	239	356
1552	371	1444	502	40	490	256	1097	1032	1905	1949	1520	733	2009	1180	1147	1393	1344	527	1149	1289	1594	64	1021	1215	1802	1360	1003	1849	222	1561	53	346	1714	396	91	1589	2017	710	170	1540	2011	341	1670	132	1460	1009	1284	1302	1519
444	1809	133	1302	7	1611	1276	914	1854	1941	474	1463	1703	1517	1759	1633	1183	1746	502	1184	1986	1803	1134	711	950	452	1832	445	762	1320	1642	1705	933	998	720	1326	1015	1542	29	1114	1720	1958	1550	1217	1787	1396	145	341	1135	1511
845	58	1253	378	536	48	1956	409	771	9	1461	1148	1264	1762	190	641	1730	957	263	1146	43	647	688	1742	794	477	693	973	106	1552	1032	238	242	449	1361	978	1372	1837	970	801	1806	1208	254	734	1293	1783	533	937	515	1153
906	364	1109	1113	599	653	1324	1667	1089	1744	1697	745	1683	597	1231	506	852	1792	1011	1929	1368	1532	1547	792	1636	958	1945	196	1204	916	1296	828	785	66	1047	1132	1019	1182	294	81	660	184	1408	1476	1144	31	124	189	830	709
1398	1769	592	1506	1680	267	1457	116	1157	1717	612	1050	767	454	679	644	273	384	1872	582	588	181	887	1988	1599	577	528	1321	885	90	1170	1127	1899	2005	436	1533	655	204	130	135	1152	698	632	673	420	777	1477	412	725	487
1776	1539	1575	161	747	987	1166	1119	298	170	475	1991	729	683	1128	1896	27	51	827	1580	1875	1055	566	1710	784	790	1300	723	1577	1087	661	1383	995	1894	470	4	810	432	1078	740	1585	1008	1106	1425	1331	844	1458	1566	1921	1535
888	1069	1211	1524	1786	613	1616	1409	1509	1518	1748	1307	919	1214	1299	422	521	40	60	141	621	1478	166	1890	1750	889	540	357	1824	1438	15	1982	16	1158	98	22	1889	701	1568	1558	88	562	1289	736	838	909	1485	1855	1903	749
608	159	1848	622	80	900	134	999	1205	1808	662	339	686	1314	666	1605	1378	381	344	203	1030	1732	690	1014	976	1160	1377	1677	342	775	366	146	1437	776	386	346	511	516	164	883	1877	1325	1141	1263	1363	605	464	755	1257	668
389	1020	1811	884	514	1728	1280	1364	300	869	1054	928	363	1864	1953	652	149	1770	793	1079	560	864	1370	1543	1500	1601	1145	547	936	302	155	1082	1818	1779	1522	1570	716	1603	311	333	497	108	140	952	65	430	609	1950	731	369
1544	873	1143	416	1009	1796	559	691	1507	1886	168	1826	97	117	2014	1722	1423	91	637	404	518	1100	209	1065	1629	1540	328	738	1905	966	1993	424	1657	1739	616	862	765	185	3	1646	356	291	1980	1467	917	1578	1036	20	1351	1523
1641	553	330	1658	1691	891	603	1857	1350	1283	1891	156	1225	372	1650	561	531	197	1823	2006	247	1373	1618	573	727	1515	1101	1582	283	595	1070	1960	162	1111	835	1455	488	1247	450	1282	1246	702	866	1563	811	1621	791	270	468	457
1873	994	1392	1998	529	319	1376	1056	413	429	95	1526	1883	248	1097	1178	266	1035	1502	453	293	789	1662	38	482	157	443	1651	1684	1125	1713	193	1435	1399	1428	325	198	674	774	570	398	901	1943	1337	439	1936	1686	1216	1850	894
131	472	1694	498	30	233	1049	370	1303	1190	1685	348	2018	289	724	1459	904	338	1622	260	984	1753	1930	1330	483	1165	28	954	922	1474	57	244	1564	1309	1687	1401	726	1043	1053	963	1947	714	842	704	1058	414	275	1251	177	2003
1074	550	1482	235	1740	640	1916	2009	1095	1724	834	1026	214	1083	953	10	855	37	1836	1828	677	1259	1567	1795	368	382	126	1242	1355	591	1171	1530	1669	205	1902	1749	1154	912	427	895	1794	1948	1912	911	465	692	1849	240	246	355
768	1830	619	1359	1091	758	175	1039	1159	817	997	1617	1888	1940	67	306	1212	1112	1861	892	446	1481	201	1285	286	658	54	1174	68	805	139	569	441	125	1914	307	1006	1638	2002	1430	376	85	707	143	546	353	1751	347	1733	121
1139	832	1329	960	1168	1858	284	1756	527	17	980	324	600	216	249	147	423	1690	87	1138	327	1495	46	630	1012	123	955	851	1514	1598	1551	495	1745	1689	1879	1881	456	1678	718	1655	1926	1870	1630	1067	1298	459	1386	1033	590	807
478	1904	0	1970	1362	555	833	694	397	1460	824	1306	1672	1597	218	1357	1876	393	1328	1863	70	365	1767	1094	1607	1989	1668	257	417	1301	1354	1841	1406	171	695	931	985	918	593	1693	103	1424	867	83	1714	1419	1784	1480	1332	831
1243	115	1674	1358	406	1919	1261	524	606	766	1448	1366	1316	1340	860	854	1545	2008	814	908	983	1963	1099	418	101	672	708	1352	1815	584	821	770	532	1412	645	615	245	1390	1140	1931	1427	1029	841	1007	492	1336	848	1839	1623	1645
136	1681	943	1387	132	623	1313	1499	897	1105	1731	850	1391	1000	120	229	176	1338	42	1042	1442	1760	1716	903	318	292	1189	1483	1456	648	1414	39	681	259	1162	1167	602	1773	543	1964	202	1334	1269	1915	1024	552	1272	503	1752	1248
1946	1584	967	1103	1494	403	992	772	1142	392	820	1676	1908	1117	1777	676	1488	1807	1593	925	1586	2004	1871	425	14	961	1343	1935	732	1077	1229	1737	881	207	1521	1920	1911	1561	913	1224	1747	946	1821	1725	620	1613	1413	261	760	829
1977	764	2011	269	1615	1959	45	362	611	1311	1254	396	433	264	1498	321	537	554	2012	1859	549	99	53	751	290	476	74	335	1464	578	1147	556	1394	964	105	107	276	142	1335	167	354	839	607	921	1124	227	748	320	761	1096
1213	448	1273	1663	1288	614	730	1018	1131	274	1073	1232	1	2001	1044	1707	23	1708	853	1315	959	104	1664	379	1537	1549	1176	1265	1937	808	1602	1610	2016	1452	1583	332	1292	1637	1230	1252	1380	1021	1893	1395	1856	281	1652	990	1520	206
279	1922	1934	179	89	1150	137	508	182	1121	859	579	1627	1426	733	360	809	1400	1884	230	79	589	1510	624	719	1529	932	1755	1137	1647	865	1295	1628	951	1066	1766	1444	1918	1369	1003	548	843	989	1843	1878	1504	434	1788	1992	1895
525	1052	1994	169	753	1802	282	304	972	750	1164	822	580	1446	1882	1497	1519	484	1040	1812	1218	1244	1060	1360	222	846	493	924	32	1834	1308	1064	1860	314	172	94	1151	646	639	271	76	1172	1816	1604	385	1772	1867	1600	322	1508
329	1133	491	638	974	1620	494	1534	587	1923	877	194	837	1548	1789	71	700	773	1833	535	435	41	1944	581	1122	212	586	1718	1161	1957	1104	1516	310	1048	689	1291	1734	1761	1310	1774	373	1084	941	857	1801	1925	1643	1081	969	735
1981	1004	1333	49	323	295	517	1952	2019	1275	192	1110	69	982	1553	1210	826	1670	856	1624	1379	1822	633	1374	699	1236	340	840	1318	949	1241	977	1404	880	224	2017	1853	473	223	667	1528	313	965	1451	219	1185	1715	697	1639	629
1422	1810	1634	12	11	262	1001	1486	467	1554	715	1279	1699	705	1051	1541	1900	1576	1418	388	1579	929	712	1741	1434	1612	2020	1156	1023	1927	1454	1847	1555	1804	795	899	739	993	1487	1738	285	1562	1700	1420	440	986	930	402	1924	1090
1490	1175	722	1653	1907	800	1057	1193	1781	1255	1606	1484	1897	1758	1592	1845	331	351	110	876	1346	231	102	73	505	1798	1349	1453	1727	1679	47	1429	618	237	1974	818	886	1327	1449	1491	583	1987	557	208	374	1660	545	1675	1525	847
129	816	200	1086	24	1704	1972	890	1979	778	303	939	571	228	1619	375	1207	1317	797	742	463	1237	631	1371	394	803	1234	696	1609	183	1868	1220	272	377	287	1999	1402	744	1844	796	334	1088	277	1842	1800	1045	1696	213	1203	490
1277	408	1123	1235	299	1590	256	1410	84	2010	114	544	316	174	1192	787	1587	1768	1286	1348	868	1588	1080	1838	568	1862	1887	485	251	361	1608	234	1976	1825	1961	728	879	358	35	836	746	152	1268	882	1194	1743	350	1120	1865	1754
1640	1635	1388	239	594	576	893	1027	1222	1443	486	44	1572	538	148	551	411	1228	63	1780	1381	1041	78	1469	1985	574	1775	50	8	1341	447	250	1198	1173	520	1239	1385	92	337	685	1347	1596	643	241	1188	1644	1569	1965	1432	481
1954	1560	1496	1274	934	1116	109	336	165	1342	1840	268	96	510	927	1085	1196	1199	1249	1805	898	1169	1441	1025	1695	113	1702	737	780	991	815	309	703	1163	1721	1735	1322	1465	1975	1479	163	1698	1472	861	752	617	563	1501	1287	988
1180	1711	1197	1407	59	910	1973	1990	195	1892	1493	1910	1267	1820	243	1233	186	534	659	154	575	86	1130	1209	400	151	923	542	1951	1625	1221	288	1966	1250	806	1656	390	1967	496	500	1028	1659	786	211	253	1075	783	1729	489	112
1445	1397	1984	1393	1814	1654	2000	410	349	1010	804	461	1556	1200	1294	1037	706	849	1682	1201	823	1885	345	1665	572	312	1046	981	1763	1531	947	1059	802	180	1559	1661	52	948	902	215	642	1016	1969	1671	480	1186	1262	1726	756	199
782	1005	305	1649	601	757	221	1034	252	1063	1092	1473	567	26	1345	945	1614	968	1898	665	93	18	1692	938	940	188	25	763	1880	1115	150	1240	1319	462	173	1852	905	996	781	1764	1594	1782	1149	798	395	1831	1817	56	1591	1195
721	1256	813	1997	628	664	367	1375	383	769	278	1433	1995	226	598	1072	1527	2015	1312	1462	1866	1829	407	1846	1405	1270	426	62	127	144	1673	1284	1978	1475	519	1227	33	1949	649	82	153	1367	1013	1813	1709	530	626	1939	1278	479
501	391	1701	1238	512	1632	1416	872	460	36	1219	926	675	1038	1932	1557	1799	1869	77	1736	317	466	415	1827	956	1271	2	100	604	1022	1365	1389	1471	1068	596	670	858	1938	1765	625	812	387	863	1771	1155	1757	1971	585	258	509
421	301	1574	1118	1933	1031	1062	1281	1093	717	915	1226	158	1917	1260	75	232	743	1107	255	1344	119	19	634	191	1290	1403	431	1909	297	1901	979	64	523	2007	671	55	1581	656	1191	1595	1450	308	1503	343	754	1785	1793	1076	1874
21	935	779	236	871	874	419	5	610	1942	942	471	1706	499	428	1356	469	654	405	1179	1417	1440	118	1790	875	1906	217	6	819	458	962	442	1466	565	1719	455	669	1489	539	713	1723	438	504	220	1339	680	636	1962	1968	825
541	1304	128	920	1835	513	1688	1431	564	1573	522	138	380	1258	1512	651	210	1305	878	265	657	710	1791	178	1323	1017	1819	359	1546	1129	1126	437	1215	684	1648	1631	558	326	1411	315	663	687	1538	1996	788	1928	13	1061	72	451
678	870	1098	1505	1382	1666	1223	507	971	1536	896	1421	352	401	1955	1851	1102	1447	1245	1297	1071	160	627	1415	1436	1571	1513	975	1470	1492	280	1206	907	1002	187	296	1468	1136	371	1712	1177	741	225	799	1589	635	1565	1202	1983	1797
111	61	1439	1181	1778	1384	34	526	122	399	1353	759	1626	1266	682	1913	650	1108	944	1187	2013	633	1924	636	479	716	787	193	91	1255	699	84	957	416	1529	385	63	1229	125	429	809	530	1944	1502	1416	868	1411	1531	1107	1374
1724	779	831	176	1169	395	1943	440	546	2005	1982	1863	547	1468	131	1171	108	377	1910	1387	946	297	28	1499	332	26	1091	605	419	166	1160	1660	1632	1937	1200	878	1313	134	84	1824	1312	1475	653	1698	728	1025	1062	1840	651	1905
1554	181	880	1673	561	1022	1002	1305	193	696	781	1488	1717	1598	1919	221	893	1423	164	369	664	1308	840	1407	1817	1611	1216	1791	213	725	1044	376	1464	1103	1119	926	668	1054	780	172	472	835	1927	992	1613	140	1626	1164	1650	629
1608	1063	411	1940	575	712	1556	128	1728	2013	1173	1137	1143	505	935	225	751	1269	137	1520	1208	539	2016	1515	1110	612	1600	1518	1972	701	1299	872	1716	349	1871	253	1852	1543	30	1583	875	1142	149	1838	1204	58	1883	1536	486	1984
1223	917	601	1746	610	1493	828	527	212	1053	1895	1983	1800	77	211	589	273	1655	1566	1162	1495	255	355	267	243	1051	185	1573	881	1664	962	1792	1198	1587	1561	386	1641	614	1460	1194	1750	551	556	324	1950	1969	1884	290	1663	1140
2019	100	294	1803	2010	765	1296	1068	1149	542	182	1259	520	948	650	961	309	1074	1801	1623	626	1595	943	1226	1297	1579	126	1634	1320	52	1630	1952	710	832	1113	745	8	311	1669	104	567	1298	1681	1154	1680	1572	1519	937	303	1753
2015	276	1132	210	465	1034	1874	425	821	2002	1356	1804	887	466	1585	1945	1739	1896	1363	14	794	1492	1274	223	1252	1441	1823	580	849	83	237	1242	1832	882	1336	1656	1109	528	329	1827	1260	1319	1898	640	1677	819	1191	368	1104	347
1184	352	241	1369	576	1722	169	762	902	833	506	1066	1953	1636	469	246	788	204	1721	464	1095	867	327	302	838	1580	1839	1851	260	839	1039	278	1192	971	1578	32	538	1473	782	1268	540	1341	1903	1408	1916	1897	46	1894	1343	1526
1172	1128	1189	1694	229	1098	289	1786	526	417	603	1061	648	1513	1875	874	342	1452	1963	1345	1415	802	1899	359	1466	871	1271	1900	34	714	1329	733	515	949	345	148	1785	1860	403	770	1139	1181	757	1538	660	1818	1413	541	331	1322
1003	553	870	599	1968	298	1029	470	628	1130	71	191	280	836	1117	434	196	1796	201	1621	1231	1275	654	1551	560	1067	1409	972	115	1324	1637	1657	1445	1364	1693	1122	200	1390	976	1123	657	774	1273	625	1682	1206	4	1360	955	829
1830	2001	2004	1666	272	41	755	1222	771	445	622	726	744	1930	458	1939	1496	655	1217	716	1588	1416	559	1574	1033	1914	727	135	325	344	1740	454	611	988	1948	387	78	907	1790	841	1719	1938	1175	1365	533	1186	1108	1381	1622	1563
1440	1726	1261	1366	316	2009	508	557	847	1592	925	846	1873	1858	504	482	1245	2011	1678	371	1264	1925	245	1153	820	861	1214	1092	1628	1807	519	1007	35	1379	748	1456	1741	1491	590	480	1981	1482	769	1398	66	692	1912	815	398	517
1402	718	1161	1014	1531	1346	1219	1648	1960	1928	1771	69	396	346	730	498	219	1127	1645	431	1145	1043	1396	1802	1182	1559	607	1235	24	1751	421	125	578	647	1575	468	1449	1412	1514	641	922	354	1093	702	507	1057	1448	818	5	362
317	442	101	1227	646	928	1101	477	1640	380	1461	1328	689	1011	1675	809	198	1167	669	1239	916	1124	1986	1291	1701	285	23	206	1639	1667	1879	153	544	1576	268	328	1469	266	1642	1909	1115	584	284	793	1190	803	499	1593	175	970
271	1255	1911	1256	274	1789	63	397	665	1797	1126	1868	936	279	389	1325	579	1749	1560	1923	379	1880	156	1774	143	801	1787	957	1582	1070	1996	1733	391	1351	163	1253	1512	932	1857	915	1036	59	1568	1557	1980	889	234	1272	1971	1263
1949	1646	800	900	807	430	207	1138	256	1052	1605	81	492	1661	1294	31	1288	1454	683	1118	1806	1988	1577	918	1799	632	1170	1539	750	1707	1602	97	1168	61	410	103	1815	1813	805	609	208	158	1105	1480	497	876	406	457	588	1507
571	1112	1684	29	390	180	1886	1401	428	141	1015	888	1250	1589	1372	873	408	1510	1780	1891	96	1114	775	582	1215	360	637	856	121	1635	785	456	188	485	776	1862	216	886	924	1121	222	1501	366	1221	1429	1692	373	1370	572	620
1013	407	1547	1079	1248	1743	884	67	1131	136	1152	1586	586	923	414	2008	908	1027	545	993	1564	1422	1624	938	1332	1744	543	687	1064	333	822	859	1995	998	370	412	168	673	1631	1737	291	1321	895	269	117	1318	1086	476	142	798
1249	448	1077	270	1386	1853	707	1618	47	681	1609	980	238	593	1338	1038	1612	17	591	1644	1283	732	209	1218	1597	892	1545	1702	1614	159	1075	1668	1410	824	604	1907	1359	1331	1850	1696	1019	1270	459	86	1847	720	845	437	518	865
1965	558	1993	1856	729	1136	1327	1174	705	0	401	90	1936	264	1078	87	1300	251	1055	1529	11	450	1342	1478	2014	10	1102	756	574	995	53	39	843	173	1653	1350	1845	435	950	488	1225	1627	979	1156	1565	974	1808	789	1833	235
1584	1964	1210	1405	1748	178	1929	312	786	224	1676	1672	1111	1758	122	1890	252	1535	752	1203	259	531	639	174	1100	1371	1094	997	422	1244	868	1020	1049	18	1292	1975	363	905	375	760	797	56	65	1317	54	310	1090	1819	1599	127
1443	982	676	1040	942	862	787	1335	1931	523	1406	619	1458	667	514	68	415	1042	286	1521	1257	1504	202	1530	308	80	1427	1400	72	983	678	1854	1846	670	1848	133	1099	353	1720	16	1708	592	731	910	1205	790	305	535	834	510
534	1821	1176	739	1665	631	313	1069	608	1290	1361	1241	378	721	958	236	1254	20	12	570	1974	724	124	1704	813	991	1537	869	816	1920	1596	438	460	439	1553	76	1326	933	139	772	1373	106	1688	1286	719	1009	1380	1958	1444	1303
1729	82	254	1872	741	340	1133	388	1812	964	1247	1767	1144	1921	1433	1107	1425	1383	966	735	1071	1180	811	288	1348	1178	1924	1990	1695	358	939	634	171	335	1932	913	1282	1679	568	240	1970	1951	496	1978	1463	1229	43	709	1649	1562
57	1378	837	525	842	810	1768	1060	1962	713	827	1809	1548	967	1643	1453	799	723	91	1690	107	306	1581	436	863	1462	1759	989	1446	852	1368	1392	804	1334	1619	462	1017	1437	1285	1947	381	1233	339	1479	226	679	1484	1525	618	1087
123	617	940	1032	690	350	112	33	1357	1421	1301	1377	1471	1711	529	1224	89	394	911	919	1202	1944	446	1059	474	1340	1915	825	1727	1734	1465	736	1476	1861	1697	1414	1500	1683	1081	1494	1310	160	1658	95	1997	606	1992	1354	1046	334
500	1703	1747	521	1629	817	1419	1450	1674	1258	583	866	1763	1265	1617	522	1391	21	643	257	944	1615	1352	2018	1418	249	675	443	941	914	684	116	671	1435	323	1933	2000	220	400	577	1523	1760	296	1339	162	6	930	1026	351	1687
1558	372	1516	321	1820	968	1150	1041	1088	652	405	1220	1509	19	1211	826	481	587	1006	952	1685	615	934	150	1757	1870	722	1904	374	645	987	13	1901	314	1487	1083	1542	1552	1089	658	1517	1185	1355	860	1756	1922	1946	1977	424	548
1207	565	1432	1316	1289	1481	420	1902	784	688	1686	1994	1773	3	1337	585	1541	633	1985	283	502	1540	530	1844	1765	1028	1353	1459	630	1001	1607	111	1651	1772	1183	562	693	659	1442	1987	555	1047	1603	1917	258	666	1411	999	1436	661
1906	490	449	1497	92	1148	1035	896	88	532	1766	1954	73	1295	232	44	680	1005	981	929	1281	1849	1805	1096	1828	717	851	1794	1000	1141	564	418	1240	963	1307	1393	1957	293	337	1761	912	746	1966	55	1246	501	299	1439	1048	49
113	1570	1715	48	1865	1534	167	1146	151	1505	1705	1384	1232	740	1018	773	190	1234	1745	187	1311	416	1213	858	114	1783	1506	1736	636	25	904	897	1486	1616	1855	1097	711	441	1428	1508	1777	228	130	552	250	1447	877	623	1085	461
854	898	1073	307	493	384	581	475	447	1567	1306	1779	393	1179	300	616	147	99	600	627	1426	1330	1420	2	1591	1671	783	1010	613	1569	152	161	1725	40	996	239	1825	2006	1754	1155	9	1280	1967	951	830	109	516	326	242	60
853	1230	1058	715	1544	1050	1021	1881	1120	1735	1652	1647	154	685	165	945	265	1826	931	15	1866	1888	1477	1769	698	524	536	1344	1262	686	262	118	70	1397	699	994	1023	404	1793	920	1836	595	986	1788	734	231	1522	1498	1781	1811
1483	1314	98	767	1045	1431	1147	706	906	93	413	1385	1134	146	37	1470	1689	2017	1610	594	812	138	119	478	848	1831	1376	656	45	1302	36	753	1304	27	1193	695	1434	883	1037	621	1382	1	1197	1201	1135	1775	1549	1973	891	473
1237	738	1712	1266	189	318	85	1163	1367	1959	183	1816	691	550	2012	281	484	596	1550	921	145	429	330	192	1546	1979	1778	638	1209	1999	1882	1238	749	1284	903	890	1278	194	704	1709	295	766	563	1782	1503	1604	1527	1472	1474	367
778	511	1889	184	1056	1864	1293	975	901	1601	426	969	1934	761	247	1399	1893	489	791	62	1991	598	1251	322	747	102	1762	1177	233	635	1654	1388	357	1908	1714	965	1511	338	105	1016	1731	1024	1187	42	1869	385	1008	1404	663	304
990	1158	453	1309	214	1502	1876	1528	1955	444	1913	1031	894	1887	1555	495	642	1843	1867	978	1195	953	763	197	1374	1713	341	1084	51	287	885	1710	708	64	742	218	1438	855	244	1842	22	1998	94	1989	2020	1730	1157	1199	1834	1835
361	195	292	1700	977	1738	399	1878	1333	1590	1814	110	155	487	120	777	179	1877	205	1082	1196	1072	1941	677	764	1961	973	1620	1822	844	275	433	392	737	1625	2003	1829	1403	1784	1633	427	1228	432	365	796	814	1956	1926	1323	1638
1723	1524	75	282	1165	402	343	319	509	455	1236	203	382	624	1030	248	644	1125	850	569	1490	1776	1662	1394	1732	1106	954	170	1389	186	1065	38	1670	1159	672	956	1699	1457	277	1837	1276	320	1417	1362	1212	984	537	985	823	703
795	1430	743	336	1755	1151	494	315	674	1918	177	1451	1287	554	1976	566	1012	1718	1742	1349	423	1166	227	959	1347	1770	864	808	471	1277	602	1424	467	899	215	1485	573	1942	1375	409	74	7	157	79	909	491	503	1533	463	1798
758	1315	857	356	1532	452	1841	879	806	50	792	697	348	1885	1594	1080	129	512	1892	662	1691	1706	947	927	549	1129	1076	1455	199	649	217	1810	1279	1243	1571	1795	1859	1764	301	1395	483	230	1467	1267	1935	768	1752	1116	2007	479
682	694	263	1358	759	261	513	960	451	597	132	1188	144	754	1489	1004	1606	1659	383	700	364	1950	1700	862	1077	1194	705	72	616	1097	1689	1035	1634	1290	1743	1091	406	937	1764	1193	1833	1560	967	344	1367	121	458	1848	1018	1398
624	931	450	1113	1999	1379	1943	1239	660	744	1698	678	1047	374	1912	939	1324	949	1605	917	1289	1123	884	396	1473	729	1956	73	1100	355	1673	1627	1822	1444	1682	1753	1288	1511	1630	48	1873	1562	145	1319	1977	1848	1739	142	1774	1939
1272	1607	346	1463	534	1718	782	784	1923	922	1189	1220	1141	1131	1633	1686	1825	813	862	664	337	17	794	1495	44	1480	120	1533	468	1626	79	1794	526	771	1583	172	232	580	219	585	1059	375	1975	704	1814	1555	661	1491	1401	1044
1209	936	786	1285	1687	1192	1642	669	1634	1665	723	45	677	856	1696	622	1035	565	1884	1868	382	560	482	603	113	76	1160	40	1457	656	1337	1032	175	718	2005	739	524	1928	698	1053	338	1654	1010	416	963	21	1561	188	370	774
1326	809	1911	1389	1362	1515	536	1886	1363	19	943	211	1222	1974	1303	1278	2012	437	1258	1174	1	797	1091	742	231	686	1212	418	1322	1885	1781	1693	296	1419	23	11	1870	516	254	807	775	154	790	453	1075	1315	1073	528	438	548
1260	1313	1646	1880	530	1643	1409	1798	1019	1737	1325	1350	1082	291	187	1427	99	1132	733	2002	1224	1469	1257	1320	1347	1649	1461	1163	1151	364	1959	331	1679	1412	2004	1040	1403	1302	1095	139	617	748	316	956	655	371	834	305	638	682
1622	1280	1018	140	1734	710	927	1669	1992	1777	359	41	631	934	1709	571	1780	778	1016	300	691	121	1645	415	1775	658	1935	712	119	1078	819	835	994	123	393	304	503	314	1166	1498	1941	1231	762	521	1532	1657	1233	1124	1944	2007
1976	751	1815	1902	465	613	877	1594	1093	1213	490	423	1530	1901	1453	218	116	1889	966	30	1644	1204	1230	1957	1671	1041	653	1382	507	1031	1244	933	1214	537	738	1083	1728	531	225	1564	1287	1405	189	354	1168	1835	1907	1346	1080	446
459	394	1079	1116	311	519	256	1735	392	1282	159	499	1211	360	701	866	961	1805	702	1625	2009	80	960	1765	385	550	1858	217	1264	829	1415	1580	1373	1894	1182	1377	1876	1600	1897	1279	726	605	306	1751	674	1849	1033	1512	57	1490
1811	803	1593	42	1008	1369	2017	769	1807	1517	1568	134	1543	1662	1860	832	806	1195	1827	310	1862	1425	1103	2020	1349	1699	1015	1721	1333	1142	979	457	1675	1544	110	1538	50	1413	1423	1509	703	1433	1795	556	1641	262	1729	263	103	1155
651	323	1589	1667	1659	676	825	1104	1241	1202	1867	1020	1933	409	898	1054	9	479	484	195	980	399	591	1963	158	1005	1697	1628	1700	1430	373	1056	1592	2015	153	1694	1576	43	1632	463	1925	115	1111	746	229	398	63	761	1130	1808
1913	504	1357	1523	1029	85	1784	285	477	242	1522	1629	353	1747	820	1001	6	1845	1768	880	1705	488	1566	486	879	1616	1652	1914	161	1702	340	1392	1114	1891	1851	1286	322	1476	1748	1236	1284	12	634	1060	639	501	351	649	1055	1197
240	1965	1892	467	1505	126	350	722	473	442	1458	695	1915	1619	56	1341	1316	84	1637	837	203	1200	1714	972	1229	1107	222	334	1253	1012	1339	1503	1038	699	1225	1352	70	1391	767	684	614	1857	1219	1147	427	28	1964	395	1120	848
654	1621	1527	269	952	756	1497	208	1636	1895	26	597	74	381	1846	1586	904	87	1582	1343	1598	149	779	452	1793	1758	1354	162	1689	575	1227	117	849	439	1190	675	570	1516	672	808	757	705	137	601	133	1390	804	598	0	135
303	49	324	1920	1623	965	572	974	483	1710	752	1011	1466	916	1119	1720	1908	390	228	982	325	1148	1193	976	508	147	878	737	226	1126	518	567	2019	96	1042	1070	53	909	1181	104	1049	1725	1281	1361	1274	166	868	830	1879	1883
714	1701	1713	167	1801	1746	1443	968	836	1859	411	903	869	27	249	1492	1910	1485	711	1951	1169	867	1707	102	1301	1979	410	1946	559	1386	206	77	1052	1328	1588	1545	421	402	1688	1248	1559	1499	317	993	174	1968	1387	1454	1051	768
1456	1087	1521	1266	1821	376	1314	1916	455	1372	1447	758	235	348	1579	1919	1256	379	1668	1609	1706	1397	1383	180	688	498	1068	1759	1334	783	1624	852	1143	731	1332	365	845	815	506	905	970	443	1755	1245	964	1558	681	2010	128	1030
564	201	1932	1176	1724	1840	1149	1802	1790	1809	1470	1208	1297	627	648	1199	151	1528	1136	227	812	1666	432	282	1806	918	709	1878	594	327	1575	1173	1691	1966	1850	975	1009	33	1838	1467	72	81	2011	1680	1043	1064	753	773	191	800
1417	1267	1428	458	1572	1226	1958	1135	244	94	610	1370	1381	1271	1321	1102	833	810	1578	1921	1736	75	954	969	1745	588	209	554	1971	839	887	1948	690	1098	1048	1581	492	1651	1156	1640	35	883	3	496	2001	928	307	1046	29	15
444	1803	1865	1615	332	146	542	855	1550	2016	967	1348	71	237	454	1077	342	193	1852	906	569	1618	1761	777	1304	923	339	1262	275	1418	616	992	1292	1460	1639	8	780	1144	86	400	297	1198	95	1556	988	412	38	764	665	91
1909	1482	1250	207	844	280	164	1137	908	279	283	1567	2014	1235	1820	1987	1501	179	1787	16	986	1323	544	460	1937	776	1117	721	349	1493	1834	1529	469	1996	267	1092	1681	1817	464	341	668	901	941	626	1778	520	406	579	650	618
1451	425	1000	1188	1395	984	1953	1340	1246	32	1797	1614	1732	230	62	893	302	1406	1207	1980	1763	583	1695	1206	633	646	320	1416	1146	509	945	1175	1861	875	1743	532	596	1194	192	724	111	491	1955	273	873	700	1824	983	888	1112
1365	1376	864	213	1481	822	1472	1738	1254	238	220	578	1560	1484	1655	708	973	919	1799	1970	1309	357	1329	1726	1804	1414	1722	573	1554	47	495	1617	1930	1218	196	1353	1553	637	1608	1893	284	930	127	1063	397	474	576	647	713	205
58	1336	685	124	581	1071	1448	1816	1871	1638	1650	1283	562	890	1034	356	826	645	1990	34	462	1690	1711	1375	727	369	1273	1635	1712	1359	1676	1708	1317	1240	108	843	1421	1388	1307	1719	514	328	264	871	602	561	1269	1542	1140	1464
743	1459	962	1449	1438	1172	290	1022	1536	947	1563	1294	1002	478	1465	1150	1945	1991	912	667	97	315	628	472	476	330	319	413	1603	233	1099	716	749	1949	109	481	22	1090	932	632	448	1374	440	1452	715	1692	1474	245	643	1874
1998	1462	1863	551	250	792	824	1327	1368	1439	1036	1045	428	642	621	940	765	895	10	65	1648	505	321	1844	1232	1496	529	52	1479	1295	734	1247	1138	247	221	1004	170	745	1065	1519	309	1685	1101	1810	1823	831	1661	270	1978	1007
899	543	194	131	1191	466	513	522	1788	566	706	1502	1394	788	1960	1069	623	1684	547	1028	1201	1597	106	1546	429	181	740	1961	732	13	1276	475	152	881	1384	854	2013	1828	299	435	1520	243	907	707	989	1782	366	1134	671	1938
857	1723	781	68	1312	874	1186	1596	82	1733	214	200	92	950	132	31	985	924	629	1715	811	1757	403	991	277	1249	178	1183	78	1727	384	1024	1833	1898	138	24	239	1290	1535	430	183	1670	417	105	1929	1221	268	1426	380	1924
1762	1125	210	272	1106	1841	1950	1399	1789	1187	1602	1997	741	1539	176	336	747	5	333	1306	1507	1604	59	485	1766	1158	1730	795	995	847	89	424	136	692	1367	1936	1251	1037	480	361	497	555	198	515	1969	352	1084	1477	872	1184
1887	1972	1569	118	1139	679	160	1442	143	1318	1152	1237	1826	1441	913	1988	471	148	1510	1039	1942	687	386	558	445	1585	335	814	772	552	1468	1573	766	1402	1769	1931	1076	51	1742	1255	959	1754	419	853	894	604	1540	1128	295	1704
582	329	1203	1420	100	144	1610	168	1450	1013	902	1488	1161	184	1526	449	199	942	246	870	1954	1259	1265	1404	1074	1422	93	587	1984	841	1299	785	1504	1338	802	266	389	1599	1524	1752	1118	1023	1570	720	1109	938	662	1776	1345	625
1864	1364	98	1813	900	549	584	882	760	1179	1855	1263	533	1764	821	1410	216	274	978	1631	141	1094	1215	293	1703	1940	1027	590	754	897	1167	951	1431	1061	1437	1601	935	377	358	404	456	1003	818	1786	611	165	1584	1574	717	538
1072	1162	1531	1105	1541	1717	770	312	1904	1663	977	1366	607	1238	517	1436	1164	630	636	1435	1216	64	1557	405	910	1756	344	215	689	641	891	719	644	258	1760	185	1487	1664	600	1066	652	1445	568	666	298	1050	981	914	990	1506
892	640	557	1196	2003	129	635	911	362	1952	1351	620	1896	1847	383	840	1058	1514	90	1590	846	850	433	234	1335	1779	1434	1772	1293	858	1549	694	271	599	1393	1888	500	865	431	859	2018	612	1296	510	971	1683	1145	1252	523	1400
252	827	367	155	657	1356	447	1411	925	46	1571	1994	1014	1973	1843	372	18	1310	1899	1812	1674	1832	1513	670	1268	1115	725	1081	1905	67	535	286	1993	1398	1672	1875	287	563	1432	1270	885	157	1906	615	619	1178	1856	182	1983	1407
683	1783	1127	1839	659	1872	595	1021	1587	204	36	1261	66	796	997	816	1677	609	828	1234	759	546	1097	107	173	1165	408	197	259	260	608	1547	817	1525	920	1243	889	1385	735	1829	368	1067	728	426	1455	1217	1518	1658	1089	289
915	673	190	14	799	789	69	2006	958	805	1653	1358	1483	1611	948	860	487	441	1311	1917	998	527	1986	422	60	1537	1330	1508	407	1006	1446	1331	1591	1180	1866	1741	436	1967	313	663	292	1647	1791	791	1796	838	1471	347	1489	1380
1836	1934	37	224	1170	451	1122	1678	1210	577	420	1277	326	1085	1620	801	1223	946	921	937	842	112	793	202	387	1424	1371	1548	55	1962	1494	470	1731	1595	1552	1475	363	1767	1171	251	301	388	929	1613	545	1275	54	223	1981	4
1378	1819	1408	391	1478	1305	896	736	1205	1792	1298	1995	1157	378	511	83	171	1740	278	1869	1785	1771	1308	539	156	1086	1360	1773	1300	787	1291	241	2000	955	1486	1025	999	1159	2	1926	1800	281	996	88	1853	1660	574	434	401	1026
288	1551	236	343	1612	493	345	1818	308	186	1985	750	125	177	1842	1153	798	1129	1716	489	1088	1606	318	1057	261	926	1177	1500	1228	101	1440	1062	1396	1900	414	1831	1770	276	589	1534	1185	1577	886	1881	730	1854	1877	114	606	1429
1133	20	1355	586	763	39	1096	61	122	1749	944	1922	1656	512	876	257	1982	1242	1565	1344	1903	150	957	248	1750	953	1918	1154	823	592	7	1110	130	494	696	1830	593	253	525	1837	255	680	1121	1342	1744	851	1017	2008	25	163
1989	693	1108	1882	265	863	461	541	697	212	540	294	553	1890	1927	861	502	755	987	169	1947	1004	1674	237	955	858	1439	1913	1233	303	945	558	145	502	905	1966	324	1613	1792	1143	514	1964	589	176	421	435	305	1102	477	21
1760	1239	197	1499	585	981	814	734	398	1027	1828	1155	1822	1151	120	1558	181	582	1366	1957	692	375	1745	1509	2005	589	718	1802	1403	1664	1546	59	165	1075	1309	1122	16	448	63	748	1063	1467	1748	1551	782	238	386	1253	67	367
564	1347	733	708	567	143	694	778	88	1738	1290	952	215	1932	1660	1857	1303	675	446	1457	663	400	685	1831	1225	397	542	1368	725	278	145	185	1598	642	1077	220	1790	1028	1638	1731	900	869	1812	546	1070	1274	1490	1960	1787	1865
34	434	973	1789	613	1050	1331	1197	853	1235	32	1643	205	2019	1915	1713	1396	1321	497	1935	93	1820	274	65	1248	283	595	1330	484	153	1093	1783	906	556	395	604	1272	80	632	1486	1344	116	1484	139	1186	1278	619	709	1523	37
131	364	1920	1504	1387	1296	1099	277	332	883	1405	1025	1650	846	365	144	519	429	1876	980	219	221	1925	1353	250	1016	133	1577	1906	1693	184	720	724	1472	316	1369	439	180	659	955	474	1953	1423	1271	458	217	882	648	1014	1804
1575	1339	402	21	889	1706	318	1570	1921	424	2011	558	1056	940	1269	860	1146	66	1992	526	177	1827	1293	1359	1442	617	1301	1685	1298	196	646	779	12	813	549	1355	1703	366	666	728	529	902	335	1609	394	360	836	256	649	377
1882	1185	673	2007	71	1611	1618	399	618	1495	1917	802	110	1364	1542	1428	971	1177	1325	14	1432	337	877	657	918	190	1465	1322	1958	447	451	46	1564	1584	1639	961	560	1283	701	1128	15	1111	1261	743	1799	868	1196	1991	1116	1220
1616	161	1849	942	848	1121	254	1821	1456	1250	330	996	923	1648	1645	204	1079	517	1400	1084	818	227	1434	771	822	1672	417	1171	3	1604	1793	260	341	1498	342	864	806	440	443	1273	211	1590	344	253	1536	1612	1129	103	372	947
905	1041	1697	1843	263	544	1952	1642	890	485	1123	1763	710	1307	1425	382	321	1881	302	1212	1889	799	1427	1312	1999	479	75	1064	1940	1406	1092	1878	1098	114	209	469	1709	102	559	1088	1970	508	86	1985	1506	383	1535	1937	1705	48
491	766	1510	345	243	1010	1003	2017	786	142	504	528	1610	1984	1461	875	1226	62	1520	1744	677	879	346	10	898	1164	1898	1179	1987	916	1139	1700	704	1363	182	756	576	1030	1083	572	51	1289	1332	1069	247	1596	507	1260	723	1853
1187	737	97	1673	1549	1409	873	921	305	1534	1475	1357	774	1719	1414	319	775	158	1489	1306	992	347	1488	754	2014	551	1291	1807	1668	1922	652	2018	777	1545	1540	1565	453	361	1429	611	1150	1169	509	50	1026	1715	292	1040	38	1127
1890	1949	1282	872	441	1001	1977	276	1091	268	764	1606	750	1674	1497	545	1630	353	416	1747	7	1587	1720	1087	245	1936	760	306	384	575	1620	854	1203	391	801	1762	126	919	1625	255	1454	1209	84	389	279	934	1794	852	1178	1345
1602	936	789	1704	1519	132	2016	763	1761	1320	732	578	539	1243	1553	454	1237	119	1476	721	1264	615	520	1480	226	1308	435	1863	1998	915	1841	1297	681	40	755	1605	698	2001	1328	396	155	828	1939	662	1971	606	423	894	932	1482
931	188	1221	312	1435	1772	1011	406	438	1797	87	1702	1268	374	1104	989	1219	489	69	432	301	1528	1057	1944	1974	874	824	1862	285	1871	467	640	1494	8	1154	1340	2015	168	1756	768	740	815	462	1680	1897	712	1954	912	1962	1692
368	1924	1667	493	1234	1613	1031	1800	1214	1910	122	1449	140	1462	472	804	957	669	1464	1966	1809	409	325	1135	47	1257	1383	411	1996	1578	1161	30	500	265	1437	1229	1376	104	1194	1792	714	726	1655	719	1007	501	152	540	1513	769
1254	925	833	583	1515	1469	730	73	1740	757	1045	1244	1096	593	1589	1995	574	1830	287	670	1607	1097	1036	826	1884	518	1933	1507	1968	1739	1781	216	326	284	776	908	358	1538	881	390	1334	1858	532	910	1555	146	1419	1284	1035	264
1468	601	5	1119	296	1183	99	210	1478	988	935	927	408	867	917	1455	885	650	39	1232	742	911	200	261	1323	1566	1115	1389	1252	1242	53	1568	1508	631	1020	1167	1224	1599	1573	1837	1255	1141	1440	706	1080	800	1213	752	851	1453
1653	893	566	1125	1350	270	74	1142	299	1192	1029	28	1947	621	1518	1860	307	1743	1279	202	674	249	1567	603	1000	280	1379	1038	1767	762	29	1193	1603	289	266	825	707	449	1247	1175	1975	1875	134	705	273	647	1067	343	703	407
1076	1808	1927	1318	1402	835	1524	1552	1663	1262	1712	288	522	1360	903	909	138	1201	616	1042	421	1981	612	1136	1718	982	1869	767	791	1666	596	1883	998	77	381	1053	1231	958	313	1592	22	599	1143	267	1864	496	1948	841	1836	136
198	1397	1411	1375	1963	1725	953	349	552	622	1066	1930	985	994	214	1384	291	1356	984	839	1047	1699	1791	41	1580	481	1529	568	442	1938	68	420	624	829	995	587	58	1891	1874	192	212	1779	1669	1054	1908	1485	428	1994	945	607
946	787	628	376	1395	1844	121	1398	1911	1501	736	173	1245	130	1771	1850	1095	1459	1210	206	1676	1280	668	1216	1438	785	1833	1662	78	1537	1430	9	242	1381	671	1208	156	236	1736	1021	461	729	269	258	1698	506	1661	315	1641	174
1388	510	1105	1349	967	1684	1372	1694	456	758	1211	1102	832	1443	1034	1236	1633	838	370	1732	859	1046	499	511	1691	629	1636	466	1059	412	1202	314	680	1847	127	1110	1386	157	965	1900	1754	1778	1866	1795	1134	888	355	1173	1086	115
639	1950	1631	1062	233	1544	128	2020	11	1166	978	72	324	1108	160	293	820	920	455	4	1670	1181	1727	334	1834	1902	1547	950	1170	1516	171	331	1188	1337	1533	1852	1619	1885	686	1701	536	251	1526	1174	70	303	805	147	413	1746
1707	655	866	113	1967	951	1113	1263	525	514	42	338	1777	1879	1149	1277	218	770	584	809	1838	641	1512	1374	2009	1818	1316	1162	856	1646	1180	2003	1446	76	1521	1657	1422	1835	1851	1072	1840	597	1765	1729	722	837	1842	976	887	1964
1158	1420	1904	1033	1561	926	1671	2010	1907	1470	1481	348	1986	682	1556	329	387	94	1218	1982	845	672	380	1399	1579	886	1065	592	1751	794	1637	1473	897	928	1503	972	1090	1846	109	1943	1997	13	1156	892	57	1198	369	1068	61	1788
2004	1525	534	1749	842	1861	857	1338	83	933	262	213	983	1223	31	579	1896	1101	1413	1617	1159	1049	623	33	1333	1479	24	1299	586	1294	1942	1742	1324	1628	457	1730	1138	533	149	163	1629	1233	759	580	783	1931	1665	731	494	638
1656	1813	843	244	248	1390	2002	1832	966	521	418	1314	1600	929	1796	827	89	937	727	1439	388	178	1965	1721	658	987	1378	1780	1859	125	1371	1163	1945	45	1450	151	1335	1810	550	1893	1424	1184	938	1008	1230	1543	795	817	948	373
1532	1934	693	1559	1444	1217	1078	1006	700	1550	811	1304	2013	761	1753	1342	1256	271	1895	92	193	1259	871	1916	1601	862	1539	195	241	812	527	1627	1500	999	1015	656	969	807	831	687	1723	1131	1258	636	1758	884	1452	150	452	930
634	1823	1013	689	436	896	1826	1734	1569	630	1144	565	1644	480	865	1918	100	600	286	477	834	1548	1421	548	1103	96	304	1145	459	643	573	1287	1682	1848	350	543	98	340	1012	821	1073	1825	954	1726	1407	904	1326	1912	690	336
1941	1768	194	1955	1112	1635	901	1615	166	1496	1055	1819	1686	162	1786	1873	1249	123	1688	1292	1124	1880	1023	610	359	605	1228	1491	749	298	1988	1466	1487	1769	696	531	320	1327	1394	1531	660	1806	1681	1415	252	176	118	91	90	1266
1784	1811	410	470	19	108	486	1913	1447	1770	588	49	1377	810	1382	1888	1100	450	240	513	433	85	679	924	1626	676	1766	468	790	20	1775	1133	702	1408	1153	1752	1583	1759	847	956	465	1265	1929	1735	959	524	1182	308	1017	498
208	1696	1204	1206	1441	962	322	1152	808	1640	224	1710	667	907	598	1305	1319	1737	357	633	105	1651	941	490	107	175	793	437	1471	235	1082	426	1044	747	478	2008	1679	562	963	1980	1085	1654	1678	751	1463	1426	1365	738	1311	715
492	1189	1923	1814	1436	191	716	290	608	1275	1288	678	1445	1649	653	695	1048	1147	1058	36	1805	23	1757	1367	850	1659	1341	1370	183	445	1286	246	753	2006	1137	2000	117	788	333	535	1120	1887	223	172	354	784	970	792	1724	1585
968	483	18	95	1928	1315	977	1926	553	515	419	1117	571	870	232	798	1458	895	594	1845	746	1989	148	207	1608	1877	229	1527	581	1595	1352	840	1983	294	1708	79	781	1227	602	661	557	1959	590	979	1716	651	54	1176	684	154
772	1246	1148	664	1541	1782	944	231	339	106	1722	591	1803	1892	1586	487	1588	635	1348	993	561	101	1733	169	949	1460	964	1060	1683	363	943	1107	1281	141	297	644	1798	1401	26	27	986	1956	1711	554	505	735	1563	960	257	1215
1418	1270	356	310	1755	228	975	1492	1022	744	1285	1750	878	1571	1557	323	2012	1514	1071	1118	1886	1009	538	1168	1979	691	1074	1652	187	620	1276	922	186	1132	1004	1855	830	1126	1899	422	819	1130	1380	1914	1961	990	816	1973	1909	541
614	179	1623	577	1901	385	717	495	17	1373	765	403	1972	523	803	1392	563	1114	460	654	1951	502	82	1839	328	1594	537	1140	1483	1200	1251	6	1416	317	849	1634	1157	1019	159	282	1410	1361	547	1717	1801	1728	427	1448	1081	697
1614	683	167	430	1024	199	741	797	1205	44	327	876	1037	1106	464	699	1160	234	1868	1502	25	311	1530	688	1343	1222	780	1358	1591	1240	1969	1658	823	1919	1867	914	1554	1677	997	1199	1241	371	863	230	1622	378	1474	1597	1417	1695
899	1816	1990	415	1404	164	203	351	1511	239	1313	1300	1776	1854	773	1302	1574	1993	352	512	1675	1032	1560	1267	300	137	1572	463	1393	55	1946	476	1317	1856	796	530	488	201	1903	1764	43	1817	1089	259	1412	475	1815	1582	913	1002
569	844	637	1362	124	393	1894	471	225	891	1043	1581	64	135	1493	1976	1336	1052	1562	1505	555	1824	362	1165	473	1690	858	1061	1094	974	1109	1431	35	1872	272	2	1593	275	1451	713	1433	880	404	379	991	1195	1647	444	1774	1385
392	56	111	1632	1207	626	405	1870	237	1714	1624	1039	1295	1018	425	1978	60	739	711	1689	1	414	627	281	309	570	1522	170	1517	129	745	1477	939	1905	401	1576	482	1346	1687	295	503	855	1829	0	52	112	1329	1005	625	1785
81	1191	1351	1354	1391	1773	1172	861	1190	431	516	1051	1238	609	645	665	1741	1310	1621	189	222	1920	830	131	1726	136	1858	285	79	1211	505	516	1782	926	1416	1315	1244	947	1200	1114	1048	475	582	1924	69	1637	638	196	268	688
1137	925	1202	859	1734	1191	53	1369	1302	850	151	1900	949	197	1710	146	1296	1859	1010	701	1444	354	873	66	1857	659	1473	680	546	39	147	181	34	27	1472	52	324	509	1986	1608	1189	1751	943	497	1581	287	353	1548	1918	1499
790	543	363	1020	1784	358	188	1607	917	1589	109	1431	491	1206	1087	1271	1362	1907	857	277	1766	556	677	804	811	1117	396	1025	1230	928	108	1764	1559	1487	1453	1180	1628	1846	217	1456	1061	1015	490	1534	411	1310	1692	1058	1108	239
620	275	1101	1826	1556	1091	869	303	1243	1921	526	1579	1620	691	1618	1830	1341	914	1713	1269	1883	956	185	167	1066	815	1612	1139	1526	1861	1104	1998	1856	1089	1219	1602	638	462	535	1081	1686	1307	251	262	932	2011	1317	1632	1799	1314
795	1154	1536	1075	1076	1240	825	184	98	1308	1805	114	263	722	761	1424	441	1730	1199	1490	1894	1382	1592	762	1623	295	1892	1688	1953	1905	744	1877	616	1018	1111	1634	158	210	545	1952	120	619	1808	1284	1716	377	174	312	1823	273
336	767	1014	364	500	1436	904	1333	946	1315	672	325	418	1121	752	406	621	913	1545	610	988	1657	211	1948	1165	648	1563	1428	962	437	1753	235	1925	502	1745	768	1138	196	1638	72	1866	985	1936	986	1035	1916	2007	1807	1759	832
1331	1217	1661	143	1709	1376	1404	1950	605	2018	948	920	1712	979	730	1385	1977	980	1167	1496	463	1649	430	1512	1901	1739	755	7	1452	1329	469	344	656	644	85	1656	1843	1004	115	288	51	408	1348	1810	1380	1568	278	1533	281	954
412	1344	316	1706	1530	24	770	1218	630	1048	1522	1233	1465	107	779	1513	1	214	858	867	101	774	935	1524	499	487	845	977	1954	1237	1291	1194	431	117	1316	0	720	99	1454	1426	506	157	1802	1124	1160	726	1414	479	391	1912
1645	451	1571	28	349	1696	909	1564	71	1677	1170	1322	929	293	434	1050	1837	1051	1074	960	1268	1274	1177	1890	416	1549	45	574	1515	1371	128	1323	1222	507	961	456	92	1119	248	1360	1171	1234	662	1152	511	550	50	1867	1596	847
1174	478	1997	1927	1311	209	721	1577	343	603	1772	1531	144	777	1853	959	1039	1343	1352	963	2	1335	221	1184	59	1844	1702	1529	443	1328	1400	676	1804	125	1935	1889	572	562	1491	632	1275	415	1729	1909	635	2004	1203	1215	187	684
339	969	1299	1304	139	1765	1724	1318	1990	1231	915	1705	1983	1829	1999	1244	1884	1418	643	901	587	1787	145	1728	1640	374	710	203	1803	1278	579	1834	440	77	1902	1287	646	1260	837	743	104	1103	1395	465	252	862	757	213	190	1934
953	695	1324	882	1663	1863	1525	520	1809	682	875	1301	1979	1551	593	250	675	1567	455	1114	400	55	1689	1896	1768	1409	1393	1159	438	176	835	1761	1489	328	1937	714	517	1666	266	1838	557	207	1042	1783	1500	1350	1134	938	705	1289
1236	2020	407	458	1773	1574	345	1000	788	604	515	1300	560	776	402	851	375	433	993	697	2003	751	1354	141	865	1065	1672	584	530	1779	388	907	1741	191	729	1106	496	1855	1040	1131	271	916	735	598	102	1063	665	1671	617	429
269	1643	1375	505	1976	626	43	1600	1046	1162	642	362	2019	1987	122	855	350	601	259	1806	1450	903	459	702	1057	1616	1991	968	1682	243	199	1100	1835	420	1580	883	1273	834	1088	1695	1760	1776	838	1276	1963	1457	559	341	1242	1505
1127	852	359	970	1483	1280	1270	1143	548	1006	1254	1238	69	950	524	629	679	1893	772	1112	1594	1698	12	971	422	466	1508	220	427	38	1008	282	631	1356	651	22	1440	1690	1691	1537	212	1078	1458	1446	1557	140	987	1675	1605	1974
1168	945	1917	1205	908	2002	742	892	1044	1836	173	849	1578	1116	921	1467	204	1880	1617	793	1501	352	592	533	46	905	1507	1576	382	1023	570	317	1636	1669	401	1978	329	1402	159	48	846	1601	1970	123	1361	596	234	1128	1519	94
361	1326	292	934	297	1658	1758	1022	1788	428	390	912	471	898	1509	238	807	1796	1266	409	452	1683	746	1396	663	1478	910	1910	1503	1158	2012	1433	1566	1704	230	1611	1588	200	1258	155	205	1544	1411	1208	424	1430	310	1241	78	1743
1876	990	1059	1079	1028	1584	607	35	195	536	1873	284	527	1510	135	105	1555	268	715	590	1967	787	839	1590	785	1854	884	854	841	1435	1722	1521	981	1047	1815	995	1771	1569	713	699	1726	893	417	1687	1641	1792	1984	1542	817	319
819	474	522	516	734	528	1626	1849	936	1619	163	1756	74	1090	367	1068	414	1277	1664	614	803	628	342	639	360	41	885	745	1447	1933	576	110	698	874	1650	836	1961	442	541	49	1547	1082	926	1201	1914	1123	65	394	260	514
1294	944	11	152	1179	1862	573	1267	164	245	1840	992	879	724	1425	808	1221	1364	826	1357	880	1554	1492	597	578	1342	460	1321	1226	519	685	551	1535	186	1591	1077	623	1633	302	1193	1253	1169	498	957	1196	1325	696	753	704	166
1763	461	647	508	1920	1989	100	1229	1002	1319	2015	1874	1770	1013	485	304	1381	403	1516	369	1680	723	1798	423	393	1320	1841	1113	634	1769	552	1474	130	1947	1305	1631	1368	756	299	3	824	827	133	1072	840	1996	866	976	1389	1172
1940	1727	37	608	984	894	1055	340	175	1146	1719	1340	897	2016	227	1794	16	330	1825	296	351	941	801	468	654	1374	381	419	1176	778	1785	791	1173	1095	1363	1725	1715	1026	1822	1941	1122	931	1256	206	224	504	1358	1185	395	760
671	728	1532	97	170	1445	162	512	1642	652	1251	1988	1410	1968	595	1985	1283	347	1814	1403	1406	80	1962	1421	1903	709	1755	658	1227	940	906	264	763	625	1295	786	1204	848	775	718	1562	95	740	1939	1334	1740	1038	1125	1451	955
690	586	1156	692	538	311	1423	501	1707	1438	172	542	1001	435	1094	1031	68	1652	967	8	1353	1432	276	732	1145	1930	719	1413	111	223	1387	237	1351	1462	40	1248	1213	413	257	1377	1223	633	694	759	1098	306	670	911	1660	1703
818	1635	1816	1875	1429	232	270	924	1408	627	464	820	1885	1923	1281	215	1582	1009	800	521	1668	67	495	1693	1839	1488	258	1460	1183	1069	1207	886	290	171	346	76	1195	1096	1781	1439	30	189	983	253	1252	1960	89	62	871	216
1938	492	357	1209	489	1813	575	1870	1721	681	1731	229	780	327	454	640	555	168	1485	2005	17	1073	1541	322	54	736	1946	1860	4	1164	1659	1699	799	1332	748	23	1261	1005	1084	1142	1676	1118	321	1394	599	711	1654	194	582	1437
218	747	86	1821	1929	558	436	294	1235	31	1662	1029	1949	138	1971	773	380	372	982	1733	1097	1392	473	1833	1550	868	600	594	472	930	208	1887	1337	513	32	26	1614	1819	1007	771	843	1955	1637	267	1346	649	951	1247	1975	334
782	91	136	687	131	1790	1085	1518	1388	1484	581	244	1828	717	338	1471	1151	806	1071	1868	518	1604	272	1120	1060	1175	1811	899	707	1336	246	975	2001	1399	1744	44	1540	784	379	1149	57	113	1717	1434	1330	1886	895	1407	939	529
25	1417	1144	1181	966	432	1879	1288	1630	754	254	1070	1455	842	1190	1629	585	1136	1422	612	1464	283	591	1994	366	1383	1723	1817	20	1107	82	1147	1415	1782	1995	383	853	1621	561	1750	589	622	1752	2017	153	373	1762	712	741	1871
1800	1155	1401	1463	1461	467	410	1882	602	1606	1749	624	90	1293	1514	1036	1801	219	398	766	1718	421	389	1872	326	1757	1538	1528	1246	1774	2006	1924	1027	1543	1378	1965	58	503	678	1552	1546	289	242	1157	1312	1498	1493	307	274	1928
1932	933	813	1262	1615	112	1043	1110	1443	121	1497	1286	1427	1449	1263	1239	331	126	1504	1459	1062	588	1133	860	193	1282	150	1093	1384	1482	1224	56	1083	1851	978	476	674	1056	540	161	1655	1338	481	450	657	488	733	178	1673	1476
900	119	84	426	494	958	378	106	1033	1593	392	1064	368	404	5	477	202	890	2013	291	457	156	750	1982	1945	1441	792	1613	1644	453	567	439	1586	154	1011	1737	727	554	236	1878	1881	1053	1198	1747	42	493	731	688	1486	1150
1864	1789	47	802	137	1272	445	81	335	1609	664	738	1037	1349	997	1161	1895	399	165	1355	29	93	994	1911	1904	1931	1200	686	781	1595	231	1624	333	1054	1297	1398	1848	1469	1598	937	1298	1017	1466	1951	226	19	580	1648	1442	1973
1327	10	370	61	716	1780	1105	261	129	611	812	1109	1086	127	706	249	142	1420	1129	565	1919	73	1163	397	999	636	1264	444	1575	1480	301	889	525	1197	1024	88	1032	1339	337	124	1670	669	844	534	618	1827	568	475	1795	650
1309	1697	700	149	64	1468	794	1653	952	1956	942	2008	384	2014	1092	1257	1228	1511	660	888	1192	1259	1052	1926	1818	861	1049	566	1188	348	1943	973	1080	583	1942	797	1391	305	947	1290	1405	1560	169	919	964	1416	1812	1610	2009	233
1249	661	547	708	1475	725	615	1481	1345	1132	1775	1216	783	1003	1379	1140	1981	1115	177	182	1102	13	1186	332	484	60	103	308	179	1182	116	1913	1627	1746	796	1824	314	549	531	965	765	1665	1852	1279	356	1992	1412	996	810	1899
974	683	323	1964	1897	1359	1527	1265	1019	821	1888	1958	1565	1365	96	544	637	376	789	1477	918	1366	876	1869	1865	814	1397	1292	279	989	902	1250	1972	1313	240	1832	118	470	1694	666	1573	1390	446	285	1599	668	1597	1041	569	1148
896	1742	280	1494	1735	1178	830	1797	1012	315	1647	641	881	79	1685	1767	864	1558	1520	1495	1898	482	1957	1720	1479	523	1748	425	645	192	532	703	870	563	1708	571	613	1135	1502	923	480	1793	1754	1303	537	1386	1778	872	1679	764
1732	309	365	387	922	1539	831	1187	1786	1245	609	1448	927	891	769	1831	1714	1646	1225	816	1370	318	1585	228	998	829	148	828	405	655	1141	1570	255	972	300	553	822	75	667	15	198	63	1030	21	1850	877	1587	1211	1067	87
1470	1373	1045	1847	1944	1306	1099	320	1166	286	564	1625	9	693	1845	1255	991	833	18	1347	1285	737	689	36	1126	1908	385	1906	1016	823	1820	1791	1678	1700	183	486	1130	1842	878	1701	355	1667	160	1915	1517	1674	798	313	809	1651
539	483	510	1220	70	83	1210	758	2000	1858	180	739	1738	805	132	1232	225	749	1736	222	447	1969	863	1367	1523	1153	1214	448	1553	241	1561	1777	247	1639	1980	1583	1572	33	606	577	1684	856	673	265	449	1506	134	256	1891	887
1993	653	6	298	371	2010	1419	14	1212	1622	201	1034	1711	1021	1681	1372	1603	386	1959	1966	1922	1154	469	920	502	307	1260	1936	1869	1703	111	1959	366	1226	839	877	1611	1493	1962	1734	1743	272	1720	942	1591	299	89	1161	521	1405
1005	1784	1851	1331	883	75	1866	1423	196	935	1051	850	15	1457	934	869	1844	1408	360	1287	1076	1968	1181	1234	1636	1032	459	1599	1706	632	307	1965	1036	279	1025	1106	74	1493	1566	1606	1314	770	1682	1084	1819	57	1378	525	1905	1124
1432	1578	1980	98	1412	1532	1039	223	1942	683	1705	1723	956	534	776	1199	1883	1793	1873	992	1383	1630	66	1881	1845	584	1860	1289	23	822	880	1002	744	882	979	1396	574	893	1556	1568	1357	455	1288	500	1524	433	189	1640	596	790
1522	1825	1996	1704	113	580	1040	1947	879	597	1821	493	581	175	901	1208	498	945	611	1262	178	840	304	149	1011	705	410	1110	19	1339	1748	568	1108	1480	1823	1171	1643	1179	539	1429	85	1668	24	1577	1333	1307	1139	77	1098	207
946	1297	1490	1833	235	689	1603	578	1328	1871	1474	364	1536	1484	1951	1046	1785	1849	1563	370	1780	1404	18	438	646	1774	1999	327	1667	1803	733	51	1994	224	1726	896	1456	407	1953	996	714	1217	415	484	1047	55	1274	547	48	752
1626	1393	1381	1126	1001	1515	1413	10	1629	155	131	1080	852	430	1453	538	1211	1591	793	486	40	742	152	891	1827	1680	1918	524	151	461	1101	1222	125	1434	1840	700	1160	399	1449	158	1460	1829	779	509	1059	1366	1565	924	1964	452
1388	184	1273	982	394	1855	1134	1354	446	104	1105	1974	56	271	1850	800	662	1241	708	1395	1848	827	1738	1415	1295	305	845	1822	460	1751	1229	1992	164	37	1976	46	102	309	404	1464	265	245	834	54	347	383	1327	1932	1226	1733
1035	936	1359	150	615	732	133	963	181	193	1673	1320	741	1013	563	764	1727	1159	1338	1131	1531	1202	577	719	1598	285	400	1118	1997	472	1728	276	853	1290	1503	588	1363	1401	1757	1317	1304	1496	145	522	1390	344	1790	311	299	673
1534	490	1329	241	264	253	783	957	1009	1043	1091	1008	1235	138	1465	88	1567	1843	749	1323	199	990	685	1319	1967	1656	215	211	300	1007	1721	1392	1839	1237	844	942	1102	2003	1786	190	898	549	1509	329	1652	1683	1674	1671	1027	1153
237	3	1488	643	816	419	1614	1615	1052	489	1846	1060	1666	141	342	174	482	706	1370	759	295	2019	1267	1756	92	356	1856	1104	1699	1347	878	173	1065	837	1802	974	1259	1081	1810	1073	454	1502	518	1884	2009	1741	1745	396	1385	977
1767	1193	225	658	1379	1889	1451	58	915	1842	354	1639	1679	467	119	703	875	139	684	1569	612	562	761	743	86	2016	842	668	553	231	1284	157	1807	712	387	280	1940	322	267	469	1649	1270	659	1719	1350	1481	920	720	1243	1913
627	1015	432	1654	1398	1890	665	431	851	1618	316	106	1089	1125	244	610	1260	702	1797	1650	1921	1122	375	1530	274	1445	1425	798	911	1248	425	586	641	1130	569	1077	510	1754	232	1792	1499	515	841	1380	988	606	256	1538	361	194
1941	862	90	796	229	393	847	111	1743	303	699	1062	1545	1435	630	1178	89	203	663	1436	1995	888	1402	884	710	1204	994	1387	286	986	567	1067	711	1064	991	1244	480	1119	1814	859	1129	792	1439	1170	542	1575	1521	405	747	434
1421	1983	1707	519	1529	313	1516	381	1470	166	1190	1956	1750	1646	1495	421	1296	1242	620	1623	1935	591	1930	1472	767	25	380	1057	656	67	366	1313	715	1227	1459	1746	143	1514	1394	1877	906	1430	1369	830	123	1966	1156	163	382	1911
677	1906	1219	2000	337	1518	1352	68	1203	65	589	532	675	1212	109	1090	1859	1875	1879	628	653	791	1303	540	1805	1709	1075	1508	1773	334	1468	1271	1505	512	739	135	724	1501	1617	1896	144	760	1838	1004	179	690	545	1140	1141	1386
971	660	1163	797	1215	198	1799	1678	418	1635	1801	31	449	1724	1371	595	205	1053	1483	1525	1513	1164	1326	1324	1360	1520	1511	944	807	1506	359	1012	1931	1069	975	631	1475	1553	254	1902	1103	701	217	1685	981	751	1194	320	1207	1865
247	1812	1832	1497	1658	639	1154	1376	1962	849	435	83	201	35	134	729	1182	1315	1083	171	1138	1891	69	1414	477	953	576	968	831	727	1542	1798	1925	1467	1220	1712	872	1958	691	1216	1399	1841	1908	172	707	1586	1764	1662	1266	1438
1794	506	358	1824	1192	618	442	1937	1766	343	1275	1887	349	1950	929	257	860	1020	1580	554	1058	1987	809	571	422	833	1885	368	258	243	153	1933	1641	1240	1033	1364	1701	1923	272	357	269	823	1306	80	64	87	1716	626	398	220
1675	1895	556	1024	629	1777	268	772	1023	814	1115	619	745	1097	1739	1975	1321	773	1628	810	1991	507	1826	234	1356	864	1030	640	1624	907	262	1737	1870	815	1898	377	969	355	73	353	1670	811	1261	363	1735	1893	735	1377	533	1544
881	325	1882	1443	718	146	1437	1368	1137	537	1557	492	1853	227	1045	902	795	423	1072	1341	1637	1862	315	270	249	1419	921	1526	587	544	801	1989	526	1768	1590	414	1416	411	1943	1055	602	1686	1280	1535	734	1458	989	967	409	28
1018	473	813	341	505	100	1760	122	904	1555	2017	1151	1711	2006	1010	828	197	228	943	1422	1837	326	1285	1672	1847	910	27	1818	1210	310	754	120	1183	1749	1299	388	1173	1957	622	148	1107	50	47	1690	1919	2	1517	21	1988	115
1026	645	594	543	1660	0	210	1692	1342	1374	238	1113	1454	1608	140	386	593	966	1410	110	873	97	1573	740	757	997	564	328	1136	246	780	548	1979	1258	1576	1094	1571	1548	39	1811	1928	1888	1169	1405	1239	918	314	212	376	335
261	693	598	748	1702	1372	1959	1346	930	575	688	877	755	1689	1560	436	1014	1250	1795	1736	528	1264	1298	1722	1417	1562	1663	897	1800	1648	13	696	121	802	1644	637	1720	483	1362	1695	717	1740	616	180	1817	350	1476	1231	695	1049
1424	275	2011	1232	1152	319	1788	985	926	142	558	1278	786	1000	239	987	1978	599	32	1593	443	1305	1121	573	1661	437	200	1322	736	1981	1944	1135	1551	1605	294	1549	886	2014	1397	1574	784	1857	1899	8	302	1872	523	633	765	824
1070	1960	466	697	927	1929	682	768	183	352	1903	496	1762	250	1365	1276	1444	1068	167	373	255	1836	1500	1316	1336	1409	1373	346	1625	124	470	1	806	1037	1487	38	511	1753	976	914	909	96	474	331	1998	485	964	1283	426	30
1050	1621	465	259	494	1251	79	1916	17	530	716	186	103	583	1619	1041	635	1452	333	1213	1150	1710	1420	233	312	550	1187	1066	4	984	1257	1758	82	738	1952	825	1489	608	541	1063	731	821	16	1269	1645	917	1512	803	1507	1830
1078	1112	236	846	1334	491	1742	62	959	829	1450	965	713	1367	1092	1922	638	1330	230	1256	84	1631	789	1782	1963	1696	1174	972	440	1876	624	805	61	1462	669	1061	1955	44	78	462	1990	601	1687	503	1771	858	481	1806	1433	794
1128	766	672	52	1924	520	1302	949	417	2010	2015	1165	961	33	781	1019	1238	557	1031	365	222	502	1022	192	694	273	296	1311	1189	1249	1858	698	445	323	582	1236	818	1961	1973	812	1769	1147	105	756	389	973	1006	41	128	240
1003	1349	49	947	384	1920	555	1291	647	479	391	1492	448	1729	1523	378	1478	1985	1079	374	887	42	1172	129	14	2002	1042	1607	1864	159	661	170	590	686	1149	204	876	769	1175	676	948	551	351	603	1559	895	952	1587	1085	788
1293	9	1589	1868	826	817	1426	1543	191	297	531	456	2018	1708	753	248	681	954	1779	403	561	774	1071	464	758	1835	1595	401	600	868	1455	1448	263	960	330	219	130	1082	22	1300	746	1878	301	185	1579	397	221	1772	429	1894
451	1099	1223	1597	922	912	1253	168	1344	81	336	913	266	1155	1265	379	7	1783	1698	937	1471	1808	1482	43	1954	6	1550	939	252	112	1765	1074	1926	890	900	514	59	1221	372	1494	94	282	565	1431	468	1880	932	1789	1677	1869
488	1337	126	704	1109	1428	1021	1725	737	604	1375	1044	504	339	1054	408	614	413	1917	1796	1224	1700	147	1469	1198	1301	36	1466	1634	680	1747	1934	1601	993	216	763	72	1927	771	1583	1620	1142	1348	905	808	1400	1391	865	298	1252
1255	592	1146	428	908	1770	318	804	1447	1148	1277	117	1684	1180	1486	1184	471	340	1353	648	928	209	1986	441	605	53	1161	933	529	607	634	1214	1681	1185	1318	1335	521	1247	1664	863	1904	1946	951	114	116	1632	1982	1206	1627	938
832	93	195	1694	728	1361	1897	1564	848	424	1669	324	1596	289	1143	1340	108	903	1463	1744	2007	726	1332	785	1972	332	1834	1123	1111	1282	1087	2013	1504	1900	1581	1541	1479	857	1498	778	1510	1527	1809	679	725	1200	176	127	1612	308
156	1970	1910	385	1588	278	1389	517	107	1915	1854	1715	613	1233	1585	536	636	546	1582	29	782	348	1292	650	188	651	1907	625	154	1384	1697	136	420	1604	621	1693	1602	1230	1268	99	1759	617	487	160	958	560	1852	1158	1717	552
670	1546	457	835	499	5	1343	1948	1406	1427	406	723	1477	1114	1191	1554	1734	208	345	999	495	762	1633	1609	182	321	444	1048	1096	940	293	60	925	251	292	291	1095	1914	1781	1294	1218	1969	1828	1228	1655	535	1519	1281	1755	962
671	137	1820	214	843	1761	20	1263	980	861	1540	1651	371	1176	1813	787	1186	655	2008	213	1688	1201	1676	1533	1403	1691	649	1763	395	169	1056	527	1901	476	1778	2001	497	367	1558	288	390	2012	667	1254	1892	839	1442	1945	1016	508
867	644	1594	1528	1912	654	101	1157	1382	1984	439	1831	1642	1730	1971	1309	427	609	885	516	750	202	306	95	1949	1886	1491	1732	1592	1034	1407	666	1993	870	894	76	1162	1816	899	855	1775	923	1188	1038	450	513	1939	970	1647	1088
501	892	1120	1874	281	416	277	819	941	1225	664	1127	1312	162	1168	458	998	1572	1246	1804	874	2004	692	11	1117	1653	1167	1245	1485	1440	290	187	1116	1086	206	362	721	1093	652	1861	1863	1355	1713	1441	317	1537	283	1272	475	1029
1473	1815	1638	1665	856	1286	1611	1552	242	1776	1310	931	369	950	1358	161	836	579	1196	1938	1461	218	730	287	1752	678	34	1177	1867	412	26	955	1600	1197	1132	1570	657	820	478	1561	1657	132	866	585	1547	919	1017	1279	63	1703
1616	453	1622	1100	687	854	871	463	1584	1791	1613	1028	1977	226	1718	1205	338	118	559	1351	1936	642	71	1714	12	566	1731	775	1659	1418	777	1144	1446	1209	2020	165	1325	1195	799	260	1166	91	177	402	1539	1345	392	674	889	1145
983	1610	722	447	1787	45	978	1909	570	572	1133	284	623	709	995	838	916	1411	1308	70	2005	452	502	331	808	1803	1742	24	1873	906	62	435	1522	675	625	1576	1875	1704	775	548	1979	257	561	2009	188	1957	528	1362	461	1410
160	442	1651	2018	1846	1744	41	1750	729	1163	1362	1504	256	689	1006	1346	1368	125	1180	1400	938	408	381	1862	478	1557	1070	587	455	88	432	702	987	433	453	543	177	1344	211	758	1083	1826	844	1911	1331	558	1509	1281	173	372
274	69	1852	1584	416	741	1175	1571	739	811	1066	457	1264	1631	95	947	1417	1624	1402	626	1586	492	530	661	1202	569	515	1160	659	1775	461	1734	1876	1088	904	1558	1355	19	1102	856	1630	1625	598	566	1843	721	824	549	1393	16
17	1033	175	874	1726	463	1680	200	1645	963	1602	1868	836	103	1724	586	1555	1154	1484	1124	311	510	686	4	813	430	127	1829	1007	1110	992	144	1697	1863	1394	828	1254	52	921	1931	8	1317	460	1159	1446	1420	903	974	436	1999
1866	936	1053	1403	1217	680	940	1677	287	187	1497	1153	1713	1297	468	798	1265	886	210	575	179	1244	1407	153	1607	188	3	1913	1026	279	1827	1569	1437	649	910	120	1173	1306	1325	621	231	44	1524	1481	2003	186	943	1200	908	1276
1361	800	339	1391	1886	12	1877	439	1205	27	1895	502	646	1935	1101	926	254	749	1241	148	1428	1681	644	1987	1334	976	1028	1513	1076	1983	104	1537	1097	1940	956	272	40	801	1002	935	706	831	1627	1597	629	814	1737	939	334	1823
1454	909	1220	142	1741	476	913	873	284	816	1213	944	1882	1649	1404	242	928	1842	1845	1199	1588	677	1107	929	897	1366	446	47	1300	1047	1157	310	1608	548	1242	577	1851	1672	6	118	1900	1699	1126	893	42	487	1664	1190	989	1030
554	1397	2000	1859	149	1018	607	925	38	1695	665	1891	1542	300	821	1665	1684	724	1639	1232	1132	1035	115	567	1268	748	222	1436	1064	504	359	690	1953	1890	1069	981	1050	477	1761	1755	1946	545	778	881	1617	1046	99	1621	1347	1221
1901	1805	385	1562	1474	1216	1170	1087	1174	639	225	1816	401	1961	344	315	1459	1120	1222	1739	1378	1236	1488	761	805	323	306	216	484	1780	1048	1233	1086	253	920	1330	1322	1572	527	425	208	1806	1683	1240	1074	1580	1762	1541	277	1928
991	1692	192	1253	537	969	975	846	288	1723	595	1465	1516	73	1103	1431	591	825	458	993	2015	201	1145	421	863	793	1786	114	1915	65	399	715	1534	1191	971	1610	53	343	1711	1353	325	1386	1956	755	826	1215	1712	407	669	1693
1556	1708	307	1125	1560	1959	1830	596	14	731	593	1716	124	1036	1210	1055	767	1367	1733	1991	1902	1530	1781	1701	159	632	1618	998	1746	1954	301	717	1587	386	1702	869	762	449	807	349	907	535	1688	220	1094	1554	872	1031	107	49
250	136	1182	970	1765	241	1342	1742	560	1415	1892	666	56	1023	161	1359	151	356	1869	1838	1904	1135	35	138	1839	564	341	1714	1271	1	1754	895	257	642	1379	756	1485	145	1960	1951	1100	1266	887	1540	1178	611	423	480	563	1425
193	1470	198	1075	698	613	559	1860	1528	1822	703	190	812	934	1326	726	618	1464	1489	303	725	1671	1445	1974	1059	1167	1392	335	431	357	68	1081	1757	156	1079	952	777	624	1938	1623	1532	1600	1947	285	183	1045	1106	473	1003	223
1872	227	189	1773	894	1239	1421	960	1652	379	534	1948	1710	29	709	954	1042	293	1398	1879	402	360	290	350	167	520	81	294	191	1017	1288	233	1187	39	1364	375	1479	2	576	966	1988	1614	23	674	168	194	906	1782	930	1559
1388	134	1691	1836	268	1933	1789	1952	109	1156	565	1487	1295	1188	371	1052	1934	1501	1772	1291	557	916	1583	1369	823	1246	663	389	326	1550	973	318	1259	1248	1219	923	996	1977	1705	617	312	1598	413	599	91	754	1015	1573	1080	1302
1925	229	345	1854	1998	1336	1565	948	75	536	1986	397	988	84	1606	516	1225	1229	1195	594	622	1037	1230	1502	955	526	1092	1290	1155	1794	1490	604	1261	941	251	139	1424	1715	505	1238	1269	773	612	809	1162	1461	1131	275	459	1707
1231	1320	43	352	400	615	337	1104	1256	1025	1383	1312	1634	1319	393	1043	858	1375	1510	1301	1552	1279	915	1871	424	479	1638	209	977	1574	1283	1896	630	1656	1427	1133	1090	185	1339	1214	1647	1547	1005	839	653	539	108	694	304	757
58	1783	273	1878	912	1077	218	1508	170	105	697	1828	1111	1128	483	226	997	957	1753	848	1507	470	619	1172	247	263	1592	637	181	1889	1008	772	351	1108	1201	1024	395	1337	1945	392	1435	1208	1880	1545	299	1158	1678	1287	1906	1887
1270	837	1725	259	32	647	738	202	321	1258	419	1989	678	2005	384	588	1720	1235	1414	847	1632	862	364	1423	986	1918	82	1305	1834	1247	1440	1929	1315	727	1791	1833	1498	163	396	93	405	1011	1668	98	1019	786	1447	342	1503	550
950	94	794	1426	699	780	1801	1466	871	1412	1615	1149	313	1338	387	1609	248	864	450	314	172	1910	900	1655	361	1579	1722	513	78	1469	1372	1451	1349	859	764	1666	519	1476	1409	1456	1117	1564	1515	1505	132	224	585	370	491	1760
654	129	1085	1354	340	388	2020	552	1078	1453	72	1980	796	1982	1004	283	779	533	1594	1012	406	206	655	238	723	5	556	1529	1526	911	1620	1849	1365	512	22	1577	1084	1650	26	106	1581	623	1396	1496	1912	860	1943	1763	625	428
143	803	889	230	964	829	1543	1907	707	834	1286	1056	100	750	1467	765	818	650	1888	1937	827	374	719	1058	31	180	1867	1438	1905	579	331	980	1034	110	1857	580	1129	1014	1973	833	746	119	141	1825	489	500	1521	1373	1527	369
382	555	1942	1957	979	1071	1177	122	589	1299	1309	942	1643	195	1605	1161	843	1850	1993	633	1549	271	1381	1311	164	1936	1010	1819	1212	113	1324	1323	1909	1001	1457	1491	380	316	1370	1164	995	1575	562	1779	878	1475	1796	1262	2016	1473
1168	509	2001	1433	422	1808	797	1813	656	96	601	705	1226	1113	1237	64	1406	770	1140	7	498	1792	683	664	788	1719	276	712	417	528	1811	21	1289	525	1186	760	1570	1115	1067	978	832	572	891	789	1263	346	1360	102	532	1736
1275	1310	1893	1148	1151	67	635	1116	914	296	221	1227	1523	1965	671	1799	50	420	1785	495	154	262	651	1032	704	851	1439	2017	1278	1749	1500	365	59	1856	1981	1250	1294	1348	1463	1099	1635	469	1434	896	45	1314	472	521	573	1690
792	1967	232	1472	157	508	447	1709	1539	295	1411	329	640	265	1422	645	1841	692	1495	1234	1660	1633	1689	1144	348	215	404	291	178	207	544	1958	1793	474	1778	1787	1721	1926	1817	1658	362	1371	123	126	448	1251	1881	795	1659	1728
1139	806	281	165	117	1641	320	673	1663	454	358	1356	1304	1082	1756	390	1752	1389	1865	1512	1218	1578	1978	1661	547	394	1192	1923	1738	733	152	438	1847	219	377	1109	972	409	568	1443	1171	2019	77	1612	1022	174	953	1962	1717	245
411	990	255	2009	877	1252	462	1903	101	845	753	882	1771	1273	538	1932	817	1209	730	76	660	1596	810	30	1764	1350	63	714	1065	1284	1611	1313	1198	1166	924	1553	1675	1054	353	865	1679	1482	1274	121	2010	638	1408	1790	945	1979
2012	688	261	493	1511	503	1696	1405	982	1657	1298	51	1619	57	338	1622	1803	1141	546	1797	768	1939	1718	1351	1522	606	1184	581	260	1130	235	1835	1848	1873	1593	857	524	885	1567	486	866	1063	1343	781	204	319	112	711	687	302
410	267	330	1429	870	1377	962	879	602	1637	668	87	1328	898	1589	1152	1613	888	1662	1548	490	1731	1538	838	97	429	1444	636	270	1061	1694	854	0	1687	1616	855	403	1994	1179	747	875	1561	1776	1380	1971	722	769	728	675	1027
983	763	1119	1970	1536	1480	1944	1197	297	927	1057	1134	214	1203	278	217	542	1883	867	133	155	1963	1670	744	614	1329	252	1272	835	1121	1735	693	628	1123	1685	363	150	1303	1506	1544	1898	1486	1599	571	1471	1844	244	1676	743	1049
1114	734	1038	842	695	1759	822	1972	196	1976	917	1802	1914	131	444	946	499	1143	435	849	790	488	336	1395	212	672	876	529	456	1770	1255	1686	1363	1327	2008	783	213	1990	2002	1285	684	918	83	412	1520	899	1832	332	1105	1949
1138	1112	176	1582	802	373	511	443	737	1996	1899	366	922	497	1316	1462	1062	667	317	1060	466	1399	658	1815	66	1966	1533	1358	605	959	1245	414	249	850	1413	1494	735	1818	1020	1352	1576	1122	679	33	1766	685	883	1629	236	1257
931	1458	418	1704	1142	1041	71	1519	574	1788	308	933	620	264	1642	1013	1682	951	1804	1922	670	787	999	582	570	830	135	1418	1095	1969	700	1357	1282	819	1767	1098	1193	1016	494	1747	1646	1894	18	1626	578	1452	1924	1653	1185	766
1040	1807	74	937	1669	20	774	905	1448	1921	631	627	861	243	1941	652	1189	1419	1648	1478	701	269	1751	716	1777	1183	1698	1800	305	111	282	333	961	2014	1196	205	48	1870	775	1460	1703	15	1654	691	391	2011	1916	289	1442	657
367	1730	1146	681	452	1769	1194	799	485	1387	280	1864	146	551	415	901	1382	1930	608	327	1732	782	1292	1165	240	1009	985	203	1919	718	1604	949	1072	1150	1493	169	1039	182	1136	368	808	1468	804	759	1223	2006	696	1603	1748	1277
1601	1563	609	732	1992	507	355	1176	36	1492	841	1566	1590	676	662	471	1855	1341	853	1729	1211	1321	852	1531	610	641	1837	1374	130	713	426	440	540	90	37	1640	884	745	643	80	1820	286	54	994	708	1517	1243	616	1628	239
70	1000	1824	258	1551	1995	1280	1636	1260	34	919	1333	1385	1091	1831	1518	234	1591	11	1700	166	298	1390	1673	1401	597	1985	1810	1884	1674	1249	62	892	868	1051	710	328	266	736	441	517	1861	1345	902	584	1585	1809	785	553	475
1127	771	1774	840	445	1340	561	682	398	162	347	1181	1449	354	1384	1293	1975	1207	967	451	1410	1073	1795	1093	60	1318	137	1332	501	1821	648	2013	158	496	1021	25	79	1917	1667	1546	434	1450	968	1068	464	1224	1950	55	2004	246
600	541	1727	116	10	481	752	590	1768	427	522	1874	1296	1875	147	1228	634	1984	965	1477	1483	378	324	1089	1147	815	1499	583	1740	1416	1784	1644	791	1206	784	465	1430	1964	437	237	506	1955	1335	603	1029	1441	518	197	61	92
776	1137	1927	720	523	1595	1432	383	751	514	820	24	1814	1514	1118	89	1267	376	1743	880	292	531	128	1455	171	1758	86	199	1376	958	482	1897	1908	1853	1798	85	467	1307	1169	228	1706	46	1968	1858	1535	2007	1920	592	1204	1308
1997	742	13	9	984	1096	1885	1745	932	28	1568	890	740	309	322	1525	1044	1812	1840	140	184	1659	1342	1768	154	765	438	894	1343	768	1716	922	990	715	36	713	96	809	206	1143	1717	1468	293	429	1906	2000	1311	1502	174	1612
913	718	759	1047	653	580	458	168	307	1565	740	842	686	563	240	846	113	1998	1087	693	1613	1695	478	27	716	1539	708	1183	1763	748	1691	1253	481	149	409	442	1879	400	1115	504	1061	1968	438	1343	1220	1428	682	431	1165	628
259	1230	200	1913	1163	1138	1199	1155	1448	451	863	1993	1214	328	1334	597	379	1085	102	1834	1292	783	802	763	777	181	1440	441	406	104	210	696	1348	1494	1381	310	1488	255	16	1323	368	1131	1555	1184	1305	670	1325	160	1293	1877
1228	1697	1810	1080	1113	1745	1470	1410	1179	1875	975	1120	21	1248	428	266	1193	522	1024	1232	1465	579	1943	790	1390	3	862	321	1233	1541	985	2013	1172	1594	546	331	1874	108	1747	1606	1247	242	505	1937	943	146	371	1965	732	1985
1714	2001	1680	1903	382	995	1174	1226	1300	1286	90	345	384	1035	830	225	1250	877	1677	1340	526	677	722	487	276	333	1417	1536	731	754	1017	1902	1944	1582	1070	523	600	99	1571	633	383	2005	869	509	1845	1729	1445	1733	812	684
1973	136	1077	167	1633	1	865	53	933	1278	530	976	58	641	1467	260	218	1796	1883	856	1076	1838	1326	552	782	1839	430	1442	843	1010	338	1469	1501	466	1522	1774	638	413	649	728	195	968	1904	373	169	1843	611	1712	1984	1016
1789	1808	969	697	1265	1949	375	1241	33	1421	1339	1257	1683	1775	120	111	1790	408	955	1108	1051	1595	1807	1818	1725	435	253	402	1387	13	1103	1546	196	370	864	1321	239	1404	1245	524	819	1394	118	945	709	1178	1604	1342	281	517
318	343	1281	35	269	1569	297	1934	907	1815	1240	191	978	1030	533	1891	1261	859	875	1638	1715	335	1217	1006	1679	531	1116	275	1625	566	55	1667	1896	70	1576	1708	1429	257	1063	1046	1600	1393	1211	623	492	1377	1996	1744	323	1104
190	1954	1853	555	1529	529	2011	1062	100	220	1353	228	392	1588	929	1403	816	1095	1759	690	724	585	171	1540	1961	809	1861	302	446	274	1153	1706	1974	1490	407	860	1273	101	1741	1328	1804	1754	737	798	330	22	1498	1351	1079	1167
1100	674	1025	448	1060	1776	1483	989	1111	1608	486	1689	1360	1955	1392	358	1207	743	613	1964	660	1726	541	206	416	664	1905	122	849	1674	1585	148	1121	63	1505	971	1979	1827	1251	785	692	1728	1894	1618	445	861	1663	133	1196	2019
788	157	581	878	1881	116	2007	184	1962	1626	958	1855	1344	847	506	1601	1480	810	1177	915	1562	324	185	38	2008	736	79	179	1271	1246	1958	1140	1781	17	602	853	1411	540	931	158	1367	268	1615	803	1765	1420	764	1151	502	214
376	388	1491	390	1359	1005	351	966	1873	1202	775	1083	1166	1450	2000	135	342	140	619	366	477	317	924	1568	1927	296	1500	94	1432	432	626	527	805	1472	499	396	1303	920	1788	198	922	2004	532	654	850	234	1983	278	646	84
131	1852	1324	1945	1635	1941	909	1171	277	1649	1424	827	1213	558	1447	6	1509	1895	1537	1859	109	941	1244	1191	1371	304	980	1777	1609	1238	1665	1612	1195	1900	1045	1354	265	513	1296	484	884	1422	245	1449	1122	953	889	1579	1097	424
752	97	85	1743	560	241	750	899	1734	14	1050	1118	1144	804	493	1561	1668	921	26	1443	1772	857	233	557	1037	1657	1792	1661	584	1651	121	1621	52	1967	462	1066	1762	92	494	1813	1826	1860	212	1739	1385	679	43	56	1574	911
1645	1383	250	698	61	1506	1528	125	744	161	1441	1690	1289	1078	314	423	547	76	561	1418	2017	1767	2020	806	1724	340	498	1072	1939	230	468	1570	534	66	1192	1624	447	876	463	620	983	1125	47	141	1011	298	1284	1312	586	434
895	1059	1885	1990	1730	1027	944	1409	1101	559	1143	294	932	1966	1936	2014	1908	209	249	1552	1219	1749	1722	45	1987	1279	1770	1614	1559	443	1042	1401	866	991	1137	395	1978	31	1056	1397	1306	1857	341	1333	685	143	1970	1992	1866	374
1023	1212	769	758	1384	1911	1581	691	811	1773	221	393	1408	1647	452	1307	2009	957	1477	312	1380	1295	219	1009	236	729	77	10	681	1290	124	650	765	831	840	62	1573	594	1511	520	1780	2006	381	1149	1433	1203	1335	1386	1593	1304
1643	938	469	193	548	1660	879	1402	329	904	480	34	1001	727	984	905	1869	675	1832	1431	1267	29	666	1693	213	8	145	454	1892	433	119	83	1610	419	1200	1812	902	1309	51	1607	1740	1797	415	1415	1513	508	1578	761	621	1672
1462	1389	1014	1034	398	1971	707	961	1544	273	952	1824	1890	319	1052	1427	1671	138	1822	1474	622	1485	1791	365	833	635	2016	1378	1189	194	46	313	1923	550	203	377	1611	105	848	1315	1870	1365	1701	593	1764	1778	1105	780	449	237
1709	1848	568	965	510	308	2	1658	25	71	974	1237	1227	1157	1935	1756	720	1526	893	1737	1186	1768	1640	714	747	535	457	1619	1089	572	301	1327	637	1669	205	956	24	1496	544	821	1260	1784	1825	1652	1757	1362	1567	713	48	36
59	72	630	885	295	1523	1176	1451	947	1793	774	999	165	898	817	1106	467	1957	1803	258	1919	1720	1435	1856	1704	1068	1478	903	753	1932	1218	883	174	459	845	1590	851	1899	246	1997	1391	900	1564	418	661	789	959	689	1468	1846
1636	465	1243	640	421	500	2010	1794	254	1721	1705	1515	1436	208	1373	1020	1718	1007	918	1437	69	126	1497	1156	1299	1492	1236	1682	1760	349	854	1224	1015	1064	1646	791	937	749	1589	285	1277	363	1049	139	939	822	1285	1868	1205	651
1096	1504	401	832	625	1363	204	44	814	1231	609	1707	910	73	325	247	1098	1837	357	1310	663	1382	186	1702	669	57	760	1466	1055	397	1508	772	1438	1370	1161	1666	1531	49	1915	1586	1889	855	1146	1086	1639	1252	1322	601	1549	1518
762	1572	1346	553	1459	1976	216	1126	795	1664	715	757	725	852	1043	315	1863	1124	719	801	369	482	1551	1223	1484	926	1486	683	153	1977	1602	39	129	1849	1882	1591	1800	828	132	189	1933	1580	1547	1044	439	1989	894	1338	624	519
1538	901	525	1653	291	551	2003	792	346	699	348	988	217	1201	528	1512	1507	1187	1930	440	103	1298	687	1981	1139	15	1235	554	573	1331	1319	1258	1000	694	1029	1198	1003	411	1439	569	1952	243	1463	0	1871	606	173	1457	1075	479
472	1374	1173	645	702	1458	1783	420	648	1372	538	556	1917	211	1090	1865	1912	656	912	1375	587	711	332	688	858	404	1430	1999	280	1872	1452	1400	1631	426	1545	1948	422	429	98	1543	495	793	1398	1809	825	797	891	81	1659	1524
473	616	28	1210	632	367	1703	95	215	1222	1907	2002	489	1738	1414	455	881	178	354	180	1616	1799	723	32	1337	1357	1129	1517	1841	1158	147	50	1634	574	80	1901	461	112	671	410	662	923	919	156	262	9	1215	1074	1147	925
222	599	475	627	1553	1942	336	1369	1482	322	326	37	364	659	1592	1599	807	1107	1456	1920	1876	1710	1057	700	963	917	1678	385	1493	231	1520	1980	1519	1644	676	1355	972	1229	387	970	610	248	1921	928	284	631	1039	399	1416	378
605	163	887	1785	303	1399	1821	1301	813	1986	1084	1287	235	1368	514	1563	1033	705	1811	578	1135	511	1946	733	199	954	634	776	636	1833	1717	1828	1884	1521	1675	1311	658	207	1629	394	1314	287	1320	244	818	1748	82	892	742	712
1814	1341	948	292	589	1162	964	874	4	89	680	592	786	279	590	1577	1073	1264	1514	741	979	644	844	264	1206	1842	1276	1330	1798	873	1297	1924	1950	1991	267	1779	1026	1263	361	1154	576	607	1584	1376	1817	1630	1969	334	19	1048
1256	936	1067	1110	1914	886	391	940	1698	834	841	990	1681	655	1700	1906	327	359	1413	755	1940	603	888	1878	992	154	1516	914	1336	598	226	78	1888	1182	1554	2015	1349	998	779	977	1190	183	570	1242	300	1170	1527	1558	564	414
726	1204	996	155	496	1406	882	1925	1099	1786	151	223	1627	1234	1686	1694	1713	1127	1648	799	283	272	1018	794	770	1396	1910	1963	916	1446	386	1318	282	1481	1216	582	311	1453	1928	263	134	930	1597	837	868	896	1444	1880	67	1313
1840	973	870	1641	1628	567	1185	1830	1557	356	1723	507	1956	1802	1150	229	1742	1434	2018	1272	962	942	1820	1004	1361	701	159	30	485	1656	353	1550	1259	1419	1751	1194	1283	128	946	595	23	1423	150	1623	1530	1994	1225	951	739	1088
444	1168	87	436	1922	293	1081	1688	826	800	106	1766	144	344	1364	251	588	1053	835	290	678	839	1405	1502	1317	1145	745	256	1867	746	1596	897	65	1886	64	339	981	74	565	1475	927	1476	1461	1995	1769	1854	453	993	1294	1938
890	1755	1019	1141	1209	516	1692	647	639	778	820	1266	1426	41	1716	1008	673	1092	767	299	1525	1471	1758	20	612	464	706	1350	1676	1685	1975	227	982	380	1575	617	721	1132	880	1412	1670	476	1548	1013	1352	1909	417	75	1093	1032
1988	643	1503	1302	608	1130	1112	1771	1662	542	1249	1169	1036	437	771	1719	471	575	1455	515	784	1274	137	1148	1489	115	1731	1982	1736	271	934	117	1275	1844	1012	1858	1761	1268	1495	539	1929	1642	1142	1221	1291	1345	1175	665	1379	838
1128	577	123	88	54	172	1487	405	1114	1918	1732	1711	1071	60	1510	497	1347	1684	470	270	483	596	604	1041	872	704	491	18	562	93	1288	372	309	1091	11	1972	182	766	238	521	1632	192	224	40	823	1850	1787	288	1931	1617
201	306	202	672	960	1566	175	166	756	543	730	768	949	1255	614	1356	1835	152	177	815	1280	261	1687	571	703	1119	1094	1181	1535	836	187	286	425	1556	950	1031	1329	1542	735	1746	12	350	337	1479	1887	347	305	1696	1816	618
1823	1395	1951	7	289	1831	5	824	867	360	787	668	1673	1038	1254	1622	935	1864	2012	1655	1847	142	86	545	1605	1829	629	1239	1388	1308	1620	1893	695	1560	1270	1587	352	667	362	1133	96	642	615	1082	1851	91	1805	1532	994	1473
1282	110	320	536	549	197	1160	1460	1188	164	1806	796	1926	1654	1782	1159	232	1603	490	1795	1836	1069	1152	967	1109	1136	42	1058	162	1269	808	1699	591	734	657	501	871	1366	829	1916	1650	1753	1750	1960	403	537	1454	68	908	1583
1197	107	1819	1134	460	1180	1316	114	1598	503	773	389	1054	1040	1801	1533	316	1028	1407	1102	1002	987	906	583	1953	1862	474	450	1332	1898	1727	127	170	1947	518	1065	1021	456	781	1164	717	1752	1897	1358	427	1637	1123	738	751	412
1208	130	512	1464	1959	1425	252	1735	710	1262	1022	997	176	488	355	652	1534	986	1499	1117	188	1298	61	1308	1997	1892	1622	1995	1699	1980	1886	471	918	1326	1829	641	1041	1161	558	1931	766	528	1512	1087	585	1274	1435	1979	1078	1398
1110	1144	349	101	122	624	1864	888	1878	586	140	982	1840	858	1328	373	320	285	1857	154	1397	185	598	1731	1582	754	1277	1426	202	1159	95	1291	1265	190	149	1925	1137	1219	35	1324	1112	1855	150	1483	1541	1182	1703	1936	949	1553
1579	1615	1892	1814	1456	346	920	224	1564	2011	1059	235	1854	1654	1213	1327	1669	1559	261	1455	924	1554	1360	1402	606	1555	1171	56	477	1407	735	223	1348	1833	272	391	1354	60	1408	1512	894	518	506	413	747	121	620	1783	668	142
549	835	1166	662	448	1173	292	1147	461	812	791	1075	1153	1216	1823	1620	1945	1339	1007	927	110	290	590	1058	1679	1439	1601	1736	1847	1297	1134	1549	183	1960	1778	128	299	0	437	658	1312	450	977	1249	830	1064	1743	1560	1632	1442
1900	892	172	262	496	960	481	1931	1288	1024	798	1412	445	1536	342	381	600	1103	366	1122	1434	616	1829	1105	288	708	1066	144	2018	187	847	1441	1043	166	1505	533	1209	1729	1888	733	1609	1918	1607	502	369	806	988	1157	1839	1835
243	1940	1711	1200	449	1486	1326	203	792	380	464	297	2013	1539	348	1805	1263	1941	1124	234	1806	1087	2000	1092	207	644	1095	895	965	310	264	816	455	1967	1224	444	669	80	291	781	1261	168	1767	1234	13	608	869	1084	497	1185
749	962	657	252	1127	1376	887	1704	405	1741	1165	814	1246	1100	976	335	508	1443	820	1149	322	1832	1994	1013	368	333	36	1093	312	552	1449	196	302	915	1195	1912	681	249	483	1218	1631	471	527	1971	537	829	1243	1761	470	323
488	666	1790	423	1691	1178	113	1106	933	75	524	1248	1239	1463	1303	1544	453	815	1769	441	117	484	1036	1895	443	1060	84	15	2008	1444	106	1962	1419	357	4	957	171	463	389	105	231	788	843	727	1322	776	1181	618	257	2012
1515	886	1130	1578	916	1520	987	1088	709	1755	1004	1193	1011	1264	1881	1318	1521	1584	1102	1817	2019	1336	1052	5	546	1663	6	492	476	1611	826	925	809	1259	1800	1438	953	507	1952	719	283	410	1992	779	1678	1026	352	1371	922	1927
1333	923	12	20	280	1212	1634	338	271	1870	990	947	447	863	2009	1361	877	198	480	367	1089	225	641	1875	375	1928	182	306	1452	943	1048	1237	906	526	1557	1468	1784	210	1901	696	632	1179	1676	1885	3	88	1507	918	981	68
1341	684	1135	1160	942	870	787	1514	512	785	282	467	1843	676	1387	86	37	390	631	1809	998	1836	1109	83	1211	1315	1751	1201	2020	577	1593	1527	157	350	1561	950	1803	629	1054	839	831	1725	1162	1400	698	891	1791	1268	1999	1567
1454	1217	1240	1605	159	619	382	1951	1497	615	1569	376	498	191	1207	1409	1172	569	680	1893	1129	388	141	1321	538	595	417	1673	1982	944	937	532	1041	1955	1939	845	1210	1490	24	1529	910	1657	1493	482	650	1516	1958	1675	155	621
1076	359	665	516	1740	1470	1890	1003	1780	233	714	1764	674	1033	1646	353	907	1671	560	761	705	356	715	766	1414	800	245	1180	1562	118	2001	1896	659	1531	645	136	259	240	1199	94	1894	1229	627	790	1215	1995	1682	804	890	123
881	1718	1953	462	913	905	646	1933	1257	844	226	672	452	1585	1314	1781	1619	432	1491	1096	1776	817	1851	734	146	1350	1005	1320	1642	194	1410	409	301	129	278	1976	1502	1576	1629	932	1061	1307	1815	45	92	1496	1602	1242	936	1508
1300	1485	1530	51	1478	868	85	938	1696	2017	1030	587	583	545	1706	955	854	1465	486	723	1979	229	217	1597	1294	1044	1916	1473	135	1238	547	635	1614	212	1197	1904	1659	1856	258	753	1998	784	1384	1523	1198	1429	1628	199	1715	1068
491	758	912	98	10	1310	1431	431	1686	211	564	1770	1305	677	1511	1113	1413	1879	1128	1861	67	1734	671	289	551	1572	1090	1636	114	1404	732	1993	1733	1133	561	880	337	1811	1623	177	1334	818	195	1777	743	197	1627	744	1335	1909
1501	1078	1744	438	379	412	848	1660	274	1469	1274	1467	1588	852	1862	575	204	163	1152	1154	929	1543	2004	1500	336	718	686	39	1525	1101	186	1194	509	414	371	940	57	1768	956	1959	579	878	354	774	919	465	697	1046	1666	1436
358	1712	1720	837	971	1381	378	1143	133	1236	55	1035	1226	1608	275	1793	885	1347	1306	1241	1822	175	1640	1868	145	472	1415	1708	1287	1391	1359	1838	8	1891	311	1810	1722	592	1492	143	1624	1233	1375	853	435	1364	1269	986	572	19
1965	1358	1746	324	1871	755	722	1604	362	832	1338	1368	189	176	1942	1001	132	1860	161	1694	1499	737	534	1123	1844	1427	1713	1652	1183	43	147	29	1481	1027	1937	1021	1380	1282	581	1710	1475	1141	1756	1006	1494	1457	107	1018	1388	1730
531	1283	1053	1621	1863	1301	1421	663	63	1991	1460	138	294	1050	184	1009	237	244	332	594	1920	1798	248	1479	1566	1550	864	968	305	827	1558	1908	1355	1448	418	341	692	298	1884	457	1846	1788	520	752	1389	64	995	1919	767	763
628	1797	100	593	1037	584	127	181	770	578	642	79	1365	813	242	736	442	860	679	188	1963	1655	825	630	276	772	1208	1131	655	489	16	1801	536	1247	1613	131	236	1476	1042	1917	1685	521	361	983	1934	246	279	1827	436	1293
1692	712	1345	1589	222	1450	1290	1680	1116	731	1954	422	1935	612	273	1472	625	89	1447	269	1714	1169	1575	1262	991	454	1789	1626	1988	116	1802	1031	1610	2014	605	1799	1807	1256	604	993	979	82	567	974	1214	1923	40	446	874	557
601	377	456	72	1136	1849	1177	838	903	230	1070	548	33	1167	420	1820	882	1533	411	493	751	964	1873	997	59	871	1907	596	609	77	503	475	1745	1906	1332	1641	1858	1205	1519	386	963	607	53	1377	344	568	789	1813	1482	156
954	1723	397	1668	1581	1742	1069	745	856	889	765	1343	1191	1753	678	647	1772	1716	1969	1859	1556	1812	1170	96	1176	908	1972	1759	1010	1311	111	637	254	91	148	1518	314	811	104	1591	1630	58	1724	1826	1266	1082	687	1898	750	514
108	1635	408	267	205	1187	295	1077	1047	1117	1403	589	802	347	42	797	97	1399	469	1603	277	17	693	1406	768	941	1580	1739	208	1509	429	879	1643	1477	1331	1495	1280	1726	1062	421	1985	897	214	1385	2015	1924	284	989	219	1394
238	1760	1828	1285	81	1975	1728	139	315	1551	599	1537	1503	1978	554	773	591	162	1765	1522	1099	44	1950	251	1677	1411	597	1079	1175	1498	174	688	1056	1681	716	571	102	1563	1653	1524	38	363	1034	1458	41	179	1150	553	1190	307
1203	1366	1342	904	555	1865	296	169	1983	1779	1596	1648	576	930	73	1771	1270	466	1000	25	1794	1773	1267	1804	153	1374	392	1289	339	1453	1020	1440	690	1373	967	1638	970	1278	473	1622	819	1701	1369	1986	1430	726	720	124	670	840
994	393	402	458	1705	1612	909	360	1787	1319	842	511	218	786	740	1513	1487	771	833	499	1120	558	1232	407	18	308	1221	1471	318	7	588	103	260	898	865	2002	1080	958	759	661	992	794	160	1451	178	1189	1548	293	1690	304
206	1228	216	303	1841	1665	1276	999	1008	611	711	675	1905	1055	664	544	603	370	2006	327	351	1146	330	1956	1848	50	1155	1279	851	364	550	1484	433	730	300	1633	523	265	1973	795	1510	873	1132	256	158	914	563	799	1981	1867
1325	1337	634	1126	673	1880	1489	2016	416	1422	1014	1253	648	1661	1081	474	1600	1424	1664	125	660	1775	1295	517	966	1964	1428	928	266	1192	901	793	137	519	1534	1639	900	1115	525	728	1313	1583	500	574	1356	1275	1174	1057	934	1792
1038	1658	1538	1230	855	1255	996	1587	764	700	1674	1405	1235	1932	395	1683	1252	1028	415	651	1017	807	151	861	428	193	1346	1506	975	702	945	1876	1393	403	1072	201	613	866	1699	1340	1139	2010	1378	1121	1186	1974	1645	1852	1650	717
1947	796	1351	1111	639	1445	1545	857	505	1231	1938	1592	1363	1700	1086	1184	62	1437	1188	9	911	1977	1418	1022	1616	1693	828	1148	31	1446	1970	540	1462	2003	862	899	1094	1316	742	1145	1926	1899	883	1118	782	1819	1362	1598	78	1825
1944	1353	134	917	1002	566	704	1834	1749	1012	682	1065	689	319	803	559	867	460	1590	120	1423	850	1245	1016	321	329	638	1647	1595	1417	263	326	1433	810	1432	746	1651	501	255	1396	228	426	721	213	978	66	27	1040	1222	822
1416	859	846	1370	841	1273	683	1140	1649	23	1990	28	1547	1997	1223	1903	71	1565	1727	703	643	952	1073	384	1883	1757	1158	1698	1281	247	1966	626	946	427	21	343	22	1299	1459	1401	1968	70	1258	884	48	1296	93	109	1737	1821
1571	434	61	1774	253	1298	1349	200	896	1842	1367	1984	1662	542	821	316	1667	1104	1574	1957	1108	1618	325	1260	656	99	404	468	317	1344	1915	1063	1573	1943	823	399	167	1866	11	1672	1786	1151	1586	1435	710	760	87	76	872	1204
479	1738	602	495	1989	1599	1785	805	1425	1818	931	1015	617	685	1029	1837	1831	756	1383	1308	430	396	1309	287	1625	286	126	1732	32	948	1504	504	400	515	1251	699	1546	1850	780	220	328	543	1910	1114	1466	921	281	1754	570	398
951	1946	1540	365	1379	1762	1795	1758	47	926	778	1329	1949	2007	1107	1930	1528	1721	180	1292	1526	26	556	34	170	1091	522	192	528	622	215	1464	478	1045	1656	2005	876	313	1250	1206	1830	1125	1886	1911	738	1398	1853	1542	775	1577
893	1074	1689	1357	1023	640	875	985	939	725	173	74	1051	440	783	762	1202	973	585	562	748	580	610	345	1987	165	401	1304	1390	1227	1352	513	769	227	1083	530	1688	1948	1138	652	1570	1272	1302	808	1914	1225	1085	424	309	385
706	459	1032	1386	691	1330	164	1637	1019	849	1845	1996	1719	387	340	1461	1961	636	724	1220	902	1782	1119	1071	46	1748	130	834	374	1	419	1687	1874	1317	582	757	1594	1552	209	1286	539	1372	969	741	1913	935	1617	836	633	707
1164	1929	383	573	1921	1196	1025	961	1877	355	972	1897	1684	739	52	65	239	1816	1697	1067	1766	801	654	1707	1049	30	1735	49	729	270	1532	1750	980	1568	649	250	1702	1670	1244	451	1887	1763	1142	331	494	565	119	1695	152	777
372	623	695	439	2	694	425	1644	1747	1271	1039	701	1824	232	1717	394	1474	1168	1323	1098	1517	406	1882	510	487	1922	268	90	1869	529	221	614	984	713	115	1902	1254	1488	1097	1872	1420	1480	1382	1156	1808	485	1709	541	667	1163
1796	653	1606	824	535	1392	1752	959	241	54	14	112	1889	334	1284	69	1535	490	1161	1980	1395	1598	1481	565	1150	308	883	485	48	982	1654	1581	1040	1788	1152	76	1644	931	710	53	549	1630	2003	797	1893	465	495	1167	803	523
1395	1131	908	492	1559	1803	1636	1802	342	1111	334	248	1490	1811	1863	787	1373	517	1489	1534	428	1320	1931	1841	1070	1223	1416	1439	1068	1603	734	496	1148	1303	1172	48	1913	1107	1550	1075	1989	209	1041	1643	1637	822	1119	1430	120	1024
1862	527	676	760	1109	443	115	1682	141	1759	1899	454	1957	524	539	343	284	421	1099	1499	1648	127	1567	1321	1519	179	41	1393	1942	386	286	39	610	90	939	52	678	29	123	882	1341	262	929	1179	1334	1060	449	619	607	134
235	1319	766	352	1231	390	1767	1483	1417	1909	1054	1090	1711	193	1253	504	572	1733	1820	215	662	1704	1649	889	824	1673	1301	296	1294	830	1553	254	2003	1826	104	1204	1576	95	1285	627	1196	514	1662	1588	1128	1543	1697	1457	1620	1178
545	1000	1019	459	45	158	818	1194	438	1956	999	1411	1215	1609	983	370	1141	1507	757	1881	1915	612	657	596	1539	933	726	1465	1374	1547	1372	1028	718	339	911	172	546	1918	1027	543	1192	15	1600	1346	19	952	687	1670	981	855
779	2006	850	588	1869	430	173	180	338	1874	777	1568	1270	186	820	196	1548	989	36	1828	1540	1140	1644	1738	1854	403	340	1687	318	395	381	697	1923	1066	1469	409	471	696	431	965	207	98	58	1529	1335	1693	1511	675	56	146
458	8	928	736	635	876	936	226	1612	1585	995	646	145	1330	1170	1702	119	32	714	976	264	1177	1602	1655	970	1829	247	1399	809	1951	1239	1012	744	181	253	1532	1397	219	963	220	1478	801	293	1618	1038	1718	1971	1010	130	937
767	1842	487	497	1796	692	1143	885	1477	47	670	345	544	1680	1920	1271	1449	299	1516	387	1593	200	1574	1677	1528	329	498	1546	1906	1551	243	679	1195	34	1310	1740	1508	1966	157	195	858	819	652	419	1757	608	595	2017	1654	287
720	332	167	78	535	140	1083	132	434	457	1139	1904	684	71	839	1081	1804	1209	1214	1167	650	795	1400	586	378	1394	1925	1808	44	716	320	1751	1646	292	973	749	37	55	710	972	1264	453	1523	143	634	594	316	1983	1031	1873
1481	94	564	477	815	73	1497	1959	745	950	964	442	276	464	1732	1199	108	154	150	563	1871	707	1981	944	620	1479	1817	217	1474	1520	353	389	642	1675	862	730	941	516	1771	1652	249	144	263	790	1441	1017	838	365	1362	2020
1930	270	741	1072	731	665	1621	1777	672	1706	1355	1034	529	533	1422	1185	1640	1173	1999	1331	706	1236	1377	1455	1249	604	1945	1116	1082	689	1719	122	191	1229	1402	874	764	375	574	277	165	1535	982	178	129	1243	699	1809	602	894
1150	272	432	715	740	1763	354	978	451	1108	735	1911	357	2002	333	1663	1158	793	1222	1044	1467	904	530	661	1970	422	1171	702	1496	1289	1336	1858	1502	1092	182	1775	400	733	2014	1366	1701	1137	1715	1298	1684	83	1230	1672	1797	1601
1895	1898	1390	397	1819	474	174	975	488	1318	1657	1607	1611	1476	402	1678	930	232	1084	951	224	1781	639	618	1501	233	1725	1049	538	1665	1794	285	1753	2015	583	2000	1375	1444	1864	810	840	578	366	560	1144	444	2004	770	1220	1023
441	0	1488	1051	1933	1571	118	1165	781	4	1634	971	1558	1379	1985	605	871	826	877	796	924	519	1698	1839	1435	46	1936	551	1664	500	525	1619	1597	267	575	346	93	1661	647	1631	1533	698	1743	1994	1825	1587	1011	1897	915	1681
1053	1009	326	632	1235	1739	832	1857	1932	1846	126	1572	420	1801	136	1343	666	912	356	1584	376	788	805	893	1470	439	1207	1592	968	463	153	1292	1886	1852	495	1877	1097	1837	393	1263	1703	845	606	1187	630	603	1129	469	105	1633
867	1833	1191	1799	1324	1917	761	636	1142	1254	1996	1452	1383	1705	1594	184	1666	931	849	541	1679	358	1325	559	562	1810	1747	1344	554	371	1314	663	242	1288	548	1425	1448	1492	622	101	238	341	109	1921	1992	920	1339	1721	1130	1755
1338	1527	1948	1456	1073	1556	475	91	1896	641	1982	566	255	221	1182	1342	834	61	1526	1549	427	598	228	1293	1286	953	1216	1793	1280	1962	1756	1347	363	1953	974	1006	1381	556	688	1283	1642	960	1696	1709	313	473	677	76	1990	837
1122	80	644	86	1212	879	1078	1302	69	416	470	1726	1813	1232	628	1193	23	1029	1442	31	1382	1112	814	589	1907	1750	309	786	1313	28	925	990	175	1279	433	1583	1284	1542	88	631	1480	1626	260	1902	993	116	584	483	799	1309
918	762	290	633	1032	1727	1939	1484	798	1965	1350	1573	1700	279	954	482	829	163	1333	201	225	1398	1988	1098	1541	1610	96	747	985	110	1052	655	1690	1798	1251	415	1928	626	800	1991	922	1380	392	1878	450	570	460	528	455	1315
1238	67	466	609	413	1403	107	1570	601	347	291	986	1463	1415	1495	211	1765	359	308	1096	1306	531	1419	1389	888	1997	1147	1057	884	294	1879	1202	418	1210	1500	1792	1688	269	1	1658	1783	1103	337	1257	1849	1405	194	312	148	729
1563	1408	266	1132	1876	1164	1984	656	202	2001	1888	792	131	305	1927	1267	384	1266	1016	917	1160	1789	1832	728	754	1744	1176	1847	1575	49	907	947	161	582	1641	880	748	807	719	1414	900	379	923	1617	1995	1967	448	1716	24	1168
1993	1105	160	1934	597	897	1418	21	571	349	508	725	998	1774	996	811	914	138	68	1162	1487	1935	364	137	222	1345	1538	1940	465	1274	355	709	1707	1297	1730	797	1816	1361	1436	1624	1905	1121	1125	1552	1903	1851	771	654	481	1660
