0,0
7	31	679	1333	612	1024	958	212	126	827	770	1272	1161	665	373	1197	305	1068	1313	418	278	131	1129	145	554	1123	1115	748	558	27	1211	1308	190	941	756	123	387	991	721	217	218	304	1029	625	858	245	109	1048	1253	56
74	704	16	1085	1156	228	125	1326	550	339	841	102	646	222	384	301	234	87	1179	931	233	1128	911	271	1296	1294	120	564	1187	814	873	366	1034	795	711	1209	440	375	1262	682	1320	798	999	529	872	576	437	1339	35	730
903	461	1273	805	482	964	370	1092	922	143	454	1203	491	501	754	965	591	67	1370	675	511	48	773	124	1231	979	1074	1374	414	261	685	43	359	1279	764	997	654	1145	225	1256	112	986	1337	11	1284	223	413	758	617	348
1111	75	845	1319	1341	358	775	203	533	907	1292	596	411	486	1229	751	633	270	1268	1264	471	1139	1178	475	589	1152	1015	1093	431	1112	1255	267	811	716	913	1064	559	39	1013	244	539	1086	857	518	618	307	709	179	142	1232
1323	354	202	779	481	341	447	452	880	439	1148	332	874	1312	1217	658	855	1166	920	1081	1305	426	450	976	247	64	989	1195	298	562	691	121	323	668	861	537	870	69	1191	29	139	171	905	844	188	1202	894	68	1210	1298
577	971	1052	191	782	688	1205	299	1227	636	420	174	273	381	942	808	1089	334	1120	693	619	60	1019	326	104	329	832	573	1105	1186	1116	835	935	900	425	361	318	953	22	967	712	230	274	494	1372	483	151	1261	1176	172
525	1	229	85	643	565	372	383	1045	948	80	1026	1118	157	1251	325	683	369	467	1185	365	981	1031	177	930	36	803	882	1138	24	916	1004	1239	498	821	1243	1192	842	211	860	1299	582	1062	463	603	1177	524	924	990	194
52	859	417	1316	702	1071	1364	616	955	1225	427	20	1328	152	1184	1154	264	774	41	705	1288	1350	345	954	850	445	173	831	968	1325	1157	51	1301	1366	601	392	863	725	738	649	1099	1059	684	689	672	30	204	1361	180	544
742	1181	1291	512	507	1351	987	213	567	363	255	34	106	73	1193	1365	1355	555	767	745	1069	910	887	374	6	495	226	899	397	300	809	419	196	812	1249	1182	1107	378	1083	878	1277	1141	442	1201	428	280	82	810	580	881
1087	1027	1035	287	335	768	416	1003	800	896	520	1360	1226	961	789	890	510	1318	1036	1375	528	1134	37	854	1016	521	695	1306	403	1357	479	593	115	706	133	78	807	647	153	906	1041	399	95	284	1295	441	613	1220	846	492
514	421	155	1022	666	477	966	1369	1100	175	1012	101	883	1230	140	776	410	79	598	253	249	744	205	393	817	88	242	1082	349	513	1114	250	1297	908	988	1271	604	1358	1257	10	276	193	838	723	504	822	703	434	940	443
45	526	718	385	1055	1241	752	53	342	132	957	700	1334	1102	195	951	1090	772	508	735	660	147	937	722	474	57	285	1023	197	138	23	891	1137	1356	92	734	792	163	1005	448	950	531	820	611	1283	1317	763	216	302	176
114	996	484	429	386	1309	181	833	657	277	1327	292	1142	708	696	729	719	1167	866	1222	1329	546	1286	904	9	1135	337	1044	408	76	235	816	248	33	628	731	1234	240	1046	1051	912	1340	8	699	192	353	970	1331	444	294
1057	1242	487	879	569	499	1215	49	622	12	1170	1079	1030	169	1144	548	585	496	430	843	784	259	530	1070	1244	252	458	960	602	1345	1213	786	260	1124	322	94	739	635	473	629	823	1108	707	1008	505	664	962	804	1155	1080
357	1265	161	116	1053	1073	631	19	1150	485	263	1302	608	167	1175	295	1130	423	993	584	549	321	100	839	592	1276	84	869	897	720	829	42	669	122	135	692	834	886	578	547	571	293	867	615	1275	726	315	99	590	1162
1122	781	415	237	1290	108	743	687	939	794	438	1246	673	698	799	1207	254	750	500	1042	1315	519	141	969	815	769	183	517	614	1363	1028	568	1199	949	545	638	639	572	778	379	1143	184	309	198	579	1347	262	819	1050	1104
909	532	220	1109	398	389	1000	159	47	609	1307	790	1084	166	1007	1158	1151	681	1349	893	623	3	828	351	994	1014	876	1219	1153	456	536	791	995	65	186	588	460	1173	1171	788	272	895	1009	311	28	1163	164	581	563	97
1200	1373	130	836	637	402	1058	367	96	352	489	1280	1260	224	802	303	824	1228	663	1056	1338	952	1238	1278	110	1001	21	170	344	1096	72	1125	449	215	388	1214	697	105	1063	840	1247	566	91	610	740	963	868	771	992	973
1054	243	853	1189	156	317	946	1188	1067	945	1160	538	943	915	199	1194	497	1362	86	1088	396	257	1216	849	282	231	236	457	621	462	884	936	1311	1117	407	1321	1266	238	1252	296	1132	470	1018	1172	1002	466	1282	312	1223	932
1131	478	741	503	107	765	934	377	70	1040	933	1049	1017	390	424	1165	793	333	1218	435	1025	728	898	1274	641	862	980	1245	118	336	154	1164	600	200	1254	1190	982	136	1330	984	50	864	626	753	1250	594	1183	241	757	1346
98	1236	1061	667	678	451	1198	583	83	983	1076	405	956	634	694	61	146	871	400	661	162	761	59	1011	306	316	759	1133	676	651	119	210	509	523	266	570	1235	129	279	522	81	926	888	14	469	178	947	620	1354	111
677	468	1038	214	1353	327	160	476	1368	26	1101	1304	182	1039	25	275	1126	901	1094	885	38	848	1263	1332	586	1196	382	465	343	1269	66	338	642	289	433	148	852	686	227	724	149	975	605	587	737	488	1281	659	1047	113
1121	1248	308	1342	265	320	560	851	63	889	144	219	1336	837	928	1287	650	58	1212	2	208	1343	599	938	251	391	541	1208	959	17	542	1221	1010	575	281	1113	1140	187	207	165	927	892	246	269	288	830	1060	394	701	977
297	1043	978	310	553	1136	291	632	1293	1310	787	918	644	714	1300	189	710	5	1174	925	1169	515	826	432	453	847	362	1335	127	561	209	314	331	656	552	404	806	368	1066	902	117	493	324	556	0	1033	55	1314	1127	1324
455	595	1259	717	875	319	18	813	1110	350	46	168	674	944	340	221	1322	436	1348	627	998	258	137	330	376	1006	158	972	1204	32	150	777	103	347	551	540	727	516	929	1037	1237	206	985	1371	877	412	328	648	346	680
1367	736	607	917	459	1072	506	1303	1106	923	355	1119	446	1091	534	766	422	380	201	671	128	1168	1020	401	1233	286	268	90	1065	464	1285	1258	921	1077	690	785	1267	1103	1075	797	535	914	640	713	557	818	865	747	313	749
232	364	185	62	480	732	780	624	662	746	597	1270	134	1021	655	856	783	360	290	1206	71	4	645	44	472	762	801	796	715	1159	1095	630	15	1240	1098	1359	760	606	919	406	1352	93	283	825	543	652	89	670	653	409
755	13	77	1078	974	1224	574	1146	54	395	239	356	371	502	40	490	256	1097	1032	733	1180	1147	1344	527	1149	1289	608	638	925	526	613	29	294	917	321	1227	610	150	1118	938	691	1018	498	1338	863	747	110	775	507	144
1305	3	730	1371	237	756	397	1199	1214	516	97	1343	1137	565	1308	1234	1269	773	286	20	872	251	351	510	1101	91	486	391	56	1057	644	1052	407	665	238	1029	1224	807	1103	772	278	349	192	1090	39	309	17	245	960	928
344	1060	1083	114	868	374	345	490	1082	788	179	607	408	1229	839	828	371	364	1047	42	766	88	1134	482	881	1317	709	4	329	429	141	93	538	419	923	1243	648	561	973	146	1330	18	622	147	188	458	641	1121	1230	1258
809	1194	1288	598	624	751	985	1069	463	1233	1055	400	950	674	1203	82	1115	1295	718	951	933	100	1168	455	901	109	896	257	1290	1172	294	113	564	135	1182	253	711	1071	537	867	1195	339	7	1139	734	69	748	606	1338	655
119	420	926	719	747	724	492	980	890	64	601	1191	1346	433	1228	795	775	1333	961	708	280	333	1089	133	1323	132	1025	931	669	1268	426	98	1278	1212	468	529	338	877	1131	808	700	1144	1046	431	346	592	1068	754	1208	399
1130	639	301	1023	281	1189	235	1033	849	201	831	825	894	168	279	96	999	1038	1065	128	761	1244	1	888	878	52	578	547	1249	679	139	341	1133	110	835	707	424	453	998	863	1099	1104	1118	330	1287	727	1000	1283	276	1271
1226	46	1364	418	1259	271	392	175	760	283	525	1245	1256	166	413	365	1010	1337	78	432	1260	160	871	771	870	478	660	176	885	411	225	53	123	29	178	261	1361	444	421	1357	543	935	588	866	956	242	170	1048	559	488
880	1368	59	299	850	1015	212	555	489	936	287	1019	544	1334	941	222	1017	313	1059	924	968	293	1375	864	579	991	422	157	920	787	498	1067	900	367	811	1066	136	650	1297	1096	1075	618	156	406	393	742	577	728	274	955
617	535	71	72	288	620	76	423	549	812	585	430	1274	99	454	1164	144	1329	1146	1324	737	290	1332	1154	1280	491	186	652	131	1080	702	1005	373	1022	353	1077	548	774	328	1299	483	826	1218	706	895	647	522	379	1111	1123
77	384	1167	359	470	60	1064	193	918	1145	215	1276	1318	1016	857	1024	1356	720	798	692	415	696	1362	967	672	198	875	1007	163	129	823	1045	221	1009	1331	651	177	58	1232	1325	182	694	154	1183	659	89	621	368	710	781
750	1174	1094	859	580	1247	572	396	1223	697	879	611	16	891	752	210	124	449	566	790	332	1040	800	265	389	117	854	605	502	1095	523	1367	1217	461	670	358	1327	929	1372	819	688	451	41	1282	1001	1358	1254	410	105	376
456	1078	187	145	666	209	74	38	1306	902	721	476	733	851	1117	922	1300	472	1109	335	362	1127	1322	1291	1098	13	1310	745	199	741	272	1135	137	1211	1175	49	304	127	599	240	1263	316	937	1084	19	1281	1255	676	780	172
398	1058	101	1205	445	2	169	782	355	484	847	385	323	783	814	589	1081	1246	942	1273	786	948	649	904	1241	1179	239	427	1086	914	125	174	817	1020	582	348	1011	1328	824	1207	634	234	1092	531	268	1178	954	437	363	394
357	1240	1028	173	792	545	911	990	494	1152	84	515	85	1301	1107	1326	978	613	945	416	762	231	705	604	1070	785	791	513	668	759	122	1143	1053	30	1021	140	1275	1202	446	1215	32	1237	686	1350	120	822	562	1289	938	1340
153	369	14	553	521	509	975	350	832	1163	1162	723	462	554	1129	691	1345	1197	325	684	610	995	974	185	963	799	289	1309	87	390	1370	1093	753	1100	106	892	1158	459	815	567	155	50	171	952	130	1002	526	518	207	441
962	657	583	1293	602	1039	1319	266	1054	300	517	73	662	1284	1181	530	1360	1200	1027	227	161	228	1153	519	1320	958	1250	1041	840	1171	957	1225	695	1219	915	51	713	1227	550	258	1161	1267	524	103	1235	722	925	681	1185	466
1193	1037	699	609	1192	1204	1265	246	587	434	1270	412	1277	505	0	35	1034	965	992	439	1150	765	343	80	440	306	405	372	886	352	282	68	142	83	646	214	377	62	48	126	307	591	331	487	219	1188	162	764	1353	763
292	450	1173	104	402	143	994	600	1285	638	202	1298	501	195	380	1006	495	1351	917	796	560	236	31	1286	630	1222	1314	1206	704	940	573	1264	1359	499	541	9	26	739	861	934	1105	511	327	889	636	575	740	1355	805	539
262	1304	616	1151	905	689	277	79	475	425	969	302	568	43	569	1087	1349	930	1088	469	387	834	121	65	1148	5	729	452	447	15	1261	625	25	1132	206	1165	1056	1051	1141	45	1266	675	776	1003	845	1149	479	735	1119	504
324	1050	481	1354	1138	987	1221	552	860	1209	1313	75	802	229	916	726	259	1049	640	295	467	584	749	244	803	715	865	633	586	1156	164	438	619	1120	921	664	876	714	1373	507	233	906	319	685	1311	717	542	556	571	642
746	150	570	946	167	996	90	1108	594	1315	375	1128	690	536	897	181	693	907	789	382	27	1238	1302	213	503	793	1106	159	311	744	520	191	12	217	347	1279	312	629	216	211	821	997	112	134	623	457	1251	197	284	1312
912	898	33	1140	712	603	769	944	1363	959	1253	473	264	658	993	1042	1116	115	54	731	830	862	1044	1036	986	770	386	1136	342	1125	512	269	626	784	725	1248	574	273	404	263	596	767	738	631	8	118	558	1142	138	223
612	23	701	1018	1169	403	249	671	627	1296	858	1061	797	37	988	804	1166	1348	255	395	1008	628	1352	448	108	837	1085	1102	1110	297	1239	778	910	1252	1347	208	285	1073	165	1196	224	337	220	755	356	63	1112	983	779	477
989	1336	1303	260	1321	204	151	190	884	635	1076	909	94	305	184	645	506	1031	10	816	757	653	1184	964	275	1157	595	593	801	496	194	1035	893	1201	1004	736	943	252	899	443	953	846	971	1374	532	514	1365	414	913	1262
654	608	6	67	241	47	534	794	768	682	11	1231	1030	61	1126	1091	838	24	508	1369	970	409	1176	981	40	116	298	320	464	254	1366	248	1190	939	81	1335	1122	86	366	903	250	291	326	678	36	848	806	758	856	205
546	882	442	310	540	267	152	1014	1242	855	1294	732	148	230	460	203	528	1074	1307	949	1316	1177	360	614	158	919	703	687	843	334	493	827	908	887	370	315	557	637	590	873	1198	833	1180	1032	576	1063	1170	1187	1236	1079
947	1043	656	1216	966	551	401	149	361	661	1155	189	716	1026	1072	381	1012	932	1210	836	869	581	55	354	218	317	874	500	615	417	597	1113	497	322	1160	810	383	1342	527	314	984	1339	698	95	303	270	842	321	435	829
1186	474	480	663	465	243	92	976	180	683	318	107	1341	22	844	1272	1114	336	818	1292	972	743	1220	471	28	66	340	813	70	200	1344	1013	643	673	982	232	436	1062	563	226	196	820	680	1097	841	44	977	34	21	247
57	632	1124	378	183	777	296	852	428	1213	533	111	677	927	667	256	1159	308	1257	979	102	1147	853	883	388	485	1158	1263	726	56	964	992	1011	863	1291	952	1007	1339	468	1166	675	1146	43	196	591	553	1368	267	449	632
1134	889	529	826	994	223	833	1049	1087	960	66	487	1135	320	410	925	769	987	845	1033	955	1053	655	1359	933	793	84	1046	1102	51	1271	448	506	1236	762	620	234	876	636	1133	830	1052	337	558	761	429	949	1355	18	947
1278	276	1293	353	1159	170	725	1057	824	222	841	349	1238	814	873	748	903	358	864	1301	1059	967	439	664	1332	47	175	912	1346	861	898	752	1243	390	252	863	491	537	1228	759	46	372	583	1242	405	709	1267	156	385	939
895	433	108	853	423	452	670	792	1126	968	891	922	1124	575	1209	1206	749	1317	567	194	288	1050	556	756	1127	67	1296	310	216	610	546	1216	1315	601	1241	663	427	1091	786	1226	879	1370	1314	627	785	145	1277	149	760	79
316	673	437	780	866	1130	1239	893	819	993	399	239	28	1063	121	1025	969	1024	456	650	1074	1257	1283	693	1161	123	605	462	1038	363	347	984	496	820	929	790	387	916	318	424	872	1032	165	1115	341	103	482	1252	1367	1185
188	611	522	94	654	667	1272	1086	1308	946	1061	378	1246	641	878	899	63	765	245	357	528	1258	626	463	388	68	1235	501	1119	263	1141	1145	85	362	997	581	64	330	265	710	1039	209	1345	97	834	122	542	681	502	422
382	418	658	1303	481	1354	120	472	1251	32	536	83	136	991	71	203	742	82	890	791	1333	1253	576	632	1043	139	996	983	128	374	90	294	1150	432	9	1335	23	1221	942	215	794	755	980	989	471	326	738	183	195	1374
414	376	585	896	1014	100	781	425	167	1044	500	772	999	535	7	125	954	674	809	129	921	941	441	331	509	837	1279	848	688	992	191	645	186	447	703	154	1142	205	854	1066	555	842	1356	1157	799	461	1196	261	856	953
1045	1108	691	1348	915	554	81	1189	936	1363	521	394	747	838	77	70	419	1364	1064	115	1153	116	714	1366	678	126	507	687	851	325	1200	883	219	1256	1199	778	106	625	1092	1213	144	13	302	1331	177	661	686	1281	1220	751
1203	750	143	1103	839	309	289	1131	322	1005	874	1351	1018	717	1154	392	858	881	827	572	998	607	1254	1105	1336	72	33	910	1263	796	55	1326	1168	844	217	570	451	978	867	159	351	1319	1368	178	986	745	563	982	334	101
163	811	301	633	1324	416	1190	702	1047	1056	1128	928	552	258	1292	894	192	40	806	592	766	727	403	127	1305	640	227	259	199	395	1322	321	1132	58	1041	277	596	871	1290	304	1237	467	767	1282	1275	485	473	699	327	413
140	1136	160	1340	764	590	544	1337	523	1217	1160	1313	649	348	966	1149	1177	782	450	604	24	1165	489	690	208	831	240	435	235	446	470	464	104	285	1094	360	775	133	512	373	1329	1222	42	1183	465	369	1029	1034	734	30
142	455	1350	697	614	1321	478	577	1188	242	746	797	444	757	813	354	1129	597	168	162	238	677	807	1051	926	312	164	147	988	401	95	408	1075	381	1286	1073	812	224	365	421	280	229	676	648	932	12	1123	1012	1306	39
1320	1343	132	214	657	185	1170	264	964	1223	732	96	278	904	877	1122	292	137	232	1375	1323	380	135	1318	707	181	562	692	1295	1266	158	1176	291	1155	445	38	1036	615	34	584	680	56	598	1076	352	938	701	744	1353	588
803	798	286	514	1369	965	86	700	924	1302	27	808	722	642	336	57	1169	1098	1079	262	493	1229	1175	1287	92	741	270	49	375	850	119	672	150	504	1023	480	783	1022	1192	931	1289	295	805	8	359	505	1300	520	1147	784
1020	1058	221	14	308	1112	927	1121	513	1089	975	1358	961	647	484	917	1096	1224	1225	669	1077	846	713	257	1248	560	157	328	1260	868	110	1069	952	80	50	857	279	255	1264	579	1191	962	958	1297	1180	1274	268	494	1146	488
74	971	371	1207	541	1210	582	696	91	1097	1344	519	956	595	254	246	207	370	1372	342	511	1357	543	534	483	233	612	1031	343	458	979	213	260	1156	901	396	959	269	660	1215	204	547	508	1010	724	608	37	666	1285	930
652	202	1208	1120	875	409	1304	477	93	161	62	712	319	1280	1148	377	510	498	293	171	442	466	737	659	449	196	415	117	526	578	1187	228	346	698	1227	580	267	1173	272	852	1151	1328	356	763	568	1003	972	743	716	638
1233	324	88	1071	1341	383	111	303	397	527	566	1067	1062	43	69	1352	1015	1231	622	1167	155	65	1099	1054	366	282	391	908	298	823	355	1007	1144	431	307	825	1194	885	5	1107	1309	10	368	548	957	1140	78	646	1116	603
1070	870	1330	218	923	379	241	829	249	944	41	1000	564	1019	1163	804	736	53	1081	606	705	516	1104	3	1261	840	1048	711	114	715	651	720	1201	1184	61	1219	198	1088	855	400	1205	1021	900	243	338	586	317	902	290	1113
469	389	613	44	1028	721	985	443	1171	970	206	1109	166	934	1083	54	1179	665	193	76	315	430	525	73	869	237	138	1082	1137	384	974	1138	735	1276	1016	574	281	305	411	884	1259	1325	662	777	776	434	920	99	599	911
180	273	1118	888	1040	1270	810	459	1214	220	1013	668	16	880	909	1026	211	1249	634	770	977	976	847	474	22	393	935	768	617	244	1234	407	1125	1327	15	182	1042	1312	1310	1195	723	1080	897	533	1084	59	335	412	1001	266
75	169	314	802	1060	284	816	495	428	176	815	499	102	300	173	630	1197	859	29	629	1338	118	818	1065	105	1265	913	565	297	532	758	937	531	675	1273	438	589	718	1211	31	1198	789	146	60	417	231	1269	832	4	1362
754	1250	708	995	1143	990	148	719	1009	404	914	1166	1110	287	36	694	1178	0	283	621	951	274	1255	1244	828	639	643	1284	540	87	795	1361	6	329	594	492	907	226	48	862	1334	367	350	538	656	835	179	945	200	731
906	940	113	420	600	559	549	201	52	618	1193	740	963	460	1008	1342	1291	210	950	981	882	19	271	296	323	212	256	1072	1316	25	774	453	1365	728	98	21	45	486	821	860	1139	1174	1164	1268	250	1181	726	1068	704	1245
550	89	1360	1100	1011	616	299	190	1186	518	539	1106	440	333	247	490	684	1347	1232	1218	524	1204	551	788	476	1090	457	172	569	1172	454	1162	571	561	887	1085	251	623	20	892	573	436	843	339	345	130	11	1202	1078	733
779	1037	517	1158	557	107	1117	729	187	1002	644	225	1311	426	197	730	689	1111	1298	253	530	361	475	141	26	773	184	787	822	1299	628	1349	1262	1035	679	948	230	865	311	313	248	587	1230	1152	189	1004	1030	631	849	918
905	739	332	593	515	545	340	131	1095	174	1055	695	402	124	17	1371	817	801	1373	943	503	706	109	236	406	468	624	800	35	1247	364	591	152	886	619	1114	1	1017	112	685	653	973	497	553	602	753	1294	1093	275	151
153	836	771	386	1212	134	344	671	306	609	635	1240	683	2	1006	479	919	1027	398	1288	1182	1339	682	1307	1101	637	362	396	77	511	548	47	408	418	798	958	342	321	78	1205	819	245	933	705	518	87	779	926	985	919
552	166	780	464	625	726	956	783	53	26	926	129	775	759	917	277	28	567	170	829	1100	1144	1290	610	233	386	936	1196	349	1198	311	1016	845	757	850	603	201	710	888	1308	132	131	561	1325	79	347	128	280	680	737
55	108	286	1076	481	1023	294	1309	993	857	907	762	341	903	1367	1104	1304	1342	1210	540	140	84	1173	785	703	1061	377	470	533	213	778	595	539	700	146	267	925	1130	297	754	94	646	369	997	243	263	1174	36	560	839
194	1251	265	211	332	1083	435	1281	900	921	195	1099	1232	458	628	1141	902	1182	994	64	649	119	1228	192	1065	824	1320	559	356	647	290	376	660	1066	1368	351	1347	1057	914	1131	793	420	352	1372	210	1247	19	65	1207	652
1094	314	1313	580	225	779	183	527	411	1341	157	273	1252	556	1101	600	1073	801	1189	950	491	298	1289	895	1086	585	692	176	659	134	874	764	1028	1161	758	970	576	965	472	512	114	831	395	255	368	1124	193	546	1026	417
303	212	318	185	309	221	74	905	1296	164	181	818	541	177	275	626	1288	1088	664	506	1233	694	137	469	838	708	1280	427	1082	426	1142	1020	115	918	1058	253	669	1159	984	172	75	71	30	1090	1206	1303	486	261	747	642
1224	1102	1029	58	144	712	149	575	881	191	276	1219	677	607	484	77	1265	419	1110	1005	385	1256	1123	657	777	1218	627	197	1315	1335	828	440	409	1	231	126	974	638	733	880	1328	1244	812	324	287	100	466	952	1152	1239
1138	182	599	1241	1267	686	855	1054	860	971	684	1136	1300	52	833	892	1226	8	1002	931	1105	104	1254	520	145	942	1014	558	823	251	1067	1249	528	1113	861	538	979	955	404	344	425	555	13	889	562	316	54	1229	1311	1257
3	14	750	746	1072	716	505	1148	624	130	1337	223	1351	885	526	685	602	403	655	83	237	800	1160	870	589	85	1068	1112	434	1225	975	807	847	1336	601	894	1361	672	1287	953	532	851	1040	1365	355	461	241	283	135	1350
169	891	501	329	893	1033	1012	841	1150	1357	884	1305	246	770	550	1077	204	357	548	912	553	463	361	1181	327	923	835	1135	302	1360	262	27	653	260	445	1274	1119	278	557	1211	1236	32	961	998	590	906	738	756	1269	336
88	151	1359	46	196	392	1001	537	1266	915	795	1285	307	229	875	289	337	1344	859	1243	1165	1070	598	1143	803	992	1194	1019	342	761	547	227	1085	1004	871	44	932	808	1162	359	1292	190	1245	1055	645	508	34	443	1120	1109
1052	702	235	415	1253	345	148	218	478	879	858	689	887	665	214	760	465	205	6	622	331	976	640	1294	597	1003	18	1323	523	542	815	1261	619	138	651	1374	1121	727	1151	612	1133	957	1053	943	200	962	1230	718	1018	4
973	1063	1333	872	272	41	1343	1319	878	1168	836	489	945	752	1314	853	662	781	641	755	771	325	1279	454	387	78	22	846	62	1203	1049	111	1192	1008	551	985	1084	922	1205	258	515	1158	509	504	482	696	1007	1117	371	1363
1179	245	1127	605	977	1291	849	809	45	614	519	1167	35	1129	1242	167	1103	228	1375	480	120	616	1354	1006	1024	66	794	220	947	927	398	517	449	648	1373	1145	161	503	1044	730	1316	471	1062	69	396	346	840	1022	498	219
1273	876	431	1235	1039	102	292	1111	908	698	1334	24	1250	421	125	578	666	742	524	468	1140	49	73	300	1329	437	629	613	661	354	784	1276	832	507	611	1139	1185	951	5	362	317	442	101	959	1358	574	1188	654	477	848
380	1278	374	1013	650	711	745	1298	198	1246	769	1338	668	1015	1212	455	554	511	285	23	206	948	621	596	186	153	544	536	268	701	328	187	266	1293	1283	1195	584	284	920	1286	1172	499	244	1190	175	259	271	714	949	644
1050	274	432	63	397	765	1092	1237	748	173	924	988	946	279	389	928	579	304	215	224	1178	379	1149	156	495	143	930	995	312	70	1154	453	674	782	391	565	163	1352	393	980	319	87	1115	59	1051	697	38	217	1095	234
1339	749	658	744	1362	433	60	1355	1299	938	725	430	207	1227	256	1132	418	81	492	179	162	31	400	248	683	788	1069	399	751	728	301	663	1043	916	802	632	1264	1030	1036	1075	98	97	1262	61	410	103	937	487	935	609
208	158	1193	1197	1035	877	497	1021	406	457	588	856	475	571	1200	1034	29	390	180	367	490	428	141	867	819	1098	1025	774	1349	1089	1217	530	1282	408	1371	315	320	96	1128	452	896	582	1201	792	1312	1324	360	805	637	1215
121	820	695	1318	1326	456	188	485	776	382	1108	216	688	447	1209	222	898	1031	1000	366	1038	960	1277	563	373	502	572	620	821	1096	407	883	326	1163	1126	42	604	982	67	1370	136	972	830	152	586	1048	414	451	1306	1106
890	545	882	587	165	105	986	699	564	569	543	687	1064	333	822	999	768	862	110	370	412	168	673	753	338	291	615	954	720	873	269	117	904	1134	1170	476	142	798	1348	990	934	448	1011	270	693	282	707	413	47	681
865	93	1010	238	593	1175	886	1118	1223	17	591	1041	968	791	978	732	209	90	1369	1183	1027	109	623	37	159	322	1074	459	86	864	941	518	1164	1366	343	729	1268	705	0	401	573	264	1155	1137	15	11	450	897	636	10
310	39	843	814	488	1322	656	1091	1214	789	734	1307	1238	178	786	51	330	1199	122	252	239	531	639	174	1187	9	1180	1166	422	1204	868	1356	1042	296	363	375	797	56	1078	1176	127	1079	676	787	7	1114	667	514	68	1122
987	493	202	308	80	364	494	72	983	678	1259	1271	670	150	133	1231	1080	353	230	16	901	592	731	910	1301	790	305	535	834	510	534	1156	1270	1255	1093	739	281	631	313	1153	608	2	1184	1340	378	1171	721	1302	958	236
1353	20	12	570	549	724	124	1056	813	991	513	869	816	423	116	438	460	439	715	76	722	1097	933	139	1147	772	796	106	704	682	719	1009	706	1169	806	1310	321	635	82	254	691	741	1157	340	1222	388	155	964	1346	365
1345	1260	963	1107	717	763	966	735	1071	1275	811	288	424	1317	1272	996	483	1045	358	939	634	171	335	467	913	671	479	568	240	766	826	1186	496	199	740	1332	43	709	473	154	57	630	837	1208	525	842	810	1125	1060	1221
348	713	827	844	242	1248	967	1297	1191	48	799	723	91	295	107	306	118	436	863	1330	444	989	299	1216	852	189	767	804	441	594	1263	462	1017	293	899	40	381	1331	339	25	226	679	402	429	618	1087	123	617	940	1032
690	350	1295	112	33	743	1037	372	384	416	969	529	1321	89	394	911	919	1202	909	446	1059	474	99	566	825	1177	1284	247	773	736	581	203	1327	1213	232	854	323	1081	250	405	160	633	95	1116	606	1234	577	1046	334	500
184	92	521	147	817	929	113	516	1258	583	866	1146	1364	50	522	1047	21	643	257	944	1220	1240	383	981	249	675	990	889	1165	341	1017	1273	720	1280	1224	645	518	886	47	441	128	383	1230	94	46	100	1279	208	540	1226
532	309	1038	1217	686	1134	1256	29	27	196	812	432	1000	1074	705	1079	681	174	402	828	328	99	555	1088	627	381	997	262	392	71	256	1106	981	201	841	1371	765	95	119	44	273	440	831	403	1244	439	1036	1271	642	30
1242	379	1201	364	351	474	303	32	499	631	969	580	19	809	581	415	603	230	1315	805	1316	427	245	976	319	1349	373	797	166	742	149	310	87	232	1298	901	786	1224	668	1328	838	488	562	175	1220	864	1056	1118	950	762
887	16	1085	514	1232	264	889	240	1286	341	709	1261	1336	826	1323	56	938	1293	337	444	616	977	1137	732	929	942	429	302	1133	1075	349	1288	633	254	772	1253	782	614	464	1113	217	1278	651	518	466	1062	1018	646	504	1025
58	536	1011	961	226	397	1311	113	452	788	285	909	1131	667	458	296	108	551	1351	1029	479	519	770	290	8	1026	1153	49	690	1373	1209	187	346	714	1236	839	658	1160	647	534	477	495	423	769	1203	758	126	652	1006	305
1363	1285	1346	993	854	570	1303	418	822	1005	905	526	1065	664	242	850	1144	688	353	808	1348	22	870	940	1017	164	457	613	238	120	932	708	754	598	844	622	158	989	203	625	28	324	937	724	1375	102	209	1083	469	731
1216	1330	991	375	322	687	575	544	406	250	205	359	1014	12	848	1204	385	430	1272	1077	962	1110	1294	11	677	1117	590	893	920	505	399	17	497	679	1140	222	630	943	247	221	810	23	263	1210	792	994	1290	804	1009	1219
188	706	473	896	824	723	1361	508	531	442	542	820	1299	883	467	10	975	1104	194	638	498	1184	877	435	111	35	1251	910	1183	206	1318	1071	669	702	297	453	220	1023	1049	152	565	1240	1317	131	1046	988	561	366	300	1274
243	1331	1114	727	1119	751	41	110	1193	1020	47	1287	712	491	478	744	1295	68	815	330	639	1258	1190	584	626	621	1146	610	1167	881	92	132	31	1128	117	1262	304	299	249	277	1342	225	178	159	785	1238	417	554	530	968
145	0	908	506	601	661	951	1162	956	558	675	446	520	183	691	521	1093	1189	268	1259	1102	921	1202	703	867	925	1250	665	82	842	946	409	486	151	995	45	537	1255	996	780	229	569	382	1314	1123	875	550	860	5	678
333	1366	370	891	59	1270	1159	348	543	134	1019	283	604	89	424	136	1112	1213	74	227	395	602	1284	748	753	198	460	1304	472	966	425	1052	1185	1054	360	967	698	884	1182	522	118	115	167	160	715	605	63	952	529	1343
711	1109	128	1309	1372	833	973	13	591	471	1273	573	15	576	803	445	1355	1308	834	618	862	1181	1122	52	682	1012	481	51	231	419	594	468	104	295	329	179	396	1264	144	1227	168	1013	450	560	137	184	949	449	821	710
235	880	380	50	398	93	275	314	266	1143	583	1369	94	643	1333	781	1357	1001	340	811	911	549	597	1212	239	617	386	216	1254	739	70	191	1147	722	936	3	1150	1195	783	1028	1152	1283	358	404	456	1239	165	796	835	538
48	1360	507	81	611	312	1115	684	342	607	214	517	412	140	1194	192	917	1086	945	766	344	215	258	1151	1057	463	1069	1130	1164	421	568	298	26	482	557	172	773	1081	635	362	1063	327	620	1324	900	847	718	1045	1120	1032
1228	433	1291	1206	410	777	269	985	271	599	369	689	500	719	612	1340	935	704	121	1043	915	1149	1225	367	155	1246	645	332	799	694	825	46	1061	756	970	843	928	18	1107	1090	1354	695	1310	916	670	244	1341	57	1042	67
535	286	1094	700	374	648	874	1097	971	740	246	157	1010	615	1030	154	182	1307	383	683	878	1101	840	1345	1306	595	563	924	36	237	1058	653	609	210	1300	73	1218	1035	757	141	408	197	259	260	608	523	501	1263	361	1155
941	368	789	43	728	426	431	733	193	1040	634	65	289	1116	1223	1161	1163	1108	1305	334	459	587	487	441	287	1169	897	983	784	1237	513	306	1145	1024	422	1141	1154	873	1121	717	436	1156	964	1221	663	292	623	1170	1180	800
447	913	827	1280	356	1215	930	37	224	146	1127	98	654	906	577	420	984	326	972	596	801	1096	1368	793	202	387	400	347	1132	55	958	832	470	707	571	528	451	363	743	147	868	1166	388	934	545	251	1076	1021	978	4
354	795	384	391	454	1176	736	181	1267	274	992	133	378	511	83	171	716	278	845	1173	1325	284	1199	156	62	336	749	933	787	1037	1198	1362	462	1188	135	895	922	776	281	88	829	636	574	434	401	1103	288	527	236	1358
892	588	493	345	794	308	186	982	750	1053	177	818	129	1370	105	1135	489	1139	582	990	33	1124	153	476	204	101	416	38	372	960	414	807	746	1142	1243	510	1335	1350	886	857	730	830	853	114	1207	405	1374	1319	331	1165
763	1337	72	1200	122	1231	944	1297	1276	512	876	257	959	974	218	1050	320	879	150	1078	248	726	953	894	979	823	1171	7	86	130	494	1321	1247	593	253	525	1265	255	1197	1353	1249	720	851	1004	25	1266	965	693	1091	858
265	1326	1268	541	697	212	540	294	1047	866	903	861	1275	1089	987	1322	923	40	998	96	393	223	437	509	1196	955	721	927	931	123	619	1	90	1179	1327	173	1051	267	438	692	980	492	902	228	578	34	890	553	759	390
1067	814	1312	1334	75	1252	211	1260	66	279	1055	547	650	948	180	662	54	1177	307	676	1080	939	1099	1214	872	208	1279	1344	957	1136	559	1332	767	316	552	556	533	624	737	755	885	84	768	1148	919	1235	199	774	666	579
1329	103	1084	2	671	1320	80	701	1002	1007	869	207	1064	637	1289	1338	673	6	904	483	1229	865	1027	176	261	163	1016	836	954	912	600	1352	524	280	1138	1039	325	699	1059	1187	1233	1068	276	389	564	484	846	293	480	376
585	674	413	649	1073	735	778	914	1095	852	1211	14	24	69	42	586	301	200	1313	1157	1082	592	567	761	1178	713	888	1003	109	318	791	775	1347	106	926	1158	60	1269	1031	741	428	490	311	443	411	1034	407	680	241	539
61	628	760	317	21	85	1192	606	1041	394	170	189	855	899	1172	837	291	76	107	1248	819	313	39	190	142	252	856	641	566	1191	475	1100	1022	355	234	779	1230	1186	78	1367	448	816	640	589	947	339	657	806	907	1033
738	849	1234	1292	859	516	9	357	1365	882	185	548	963	219	100	1168	1125	1092	461	64	1015	1257	1241	148	1072	502	632	270	1281	1066	465	1098	764	377	1226	729	127	77	124	496	233	1060	139	79	999	656	350	898	1245	1301
546	1208	1174	1105	734	629	871	1048	335	213	745	918	352	813	655	1044	371	572	365	20	116	696	169	455	1175	747	863	143	1126	725	338	195	1129	1205	125	161	752	1339	644	1356	272	91	672	771	315	1359	323	515	485	1296
1008	1111	1070	97	817	1087	1222	321	343	659	138	1277	986	660	162	1364	282	790	112	1282	798	685	802	53	1302	503	470	1284	386	557	991	304	1077	1275	673	996	727	1138	575	454	466	717	826	1276	368	729	418	955	177	183
1181	1175	253	756	327	1201	481	201	122	857	767	223	1020	377	1301	741	303	54	225	1267	153	846	979	42	748	317	1202	145	923	279	832	635	1119	231	596	215	1275	613	14	107	149	402	840	526	1303	358	138	1095	723	914
772	1019	293	943	761	39	1311	356	353	1212	1233	927	1229	955	68	908	1158	340	644	528	21	417	1013	724	81	589	828	93	945	729	23	401	80	1366	906	1185	576	1169	643	780	595	665	701	1160	1265	967	131	737	916	370
726	891	755	1012	801	341	357	803	604	1222	1156	768	851	898	972	1186	1227	123	921	1125	26	1138	78	689	1066	428	759	1317	1078	568	608	1263	615	1299	819	521	414	1109	1304	536	422	150	893	639	237	1088	875	452	1247	922
1043	108	305	90	1010	1206	1198	46	991	379	1268	881	493	97	395	208	483	784	911	774	954	32	497	709	1258	785	242	1102	871	1129	890	1242	448	384	261	738	477	62	315	1002	324	374	509	290	654	626	978	182	2	427
683	504	519	874	984	1034	953	1194	611	817	1226	502	166	1134	318	1327	4	667	255	181	708	179	451	30	573	736	420	725	344	1173	240	523	981	646	275	70	630	75	830	677	226	229	695	529	551	892	1192	986	144	1314
591	766	110	391	901	1106	238	423	320	471	704	1368	1065	895	805	1139	577	1235	786	1162	50	823	696	821	835	388	764	545	1035	1017	111	609	751	135	712	935	664	656	487	1081	553	815	456	291	203	484	594	1334	447	877
1161	1031	1090	1259	518	1340	969	159	971	512	137	407	728	1288	286	1143	51	132	460	1114	386	488	190	1325	734	71	209	1219	1273	116	61	1339	1196	295	992	33	567	896	1330	1022	535	63	363	581	603	791	1292	1225	328	1306
1067	688	658	642	1244	996	445	705	416	1253	719	1104	546	213	1302	29	396	1208	684	424	939	241	1073	31	727	368	516	833	718	1000	409	787	413	1307	176	549	1027	872	154	1346	381	160	899	1215	1024	648	610	1316	20	975
544	361	889	672	578	733	272	548	1061	973	100	57	934	178	514	197	976	673	836	134	552	1146	297	749	1363	864	1264	48	163	36	853	1063	555	1343	251	334	885	792	822	498	858	9	372	602	267	399	495	732	1074	400
844	952	998	141	1328	1352	53	1209	40	651	1124	1257	1048	1144	852	5	1360	462	912	1320	1170	1128	1282	735	67	601	157	534	185	960	807	866	592	482	802	58	987	390	227	1294	52	1180	1079	778	1033	283	22	270	909	1178
202	1351	411	211	140	120	883	10	1092	598	1111	508	999	1367	1358	147	691	947	782	1318	632	740	113	127	958	1103	1211	669	777	1107	915	1319	905	1044	359	119	647	234	1070	558	1190	397	175	717	1298	653	1023	1188	1131	1204
463	268	863	109	539	151	824	198	252	82	1105	102	1047	342	335	537	862	645	793	136	385	820	907	1277	1286	206	1223	1260	1252	313	350	706	1080	496	442	1356	559	937	779	1239	520	312	449	479	1056	269	524	982	148	1174
8	6	1142	745	106	587	631	1254	37	470	676	133	517	1353	575	349	1077	210	1341	1255	932	459	276	169	431	941	373	618	389	1365	66	339	1308	1032	440	619	393	783	1084	995	249	720	475	1149	876	983	347	86	964	1076
538	12	1136	659	679	1006	76	1272	112	45	754	622	1195	845	453	326	392	1046	257	1082	1154	1040	164	193	829	1243	380	325	1238	623	809	1213	1248	455	810	951	1021	1150	139	870	713	541	1151	1274	634	566	1313	1157	1228	527
1036	1029	457	114	1126	1232	798	333	287	1321	957	1091	550	925	27	250	25	636	1042	47	1221	946	319	217	570	1348	436	920	465	796	85	1135	781	762	204	698	621	582	888	522	1261	750	855	1115	1118	189	966	525	256	887
1089	1220	731	232	1172	657	1256	362	926	839	590	375	1121	633	192	84	321	1284	1057	1345	329	917	605	897	1130	15	1373	1337	838	606	666	432	405	560	880	812	556	263	747	13	41	714	73	156	19	474	721	330	172	124
258	629	1015	311	1122	49	753	310	571	425	1210	450	690	507	702	1110	415	44	1101	834	264	433	843	162	1237	480	1099	244	443	980	869	1250	1009	403	1038	1361	746	1251	94	183	125	788	1168	1191	382	944	1184	56	280	616
770	299	338	212	446	3	924	59	950	928	1166	687	515	580	773	865	827	562	818	1289	1004	88	1354	117	103	421	918	894	271	861	43	130	625	543	351	579	1064	165	607	760	187	1369	60	1241	376	336	1197	408	1291	1240
685	860	854	352	18	744	563	1093	281	170	900	599	547	913	360	638	1296	301	1203	1050	485	503	879	565	1335	473	1350	1200	1281	355	34	612	1060	11	826	158	235	265	65	671	308	464	230	569	354	478	1026	1375	1216	1362
847	561	55	199	808	429	584	1152	387	716	674	24	513	650	233	627	1336	542	83	572	314	274	1014	1054	1100	776	219	693	1285	540	965	1297	1309	146	637	956	682	1159	248	294	1087	1371	288	1370	694	697	466	1165	1234	367
1357	1315	1177	963	1231	837	930	1322	87	882	1098	1	152	707	902	1266	752	345	186	700	292	873	435	710	813	800	1326	1097	143	1246	96	936	1344	1153	1025	868	790	222	970	574	1071	1155	167	977	993	1085	989	678	444	461
1189	588	1374	703	848	1224	266	323	1218	533	467	469	254	1214	1279	933	532	1183	1148	35	99	1086	1329	1372	296	859	0	1028	903	668	1051	557	994	968	1278	1280	1011	101	842	79	1108	816	441	617	168	239	1167	661	1055	472
743	1030	343	491	1112	1355	510	948	406	486	184	938	194	89	730	1342	277	1052	1062	1230	554	530	1133	221	758	200	1163	419	655	856	418	371	1182	1269	74	997	620	366	77	742	789	1005	64	884	246	1193	641	494	1199	129
811	1141	804	985	236	228	383	649	180	1300	1164	680	988	174	1008	220	171	624	614	1295	126	173	1287	765	298	365	196	307	1127	628	207	1171	531	699	962	118	468	739	825	332	284	1270	378	942	974	1207	675	92	850	663
795	331	439	1094	394	398	564	426	929	910	505	1037	1310	931	1041	364	28	1332	1116	681	1323	195	300	476	1276	1001	1072	1305	1312	369	1096	662	670	260	16	121	919	1271	1283	1058	990	722	692	430	155	1123	1145	1113	214	346
322	285	593	511	282	715	205	91	1068	771	128	1045	438	878	600	316	95	961	1003	1147	806	309	1236	959	841	1249	1205	105	142	412	711	273	814	434	794	949	501	1053	247	1324	660	72	797	243	799	1187	1018	104	1059	640
289	337	1007	1217	585	506	490	1117	597	1364	499	410	245	218	1293	904	348	1069	454	115	583	306	1333	1245	302	161	1347	500	1349	1075	886	224	489	867	98	404	686	1338	177	769	586	1083	17	492	763	940	1179	1262	458	1140
1016	188	69	1137	304	1359	278	652	1331	831	1132	849	262	757	1290	1176	259	7	1120	191	216	1039	38	1049	437	775	720	1049	479	21	238	692	216	785	886	59	1278	652	1335	1262	276	579	1099	1070	103	16	432	202	1279	1079
831	774	946	1036	1201	77	323	968	1157	1098	746	102	97	967	363	941	644	317	743	971	723	127	777	1325	658	259	184	1356	1271	999	1340	1151	914	551	1184	714	722	80	1300	868	1101	206	797	1215	112	879	1166	867	318	1270
67	460	139	761	759	28	699	1364	462	1350	1289	1205	995	399	584	203	1169	627	131	1277	1324	43	45	215	580	675	345	46	1286	766	1333	475	679	587	888	908	1124	559	56	1165	39	402	932	213	41	427	1228	511	1275	593
809	1130	479	101	197	1126	1230	1227	431	338	205	1007	87	720	1016	924	872	1185	1329	1266	466	212	649	1075	1234	258	451	171	778	1186	1224	1373	1160	1343	643	343	786	897	24	275	322	219	439	5	434	449	973	632	881	979
542	553	696	175	744	277	810	468	773	339	579	801	826	913	65	342	692	490	1065	898	726	989	35	618	295	325	159	1291	147	1345	116	340	767	231	934	144	660	858	1362	1245	216	79	599	650	497	129	356	1190	142	1088
72	1094	324	933	804	567	93	153	8	66	1216	682	365	1135	273	135	1357	1208	1243	185	423	928	1368	509	414	552	715	291	1154	244	546	335	813	1262	793	783	1359	59	1331	32	183	53	583	596	193	433	856	306	695	575
18	1153	832	1229	1317	503	512	544	1116	52	666	54	202	375	794	136	170	393	909	1172	883	1069	1019	641	96	892	558	1341	562	1105	274	235	1287	784	480	1337	1155	1226	1010	94	1167	1109	724	373	1290	81	502	1029	1018	852
358	1183	63	920	237	612	607	969	1051	1360	495	319	223	565	886	1134	669	1252	1351	1128	282	266	446	311	413	1031	1182	25	1118	398	586	391	1282	292	1342	927	986	757	610	1279	521	635	1318	344	890	42	815	719	128	1272
262	701	137	878	798	1203	9	680	1323	985	790	483	240	120	905	34	248	537	843	376	2	1071	110	1346	987	71	688	700	1050	1090	83	111	1091	962	667	88	1284	940	1280	885	1004	450	441	1218	557	1038	1064	148	899	1095
1033	1000	1240	752	1021	201	980	374	91	84	500	1239	154	409	581	372	957	1163	1086	655	976	1056	33	239	717	606	673	386	799	73	290	1110	665	280	1197	458	1001	195	983	99	1297	448	1328	173	876	313	1089	765	442	884
871	381	640	1078	1236	806	426	1009	1256	572	689	1046	437	117	597	20	742	725	296	915	351	970	1177	528	960	853	1237	532	249	647	955	95	438	1174	510	163	1311	301	708	492	716	1299	1293	574	736	1144	75	498	424	278
157	220	337	514	1152	1045	918	445	359	1014	1354	1285	952	902	633	975	208	1131	271	1210	536	11	1288	638	1066	1195	818	315	443	1103	1322	529	115	795	554	485	1278	543	1150	299	428	747	1049	1017	823	577	465	478	848	1336
893	1273	850	1258	582	1011	972	822	1087	453	534	870	646	900	1247	1053	166	1301	1097	857	1306	1034	134	455	1353	1361	1363	930	873	1159	710	1367	1070	1081	891	251	55	748	199	108	840	463	272	64	114	1112	447	400	515	877
1148	118	168	250	994	571	284	23	662	659	286	1022	904	378	830	181	307	1334	1044	851	419	1302	1142	366	1296	616	645	729	861	456	377	429	109	1068	951	600	842	919	954	550	1320	661	100	1209	125	1295	735	1269	287	172
4	754	1347	461	155	1040	1268	1312	1180	107	1039	243	833	31	523	653	1264	1326	796	608	1041	1030	541	1057	1249	1027	1143	417	1220	1132	246	1079	1092	1121	143	294	556	68	469	687	1181	1106	388	992	15	1173	931	316	820	333
1133	1335	188	150	1369	113	152	499	385	780	1202	997	731	712	854	238	508	538	320	787	1058	283	1309	186	631	829	824	255	730	802	178	672	130	847	911	703	648	1127	959	524	229	621	209	984	785	875	16	1307	191	929
1023	903	236	200	432	189	436	156	256	12	974	642	70	613	663	709	1265	491	1370	305	174	1015	1048	629	549	1294	484	1298	590	412	564	303	404	882	702	664	1025	1060	1047	751	849	133	639	745	210	394	906	217	1232	866
1104	1221	966	604	1260	405	775	1006	1156	1059	595	1149	1352	1321	167	145	336	353	288	937	487	310	535	949	176	652	770	281	762	705	1316	560	942	422	1263	869	61	825	331	221	370	526	1005	470	165	569	953	760	592	1339
146	697	6	17	494	628	657	685	395	382	149	727	917	588	459	98	598	615	37	594	1189	1231	151	361	1251	961	1292	222	1026	936	589	591	392	474	106	228	1310	330	698	1072	764	681	656	1062	1222	260	198	379	123	269
36	912	668	328	1250	531	901	29	1253	860	711	1122	923	545	92	1175	1233	180	916	196	691	1145	855	690	782	950	527	444	1120	384	1168	362	713	360	769	21	158	1008	522	990	1061	86	105	896	1138	811	1254	1082	504	1214
578	998	525	177	548	585	1372	1	1158	1146	1024	1223	357	207	161	1012	1191	341	768	3	750	225	227	332	257	390	352	938	1365	254	625	841	561	1115	416	819	555	676	839	1276	49	1123	411	69	486	1204	1140	1117	622	734
1348	141	264	383	1213	252	1274	803	1259	334	948	218	285	14	1225	51	387	78	1338	1129	1074	501	397	190	489	289	121	749	1198	50	214	89	943	1067	910	1261	619	894	364	516	19	865	1308	792	947	1314	380	1283	169	476
880	481	1305	1303	808	204	506	1013	1137	1375	1241	637	1366	1194	369	407	996	62	821	772	728	1281	347	293	367	74	440	507	211	827	1083	1141	253	805	566	103	1076	530	678	22	230	263	1114	623	812	321	302	327	864	1170
602	477	1099	160	862	1248	518	0	836	626	721	1332	1200	1267	958	513	982	763	1242	834	1211	297	740	48	704	224	755	1052	686	654	771	401	1073	242	1238	1235	346	10	991	738	683	410	758	26	182	611	1020	1355	779	519
1028	247	1187	276	418	233	415	978	741	609	1136	1161	1193	1374	1358	1080	718	993	1206	1330	781	859	1327	570	329	517	452	874	674	965	298	471	192	1035	38	482	389	1085	636	1319	788	268	1077	430	308	791	234	887	844	7
1003	488	835	300	245	671	1196	13	194	921	800	895	267	963	354	925	126	845	1043	408	1108	279	814	846	1096	179	1042	58	1102	977	1313	132	907	1199	403	1217	1244	326	617	539	1315	371	1371	464	944	605	454	533	576	119
563	1171	573	520	226	435	1188	817	1304	350	624	164	935	737	1054	40	349	816	630	1037	241	396	1179	425	140	1344	1162	261	837	922	807	420	1212	1139	312	82	693	138	406	90	707	1111	964	124	355	496	945	828	981	677
1093	85	1246	309	314	956	1119	733	348	467	706	76	1178	1032	162	756	651	694	634	1192	27	1063	1100	568	1257	753	1125	270	620	789	1107	601	614	368	473	493	457	421	232	1055	187	122	1113	889	1164	939	472	684	926	1084
776	60	44	1002	1349	1255	47	603	1147	1207	863	30	838	732	265	1219	739	304	104	57	547	988	670	505	1176	540	403	136	806	331	760	584	1157	733	578	712	778	686	959	61	848	131	701	7	1107	342	236	1066	793	621
1077	593	344	685	865	1055	1363	1209	63	1243	1014	774	552	758	1133	1087	793	422	1278	903	1286	705	1	409	1078	455	511	721	775	909	1307	1164	269	1242	1214	34	114	596	250	288	77	50	719	209	867	629	1291	936	620	680
440	576	241	604	993	665	192	829	1160	184	108	991	1254	702	960	1001	526	677	689	354	364	382	471	1168	818	956	691	98	85	1008	1332	39	293	550	864	528	953	345	1071	115	1020	1300	1351	371	1193	714	838	632	107	744
980	849	932	1221	1190	1187	27	55	824	1058	191	1345	213	401	1342	1358	1114	535	1145	914	571	763	1247	1201	713	764	9	1051	698	791	656	1035	950	662	456	597	832	857	931	266	1165	320	263	1042	1375	99	388	243	948	820
350	144	190	1110	207	562	1202	718	646	908	835	141	1319	145	92	271	225	564	859	128	701	221	443	277	541	1119	613	614	1013	147	930	1195	998	548	787	466	438	1175	1272	920	491	904	1107	671	406	1038	940	1125	720	943
875	377	676	1226	1101	543	312	967	33	248	910	1096	359	459	1022	880	608	651	556	343	634	871	427	879	339	648	214	198	429	986	0	1230	1308	845	375	768	1208	199	834	59	363	474	18	1153	1203	104	51	120	424	217
785	628	278	158	181	623	325	730	756	913	1311	737	925	672	1280	746	578	923	751	295	300	1305	69	532	1364	462	117	358	286	1296	963	361	866	739	803	12	715	1191	767	1253	1225	38	210	1155	1330	282	1104	1120	143	139
22	505	391	212	617	954	1185	587	894	626	458	630	408	1156	400	28	431	804	724	510	6	601	101	1194	1184	684	517	1108	1246	1220	1079	497	1134	616	1269	21	46	507	1306	949	926	1088	831	516	1304	328	955	329	732	159
48	469	486	1327	123	1135	374	817	1066	858	1289	292	522	297	463	971	336	1240	298	499	238	407	428	71	234	1213	984	52	987	1343	1180	1282	675	230	982	1094	200	560	852	155	205	1174	1295	1141	659	621	1245	310	418	173
148	546	935	1128	872	886	757	35	195	24	465	284	15	1143	135	105	268	734	78	1258	275	437	1136	663	1142	1323	287	815	1154	1162	1189	962	1344	559	697	1028	915	187	1317	837	1167	157	1340	577	1288	319	1373	1215	1034	451
506	893	605	840	695	53	163	433	1366	590	579	367	1166	979	1046	228	102	1152	1321	342	969	726	360	41	1315	846	509	1097	869	412	110	808	742	122	324	570	442	826	825	176	897	520	729	341	658	411	65	394	847	260
592	1050	530	500	11	152	692	830	1285	898	164	245	480	983	644	1348	1232	1183	1126	460	519	1299	573	795	302	790	699	755	498	537	1261	166	836	461	508	929	100	749	907	1297	1372	485	304	403	1149	854	423	393	976	728
1277	1113	130	313	1047	299	1200	133	1334	635	759	355	1318	37	619	340	175	1310	1010	957	227	710	16	330	523	941	351	468	992	381	1328	985	1060	760	761	951	772	762	1350	855	722	977	2	434	709	66	1262	682	805	885
206	224	887	316	478	514	1112	490	934	1030	778	395	349	545	1274	1234	239	97	170	647	928	1031	447	162	850	743	259	420	109	390	606	1290	1070	788	704	1029	911	786	927	347	745	988	80	1326	1284	1123	524	1095	841	134
642	264	352	512	1023	944	1320	945	220	811	95	1000	1170	273	353	14	690	1349	188	281	917	735	1144	311	362	501	146	1117	1090	172	542	435	70	7	68	8	3	276	296	723	43	1268	572	906	1264	111	946	901	448	882
237	1339	1026	800	905	185	40	1067	1238	874	1353	1219	916	1039	257	1044	862	1061	1267	633	694	1248	74	1065	315	670	970	1298	1369	921	1244	1085	232	584	203	270	1069	679	654	197	196	627	1204	551	464	938	553	539	981	924
215	1205	303	827	819	521	256	1271	67	495	1124	258	777	174	1106	419	1287	235	776	45	631	809	1007	1075	167	290	171	346	76	396	1157	72	922	487	972	452	30	189	1324	1122	253	1293	180	1116	89	62	1040	216	492	357
574	891	489	183	79	1371	575	625	527	892	643	1312	681	1009	229	873	327	454	640	555	168	1121	262	1206	17	49	990	807	322	779	204	317	1138	1357	752	638	54	417	736	798	252	609	4	140	186	1100	1294	416	1302	1352
1198	748	23	1178	369	1316	1365	1025	94	321	504	801	828	1059	536	599	851	740	711	1260	533	1005	194	780	582	1089	799	848	218	747	770	86	482	823	558	436	294	211	31	1266	1073	1224	138	222	773	380	538	251	372	1072
607	1275	387	1098	1057	1084	473	563	1241	441	1179	595	868	1146	959	883	1015	586	594	472	430	839	878	208	75	1004	1368	513	32	26	479	1270	995	1347	771	843	83	1251	696	753	1006	1177	267	1018	649	1130	223	1222	334	782
1012	136	687	131	1199	402	833	1217	961	600	581	1172	1151	652	244	645	717	338	1111	1158	912	806	1091	1235	201	496	518	1218	272	414	1346	36	884	557	151	641	603	899	707	639	1002	246	598	975	653	1231	1337	1303	1063	968
1331	44	1171	1082	784	379	125	1360	856	1322	57	113	91	1045	415	413	306	822	895	515	1068	610	502	939	529	25	1076	966	432	655	1239	754	254	1103	842	585	1081	612	283	591	449	366	1048	1314	1362	20	82	1074	1361	1139
383	853	1233	561	1336	589	622	1338	386	153	373	712	741	318	1374	1099	467	410	255	602	1335	624	90	1147	1036	1329	219	398	766	1309	421	389	326	1169	1159	1354	1027	1173	58	503	678	1181	1176	289	242	1301	1127	307	274	1016
933	813	1229	112	1043	121	1131	331	126	1137	1062	588	860	193	150	1093	1118	56	1083	309	978	476	674	1056	540	161	481	450	657	488	733	178	1276	900	119	84	426	494	958	378	106	1033	1263	392	1064	368	404	5	477	202
890	1021	291	457	156	750	247	792	1227	1252	453	567	439	1207	154	1011	1325	727	554	236	405	1196	1053	1333	42	493	731	688	1150	769	1367	47	802	137	445	81	335	1223	664	738	1037	997	1161	877	399	165	29	93	994	1237
686	781	1341	231	1236	333	1054	1281	937	1017	483	226	19	580	1256	10	370	61	716	1359	1105	261	129	611	812	1109	1086	127	706	249	142	1129	565	73	1163	397	999	636	444	301	889	525	1197	1024	88	1032	337	124	1273	669
844	534	618	425	568	475	1370	650	700	149	64	794	952	1210	942	1212	384	1283	1092	1257	1228	660	888	1192	1259	1052	385	861	1049	566	1188	348	1255	973	1080	583	160	797	305	947	169	919	964	881	233	1249	661	547	708	725
615	1132	1355	1216	783	1003	1140	1356	1115	177	182	1102	13	1186	332	484	60	103	308	179	1182	116	693	796	314	549	531	965	765	365	1279	356	673	996	810	87	974	683	323	132	1211	1265	1019	821	667	265	96	544	637	376
789	918	876	816	703	814	1292	279	989	902	1250	863	1313	240	870	118	470	666	446	285	668	1041	569	1148	896	280	988	1288	646	153	1206	533	475	1274	1113	1291	1304	961	432	1030	956	922	170	1093	847	1322	1095	775	1123	100