0,0
1392	212	1493	1919	1781	562	36	69	1747	631	922	1115	1832	1439	1214	1785	1718	1104	372	564	435	426	833	1305	863	94	982	1200	359	2001	576	1737	1549	96	1873	1763	1002	1532	510	1461	1407	1171	1342	1506	539	1599	35	428	1703	1776
1938	37	1619	1049	1646	966	1915	1788	85	1329	153	270	582	828	1546	1158	663	1924	1678	1671	2017	1328	345	1704	1375	27	233	470	619	130	621	758	1183	1462	195	1559	890	1583	1898	1858	1768	176	1302	1962	1155	1540	871	1903	1300	318
1631	1968	1176	491	1604	1830	1040	1093	379	609	1090	332	1042	67	637	1717	897	1790	916	245	110	691	984	1757	145	115	761	329	248	440	1196	945	1687	953	230	661	1650	1185	810	1789	317	665	1497	840	1031	1143	174	1944	872	1661
10	1914	1591	1612	942	965	2007	437	869	163	1633	563	808	577	1935	1869	772	738	693	970	1313	660	1088	1663	1235	803	1025	537	838	1257	203	731	264	997	598	1665	1116	97	370	952	202	1332	1000	339	1620	999	1475	1174	567	315
304	1455	369	1996	774	120	1558	335	1969	593	1504	986	839	108	344	692	1623	1653	191	1657	1702	31	821	484	991	1693	1553	1662	1203	1074	955	756	423	1697	452	1175	361	1942	529	1990	604	1430	611	1304	1761	588	1218	95	217	730
601	1551	1241	287	750	1487	349	1626	1658	211	614	101	60	1094	1950	1911	1900	307	2014	29	1742	143	1928	805	2010	861	1432	1496	1676	1009	643	24	277	454	603	123	235	64	881	1449	1564	1933	1792	822	798	1380	1677	1941	1978	705
1864	1307	348	612	1523	1441	1303	1813	463	1481	596	367	342	846	1519	1082	1608	827	1867	679	1022	707	1058	1688	1333	1346	449	1750	1157	74	47	1099	1844	1227	792	79	1335	879	904	417	56	1979	242	1108	48	334	1242	299	1953	1940
1133	475	1	102	1405	689	1245	267	1897	1730	375	697	946	1349	1330	274	205	980	244	1137	963	1357	949	735	1853	1807	471	1309	854	608	1525	1840	220	142	1290	994	1391	1468	326	1231	781	1128	427	1796	1331	1654	1581	68	1824	1211
1063	1625	725	1479	1220	1122	841	1212	225	507	278	1173	1126	1394	131	1510	1770	844	414	1837	494	1851	6	11	1178	1083	1320	1635	28	1637	832	886	1886	337	1746	657	900	1469	418	1151	1517	558	1053	188	524	957	312	1338	633	1868
429	882	809	1181	1849	1797	500	1972	1422	1003	819	1814	1673	384	125	2004	218	112	1767	505	1014	512	951	658	1852	2000	831	1466	1067	960	126	565	1850	1825	481	1729	1379	1700	696	579	1429	34	1295	273	1061	1971	301	1396	566	800
1166	1818	146	1112	87	1153	995	1019	617	961	16	1772	1161	721	964	685	887	124	794	1734	778	1956	638	1431	935	1984	874	1192	684	336	383	962	1167	1672	1085	385	784	1961	243	613	1273	1778	458	450	366	398	133	1916	920	769
1720	1820	1793	1719	1152	7	1205	518	752	906	1948	1826	764	1438	392	109	171	403	378	234	1754	1297	1610	1232	1499	531	734	817	1418	1370	528	1059	1989	1408	703	555	1802	75	589	739	1413	1794	1283	1264	618	1627	45	1937	190	744
1879	1298	321	1899	1617	196	708	1051	695	893	1845	1365	1821	815	1139	1403	1145	73	779	39	1918	996	1932	1722	1913	1571	1343	1724	1954	1046	1614	842	1322	669	1448	1744	1642	413	118	1660	1234	1999	1208	636	1667	303	175	571	1980	323
1131	354	1111	870	666	591	1215	298	2003	775	1092	1959	43	1885	228	247	1812	667	811	1998	194	1030	773	237	1762	788	1927	114	1946	1618	1596	930	1669	1963	486	1048	1252	261	1805	222	1760	1740	1129	1594	1317	1490	729	1255	1723	1068
1197	533	799	1891	474	1054	1064	544	1457	33	1177	1253	1219	1162	1698	181	421	1323	501	223	489	23	1629	573	1277	1930	907	1751	860	1191	1929	1195	932	700	1516	1164	615	1005	78	179	654	1798	924	936	1974	941	226	616	1839	1272
121	72	1889	483	1321	511	855	1816	1144	767	520	1846	1819	948	1470	1186	915	1050	880	1638	1841	1728	1467	1611	1562	990	1922	216	1756	1716	896	829	1226	1994	325	835	139	271	147	580	1872	883	1044	1464	1056	891	795	866	939	1363
754	1199	1055	445	1474	387	823	973	1871	305	1603	559	668	3	1420	720	1160	1247	1726	649	447	492	572	1404	899	104	363	1593	1636	1686	1739	895	1337	1733	845	1874	1207	1804	1259	1752	816	1026	532	1561	1500	22	164	968	1721	742
786	1382	1725	1524	381	1645	1187	824	151	514	1582	461	1675	1263	365	1901	172	1473	513	1198	229	1179	1655	1385	1649	1079	1528	1081	80	909	1628	1124	438	157	479	186	898	763	1035	1373	802	1835	1512	1254	1472	722	177	197	1216	1887
1084	719	1355	1509	1062	1465	1318	1109	1815	850	341	1189	1741	482	1150	723	1870	397	498	704	431	699	1351	1348	300	992	276	282	358	1764	706	52	718	1863	441	1894	1301	820	2002	467	1148	411	678	1622	1436	1685	373	20	1647	152
1555	1902	981	776	1834	1437	41	1256	1565	1531	857	1450	1877	1856	280	495	173	1584	1453	954	550	439	1624	51	1398	425	894	1573	876	1428	1163	1955	224	1912	1243	294	625	538	1041	1589	76	1114	30	204	1997	1679	180	647	1668	672
420	1416	199	1076	1117	122	496	525	1476	213	1643	1755	1274	255	546	106	1102	1018	1674	1786	1378	688	1515	1399	238	374	1402	1791	859	1276	789	419	858	843	1579	442	1925	940	82	521	1324	976	1639	1080	1007	416	1975	169	1016	751
1308	1533	1202	1960	1926	793	1172	240	1358	1012	1806	1787	1426	590	1339	1425	236	399	284	1443	554	155	477	1659	1156	1435	215	748	1795	979	140	903	1827	1577	987	410	302	253	249	1285	1595	393	1288	958	88	1544	1829	910	989	782
250	99	1217	1598	1480	1983	1086	1034	193	1708	1284	504	1350	1456	116	434	443	1069	745	526	1810	53	132	1423	682	873	1427	1008	683	1588	141	508	905	1015	1246	1201	1268	908	57	285	1939	884	1013	138	646	1602	812	933	92	1605
712	135	1326	1269	448	1353	687	1410	1567	1369	1249	1682	1138	1774	386	1736	65	1616	262	292	1666	1876	1266	1265	1029	12	1890	1784	711	1691	675	1311	716	1592	9	408	1100	1908	1057	628	42	1800	1352	1101	8	1836	1576	741	868	192
353	2008	444	1710	1543	1141	487	569	499	49	622	1036	1221	1511	1193	1670	548	585	912	430	545	259	807	530	1585	1560	170	702	252	911	1434	602	1970	1548	971	260	322	867	1118	635	473	629	351	709	931	1087	1945	83	664	457
1572	357	254	161	1140	1238	1563	19	1680	485	263	1907	167	295	1292	584	549	969	100	1777	592	84	1184	519	456	1735	1991	1906	768	1359	578	547	1537	1316	293	1866	726	1123	1694	804	1319	415	1261	1987	1132	770	743	1709	988	1854
1411	673	698	1452	2018	1190	1278	1401	1377	993	1165	2015	913	183	517	834	878	983	1507	568	950	1748	1601	639	1293	184	309	198	1414	1286	1347	1534	1609	1415	1244	1296	389	1923	814	159	1071	790	166	1809	1690	1538	681	610	623	1503
1683	1706	1045	1857	1334	536	791	594	1089	1966	460	1985	272	200	311	1052	1695	1188	581	1023	1121	937	1017	2016	1154	836	402	1513	1120	352	1875	1848	1248	1327	943	1486	1542	1586	1641	1893	1134	21	1194	1931	1096	1920	1239	1004	388	1838
105	1521	91	740	771	626	1799	1367	1882	853	156	1341	1281	1753	967	466	1442	1743	1223	1024	497	1395	86	1251	396	257	1775	849	1306	231	1260	462	1855	1861	1630	407	1028	1262	1831	296	1491	1424	1711	1878	1570	1508	1282	478	1001	503
107	765	934	377	70	1105	1535	390	424	1213	333	1459	1712	728	1371	641	862	1471	1817	1142	1360	154	1696	600	1988	1738	136	50	864	753	1600	1727	241	757	1656	98	1833	451	1862	583	1107	1977	405	956	634	694	61	1170	400	162
59	1011	306	1027	316	759	1652	676	1354	1070	651	119	210	509	523	1699	266	570	1801	129	279	522	81	926	1460	888	14	469	178	947	1314	620	1986	111	677	1135	468	1811	1038	214	1568	327	160	476	2006	1482	26	1606	1910	182
1039	25	275	1759	1644	901	1597	1073	885	1463	38	848	1590	1952	586	1745	382	465	343	1865	1336	1860	66	1229	1518	338	1250	1505	642	289	433	148	852	1502	1325	686	227	724	149	1236	975	1125	2012	1310	605	587	1356	737	488	1843
659	1433	1047	1386	113	1634	1973	308	1965	265	1731	320	1389	560	1574	1943	1209	1446	851	63	889	1541	144	219	1958	837	928	1883	650	1484	58	1823	2	208	1967	599	938	1501	251	391	1529	1299	1372	1130	541	1766	959	1222	17	542
1783	1010	575	281	1376	1280	1113	1664	1556	1383	187	207	165	1312	927	892	246	269	1640	1779	288	1621	830	1182	1275	1536	1060	394	701	977	297	1043	978	310	553	1291	1136	291	632	1315	1896	1917	787	918	644	714	1904	189	710	1271
5	1684	1587	1714	925	1169	1495	1228	515	1384	1421	826	1340	432	453	1557	847	362	1230	1957	127	561	1575	209	314	1447	331	656	552	404	806	1498	368	1758	1225	1066	902	1412	117	493	1294	324	556	0	1033	55	1921	1127	1936	455
1895	595	1847	1951	717	875	319	1409	1580	2011	1458	18	813	1400	1981	1210	1110	350	1527	46	168	674	944	340	221	1934	436	1483	1976	1514	627	998	1530	258	137	330	376	1006	1478	158	1732	972	1204	1545	32	150	1287	777	103	347
551	540	1374	727	516	929	1705	1037	1237	1489	206	1689	985	2013	1566	877	1279	412	328	1749	648	1607	346	1771	1451	1859	680	2005	1765	736	1707	607	917	1803	1445	1494	1651	459	1773	1397	1072	1992	506	1613	1782	1909	1106	923	355	1119
446	1091	1632	534	766	422	380	1780	201	1381	671	128	1168	1020	401	1233	286	1522	268	90	1065	464	1769	1361	1440	1881	1258	1390	921	1077	690	785	1267	1103	1075	1550	1648	1362	1364	1808	797	1539	535	914	640	1701	713	557	818	865
747	313	749	1578	232	364	1615	185	1526	62	480	732	780	624	1547	662	746	597	1270	134	1021	655	856	1485	783	360	290	1206	1388	1842	1880	1947	71	4	645	44	472	1888	762	1492	801	796	715	1159	1454	1681	1419	1993	1095	630
1488	1964	15	1417	1240	1098	1692	1995	760	606	919	406	1982	93	1554	283	1828	825	543	1345	652	89	670	1822	1366	1884	653	1406	409	755	13	1477	77	1078	1715	1713	974	1892	1224	1569	574	1146	1387	1368	54	395	239	356	1552	371
1444	502	40	490	256	1097	1032	1905	1949	1520	733	2009	1180	1147	1393	1344	527	1149	1289	877	64	1350	432	1801	1049	547	1086	222	1109	53	345	2004	1215	91	1909	2015	1497	170	1254	1176	1054	410	132	1242	686	1561	1301	1430	1547	422
444	716	133	1655	7	1609	1264	912	869	686	474	1461	1611	734	1845	1933	1958	1744	502	688	1880	1248	1132	1919	952	452	1830	445	1685	1318	1295	1938	931	946	1244	765	1912	1730	29	1112	1718	1514	1542	1687	1409	860	145	341	1134	1509
1089	58	1251	378	536	48	1578	409	1691	9	1459	1146	1049	674	190	641	911	955	263	1144	43	647	1939	1011	793	477	692	1721	106	984	1030	238	242	449	698	976	1370	1579	1665	978	1522	1125	254	1006	866	1524	533	1113	515	1151
904	364	749	1111	599	653	1534	966	1254	768	1695	841	1681	597	1975	506	1058	1541	1009	1127	1082	702	1491	791	1634	1979	1544	196	1750	914	828	827	784	66	1276	1672	1580	1548	294	81	660	184	1406	801	1142	31	124	189	908	1897
1362	1734	592	1504	1678	267	1805	116	1792	1699	612	2001	1225	454	1948	644	273	384	1870	582	588	181	885	1986	1597	577	528	1616	1684	90	1168	922	1816	1498	436	919	655	204	130	135	1150	1953	632	824	420	776	1731	412	724	487
1774	1131	1826	161	1901	985	937	1117	298	170	475	740	1549	2012	1943	1894	27	51	1214	1758	1615	1053	566	1708	738	789	1298	1300	1575	1449	661	1984	1176	1932	470	4	845	432	1846	1291	1583	1243	1178	1423	1329	842	1379	1564	709	1020
1334	1067	1563	1229	1801	613	1261	1189	1340	1247	1039	855	917	1212	1779	422	521	40	60	141	621	1476	166	1884	1748	887	540	357	1822	1972	15	771	16	1275	98	22	894	1164	1566	1610	88	562	1926	1550	1520	1980	666	1755	918	994
608	159	889	622	80	1624	134	997	1396	1091	662	339	1521	785	1667	1603	1008	381	344	203	1824	1218	1182	1012	1152	1847	1337	762	342	774	366	146	1435	775	386	346	511	516	164	1612	1875	1922	1364	704	1361	605	464	1457	1307	1369
389	957	1224	1437	514	1726	1746	1981	300	867	1099	731	363	1862	1740	652	149	1768	792	1077	560	862	1368	848	1380	1395	1143	547	1806	302	155	1036	1105	987	2000	1568	1141	1391	311	333	497	108	140	758	65	430	609	677	1515	369
1956	1852	714	416	1007	1794	559	690	1951	668	168	970	97	117	1231	1720	1500	91	637	404	518	1205	209	1263	1529	1857	328	1807	1903	1414	1707	424	1871	1737	616	1989	1533	185	3	1015	356	291	1978	1809	1516	693	720	20	1528	794
1014	553	330	1656	1019	1158	603	1855	1868	683	1889	156	1954	372	1686	561	531	197	1821	2004	247	1401	1853	573	726	1083	755	1100	283	595	1781	711	162	679	834	1453	488	1705	450	1343	838	701	864	1507	810	1619	790	270	468	457
811	992	1390	1000	529	319	1232	1054	413	429	95	1788	1881	248	1095	1159	266	1033	1494	453	293	1139	1660	38	482	157	443	1087	1682	844	1711	193	727	1599	1426	325	198	673	883	570	398	805	1974	1325	439	1934	903	707	1848	892
131	472	1692	498	30	233	1047	370	1301	1977	1357	348	1460	289	723	928	1636	338	1620	260	998	1236	1124	1328	483	1627	28	950	745	1540	57	244	1562	1253	747	1399	725	1689	1644	961	1629	1887	807	1530	1056	414	275	1760	177	1786
1576	550	967	235	1738	640	1914	2007	1074	1026	833	1024	214	1675	1602	10	1651	37	1834	1716	936	1257	1941	736	368	382	126	963	1551	591	1519	817	1703	205	1900	1747	1106	1280	427	1454	1109	1946	1910	909	465	691	873	240	246	355
767	1302	619	777	1394	1653	175	1613	1157	1349	995	1324	1886	67	306	1213	1973	1859	1355	446	1537	201	897	286	658	54	1837	68	1029	139	569	441	125	1510	307	729	900	835	1428	376	85	1664	143	546	353	1749	347	1633	121	1137
831	933	958	1166	1856	284	854	527	17	1991	324	600	216	249	147	423	1592	87	1892	327	1499	46	630	1376	123	953	1683	925	1596	1288	495	1743	1208	1877	1879	456	960	718	1050	1817	1554	1621	1065	1296	459	1121	1114	590	1283	478
1833	0	1069	1360	555	832	694	397	1458	1153	1055	1147	1838	218	888	1874	393	1326	1861	70	365	1555	1079	1605	1710	1070	257	417	1481	1352	1448	1404	171	695	1269	983	916	593	1366	103	1422	1032	83	1987	1346	1782	1478	1330	830	1241
115	1671	1446	406	1917	1259	524	606	766	1354	1096	1314	1338	1784	852	1543	2006	814	906	1676	1961	1097	418	101	672	708	1350	1813	584	821	770	532	1410	645	615	245	1839	1138	1929	1425	1455	851	492	884	2003	1927	943	1184	136	1751
1190	1484	132	623	1311	1497	895	1103	1282	850	1351	980	120	229	176	1336	42	1841	1545	1217	1525	901	318	292	954	1171	891	648	1359	39	681	259	1160	1165	602	1920	543	1292	202	1332	1289	2018	1777	552	1888	503	999	1246	1944	1582
1679	1101	1643	403	1601	772	1140	392	820	1674	1906	1335	1775	676	1486	1279	1696	1183	1584	1776	1438	425	14	1018	1477	1828	732	1508	1628	1735	881	207	1167	1918	1909	1753	913	1456	1745	2016	1924	1869	620	1480	1844	261	760	829	973	764
2009	269	1035	1320	45	362	611	1309	1252	396	433	264	1430	321	537	554	1044	1957	549	99	53	751	290	476	74	335	1717	578	1145	556	1392	964	105	107	276	142	1333	167	354	839	607	921	1172	227	748	320	761	1094	1211	448
1474	1661	1754	614	730	1639	1804	274	1968	1230	1	1999	1042	1373	23	1860	853	1313	959	104	1640	379	1463	1547	1174	1945	1935	808	1600	1608	2014	1386	1078	332	1905	1635	1535	1902	1378	1021	1891	1043	1854	281	1650	990	1518	206	279	1789
1646	179	89	1148	137	508	182	1119	859	579	1625	1424	733	360	809	1154	1128	230	79	589	1073	624	719	1714	932	1630	1135	1645	865	1293	2010	951	1066	1764	1412	1916	1739	1003	548	843	989	1272	1876	1502	434	1299	1990	1893	525	1052
1587	169	753	1572	282	304	972	750	1162	822	580	1444	1464	1495	1517	484	1040	1810	1216	1242	1060	1358	222	846	493	924	32	1832	1306	1064	1858	314	172	94	1670	646	639	271	76	1170	1814	1715	385	1770	1865	1303	322	1506	329	1133
491	638	974	1618	494	1532	587	1921	877	194	837	1285	1787	71	700	773	1831	535	435	41	1942	581	1122	212	586	1310	1161	1962	1104	1442	310	1048	689	1265	1732	1759	1308	1772	373	1084	941	857	1799	1923	1641	1081	969	735	1204	1004
1331	49	323	295	517	1950	2017	1273	192	1110	69	982	1722	1210	826	1668	856	1622	1377	1820	633	1372	699	1374	340	840	1316	949	1483	977	1402	880	224	2015	1963	473	223	667	1526	313	965	1363	219	1185	1713	697	1637	629	1420	1808
1763	12	11	262	1001	1383	467	1552	715	1398	1697	705	1051	1539	1898	1800	1729	388	1577	929	712	1315	1419	1413	2011	1156	1023	1925	1452	1769	1553	1802	795	899	739	993	1485	1767	285	1560	1698	1418	440	986	930	402	1321	1090	1662	1175
722	1647	1429	800	1057	1193	1387	1255	1604	1482	1895	1756	1590	1843	331	351	110	876	1561	231	102	73	505	1796	1488	1451	1725	1677	47	1427	618	237	1434	818	886	1327	1585	1885	583	1985	557	208	374	1658	545	1728	1523	847	129	816
200	1086	24	1702	1970	890	1490	778	303	939	571	228	1617	375	1207	1317	797	742	463	1237	631	1371	394	803	1234	696	1607	183	1866	1220	272	377	287	1795	1400	744	1842	796	334	1088	277	1840	1798	1045	1694	213	1203	490	1277	408
1123	1235	299	1588	256	1408	84	2008	114	544	316	174	1192	787	1598	1766	1286	1348	868	1586	1080	1836	568	1704	1487	485	251	361	1606	234	1511	1823	1959	728	879	358	35	836	746	152	1268	882	1194	1741	350	1120	1863	1752	1638	1467
1388	239	594	576	893	1027	1222	1443	486	44	1570	538	148	551	411	1228	63	2002	1381	1041	78	1469	1996	574	1773	50	8	1341	447	250	1198	1173	520	1239	1385	92	337	685	1347	1873	643	241	1188	1642	1567	1849	1432	481	1952	1558
1496	1274	934	1116	109	336	165	1342	1593	268	96	510	927	1085	1196	1199	1249	1803	898	1169	1441	1025	1693	113	1700	737	780	991	815	309	703	1163	1882	1733	1322	1465	1569	1479	163	1992	1472	861	752	617	563	1501	1287	988	1180	1742
1197	1407	59	910	1971	1988	195	1890	1493	1908	1267	1818	243	1233	186	534	659	154	575	86	1130	1209	400	151	923	542	1949	1623	1221	288	1964	1250	806	1654	390	1965	496	500	1028	1657	786	211	253	1075	783	1727	489	112	1445	1397
1982	1393	1812	1652	1998	410	349	1010	804	461	1556	1200	1294	1037	706	849	1680	1201	823	1883	345	1663	572	312	1046	981	1761	1531	947	1059	802	180	1559	1659	52	948	902	215	642	1016	1967	1669	480	1186	1262	1724	756	199	782	1005
305	1649	601	757	221	1034	252	1063	1092	1473	567	26	1345	945	1614	968	1896	665	93	18	1690	938	940	188	25	763	1878	1115	150	1240	1319	462	173	1850	905	996	781	1762	1594	1780	1149	798	395	1829	1815	56	1591	1195	721	1256
813	1995	628	664	367	1375	383	769	278	1433	1993	226	598	1072	1527	1911	1312	1462	1864	1827	407	1783	1405	1270	426	62	127	144	1673	1284	1976	1475	519	1227	33	1947	649	82	153	1367	1013	1811	1709	530	626	1937	1278	479	501	391
1701	1238	512	1632	1416	872	460	36	1219	926	675	1038	1930	1557	1997	1867	77	1736	317	466	415	1825	956	1271	2	100	604	1022	1365	1389	1471	1068	596	670	858	1936	1765	625	812	387	863	1771	1155	1757	1969	585	258	509	421	301
1574	1118	1931	1031	1062	1281	1093	717	915	1226	158	1915	1260	75	232	743	1107	255	1344	119	19	634	191	1290	1403	431	1907	297	1899	979	64	523	2005	671	55	1581	656	1191	1595	1450	308	1503	343	754	1785	1793	1076	1872	21	935
779	236	871	874	419	5	610	1940	942	471	1706	499	428	1356	469	654	405	1179	1417	1440	118	1790	875	1904	217	6	819	458	962	442	1466	565	1719	455	669	1489	539	713	1723	438	504	220	1339	680	636	1960	1966	825	541	1304
128	920	1835	513	1688	1431	564	1573	522	138	380	1258	1512	651	210	1305	878	265	657	710	1791	178	1323	1017	1819	359	1546	1129	1126	437	1215	684	1648	1631	558	326	1411	315	663	687	1538	1994	788	1928	13	1061	72	451	678	870
1098	1505	1382	1666	1223	507	971	1536	896	1421	352	401	1955	1851	1102	1447	1245	1297	1071	160	627	1415	1436	1571	1513	975	1470	1492	280	1206	907	1002	187	296	1468	1136	371	1712	1177	741	225	799	1589	635	1565	1202	1983	1797	111	61
1439	1181	1778	1384	34	526	122	399	1353	759	1626	1266	682	1913	650	1108	944	1187	2013	633	1537	636	479	716	787	193	91	1253	699	84	957	416	1527	385	63	1912	125	429	809	530	2014	1500	1414	868	1409	1529	1207	1372	1437	65
1052	1726	875	84	166	1517	440	290	887	1655	211	1210	1215	1318	164	28	311	1941	1921	355	692	821	1473	1992	2000	938	1630	970	1297	1468	1593	255	539	718	276	1348	108	1622	997	949	1682	508	176	1903	1296	948	702	650	589	1092
1658	943	1499	1354	1172	1170	780	785	1739	1671	794	1360	1815	665	1563	137	181	149	1908	751	273	957	556	541	128	1640	1983	1356	1621	1272	1581	1095	1341	533	1322	140	1561	647	1235	1090	472	1611	918	1025	347	1168	134	1938	1596	470
1244	1802	212	2003	368	1191	1226	1427	932	1695	1359	131	377	726	225	1569	1719	1999	1644	1897	710	1572	559	1641	1142	26	1198	1680	872	172	1850	1585	30	1537	528	1320	819	1947	765	58	836	1269	1312	1335	1847	267	1415	614	1586	221
1174	1019	376	193	1242	77	253	1912	1029	611	1643	1458	1161	349	1849	1387	1475	839	1793	1870	835	1790	213	1632	1922	185	1639	1015	962	1103	1963	1715	553	309	1705	1981	669	1928	1616	1768	1838	714	668	775	2008	762	1559	1067	1801	1445
327	1075	788	1973	1564	324	303	1241	1799	294	874	1958	1109	329	1856	1192	1022	52	1628	1898	832	1929	243	1782	8	725	1797	104	369	1061	520	1806	1668	1053	1861	888	923	625	1866	1131	210	403	1033	1830	419	1927	1653	818	100	1437
182	1991	998	867	395	547	884	458	1074	1334	744	1049	505	14	540	1868	1982	223	1720	1497	297	1013	1516	83	237	2007	386	469	1491	1728	961	1152	1858	1258	580	974	527	1951	1396	809	1190	1813	1380	1774	1609	1257	241	1656	1664	1250
169	1943	1740	1542	1462	1878	1043	1466	1063	246	607	204	1962	629	1091	1646	880	302	750	1578	1631	567	260	332	1038	278	1769	1534	1145	32	1225	1785	779	640	1894	1744	1901	1406	1094	352	46	1014	1950	641	1171	1153	2009	1501	229	757
289	1436	1351	411	425	506	1327	849	1105	871	342	781	1566	1343	1413	1112	2017	359	1464	748	937	560	34	1480	417	730	557	946	345	148	1783	1203	434	1180	1138	1826	1481	1536	657	1816	1704	538	331	1407	1729	1471	515	626	859	298
980	1184	733	1136	71	191	280	833	1117	755	196	2011	201	1619	1414	1273	651	575	464	1066	1233	1154	115	610	561	1108	1260	605	1325	1925	200	648	716	1122	654	465	1271	622	1584	1205	4	653	1317	1140	1828	1102	924	1698	272	41
1557	1221	829	445	1919	936	599	1937	551	1432	1216	1749	576	1821	655	820	2002	486	135	325	344	1386	454	1057	1895	1946	387	78	590	1788	612	1717	1027	1310	770	1443	728	1114	1379	1825	1661	1040	769	1478	828	316	542	601	993	1160
1373	922	660	1392	126	1361	1156	1219	1494	504	1062	771	482	603	1002	1036	371	1576	546	245	696	1254	745	526	701	1626	1303	519	2013	35	979	1363	1454	1554	2012	1217	480	1808	1968	1139	876	66	689	1285	1618	398	517	1400	1383	841
1011	1529	1575	916	1255	1268	1926	950	69	396	346	727	498	219	1126	1948	431	1144	907	1871	1800	801	1882	803	1245	24	1794	421	125	578	1673	1573	468	1493	1410	1512	1675	1724	354	1194	664	507	1819	831	815	5	362	317	442	101
1881	1651	925	1100	477	1118	380	1182	1326	1577	1513	646	1222	198	628	1433	1679	805	1123	1857	1352	1884	285	23	206	1637	1665	1877	153	544	1574	268	328	1990	266	1627	1186	1873	584	284	1044	1189	800	499	1591	175	1162	271	1086	1449
926	274	1787	63	397	1967	1294	793	847	1121	279	389	712	579	1747	1558	1883	379	1064	156	1372	143	846	1178	1342	1580	1069	1750	1803	391	1917	163	1252	1510	840	1855	1836	1745	59	928	1762	1978	886	234	1239	1291	1261	1623	1547	1737
1218	1181	430	207	1137	256	1051	1429	81	492	2015	1292	31	1286	1452	683	1113	1804	1986	1541	915	1229	632	1169	807	1722	972	1600	97	1167	61	410	103	774	1811	802	609	208	158	1104	1518	497	873	406	457	588	1505	571	1111	900
29	390	180	1697	1450	428	141	1914	1778	1249	917	1370	870	408	1149	882	1889	96	1789	861	582	1214	360	637	878	121	1887	782	456	188	485	776	1860	216	1635	1667	1298	222	895	366	2014	1896	1690	373	1368	572	620	1525	407	1545
1078	1127	1741	881	67	1130	136	1264	1020	586	1587	414	2006	1893	1411	545	1748	1562	1520	893	935	1519	1907	543	687	955	333	822	856	1993	995	370	412	168	673	1629	1735	291	1319	892	269	117	1003	1496	476	142	798	1248	448	1259
270	1459	1851	707	1608	47	681	1607	1405	238	593	1508	1208	1133	17	591	1042	1418	732	209	908	1846	889	1543	1401	1612	159	988	1548	1408	824	604	1905	1357	1329	1721	1007	902	1888	459	86	1845	720	845	437	518	865	1079	558	1265
1854	729	1642	1055	1173	705	0	401	90	1934	264	1077	87	1070	251	1054	1694	11	450	1340	1476	1487	10	1101	756	574	992	53	39	843	173	1247	1206	1843	435	1970	488	1224	1796	976	1124	1377	971	1331	789	1831	235	1582	1592	1676
1693	1746	178	1275	312	786	224	1674	1678	1110	1756	122	1274	252	1945	752	1807	259	531	639	174	1099	1369	1093	1583	422	1115	868	1339	1446	18	1290	1128	363	905	375	760	797	56	65	1949	54	310	1336	1648	1597	127	1441	982	676
1039	942	862	787	1817	1422	523	1034	619	1456	667	514	68	415	1305	286	1328	1256	1753	202	1902	308	838	466	80	1425	1398	72	983	678	1164	1176	670	1321	133	1098	353	1915	16	1969	592	731	910	1204	790	305	535	834	510	534
1119	1175	739	1663	631	313	1068	608	1288	1421	1270	378	721	958	236	1253	20	12	570	1972	724	124	1702	813	991	1535	869	816	1918	1980	438	460	439	1551	76	1324	933	139	772	1371	106	1686	1681	719	1009	1378	1956	1966	1301	1727
82	254	1660	741	340	1132	388	1979	964	1442	1765	1143	1852	1603	1107	1423	1381	966	735	1071	1734	811	288	1346	1227	1345	1988	1602	358	939	634	171	335	1930	913	1364	1677	568	240	1689	1313	496	1976	1461	1839	43	709	1647	1560	57
1624	837	525	842	810	1766	1060	1960	713	827	1588	1672	967	1200	1909	799	723	91	1688	107	306	1579	436	863	1231	1757	989	1444	852	1366	1390	804	1332	1617	462	1017	1435	1283	1531	381	1460	339	1570	226	679	1482	1523	618	1087	123
617	940	1032	690	350	112	33	1355	1419	1299	1936	1469	1709	529	1223	89	394	911	919	1202	1942	446	1059	474	1338	1913	825	1725	1712	1463	736	1696	1984	1613	1412	1595	1282	1081	1492	1308	160	1365	95	1995	606	1465	1910	1046	334	500
1701	1402	521	1300	817	1890	1448	1552	583	866	1975	1263	1615	522	1805	21	643	257	944	1751	1350	2016	1416	249	675	443	941	914	684	116	671	1391	323	1931	1998	220	400	577	1521	1758	296	1872	162	6	930	1026	351	1685	1556	372
1514	321	1818	968	1150	1041	1088	652	405	1220	1507	19	1211	826	481	587	1006	952	1683	615	934	150	1526	1488	722	1500	374	645	987	13	1486	314	1933	1083	1540	1666	1089	658	1515	1185	1772	860	1754	1920	1944	1453	424	548	1207	565
1899	1316	1289	1479	420	1900	784	688	1684	1598	1771	3	1337	585	1539	633	1652	283	502	1538	530	1842	1763	1028	1353	1761	630	1001	1605	111	1649	1923	1183	562	693	659	1440	1553	555	1047	1614	1716	258	666	1409	999	1634	661	1904	490
449	1495	92	1148	1035	896	88	532	1985	1530	73	1295	232	44	680	1005	981	929	1281	1636	1736	1096	1820	717	851	1792	1000	1141	564	418	1240	963	1307	1393	1955	293	337	1759	912	746	1964	55	1246	501	299	1439	1048	49	113	1568
1773	48	1863	1952	167	1146	151	1692	1703	1384	1232	740	1018	773	190	1234	1743	187	1311	416	1213	858	114	1781	1504	1509	636	25	904	897	1484	1599	1853	1097	711	441	1428	1506	1775	228	130	552	250	1447	877	623	1085	461	854	898
1073	307	493	384	581	475	447	1565	1306	1777	393	1179	300	616	147	99	600	627	1426	1330	1420	2	1589	1669	783	1010	613	1567	152	161	1848	40	996	239	1823	2004	1994	1155	9	1280	1965	951	830	109	516	326	242	60	853	1230
1058	715	1544	1050	1021	1879	1120	1733	1650	1645	154	685	165	945	265	1824	931	15	1864	1886	1477	1767	698	524	536	1344	1262	686	262	118	70	1397	699	994	1023	404	1791	920	1827	595	986	1786	734	231	1522	1498	1708	1809	1483	1314
98	767	1045	1431	1147	706	906	93	413	1385	1134	146	37	1470	1687	1657	1610	594	812	138	119	478	848	1834	1376	656	45	1302	36	753	1304	27	1193	695	1434	883	1037	621	1382	1	1197	1201	1135	1711	1549	1971	891	473	1237	738
1779	1266	189	318	85	1163	1367	1957	183	1814	691	550	2010	281	484	596	1550	921	145	429	330	192	1546	1977	1869	638	1209	1997	1880	1238	749	1284	903	890	1278	194	704	1707	295	766	563	1780	1503	1604	1527	1472	1474	367	778	511
1835	184	1056	1862	1293	975	901	1601	426	969	1932	761	247	1399	1891	489	791	62	1989	598	1251	322	747	102	1760	1177	233	635	1654	1388	357	1906	1714	965	1511	338	105	1016	1731	1024	1187	42	1867	385	1008	1404	663	304	990	1158
453	1309	214	1502	1874	1528	1953	444	1911	1031	894	1961	1555	495	642	1844	1865	978	1195	953	763	197	1374	1713	341	1084	51	287	885	1710	708	64	742	218	1438	855	244	1840	22	1996	94	1987	2018	1730	1157	1199	1832	1833	361	195
292	1700	977	1738	399	1876	1333	1590	1812	110	155	487	120	777	179	1875	205	1082	1196	1072	1939	677	764	1959	973	1620	1822	844	275	433	392	737	1625	2001	1829	1403	1784	1633	427	1228	432	365	796	814	1954	1924	1323	1638	1723	1524
75	282	1165	402	343	319	509	455	1236	203	382	624	1030	248	644	1125	850	569	1490	1776	1662	1394	1732	1106	954	170	1389	186	1065	38	1670	1159	672	956	1699	1457	277	1837	1276	320	1417	1362	1212	984	537	985	823	703	795	1430
743	336	1755	1151	494	315	674	1916	177	1451	1287	554	1974	566	1012	1718	1742	1349	423	1166	227	959	1347	1770	864	808	471	1277	602	1424	467	899	215	1485	573	1940	1375	409	74	7	157	79	909	491	503	1533	463	1798	758	1315
857	356	1532	452	1841	879	806	50	792	697	348	1885	1594	1080	129	512	1892	662	1691	1706	947	927	549	1129	1076	1455	199	649	217	1810	1279	1243	1571	1795	1859	1764	301	1395	483	230	1467	1267	1935	768	1752	1116	2005	479	682	694
263	1358	759	261	513	960	451	597	132	1188	144	754	1489	1004	1606	1659	383	700	364	1834	1313	1004	748	1983	1568	1205	458	257	871	405	1395	1755	1788	1772	643	1280	232	986	110	1851	1461	166	1224	1186	853	1549	1680	938	96	1161
624	931	450	1112	1997	1849	1879	1562	660	744	1697	678	1046	374	1910	939	1323	949	1604	917	1288	1805	884	396	1815	729	1095	73	1776	355	1683	1626	1821	1443	1341	1752	1287	1262	1826	48	1871	1561	145	1851	1913	1493	1655	142	1875	1564
1271	1919	346	1462	534	1717	782	784	1056	922	1188	1219	1147	1130	1632	1685	1423	813	862	664	337	17	794	1829	44	1859	120	1060	468	1747	79	1258	526	771	1582	172	232	580	219	585	1615	375	1973	704	1619	1554	661	1490	1648	1043
1208	936	786	1284	1686	1253	1295	669	1392	1664	723	45	677	856	1695	622	1113	565	1485	1867	382	560	482	603	113	76	1064	40	1456	656	1289	1031	175	718	2003	739	524	1227	698	1052	338	1759	1010	416	963	21	1365	188	370	774
1325	809	1909	1388	1361	1151	536	1884	1362	19	943	211	1633	1957	1302	1810	2010	437	1257	1173	1	797	1779	742	231	686	1211	418	1321	1883	1496	1692	296	1038	23	11	1588	516	254	807	775	154	790	453	1887	1314	1629	528	438	548
1470	1312	1144	1336	530	1642	1317	1488	1019	1384	1248	1337	1676	291	187	1426	99	1131	733	1107	1137	1468	1256	1319	1346	1374	1460	1550	1966	364	1748	331	1806	1370	2002	1418	1687	1301	1520	139	617	748	316	956	655	371	834	305	638	682
1621	1844	1018	140	1733	710	927	1668	1120	1507	359	41	631	934	1708	571	1618	778	1016	300	691	121	1397	415	1536	658	1908	712	119	1077	819	835	994	123	393	304	503	314	1724	1220	1576	1230	762	521	1430	1236	1232	1123	1942	2005
1080	751	1814	1931	465	613	877	1593	1401	1212	490	423	1166	1200	1419	218	116	1176	966	30	1643	1451	1229	1955	1546	1040	653	1381	507	1030	1734	933	1213	537	738	1082	1727	531	225	1563	1286	1472	189	354	1529	1421	1817	1497	1079	446
459	394	1078	1674	311	519	256	1786	392	1281	159	499	1044	360	701	866	961	1804	702	1624	2007	80	960	1764	385	550	1204	217	1510	829	1414	1579	1372	1852	1181	1376	1359	1599	1895	1278	726	605	306	1972	674	1848	1032	1511	57	1117
1279	803	1592	42	1008	1704	2015	769	1715	1516	1567	134	1542	1661	1297	832	806	1194	1670	310	1156	1824	1102	1945	1348	1406	1015	1720	1332	1141	979	457	1114	1543	110	1774	50	1412	1474	1694	703	1532	1794	556	1640	262	1728	263	103	1975
651	323	1399	1309	1746	676	825	1103	1070	1269	1739	1020	1898	409	898	1053	9	479	484	195	980	399	591	1961	158	1005	1696	1292	1699	2018	373	1055	1781	2013	153	1693	1575	43	1631	463	1923	115	1847	746	229	398	63	761	1433	1035
1911	504	1206	1522	1645	85	1783	285	477	242	1214	1628	353	1657	820	1001	6	1274	1666	880	1307	488	1163	486	879	1921	1651	1841	161	1126	340	1391	1033	1889	1905	1285	322	1834	1974	1235	1283	12	634	1059	639	501	351	649	1054	1602
240	1963	2011	467	1504	126	350	722	473	442	1449	695	1409	1589	56	1267	1315	84	1636	837	203	1199	1713	972	1926	1353	222	334	1646	1012	1349	1395	1386	699	1224	1893	70	1390	767	684	614	1856	1218	1146	427	28	1962	395	1119	848
654	1813	1526	269	952	756	1329	208	1635	1570	26	597	74	381	1845	2001	904	87	1581	1681	1597	149	779	452	1858	1757	1833	162	1160	575	1226	117	849	439	1189	675	570	1515	672	808	757	705	137	601	133	1389	804	598	0	135
303	49	324	1087	1622	965	572	974	483	1709	752	1011	1465	916	1797	1719	1906	390	228	982	325	1403	1192	976	508	147	878	737	226	1350	518	567	2017	96	1041	1264	53	909	1700	104	1048	1149	1280	1874	1273	166	868	830	1944	1941
714	1098	1712	167	1888	1517	1442	968	836	1736	411	903	869	27	249	1521	2000	1484	711	1949	1168	867	1706	102	1876	1977	410	1772	559	1250	206	77	1051	1327	1707	1544	421	402	1899	1247	1558	1498	317	993	174	1075	1209	1453	1780	768
1124	1240	1093	1793	1820	376	1313	1914	455	1738	1701	758	235	348	1578	1917	1438	379	1667	1354	1705	1930	1382	180	688	498	1866	1758	1333	783	1334	852	1142	731	1049	365	845	815	506	905	970	443	1754	1244	964	1659	681	2008	128	1029
564	201	1083	1175	1723	1839	1148	1801	1789	1808	1469	1207	1608	627	648	1198	151	1527	1135	227	812	1665	432	282	1990	918	709	1479	594	327	1574	1172	1690	1964	1377	975	1009	33	1803	1466	72	81	2009	1679	1042	1092	753	773	191	800
1416	1266	1427	458	1556	1225	1956	1641	244	94	610	1369	1798	1688	1320	1241	833	810	1939	1605	1735	75	954	969	1491	588	209	554	1969	839	887	1946	690	1721	1047	1580	492	1650	1155	1639	35	883	3	496	1999	928	307	1807	29	15
444	1802	1864	1614	332	146	542	855	1502	2014	967	1347	71	237	454	1568	342	193	1698	906	569	1617	1357	777	1303	923	339	1710	275	1304	616	992	1878	1459	1638	8	780	1143	86	400	297	1197	95	1555	988	412	38	764	665	91
1907	1481	1324	207	844	280	164	1136	908	279	283	1566	1499	1718	1850	1985	1363	179	1100	16	986	1322	544	460	1935	776	1116	721	349	1492	1530	1528	469	1994	267	1091	1680	1816	464	341	668	901	941	626	1777	520	406	579	650	618
1457	425	1000	1760	1394	984	1951	1339	1245	32	1796	1663	1933	230	62	893	302	1405	1182	1978	1610	583	1073	1857	633	646	320	1415	509	945	1174	1860	875	1742	532	596	1193	192	724	111	491	1953	273	873	700	1823	983	888	1111	1925
1375	864	213	1480	822	1068	1737	1190	238	220	578	1559	1761	1132	708	973	919	1379	1901	1654	357	1328	1725	1169	1413	1954	573	1540	47	495	1671	1439	1992	196	1352	1104	637	1607	1891	284	930	127	1063	397	474	576	647	713	205	58
1623	685	124	581	1071	1447	1222	1934	1637	1649	1282	562	890	1034	356	826	645	1988	34	462	1689	1260	1861	727	369	1272	1634	1711	1417	1675	1586	1316	1239	108	843	1452	1387	1368	1233	514	328	264	871	602	561	1340	1553	1140	1463	743
1458	962	1448	1533	1880	290	1022	1535	947	1616	1627	1002	478	1464	1150	1477	1998	912	667	97	315	628	472	476	330	319	413	1195	233	1099	716	749	1428	109	481	22	1090	932	632	448	1373	440	1202	715	1691	1473	245	643	1872	1996
1461	1862	551	250	792	824	1326	1383	1254	1036	1045	428	642	621	940	765	895	10	65	1790	505	321	1843	1231	1495	529	52	1892	1294	734	1246	1138	247	221	1004	170	745	1065	1745	309	1684	1101	1809	1822	831	1454	270	1976	1007	899
543	194	131	1191	466	513	522	1787	566	706	1501	1343	788	1958	1069	623	1512	547	1028	1201	1596	106	1545	429	181	740	1920	732	13	1276	475	152	881	1560	854	1799	1827	299	435	1519	243	907	707	989	1444	366	1134	671	1936	857
1722	781	68	1836	874	1186	1832	82	1524	214	200	92	950	132	31	985	924	629	1714	811	1756	403	991	277	1249	178	1183	78	1726	384	1024	1594	1896	138	24	239	1290	1937	430	183	1669	417	105	2012	1221	268	1425	380	1959	1482
1125	210	272	1106	1840	1948	1644	1788	1187	1601	1995	741	1538	176	336	747	5	333	1306	1598	1603	59	485	1765	1158	1729	795	995	847	89	424	136	692	1367	1769	1251	1037	480	361	497	555	198	515	1967	352	1084	1476	872	1184	1885
1970	1625	118	1139	679	160	1441	143	1318	1152	1237	1825	1928	913	1986	471	148	1509	1039	1940	687	386	558	445	1584	335	814	772	552	1467	1572	766	1402	1768	1929	1076	51	1784	1255	959	1753	419	853	894	604	1539	1128	295	1703	582
329	1203	1420	100	144	1609	168	1450	1013	902	1585	1161	184	1732	449	199	942	246	870	1952	1259	1265	1404	1074	1422	93	587	1982	841	1299	785	1503	1338	802	266	389	1505	1523	1751	1118	1023	1569	720	1109	938	662	1775	1345	625	1863
1364	98	1812	900	549	584	882	760	1179	1943	1263	533	1763	821	1410	216	274	978	1630	141	1094	1215	293	1702	1938	1027	590	754	897	1167	951	1431	1061	1437	1600	935	377	358	404	456	1003	818	1868	611	165	1583	1573	717	538	1072
1162	1531	1105	1541	1916	770	312	1762	1662	977	1366	607	1238	517	1436	1164	630	636	1435	1216	64	1557	405	910	1755	344	215	689	641	891	719	644	258	1652	185	1487	1902	600	1066	652	1445	568	666	298	1050	981	914	990	1506	892
640	557	1196	1766	129	635	911	362	1950	1351	620	1894	1846	383	840	1058	1514	90	1590	846	850	433	234	1335	1778	1434	1869	1293	858	1549	694	271	599	1393	1886	500	865	431	859	2016	612	1296	510	971	1682	1145	1252	523	1400	252
827	367	155	657	1356	447	1411	925	46	1571	1743	1014	1971	1912	372	18	1310	1897	1811	1673	1730	1513	670	1268	1115	725	1081	1968	67	535	286	1991	1398	1672	1873	287	563	1432	1270	885	157	1904	615	619	1178	1855	182	1981	1407	683
1782	1127	1838	659	1870	595	1021	1587	204	36	1261	66	796	997	816	1677	609	828	1234	759	546	1097	107	173	1165	408	197	259	260	608	1547	817	1525	920	1243	889	1385	735	1828	368	1067	728	426	1455	1217	1518	1658	1089	289	915
673	190	14	799	789	69	2004	958	805	1653	1358	1483	1611	948	860	487	441	1311	1915	998	527	1984	422	60	1537	1330	1508	407	1006	1446	1331	1591	1180	1865	1741	436	1965	313	663	292	1647	1791	791	1795	838	1471	347	1489	1380	1835
1932	37	224	1170	451	1122	1678	1210	577	420	1277	326	1085	1620	801	1223	946	921	937	842	112	793	202	387	1424	1371	1548	55	1960	1494	470	1731	1595	1552	1475	363	1767	1171	251	301	388	929	1613	545	1275	54	223	1979	4	1378
1819	1408	391	1478	1305	896	736	1205	1792	1298	1993	1157	378	511	83	171	1740	278	1785	1771	1308	539	156	1086	1360	1773	1300	787	1291	241	1987	955	1486	1025	999	1159	2	1924	1800	281	996	88	1853	1660	574	434	401	1026	288	1551
236	343	1612	493	345	1818	308	186	1983	750	125	177	1842	1153	798	1129	1716	489	1088	1606	318	1057	261	926	1177	1500	1228	101	1440	1062	1396	1900	414	1831	1770	276	589	1534	1185	1577	886	1881	730	1854	1877	114	606	1429	1133	20
1355	586	763	39	1096	61	122	1749	944	1922	1656	512	876	257	1980	1242	1565	1344	1903	150	957	248	1750	953	1918	1154	823	592	7	1110	130	494	696	1830	593	253	525	1837	255	680	1121	1342	1744	851	1017	2006	25	163	1989	693
1108	1882	265	863	461	541	697	212	540	294	553	1890	1927	861	502	755	987	169	1947	482	421	1911	567	279	153	708	271	727	793	1736	573	1159	1017	553	297	428	1304	123	1047	1967	1830	838	407	328	1751	1333	1693	1744	1044	157
756	1231	1007	1303	256	1314	733	725	197	1850	205	1481	1075	424	120	1105	181	1257	1357	238	1014	542	469	1155	1990	277	724	1792	618	1974	1356	59	165	1513	215	1440	16	595	63	1097	1283	1486	1359	372	1555	219	2008	1235	67	1449
367	1338	867	763	560	143	1548	399	88	778	996	1779	931	1921	1360	344	917	1076	1599	1787	1691	1293	1298	873	1297	318	657	283	662	395	145	184	1656	1693	1056	217	1379	1164	1790	446	1253	1900	1030	775	789	649	1683	2003	185	1629
34	992	342	1104	1927	1350	740	447	1016	1429	32	1952	1633	1113	1648	1561	1664	440	558	1924	93	1810	1308	65	485	1220	1372	551	1368	153	1322	1916	1188	366	1174	1834	1534	80	923	549	1335	116	1635	139	529	1696	398	434	1378	37
131	1653	1364	732	377	250	1993	274	961	874	1396	341	1738	330	1260	144	278	852	1617	451	1757	1909	1093	1119	1143	615	133	526	885	1025	1638	1181	1539	1811	1316	1601	180	1242	429	386	1628	1263	826	1331	709	704	1988	1851	1565	1146
221	21	220	2010	1467	1861	1245	1598	546	779	1213	1525	853	1928	66	663	519	177	1349	397	458	606	474	1838	714	936	196	1946	750	12	613	1645	1777	1606	316	589	932	1600	833	360	497	1994	509	698	1855	719	448	946	491	786
1644	71	504	1038	1197	556	1414	517	1397	1466	110	640	1532	1485	1111	1821	14	1274	1384	479	648	402	190	1570	1627	1947	1091	443	46	484	905	652	1070	1282	1951	984	1479	15	332	1860	2004	559	417	1092	1919	1261	1438	161	545	1201
575	364	254	564	1086	935	439	1021	675	1500	204	1332	1907	864	400	1395	227	1330	685	528	1125	694	3	1087	1942	260	1419	854	335	1980	1797	611	632	211	985	337	253	1992	804	1122	103	365	1284	1376	1034	1847	1833	263	507	1941
582	881	382	1096	1149	701	994	782	989	321	1121	302	971	1171	1053	818	1899	642	1469	75	1057	1424	1185	1789	1067	394	114	209	1254	1685	102	726	677	1959	1010	86	1001	1497	383	1659	1926	1839	48	1707	757	1501	345	243	998	921
802	777	142	1151	1269	801	1973	1452	1216	1218	62	1848	1063	1977	1603	346	10	889	1531	1489	1529	1337	1504	1702	1409	646	692	182	1077	1321	813	1425	51	1423	1323	1062	247	1859	1490	1252	1355	1843	1179	728	97	1663	1232	988	953	1602
305	1115	1480	1750	576	508	319	766	158	945	1784	980	347	1400	1871	1334	544	848	743	1339	1911	1752	1611	768	578	1819	1301	453	361	1420	666	1142	1933	659	50	1640	1705	292	846	38	1580	1879	1083	1187	604	441	1403	1966	276	1084
268	755	1031	1432	1814	1488	1650	619	1175	353	375	416	1737	7	1169	1710	1753	245	1583	912	306	384	567	737	1708	1129	391	1026	1080	126	1887	1615	255	1552	1865	84	389	279	925	734	1244	1170	875	1592	927	2017	1694	1987	132	1123
754	1751	1456	723	1763	539	572	1543	454	1229	119	712	1307	1020	520	1519	226	1976	435	2015	617	906	1831	1499	1273	40	1610	955	1344	1183	1507	396	155	1730	585	1826	1960	1823	423	764	1809	1294	1721	188	1042	312	1535	1762	1363	406
438	1439	87	1692	718	374	730	1596	1167	489	69	432	301	1462	1050	720	1963	836	815	1766	285	909	467	1473	1290	8	669	1806	168	708	1110	1064	1577	462	934	1699	910	822	903	806	1682	368	1913	1657	493	1226	1996	1794	1604	1494
1036	122	1306	140	828	472	1550	681	1236	673	1955	1799	409	325	1128	47	814	1374	411	1754	1568	1475	30	500	265	1318	1221	1686	104	1186	1782	769	1746	1830	710	995	501	152	540	898	760	1512	916	824	583	1765	1665	721	73	1556
748	879	774	1873	593	1579	1984	574	1679	287	670	1720	1178	1029	1289	940	518	1280	1991	1957	1729	1771	216	326	284	868	1134	358	952	872	390	1003	1277	532	1854	1545	146	1237	1045	1028	264	1459	601	5	800	296	919	99	210	1325
1732	1631	918	408	1837	771	1446	1667	650	39	1224	742	902	200	261	958	1041	1099	1320	1781	1234	53	2000	799	631	860	1212	1406	1575	1880	1250	1066	1498	1920	706	1247	851	1798	752	893	1444	1643	1972	566	1709	1566	270	74	1211	299
1642	1949	28	1936	621	1509	1304	307	1484	1271	202	674	249	1735	603	1407	280	1567	890	1929	762	29	883	1925	289	266	825	707	449	1239	877	1964	1864	134	705	273	647	911	343	703	407	1069	1802	1054	1309	1867	835	1515	1405	1521
957	869	288	522	1136	894	900	138	1193	616	1035	421	1468	612	1011	915	1654	1858	767	791	1578	596	1846	1680	77	381	1046	1223	947	313	1886	22	599	1135	267	1853	496	1878	841	1427	136	198	1388	1196	1366	1299	1715	942	349	552
622	1059	1102	973	2016	214	1375	291	1347	1177	839	1040	1943	1620	41	1278	481	1520	568	442	1442	68	420	624	829	1402	587	58	1807	1863	192	212	1192	981	1047	1897	1476	428	1983	607	787	628	376	1386	1612	121	1389	1703	1697	736
173	1666	130	1761	1840	1088	1450	1202	206	1272	668	1208	1938	785	1496	1783	78	1528	1755	9	242	1279	671	1769	156	236	1726	1914	461	729	269	258	1688	506	1651	315	1547	174	1000	510	1098	1340	967	1674	1558	1684	456	758	1203	1095
832	1312	1027	1264	1742	838	370	1722	859	1734	499	511	1681	882	629	1626	466	1670	1510	1906	1161	1731	412	1194	314	680	1587	127	1116	1453	157	965	1889	1744	1399	1564	1718	1127	888	355	1542	1079	115	639	1939	2007	1421	233	1454	128
2009	11	1158	978	72	324	1209	160	293	820	920	455	4	1660	1173	1767	334	1910	1891	1537	950	1162	2006	171	331	1180	1328	1524	1842	1609	1874	686	1262	536	251	1954	1166	70	303	805	147	413	1736	1768	655	866	113	1956	951	1108
1255	525	514	42	338	1662	1868	1141	1243	218	770	584	809	1828	641	1503	1536	1998	1808	1248	1154	856	1636	1970	2014	1437	76	1353	1869	1413	1825	1072	1225	597	1383	1719	722	837	1832	976	887	1953	1150	1411	1893	1033	1551	926	1661	1999
1896	1461	1472	348	1975	682	1546	329	387	94	1210	1971	845	672	380	1390	1569	886	1065	592	2005	794	1219	1464	897	928	1198	972	1090	1465	109	1932	1986	13	1156	892	57	1526	369	1068	61	1778	1214	1516	534	1739	842	1780	857	1985
83	933	262	213	983	1820	31	579	1805	1101	1844	1607	1159	1049	623	33	1324	1470	24	1291	586	1455	1931	1371	1619	1618	457	1268	1138	533	149	163	1589	1233	759	580	783	1422	1655	731	494	638	1646	1803	843	244	248	1381	1342	1822
966	521	418	1506	1590	929	1786	827	89	937	727	1430	388	178	1508	1711	658	987	1369	1770	1849	125	1296	1163	1934	45	1495	151	1387	1800	550	1882	1434	1184	938	1008	1230	1533	795	817	948	373	1523	1923	693	1549	1435	1217	1078	1006
2011	1540	811	2002	761	1743	1333	1256	2012	1884	92	193	1259	871	1428	1818	862	1812	195	241	812	527	1518	1491	999	1015	656	969	807	831	687	1713	1131	1258	636	1748	884	1443	150	452	930	634	1813	1013	689	436	896	1841	1724	1559
630	1144	565	1775	480	865	1544	100	600	286	477	834	1538	1883	548	1103	96	304	1145	459	643	573	1287	1672	1836	350	543	98	340	1012	821	1073	1885	954	1716	1398	904	1326	1901	690	336	1930	1758	194	1944	1112	1625	901	1605	166
1487	1055	1733	1676	162	1852	1862	1249	123	1678	1292	1124	1637	1023	610	359	605	1228	1482	749	298	1827	2018	1478	1759	696	531	320	1327	1394	1904	660	1796	1671	1415	252	176	118	91	90	1266	1937	1801	410	470	19	108	486	1902	1447
1760	588	49	1377	810	1382	1877	1100	450	240	513	433	85	679	924	1616	676	1756	468	790	20	1584	1133	702	1408	1153	1613	1573	1749	847	956	465	1265	1918	1725	959	524	1182	308	1017	498	208	1553	1204	1206	1441	962	322	1152	808
1630	224	1700	667	907	598	1305	1319	1727	357	633	105	1641	941	490	107	175	793	437	1471	235	1082	426	1044	747	478	1997	1669	562	963	1969	1085	1668	751	1463	1426	1365	738	1311	715	492	1189	1912	1804	1436	191	716	290	608	1275
1288	678	1445	1639	653	695	1048	1147	1058	36	1795	23	1747	1367	850	1649	1341	1370	183	445	1286	246	753	1995	1137	1989	117	788	333	535	1120	1876	223	172	354	784	970	792	1948	1585	968	483	18	95	1917	1315	977	1915	553	515
419	1117	571	870	232	798	1458	895	594	1835	746	1978	148	207	1608	1866	229	1527	581	1595	1352	840	1895	294	1698	79	781	1227	602	661	557	1704	590	979	1706	651	54	1176	684	154	772	1246	1148	664	1541	1772	944	231	339	106
1712	591	1793	1881	1586	487	1588	635	1348	993	561	101	1723	169	949	1460	964	1060	1673	363	943	1107	1281	141	297	644	1788	1401	26	27	986	1945	1701	554	505	735	1563	960	257	1215	1418	1270	356	310	1745	228	975	1492	1022	744
1285	1740	878	1571	1557	323	2001	1514	1071	1118	1875	1009	538	1168	1968	691	1074	1652	187	620	1276	922	186	1132	1004	1845	830	1126	1888	422	819	1130	1380	1903	1950	990	816	1962	1898	541	614	179	1623	577	1890	385	717	495	17	1373
765	403	1961	523	803	1392	563	1114	460	654	1940	502	82	1981	328	1594	537	1140	1483	1200	1251	6	1416	317	849	1634	1157	1019	159	282	1410	1361	547	1717	1791	1728	427	1448	1081	697	1614	683	167	430	1024	199	741	797	1205	44
327	876	1037	1106	464	699	1160	234	1857	1502	25	311	1530	688	1343	1222	780	1358	1591	1240	1958	1658	823	1908	1922	914	1554	1677	997	1199	1241	371	863	230	1622	378	1474	1597	1417	1695	899	1816	1979	415	1404	164	203	351	1511	239
1313	1300	1776	773	1302	1574	1982	352	512	1675	1032	1560	1267	300	137	1572	463	1393	55	1935	476	1317	1856	796	530	488	201	1892	1764	43	1817	1089	259	1412	475	1815	1582	913	1002	569	844	637	1362	124	393	1894	471	225	891	1043
1581	64	135	1493	1965	1336	1052	1562	1505	555	1824	362	1165	473	1690	858	1061	1094	974	1109	1431	35	1872	272	2	1593	275	1451	713	1433	880	2013	379	991	1195	1647	444	1774	1385	392	56	111	1632	1207	626	405	1870	237	1714	1624
1039	1295	1018	425	1967	60	739	711	1689	1	414	627	281	309	570	1522	170	1517	129	745	1477	939	1905	401	1576	482	1346	1687	295	503	855	1829	0	52	112	1329	1005	625	1785	81	1191	1351	1354	1391	1773	1172	861	1190	431	516
1051	1238	609	645	665	1741	1310	1621	189	222	776	700	271	404	1345	1139	982	908	1457	1918	830	131	1724	136	1656	285	79	1211	505	516	1556	926	1416	1315	1244	947	1200	1114	1048	475	582	1922	69	1636	638	196	268	688	1070	474
511	790	1746	312	1389	188	53	1598	1301	1872	151	1061	217	1781	1450	146	377	1332	181	354	1177	1205	364	66	431	779	1055	617	545	39	147	835	34	27	869	52	1925	644	839	1606	1859	1771	1380	507	1543	1028	469	676	1916	1474
1918	1381	751	1704	239	1201	396	1600	916	936	109	1088	1305	1690	185	1035	1361	710	1979	587	858	344	1167	210	1654	1757	1047	610	235	1315	108	1762	726	1528	1218	1179	1497	295	1540	1766	605	1422	1402	1010	1630	1586	695	1594	1432	1621
325	1446	1040	1013	859	1090	1805	772	1242	912	934	1577	1314	679	1137	1518	1340	1233	1948	1268	1644	1143	184	948	857	1832	487	451	1782	273	1291	1889	1004	1557	490	1718	526	950	721	263	1503	520	167	1065	1828	416	1946	795	1363	197
1634	702	1804	1368	985	1909	1270	98	619	574	114	262	358	1106	946	987	1728	1128	251	959	1075	752	1023	1680	638	1529	811	1219	1950	768	1492	353	1808	1431	1961	158	1739	1763	1656	120	1707	960	1283	1935	1042	174	2010	1191	1433	1138
979	1101	363	1307	1434	903	406	277	275	1463	324	841	418	990	1756	620	970	1217	1904	971	1947	211	1311	1664	1905	1274	1857	1605	1636	1751	1758	1375	500	1014	437	1801	196	336	72	499	1939	1616	682	2009	479	2005	761	1237	1854	287
1709	1589	143	1131	1464	1057	1103	604	1784	1582	1278	1299	648	646	1534	705	316	1289	1116	462	1169	1159	1776	1692	303	1722	7	391	1328	1737	2013	757	643	85	535	743	478	115	288	51	1975	938	1513	1712	1566	278	1531	281	953	411
1329	1020	1764	1515	24	1165	776	1302	1399	443	557	1209	107	767	1158	1	214	1788	593	101	662	1931	456	497	1632	1554	434	1952	491	1687	1193	430	117	1547	0	1125	99	1452	1424	1044	157	1800	1123	441	1703	1731	1785	1238	1910	793
1510	1569	28	349	1114	908	1343	71	550	659	1321	1562	293	1675	1008	1648	616	1631	1455	981	408	1176	1888	562	714	45	412	1645	1868	128	885	1670	852	1261	1743	92	1240	248	1753	1170	1059	1308	1374	509	1643	50	954	579	572	744
1590	1995	1626	1310	209	720	1860	343	1048	584	1769	144	635	1851	735	995	1342	932	962	2	1334	221	1183	59	914	546	1273	463	621	1326	675	1156	125	1840	1887	1202	1323	1337	729	1919	415	1352	1907	825	2002	680	1951	187	1078	339
968	1588	1841	139	543	1551	1360	1682	1230	807	847	1637	1827	1119	598	1882	1693	1243	1498	1100	145	1726	1267	374	1074	203	656	1277	691	1856	440	77	502	1933	917	1669	875	742	104	1348	1394	465	252	1673	677	213	190	1932	506	1878
1356	697	1881	762	1439	928	1807	630	882	1300	1977	1346	665	672	250	1484	1760	455	1702	400	55	1998	1457	788	1104	1392	626	438	176	834	1759	1487	328	1229	837	517	1227	266	1500	556	207	1795	632	1438	1978	1898	1894	1686	1134	777
1002	407	458	815	913	345	1579	1160	603	515	1095	560	1087	402	850	375	433	992	945	2001	1974	910	141	1848	1221	1051	770	530	988	388	1079	1256	191	1050	867	496	1537	1039	1934	271	915	1749	1852	102	1488	846	1258	642	429	269
1641	862	505	1213	1082	43	898	1900	1395	1522	362	1964	1985	122	854	350	601	259	1152	1855	2014	459	701	1485	1614	855	1117	905	243	199	1920	1833	420	1578	873	1976	1941	774	1414	1549	1244	1396	1275	804	1609	559	341	1241	957	1429
851	359	969	1705	1741	1066	1089	548	1236	684	1813	69	949	524	629	986	1996	1576	1000	1592	1162	12	722	422	466	1989	220	427	38	1287	282	631	1567	651	22	730	1403	1815	1535	212	1077	1173	1444	1555	140	755	1471	901	1521	1344
944	832	1204	907	2000	1407	1861	1454	1834	173	1649	1752	1341	920	1465	204	1713	1418	1524	1499	352	592	533	46	904	1505	1564	382	1022	570	317	961	1997	401	1903	329	1154	159	48	845	1792	1968	123	1803	596	234	1127	1984	94	361
1325	292	1269	297	1295	1018	1281	963	428	390	1199	471	1532	1507	238	1316	1595	1423	409	452	2012	746	849	663	1383	909	1923	1501	1972	1215	865	1770	1710	230	1108	1440	200	1234	155	205	1542	1409	1207	424	1417	310	1353	78	929	1874
1253	1058	1618	1322	1426	607	35	195	536	1871	284	527	1508	135	105	1271	268	715	590	1965	787	838	1875	785	921	883	893	993	1231	1185	1519	980	1046	1765	1879	1761	1354	713	699	1724	892	417	1812	1981	1790	1559	1663	817	319	819
474	522	516	734	528	1369	1901	935	1617	163	1525	74	1025	367	1821	414	1276	1091	614	803	628	342	639	360	41	884	745	1445	1248	576	110	698	874	977	836	2016	442	541	49	1545	1081	925	1574	1385	1122	65	394	260	514	1411
943	11	152	1015	926	573	1266	164	245	1838	1914	879	724	1624	808	1072	1189	826	1006	880	1552	1490	597	578	1890	460	1320	1318	519	685	551	1533	186	1068	1076	623	1196	302	1638	1252	1168	498	956	1195	1174	696	753	704	166	1223
461	647	508	1284	1987	100	1620	1111	1364	1371	1661	1768	1806	485	304	1146	403	1514	369	1254	723	1796	423	393	1319	1929	1112	634	1662	552	1472	130	1945	1304	1629	1794	756	299	3	824	827	133	1317	840	1994	866	976	1388	1171	1938
1725	37	608	984	894	1509	340	175	1145	1717	1635	897	1601	227	1835	16	330	1823	296	351	941	801	468	654	1899	381	419	1324	778	1783	791	1172	1113	1362	1723	1139	1026	1928	1063	1121	931	1930	206	224	504	1357	1184	395	760	671
728	1530	97	170	1456	162	512	1640	652	1779	1986	1408	1734	595	1581	1473	347	1683	1401	1404	80	2017	1428	1912	709	1358	658	1226	940	906	264	763	625	1294	786	1203	848	775	718	1689	95	740	1699	1333	1960	1038	1124	1461	955	690
586	1400	692	538	311	1774	501	1733	1436	172	542	1001	435	1094	1031	68	1650	967	8	1180	1430	276	732	1351	1818	719	1864	111	223	1843	237	1350	1425	40	1296	1659	413	257	1376	1222	633	694	759	1098	306	670	911	1658	1937	818
1633	1814	1873	1460	232	270	924	1406	627	464	820	1883	1921	1280	215	1580	1009	800	521	1666	67	495	1691	1837	1546	258	1458	1727	1069	1206	886	290	171	346	76	1194	1096	1698	1437	30	189	983	253	1251	1958	89	62	871	216	1936
492	357	1208	489	1811	575	1451	1719	681	1729	229	780	327	454	640	555	168	1483	2003	17	1073	1853	322	54	736	1944	1957	4	1164	1657	1697	799	1331	748	23	1260	1005	1084	1142	1943	1118	321	1393	599	711	1652	194	582	1435	218
747	86	1819	1927	558	436	294	1235	31	1660	1029	1608	138	1967	773	380	372	982	1410	1097	1988	473	1863	1548	868	600	594	472	930	208	1885	1336	513	32	26	1612	1493	1007	771	843	1953	1489	267	1706	649	951	1247	1973	334	782
91	136	687	131	1571	1085	1516	1387	1482	581	244	1826	717	338	1870	1151	806	1071	1866	518	1602	272	1120	1060	1175	1809	899	707	1335	246	975	1999	1421	1799	44	1538	784	379	1149	57	113	1715	1377	1330	1884	895	1688	939	529	25
1415	1144	1181	966	432	1877	1288	1628	754	254	1070	1453	842	1190	1478	585	1136	1615	612	1462	283	591	1992	366	1382	1721	1556	20	1107	82	1147	1413	1780	1504	383	853	1619	561	1824	589	622	1750	2015	153	373	1563	712	741	1869	1798
1155	1447	1467	467	410	1880	602	1604	1747	624	90	1293	1512	1036	1740	219	398	766	1716	421	389	1983	326	1755	1536	1526	1246	1772	2004	2018	1027	1541	1378	1963	58	503	678	1550	1544	289	242	1157	1312	1496	1491	307	274	1926	1676	933
813	1262	1613	112	1043	1110	1443	121	1817	1286	1427	1449	1263	1239	331	126	1836	1459	1062	588	1133	860	193	1282	150	1093	1384	1730	1224	56	1083	1849	978	476	674	1056	540	161	1655	1338	481	450	657	488	733	178	1671	1476	900	119
84	426	494	958	378	106	1033	1591	392	1064	368	404	5	477	202	890	2011	291	457	156	750	1982	1672	1441	792	1611	1642	453	567	439	1584	154	1011	1802	727	554	236	1876	1568	1053	1198	1745	42	493	731	688	1486	1150	1862	1787
47	802	137	1272	445	81	335	1607	664	738	1037	1349	997	1161	1893	399	165	1355	29	93	994	1623	1902	1789	1200	686	781	1593	231	1696	333	1054	1297	1398	1677	1469	1596	937	1298	1017	1466	1949	226	19	580	1865	1442	1971	1327	10
370	61	716	1844	1105	261	129	611	812	1109	1086	127	706	249	142	1420	1129	565	1917	73	1163	397	999	636	1264	444	1575	1480	301	889	525	1197	1024	88	1032	1339	337	124	1668	669	844	534	618	1825	568	475	1839	650	1309	1695
700	149	64	1468	794	1653	952	1954	942	2006	384	1846	1092	1257	1228	1511	660	888	1192	1259	1052	1924	1816	861	1049	566	1188	348	1913	973	1080	583	1940	797	1391	305	947	1290	1405	1560	169	919	964	1416	1810	1610	2007	233	1249	661
547	708	1475	725	615	1481	1345	1132	1773	1216	783	1003	1379	1140	1775	1115	177	182	1102	13	1186	332	484	60	103	308	179	1182	116	1911	1627	1744	796	1822	314	549	531	965	765	1665	1892	1279	356	1990	1412	996	810	1897	974	683
323	1962	1895	1359	1527	1265	1019	821	1886	1956	1565	1365	96	544	637	376	789	1477	918	1366	876	1867	1829	814	1397	1292	279	989	902	1250	1970	1313	240	1830	118	470	1694	666	1573	1390	446	285	1599	668	1597	1041	569	1148	896	1742
280	1494	1735	1178	830	1797	1012	315	1647	641	881	79	1685	1767	864	1558	1520	1495	1896	482	1955	1720	1479	523	1748	425	645	192	532	703	870	563	1708	571	613	1135	1502	923	480	1793	1754	1303	537	1386	1778	872	1679	764	1732	309
365	387	922	1539	831	1187	1786	1245	609	1448	927	891	769	1831	1714	1646	1225	816	1370	318	1585	228	998	829	148	828	405	655	1141	1570	255	972	300	553	822	75	667	15	198	63	1030	21	1850	877	1587	1211	1067	87	1470	1373
1045	1847	1942	1306	1099	320	1166	286	564	1625	9	693	1845	1255	991	833	18	1347	1285	737	689	36	1126	1908	385	1906	1016	823	1820	1791	1678	1700	183	486	1130	1842	878	1701	355	1667	160	1915	1517	1674	798	313	809	1651	539	483
510	1220	70	83	1210	758	1991	1858	180	739	1738	805	132	1232	225	749	1736	222	447	1969	863	1367	1523	1153	1214	448	1553	241	1561	1777	247	1639	1980	1583	1572	33	606	577	1684	856	673	265	449	1506	134	256	1891	887	1993	653
6	298	371	2008	1419	14	1212	1622	201	1034	1711	1021	1681	1372	1603	386	1959	1966	1922	1966	469	920	502	307	1259	1934	1395	1702	111	1957	366	1225	839	877	1610	1492	1355	1304	1457	272	1719	942	1590	299	89	1160	521	1404	157	695
1004	394	1398	1901	1097	75	798	1808	852	1520	175	1702	15	1857	1046	1879	482	189	967	1285	1364	1848	1179	963	472	1212	1052	1567	1283	1001	1836	1076	207	1121	996	113	74	1929	467	1837	1782	223	553	1853	1951	57	646	1227	668	907
1432	549	1719	98	1716	1530	685	1916	2001	347	1822	1847	1805	1628	845	1931	879	581	1871	991	307	1035	66	410	1182	849	1499	577	23	1724	584	578	882	524	309	712	1607	663	1556	178	1306	743	1903	1736	574	981	1513	419	484	1788
1646	1615	1357	1710	1501	1478	1288	1514	1331	1455	522	1661	430	538	1451	446	2015	1080	878	1681	1135	1404	149	407	196	1739	1315	19	1481	656	673	1827	360	1821	1269	764	1535	1352	1482	85	1580	24	569	1849	1388	724	77	689	1820	945
1295	1488	869	1215	1621	460	1671	1089	563	498	1316	1534	827	1507	1608	1819	1067	580	1711	1045	18	1154	1576	1566	1743	699	404	1430	1839	51	1183	1506	1239	630	946	1047	1378	705	1260	1529	934	500	539	55	224	1064	48	1160	1637	518
1379	1124	1627	1104	1108	10	1280	155	131	1366	1948	1429	1204	893	1981	1259	792	1151	40	741	152	1707	751	1156	452	1039	151	920	1105	461	125	1994	1381	235	547	847	509	1130	455	1396	1784	1385	433	1935	596	370	898	841	1823	184
1842	1173	271	1410	1677	158	383	1232	104	1976	1972	56	1840	1059	1024	400	279	459	1843	1645	1785	2018	1413	739	304	844	305	1192	1749	706	1990	164	37	1729	46	102	1717	924	415	265	245	833	54	2004	1374	1509	831	1893	1974	1235
1639	1058	150	1680	1339	133	715	181	193	493	1666	1002	327	562	776	1998	1313	1326	1129	620	1421	1960	454	1543	285	399	1851	1458	1605	490	276	364	732	1942	1341	1289	1399	1261	851	749	525	145	1689	606	344	944	311	299	1402	1532
489	957	241	264	253	2007	956	1008	816	1090	1007	1755	138	720	88	1565	1181	1220	1321	199	1881	684	1317	1965	1164	215	211	300	486	761	1390	1284	659	1922	1055	1101	1907	1033	190	875	1626	1544	329	837	953	1672	1669	1026	1734	237
3	1562	1812	1287	793	1141	1338	597	1178	1559	1472	1270	141	342	174	615	610	1027	1449	295	2017	1603	1754	92	356	1854	1242	1858	1993	971	173	1373	1963	1740	969	891	588	438	1072	1949	1500	1742	1882	822	1347	534	396	1383	884	1624
1336	225	1649	1377	1593	1725	58	901	975	354	1978	840	1103	119	612	1083	139	1462	880	611	1298	760	742	86	1475	1748	1790	1697	231	627	157	767	711	387	280	1817	322	267	469	1846	1553	658	1864	1305	1244	1536	719	1911	1010	1251
1065	432	1234	1664	1887	665	431	850	1153	316	106	1966	1783	244	1678	1258	1795	632	1648	1919	1273	375	586	274	1443	1423	1084	974	1401	425	1362	1051	1131	568	896	510	842	232	1841	1497	515	1494	700	675	1137	256	770	361	194	1939
744	90	915	229	393	683	111	1226	303	1329	797	1889	1433	853	1761	89	203	662	1434	1237	1368	1575	883	643	1202	1531	1918	286	989	567	752	710	862	990	1098	480	1118	641	1241	1859	791	1393	1376	542	1573	703	405	1438	434	1940
1207	1705	519	1641	313	702	381	1380	166	1122	1831	1744	1644	1493	421	1737	1240	677	1138	1152	591	1928	1470	1299	25	380	1005	1765	67	366	1933	714	1013	1457	1877	143	1053	1684	2014	1395	911	1367	1257	123	1964	935	163	382	1057	1387
1721	1211	1522	337	1516	1350	68	1670	65	589	532	1995	1210	109	982	1450	1746	992	628	653	790	1523	540	1803	1425	1634	1126	860	334	1525	708	1426	512	1075	135	1650	1764	1518	1894	144	759	807	1758	179	690	545	783	1163	779	1704
660	1574	796	1040	198	1797	1770	418	1583	1799	31	449	1722	1369	595	205	747	1860	1445	1511	1169	1324	1322	1735	1222	1043	733	800	1020	359	1762	1073	1780	1136	631	1631	1551	254	1496	1102	701	217	1683	1726	1304	888	320	1701	1888	247
1640	1830	1495	1656	639	1107	1217	1419	1012	435	83	201	35	134	729	1945	1018	1844	171	1435	1503	69	1412	477	1394	576	942	830	727	1346	1015	1923	1465	1069	1597	1954	1030	691	1526	1397	1011	1906	172	707	1956	1728	1660	1264	1436	1113
506	358	834	1190	618	442	1139	1563	343	1119	1262	349	1614	1568	257	859	872	1578	554	929	1193	809	571	422	1598	1883	368	258	243	153	1985	1464	1314	1601	936	1654	1921	272	357	269	823	1437	80	64	87	1971	626	398	220	1673
1386	556	1023	629	1274	268	772	1125	814	986	619	745	979	1199	1973	1319	773	1110	810	1989	507	1489	234	1354	864	1140	640	1950	906	262	1356	1868	815	1896	377	968	355	73	353	1668	811	1194	363	1733	1439	735	1508	533	1542	881
325	1115	1891	718	146	1081	1248	994	537	1555	492	1880	227	1243	902	795	423	1032	1997	1635	1420	315	270	249	1417	921	1524	587	544	801	1987	526	1766	1652	414	1414	411	1941	1512	602	1930	1278	1771	734	1342	988	1796	409	28	1589
473	813	341	505	100	1538	122	904	1266	1409	1468	1709	977	1009	828	197	228	943	1392	1814	326	1060	1741	1845	910	27	1835	1208	310	754	120	1036	1747	1297	388	1171	1955	622	148	1106	50	47	1768	1917	2	1515	21	1986	115	1025
645	594	543	1658	0	210	1690	1958	1372	238	1203	1452	1606	140	386	593	966	1408	110	873	97	1571	740	757	997	564	328	1134	246	780	548	1416	1267	1159	1885	1569	1699	39	1809	1323	1886	1786	1772	1062	918	314	212	376	335	261
693	598	748	1700	1170	1789	1456	930	575	688	877	755	1687	1275	436	1014	1077	1793	1094	528	1091	1296	1471	1415	1560	1231	897	1798	1444	13	696	121	802	1810	637	1962	483	1360	1693	717	1216	616	180	1899	350	1454	1229	695	1049	1422
275	2009	1290	1738	319	1979	985	926	142	558	1276	786	1000	239	987	1938	599	32	1591	443	1303	573	1674	437	200	1320	736	1992	1545	1271	1549	1359	294	1250	886	2012	1875	1865	784	1855	1897	8	302	1870	523	633	765	824	1070	1904
466	697	927	1927	682	768	183	352	1663	496	1760	250	1363	1370	1517	1068	167	373	255	1834	1636	1333	1334	1828	1371	346	1623	124	470	1	806	1037	1219	38	511	1751	976	914	909	96	474	331	1996	485	964	1801	426	30	1050	1619
465	259	494	1327	79	1914	17	530	716	186	103	583	1617	1041	635	1876	333	1213	1150	1708	1977	233	312	550	1187	1066	4	984	1474	1756	82	738	1330	825	1487	608	541	1063	731	821	16	1957	1643	917	1900	803	1505	1405	1078	1112
236	846	1620	491	1590	62	959	829	1448	965	713	1365	1092	1920	638	1328	230	1256	84	1629	789	1307	1961	1694	1174	972	440	1874	624	805	61	1460	669	1061	1953	44	78	462	1988	601	1685	503	1769	858	481	1926	1824	794	1128	766
672	52	1750	520	1302	949	417	2008	2013	1165	961	33	781	1019	1238	557	1031	365	222	502	1022	192	694	273	296	1311	1189	1249	1856	698	445	323	582	1236	818	1959	1712	812	1767	1147	105	756	389	973	1006	41	128	240	1003	1349
49	947	384	1459	555	1291	647	479	391	1490	448	1727	1467	378	1476	1983	1079	374	887	42	1172	129	14	2000	1042	1484	1862	159	661	170	590	686	1149	204	876	769	1175	676	948	551	351	603	1557	895	952	1586	1085	788	1293	9
1587	1866	826	817	1424	1720	191	297	531	456	2016	1706	753	248	681	954	1777	403	561	774	1071	464	758	1833	1502	401	600	868	1453	1800	263	960	330	219	130	1082	22	1300	746	1483	301	185	1577	397	221	1550	429	1892	451	1099
1223	1595	922	912	1253	168	1344	81	336	913	266	1155	1265	379	7	1781	1696	937	1521	1806	1480	43	1952	6	1548	939	252	112	1838	1074	1924	890	900	514	59	1221	372	1492	94	282	565	1431	468	1878	932	1869	1675	1802	488	1337
126	704	1109	1428	1021	1723	737	604	1375	1044	504	339	1054	408	614	413	1915	1794	1224	1698	147	1469	1198	1301	36	1466	1579	680	1745	1932	1599	993	216	763	72	1925	771	1632	1618	1142	1348	905	808	1400	1391	865	298	1252	1255	592
1146	428	908	1686	318	804	1447	1148	1277	117	1682	1180	1486	1184	471	340	1353	648	928	209	1984	441	605	53	1161	933	529	607	634	1214	1679	1185	1318	1335	521	1247	1662	863	1902	1944	951	114	116	1630	1980	1206	1625	938	832	93
195	1692	728	1361	1895	1564	848	424	1667	324	1596	289	1143	1340	108	903	1463	1873	1774	726	1332	785	1970	332	1832	1123	1111	1282	1087	2011	1504	1898	1581	1541	1479	857	1498	778	1510	1527	1807	679	725	1200	176	127	1612	308	156	1934
1908	385	1588	278	1389	517	107	1913	1852	1792	613	1233	1585	536	636	546	1582	29	782	348	1292	650	188	651	1905	625	154	1384	1695	136	420	1604	621	1773	1602	1230	1268	99	1757	617	487	160	958	560	1850	1158	1715	552	670	1546
457	835	499	5	1343	1946	1406	1427	406	723	1477	1114	1191	1554	1825	208	345	999	495	762	1633	1609	182	321	444	1048	1096	940	293	60	925	251	292	291	1095	1912	1779	1294	1218	1967	1826	1228	1655	535	1519	1281	1753	962	671	137
1818	214	843	1759	20	1263	980	861	1540	1651	371	1176	1811	787	1186	655	2006	213	1688	1201	1676	1533	1403	1691	649	1763	395	169	1056	527	1813	476	1778	1999	497	367	1558	288	390	2010	667	1254	1890	839	1442	1943	1016	508	867	644
1594	1528	1910	654	101	1157	1382	1982	439	1829	1642	1730	1969	1309	427	609	885	516	750	202	306	95	1947	1884	1491	1732	1592	1034	1407	666	1991	870	894	76	1162	1816	899	855	1775	923	1188	1038	450	513	1937	970	1647	1088	501	892
1120	1872	281	416	277	819	941	1225	664	1127	1312	162	1168	458	998	1572	1246	1804	874	2002	692	11	1117	1653	1167	1245	1485	1440	290	187	1116	1086	206	362	721	1093	652	1861	1863	1355	1713	1441	317	1537	283	1272	475	1029	1473	1815
1638	1665	856	1286	1611	1552	242	1776	1310	931	369	950	1358	161	836	579	1196	1968	1461	218	730	287	1752	678	34	1177	1867	412	26	955	1600	1197	1132	1570	657	820	478	1561	1657	132	866	585	1547	919	1017	1279	63	1703	1616	453
1622	1100	687	854	871	463	1584	1791	1613	1028	1975	226	1718	1205	338	118	559	1351	1936	642	71	1714	12	566	1731	775	1659	1418	777	1144	1446	1209	2003	165	1325	1195	799	260	1166	91	177	402	1539	1345	392	674	889	1145	983	1610
722	447	1787	45	978	1909	570	572	1133	284	623	709	995	838	916	1411	1308	70	2005	452	502	331	808	1802	1741	24	1871	906	62	435	1522	675	625	1576	1873	1703	775	548	1977	257	561	1683	188	1955	528	1362	461	1410	1369	163
160	442	1275	1838	1807	1516	41	1457	729	1162	1361	1503	256	689	1006	2016	1367	125	1113	1570	938	408	381	1657	478	1556	1070	587	455	88	432	702	987	433	453	543	177	1391	211	758	1083	1824	844	1872	1476	558	1508	1804	173	372
274	69	1772	1412	416	741	1174	1398	739	811	1066	457	1263	1356	95	947	1950	1623	1510	626	1843	492	530	661	1201	569	515	1159	659	1773	461	1504	1909	1088	904	1557	1354	19	1102	856	1629	1624	598	566	1841	721	824	549	1392	16
17	1033	175	874	1725	463	1679	200	1935	963	1748	1866	836	103	1723	586	1554	1732	1558	1482	311	510	686	4	813	430	127	1373	1007	1110	992	144	1696	1861	1393	828	1253	52	921	1643	8	1208	460	1158	1445	1666	903	974	436	1985
1756	936	1053	1402	1216	680	940	1676	287	187	1943	1167	1712	1910	468	798	1264	886	210	575	179	1794	1406	153	1572	188	3	1317	1026	279	1808	2008	1436	649	910	120	1172	1305	1324	621	231	44	1523	1480	2001	186	943	1199	908	1191
1360	800	339	1820	1884	12	1456	439	1996	27	1752	502	646	1933	1101	926	254	749	1240	148	1427	1680	644	1306	1844	976	1028	1512	1076	1851	104	1635	1097	1938	956	272	40	801	1002	935	706	831	1417	1596	629	814	1736	939	334	1672
1453	909	1219	142	1467	476	913	873	284	816	1212	944	1880	1886	1403	242	928	1344	1470	1331	1587	677	1107	929	897	1365	446	47	1299	1047	1177	310	1607	548	1241	577	1849	1562	6	118	1898	1698	1125	893	42	487	1594	1665	989	1030
554	1396	1995	1857	149	1018	607	925	38	1694	665	1860	1541	300	821	1664	1195	724	1602	1231	1131	1035	115	567	1574	748	222	1435	1064	504	359	690	1951	1888	1069	981	1050	477	1565	1753	1944	545	778	881	1616	1046	99	1620	1346	1220
1899	1744	385	1561	1473	1180	1986	1087	1173	639	225	1960	401	1959	344	315	1600	1451	1221	1738	1404	1235	1487	761	805	323	306	216	484	1778	1048	1232	1086	253	920	1474	1769	1571	527	425	208	1279	1682	1239	1074	1244	1326	1540	277	1739
991	1900	192	1304	537	969	975	846	288	1164	595	1464	1515	73	1103	1934	591	825	458	993	1524	201	1222	421	863	793	1928	114	1227	65	399	715	1575	1190	971	1609	53	343	1383	1583	325	1825	1431	755	826	1214	1711	407	669	1692
1555	1707	307	1124	1559	1957	1940	596	14	731	593	1381	124	1036	1671	1055	767	1140	1149	1989	1726	1254	1779	1366	159	632	1550	998	1803	1952	301	717	1586	386	1145	869	762	449	807	349	907	535	1687	220	1094	1553	872	1031	107	49
250	136	1215	970	1763	241	1312	1741	560	1153	1890	666	56	1023	161	1589	151	356	1867	1836	1902	1688	35	138	1837	564	341	1713	1270	1	1742	895	257	642	1129	756	1484	145	1958	1437	1100	1265	887	1539	1135	611	423	480	563	1424
193	1469	198	1075	698	613	559	1991	1527	1389	703	190	812	934	1325	726	618	1463	1488	303	725	1670	1444	1972	1059	1911	1342	335	431	357	68	1081	1175	156	1079	952	777	624	1936	1622	1362	1599	1945	285	183	1045	1106	473	1003	223
1638	227	189	1530	894	1238	1420	960	1651	379	534	1946	1709	29	709	954	1042	293	1397	1819	402	360	290	350	167	520	81	294	191	1017	1287	233	1186	39	1771	375	1120	2	576	966	1168	1613	23	674	168	194	906	1780	930	1237
1708	134	1690	1834	268	1205	1787	1925	109	1155	565	1302	1294	1187	371	1052	1932	1500	1770	1290	557	916	1582	1368	823	1579	663	389	326	1949	973	318	1258	1247	1269	923	996	1975	1704	617	312	1597	413	599	91	754	1015	1793	1080	1301
1923	229	345	1852	1564	1182	1461	948	75	536	1984	397	988	84	1605	516	1893	1913	1536	594	622	1037	1229	1501	955	526	1092	1170	1154	1792	1489	604	1806	941	251	139	1423	1714	505	1653	1268	773	612	809	1161	1133	1378	275	459	1988
1230	1319	43	352	400	615	337	1104	1529	1025	1715	1311	1593	1873	393	1043	858	1877	1509	1300	1617	1278	915	1869	424	479	1637	209	977	1573	1631	1894	630	1655	1426	1132	1090	185	1338	1213	1646	1887	1005	839	653	539	108	694	304	757
58	1781	273	1876	912	1077	218	1507	170	105	697	1826	1111	1848	483	226	997	957	1751	848	1506	470	619	1289	247	263	1815	637	181	1545	1008	772	351	1108	1200	1024	395	1336	1440	392	1434	1865	1878	1544	299	1157	1677	1286	1904	1627
1217	837	1724	259	32	647	738	202	321	1491	419	1987	678	2003	384	588	1719	1234	1372	847	1281	862	364	1422	986	1916	82	1251	1832	1246	1439	1415	1314	727	1789	1831	1497	163	396	93	405	1011	1549	98	1019	786	1446	342	1502	550
950	94	794	1425	699	780	1799	1465	871	1532	1614	1414	313	1337	387	1608	248	864	450	314	172	1980	900	1691	361	1578	1291	513	78	1926	1371	1889	1348	859	764	1188	519	1475	1408	1971	1156	1315	1961	1256	132	224	585	370	491	1864
654	129	1085	1353	340	388	2018	552	1078	1929	72	1978	796	1766	1004	283	779	533	1339	1012	406	206	655	238	723	5	556	1210	2013	911	1619	1847	1364	512	22	1630	1084	1649	26	106	1580	623	1522	1495	1295	860	1941	1761	625	428
143	803	889	230	964	829	1542	1905	707	834	1538	1056	100	750	1466	765	818	650	1642	1117	827	374	719	1058	31	180	1931	1178	1903	579	331	980	1034	110	1855	580	1128	1014	1454	833	746	119	141	1823	489	500	1543	1350	1526	369
382	555	1334	1955	979	1071	1755	122	589	1359	1998	942	1625	195	1817	1160	843	1126	1856	633	1548	271	1496	1310	164	1429	1010	1699	1528	113	1323	1322	1907	1001	1683	1485	380	316	1369	1163	995	1266	562	1777	878	1283	1242	1261	2014	1472
1701	509	1999	1409	422	1259	797	1811	656	96	601	705	1225	1236	64	1405	770	1248	7	498	1790	683	664	788	1718	276	712	417	528	1722	21	1288	525	1647	760	1569	1115	1067	978	832	572	891	789	1262	346	1297	102	532	1735	1633
1309	1891	1148	1151	67	635	1116	914	296	221	1226	1394	1963	671	1797	50	420	1639	495	154	262	651	1032	704	851	1438	1710	1747	1276	1924	365	59	1854	1895	1828	1863	1347	1202	1099	1634	469	1433	896	45	1330	472	521	573	1689	792
1965	232	1733	157	508	447	1386	1411	295	1954	329	640	265	1421	645	1839	692	1584	1233	1659	1632	1459	1144	348	215	404	291	178	207	544	1956	1791	474	1776	1785	1720	1498	1760	1447	362	1370	123	126	448	1250	1879	795	1658	1271	1139
806	281	165	117	1783	320	673	1662	454	358	1355	1490	1082	1754	390	1750	1388	1721	1511	1218	1577	1375	1660	547	394	1192	1921	1737	733	152	438	1845	219	377	1109	972	409	568	1379	1171	2017	77	1611	1022	174	953	2015	1716	245	411
990	255	2007	877	1252	462	1901	101	845	753	882	1320	1273	538	1930	817	1209	730	76	660	1663	810	30	1762	1349	63	714	1065	1284	1610	1313	1198	1166	924	1552	1827	1054	353	865	1678	1481	1274	121	1567	638	1407	1788	945	1977	2010
688	261	493	1400	503	1695	1976	982	1656	1298	51	1618	57	338	1621	1801	1141	546	1870	768	1937	1717	1351	1521	606	1184	581	260	1130	235	1833	1846	1871	1592	857	524	885	1759	486	866	1063	1343	781	204	319	112	711	687	302	410
267	330	1428	870	1377	962	879	602	1650	668	87	1328	898	1588	1152	1612	888	1661	1547	490	1730	1537	838	97	429	1443	636	270	1061	1693	854	0	1686	1615	855	403	1534	1179	747	875	1560	1850	1380	1969	722	769	728	675	1027	983
763	1119	1990	1992	1479	1942	1197	297	927	1057	1134	214	1203	278	217	542	1881	867	133	155	1513	1669	744	614	1329	252	1272	835	1121	1734	693	628	1123	1684	363	150	1303	1505	1606	1896	1486	1598	571	1471	1842	244	1675	743	1049	1114
734	1038	842	695	1757	822	1970	196	1974	917	1800	1912	131	444	946	499	1143	435	849	790	488	336	1395	212	672	876	529	456	1906	1255	1685	1363	1327	2006	783	213	1705	2000	1285	684	918	83	412	1520	899	1830	332	1105	1947	1138
1112	176	1581	802	373	511	443	737	1918	1979	366	922	497	1316	1462	1062	667	317	1060	466	1399	658	1813	66	1964	1533	1358	605	959	1245	414	249	850	1413	1494	735	1816	1020	1352	1576	1122	679	33	1764	685	883	1796	236	1257	931
1458	418	1703	1142	1041	71	1519	574	1786	308	933	620	264	1641	1013	1681	951	1802	1994	670	787	999	582	570	830	135	1418	1095	1967	700	1357	1282	819	1765	1098	1193	1016	494	1746	1645	1892	18	1626	578	1452	1922	1652	1185	766	1040
1805	74	937	1668	20	774	905	1448	1919	631	627	861	243	1939	652	1189	1419	1648	1478	701	269	1749	716	1775	1183	1697	2004	305	111	282	333	961	2012	1196	205	48	1868	775	1460	1702	15	1654	691	391	2009	1914	289	1442	657	367
1767	1146	681	452	1728	1194	799	485	1387	280	1862	146	551	415	901	1382	1782	608	327	1731	782	1292	1165	240	1009	985	203	1917	718	1604	949	1072	1150	1493	169	1039	182	1136	368	808	1468	804	759	1223	1883	696	1603	1277	1601	1563
609	732	1966	507	355	1176	36	1492	841	1566	1590	676	662	471	1981	1341	853	1729	1211	1321	852	1531	610	641	1835	1374	130	713	426	440	540	90	37	1640	884	745	643	80	1818	286	54	994	708	1517	1243	616	1628	239	70	1000
1822	258	1551	1993	1280	1636	1260	34	919	1333	1385	1091	1829	1518	234	1591	11	1700	166	298	1390	1673	1401	597	1983	1810	1882	1674	1249	62	892	868	1051	710	328	266	736	441	517	1859	1345	902	584	1585	1809	785	553	475	1127	771
1774	840	445	1340	561	682	398	162	347	1181	1449	354	1384	1293	1973	1207	967	451	1410	1073	1795	1093	60	1318	137	1332	501	1821	648	2011	158	496	1021	25	79	1915	1667	1546	434	1450	968	1068	464	1224	1948	55	2002	246	600	541
1727	116	10	481	752	590	1768	427	522	1874	1296	1875	147	1228	634	1982	965	1477	1483	378	324	1089	1147	815	1499	583	1740	1416	1784	1644	791	1206	784	465	1430	1962	437	237	506	1953	1335	603	1029	1441	518	197	61	92	776	1137
1927	720	523	1595	1432	383	751	514	820	24	1814	1514	1118	89	1267	376	1743	880	292	531	128	1455	171	1758	86	199	1376	958	482	1897	1908	1853	1798	85	467	1307	1169	228	1706	46	1968	1858	1535	2005	1920	592	1204	1308	1997	742
13	9	984	1096	1885	1745	932	28	1568	890	740	309	322	1525	1044	1812	1840	140	184	1037	730	859	154	762	438	1664	915	765	839	1531	987	1119	36	629	96	1342	206	1987	1498	1468	293	429	1904	632	1310	834	174	1375	1850	330
1754	1137	1466	431	113	1998	1307	1681	1189	240	1167	2003	1609	458	724	335	509	1645	310	1023	1742	1758	1011	200	1577	869	1611	744	1915	1761	481	27	102	830	965	1240	731	1757	1439	168	555	889	210	1665	736	1978	1034	920	1987	782
1096	1391	526	328	225	613	1447	1252	1688	375	1731	1277	1024	563	1224	611	759	1424	1586	1218	1934	276	413	1941	1375	1060	435	1079	104	260	441	1292	1563	991	915	819	16	1602	1138	1703	690	149	1068	1178	1072	1076	860	1232	1695	1794
259	1693	1701	913	580	677	1982	1878	1905	21	160	1046	1538	1192	307	1176	1144	487	1785	769	1442	146	3	1231	218	266	1551	1501	788	933	382	1712	1773	445	108	1339	1246	1166	517	321	1113	1908	929	1480	1996	242	1666	1999	1671	859
693	504	1745	2007	1416	90	370	1214	1064	1606	1497	506	1826	492	1981	812	181	718	384	809	686	1285	1359	1935	684	649	1843	850	540	976	409	379	99	1299	971	2008	1652	865	502	1203	400	1858	1400	1427	1803	579	136	1867	167	1913
1	1227	53	318	975	1960	968	58	1436	1151	333	343	522	861	857	1741	1403	1380	1902	924	1174	1095	1177	1619	1006	392	633	698	1952	1445	1543	2011	408	1037	1631	195	1859	1871	1848	169	805	1963	679	1319	1393	1020	752	255	682	1059
737	371	1505	338	345	33	1527	1554	1449	1965	1322	120	111	1630	1942	790	641	446	1250	1894	1991	1723	430	253	1078	1386	13	533	1443	196	1713	531	1493	239	478	740	1983	1900	1124	118	941	428	1504	654	281	1971	1589	1271	1570	35
269	2017	297	653	1468	1355	1333	191	1710	1171	529	638	505	1213	1344	664	785	331	2006	1968	750	523	373	275	524	696	55	1469	674	70	1574	1956	1593	257	1062	1045	438	1392	552	383	486	1080	2002	1207	323	466	190	619	1892	1187
1115	368	1121	1529	100	220	902	228	1875	1569	1052	1402	1260	1824	585	1198	1304	581	171	1539	1120	798	448	302	1599	274	1140	1417	974	811	402	626	1567	101	2015	985	1248	1989	884	1066	330	22	600	1675	406	758	670	566	442	1485
842	546	1201	451	1564	806	1647	984	1179	1381	358	1747	1628	1244	1799	728	1724	1763	206	416	660	1903	122	980	1410	1193	148	1689	63	1411	1552	1932	1972	1672	1938	1122	1545	831	1514	1810	1661	133	1195	628	1921	157	1441	1636	1604	116
863	184	1421	1418	709	1873	1343	1452	530	804	1841	1507	879	911	803	324	185	38	1325	732	79	179	1165	1691	921	1001	1779	17	1478	849	1116	1901	1638	158	1573	268	1613	1331	1774	1219	1184	1183	1050	214	376	388	1490	390	1017	351
1568	541	1172	1111	1879	1369	1811	1420	135	692	708	843	342	140	1808	366	477	317	743	1498	810	296	722	94	1238	432	1430	527	938	1677	499	396	623	1428	1786	198	1014	1957	532	1435	846	234	1945	278	1889	84	131	1850	1205	1943
1633	1751	905	1146	277	1243	1241	1378	1212	558	1528	6	1508	1893	1220	1857	109	1035	1865	1722	1370	304	931	1775	1909	1237	1571	1610	602	1281	775	1353	265	513	1161	484	1872	840	245	1047	969	1265	1887	1547	597	424	748	97	85	1704
560	241	646	895	1663	14	1049	1089	1143	1607	493	1559	763	1324	26	856	1770	853	233	557	1624	1918	1790	877	584	1649	121	1616	52	1027	462	1409	1070	92	494	1483	1500	783	212	1737	1310	1357	43	56	1286	907	1643	1382	250	1482
61	878	716	125	956	161	1440	1849	1778	764	314	423	547	76	561	1988	847	697	2018	802	899	340	498	1760	1914	230	468	958	534	66	1191	1106	447	1772	463	620	1581	922	47	141	1488	298	1584	1384	586	434	1245	1925	1585	943
1540	978	1196	1408	1100	559	1802	294	1342	1964	1733	2012	1153	209	249	866	1832	1103	1720	45	1985	1157	1768	1363	1557	443	1771	1340	862	1233	1855	395	1881	31	1077	1669	1305	1658	341	1976	685	143	1486	1531	904	374	777	1211	1247	754
1383	909	1549	691	1315	1736	221	393	1966	989	452	1306	1261	932	1061	312	1394	1517	219	1005	236	729	77	10	681	1289	124	650	765	827	1827	62	1825	594	1762	520	1360	2004	381	1558	1432	1202	1334	1385	955	1303	1635	1728	469	193
548	816	875	944	329	1969	480	34	2009	727	953	1562	1653	675	1830	1108	1659	29	666	1009	213	8	145	454	1890	433	119	83	1608	419	1199	945	1990	1877	51	876	2005	1917	415	1414	1524	508	1576	761	621	1042	1640	1472	1010	1365
398	983	707	957	864	273	1401	1822	1888	319	1051	1834	1470	138	1131	1083	622	1484	1789	365	833	635	1295	1377	1906	194	46	313	1323	550	203	377	1346	105	848	1087	1694	1612	1796	593	1509	1776	1104	780	449	237	1707	1030	568	961
510	308	2	1656	25	71	1338	1236	1226	1156	1933	1896	720	1668	893	1267	999	1766	1290	714	747	535	457	1797	1389	572	301	1326	637	1667	205	952	24	1101	544	821	1580	1912	1118	1814	1755	1572	1433	713	48	36	59	72	630	885
295	1522	1744	1450	947	1791	774	995	165	898	817	1105	467	1955	1962	258	1793	1718	1565	1854	1702	1273	1335	903	753	1930	1217	883	174	459	845	1588	851	1387	246	1995	1390	900	1149	418	661	789	959	689	1820	1844	1634	465	1327	640
421	500	1521	1792	254	1228	1730	1351	1025	208	1372	1016	1944	1007	918	1709	69	126	1496	1155	1298	1846	966	407	1491	1235	1680	1719	349	854	1223	1015	1063	1644	791	937	749	1883	285	1126	363	1448	139	939	822	1284	1866	1085	651	1056
1700	401	832	625	1362	204	44	814	1230	609	1705	910	73	325	247	1097	1541	357	1309	663	1738	186	1591	669	57	760	1465	1055	397	1098	772	1437	1951	2001	1664	1863	49	1278	1977	1685	855	1623	1086	1474	1251	1321	601	1312	1293	762
1279	1743	553	1458	1974	216	1125	795	1706	715	757	725	852	1043	315	1861	1994	719	801	369	482	1579	1258	1253	926	1348	683	153	1975	1600	39	129	1868	1880	1422	1798	828	132	189	1931	1578	1546	1044	439	1163	894	1337	624	519	1537
901	525	1651	291	551	1463	792	346	699	348	988	217	1200	528	1511	1506	1186	1928	440	103	1429	687	1979	1139	15	1512	554	573	1660	1592	1257	1000	694	1029	1431	1003	411	1438	569	1817	243	1462	0	1869	606	173	1456	1075	479	472
1373	1173	645	702	1457	1781	420	648	1371	538	556	1601	211	1090	1404	1910	656	912	1374	587	711	332	688	858	404	1296	1997	280	1870	1451	1399	1629	426	1544	1946	422	429	98	1835	495	793	1397	1807	825	797	891	81	1657	1523	473
616	28	1210	632	367	1813	95	215	1222	1459	2000	489	1494	1467	455	881	178	354	180	1614	1615	723	32	1477	1300	1129	1516	1839	1158	147	50	1788	574	80	1899	461	112	671	410	662	923	919	156	262	9	1215	1074	1147	925	222
599	475	627	1641	1748	336	1368	1895	322	326	37	364	659	1590	1597	807	1107	1716	1328	1874	1708	1057	700	963	917	1674	385	1492	231	1519	1725	1518	1739	676	1354	972	1229	387	970	610	248	1919	928	284	631	1039	399	1415	378	605
163	887	1783	303	1398	1950	1301	813	1984	1084	1287	235	1367	514	1561	1033	705	1809	578	1135	511	1536	733	199	954	634	776	636	1555	1715	2014	1882	1520	1678	1311	658	207	1627	394	1314	287	1320	244	818	1837	82	892	742	712	1812
1341	948	292	589	1162	964	874	4	89	680	592	786	279	590	1682	1073	1264	1513	741	979	644	844	264	1206	1840	1276	1330	1697	873	1297	1922	1948	1940	267	1777	1026	1263	361	1154	576	607	1582	1376	1815	1594	1967	334	19	1048	1256
936	1067	1110	1780	886	391	940	1845	834	841	990	1679	655	1698	1904	327	359	1413	755	1648	603	888	1876	992	154	1515	914	1336	598	226	78	1886	1182	1553	2013	1349	998	779	977	1190	183	570	1242	300	1170	1526	1853	564	414	726
1204	996	155	496	1406	882	1923	1099	1784	151	223	1625	1234	1765	1692	1726	1127	1646	799	283	272	1018	794	770	1396	1804	1961	916	1446	386	1318	282	1481	1216	582	311	1453	1926	263	134	930	1595	837	868	896	1444	1618	67	1313	1838
973	870	1639	1626	567	1185	1828	356	1721	507	1954	1800	1150	229	1740	1434	2016	1272	962	942	1818	1004	1361	701	159	30	485	1911	353	1550	1259	1419	1749	1194	1283	128	946	595	23	1423	150	1621	1530	1992	1225	951	739	1088	444	1168
87	436	1920	293	1081	1686	826	800	106	1764	144	344	1364	251	588	1053	835	290	678	839	1405	1502	1317	1145	745	256	1973	746	1596	897	65	1884	64	339	981	74	565	1475	927	1476	1461	1993	1767	1852	453	993	1294	1936	890	1939
1019	1141	1209	516	1690	647	639	778	820	1266	1426	41	1714	1008	673	1092	767	299	1525	1471	1756	20	612	464	706	1350	1676	1683	1860	227	982	380	1575	617	721	1132	880	1412	1670	476	1548	1013	1352	1907	417	75	1093	1032	1986	643
1503	1302	608	1130	1112	1769	1662	542	1249	1169	1036	437	771	1717	471	575	1455	515	784	1274	137	1148	1489	115	1729	1980	1734	271	934	117	1275	1842	1012	1856	1759	1268	1495	539	1927	1642	1142	1221	1291	1345	1175	665	1379	838	1128	577
123	88	54	172	1487	405	1114	1937	1732	1711	1071	60	1510	497	1347	1684	470	270	483	596	604	1041	872	704	491	18	562	93	1288	372	309	1091	11	1970	182	766	238	521	1632	192	224	40	823	1821	1787	288	1929	1617	201	306
202	672	960	1566	175	166	756	543	730	768	949	1255	614	1356	1833	152	177	815	1280	261	1687	571	703	1119	1094	1181	1535	836	187	286	425	1556	950	1031	1329	1542	735	1746	12	350	337	1479	1885	347	305	1696	1816	618	1823	1395
1949	7	289	1831	5	824	867	360	787	668	1673	1038	1254	1622	935	1864	2010	1655	1847	142	86	545	1605	1829	629	1239	1388	1308	1620	1891	695	1560	1270	1587	352	667	362	1133	96	642	615	1082	1851	91	1805	1532	994	1473	1282	110
320	536	549	197	1160	1460	1188	164	1806	796	1924	1654	1782	1159	232	1603	490	1795	1836	1069	1152	967	1109	1136	42	1058	162	1269	808	1699	591	734	657	501	871	1366	829	1916	1650	1753	1750	1958	403	537	1454	68	908	1583	1197	107
1819	1134	460	1180	1316	114	1598	503	773	389	1054	1040	1801	1533	316	1028	1407	1102	1002	987	906	583	1953	1862	474	450	1332	1898	1727	127	170	1947	518	1065	1021	456	781	1164	717	1752	1897	1358	427	1637	1123	738	751	412	1208	130
512	1464	1959	1425	252	1735	710	1262	1022	997	176	488	355	652	1534	986	1499	1117	188	1528	182	204	1955	109	949	2008	594	424	1527	1550	59	898	1013	764	1841	1449	915	1888	1266	943	1031	1984	759	1975	2017	317	1547	1008	687	1719
312	1749	443	1925	814	121	1742	888	820	187	405	366	1147	488	1428	800	470	990	852	95	223	154	880	323	1595	497	787	1261	224	185	1171	1649	1919	776	1829	35	1320	1509	715	1715	532	1324	816	507	1293	1374	1095	1451	150	203
1898	1858	1391	380	1157	1879	1277	1827	1772	1162	149	886	657	1837	1639	262	1106	183	1888	272	645	863	1657	1167	56	122	310	142	936	1257	101	333	734	619	60	461	234	2018	533	2005	140	1515	1311	892	413	853	537	441	1548	1783
481	1538	1632	1477	733	1487	1966	1536	264	1426	1402	1001	1544	110	1424	172	1664	829	817	826	1030	368	598	927	1737	1654	2016	1799	878	261	128	546	0	1965	1881	389	1130	1290	947	681	1131	674	243	1358	792	1160	815	1797	342	669
940	595	1713	1263	968	320	1326	854	631	381	1983	806	1421	971	348	727	1481	1075	869	526	1116	1673	144	586	288	953	804	1614	166	1205	1110	297	1006	202	1969	1604	1691	190	1912	1149	1936	1696	1793	292	235	1607	1009	1347	960	444
1217	1886	373	1332	291	976	714	252	1102	1335	933	758	1759	299	1066	391	207	641	455	919	2007	1863	658	1817	448	1046	1555	437	1489	80	285	915	1144	168	346	1757	13	644	620	1794	369	480	349	1444	483	858	1685	1105	1088	608
761	1282	843	924	1214	791	450	1655	290	1953	1113	1841	1005	1431	1525	835	943	445	986	1288	36	1089	743	549	753	196	1723	665	1826	785	632	249	1090	476	512	464	524	1478	1728	1678	1567	1584	527	1468	839	471	1348	1404	732	1441
113	302	662	75	1033	1341	1457	1592	929	518	877	453	1209	508	117	477	1037	335	977	322	1518	15	2002	1052	106	1200	1414	1436	4	1744	171	1191	809	105	231	1539	837	723	1053	502	1387	615	257	1068	1180	676	1987	1676	910	905
981	1084	705	1475	998	1061	1667	744	923	1516	1427	1141	627	1974	496	1021	5	1920	463	6	423	1894	1996	467	1181	1559	1103	957	606	1465	1512	1848	1995	283	1350	410	1211	1683	1024	352	1447	916	1921	1076	698	12	20	280	890	1629
338	271	1758	1976	818	1534	1502	2003	1935	1867	198	2008	367	1840	225	1645	982	375	1839	182	306	1602	1580	868	1233	1945	1986	447	1463	1345	210	1895	1259	629	684	1931	1442	3	88	484	912	1473	68	1212	680	1059	1122	1725	1289	781
1013	1143	779	282	492	1621	672	1712	86	37	390	944	1506	1169	1682	1521	83	1377	887	1745	569	1818	1438	506	1961	157	350	1078	1124	552	1626	1885	1314	1412	1856	1496	1321	1949	885	1864	1491	1159	1562	749	1213	1236	1610	159	616	382
1619	1322	1007	1564	376	498	1588	621	590	191	1136	1246	577	1557	1550	956	1849	1785	388	141	1036	650	2012	417	1256	538	1092	1704	788	1500	881	1933	1708	1600	1135	24	1809	1833	1652	1048	482	646	1511	1375	1669	155	618	955	359	1229
516	1734	1011	1182	1939	1774	233	600	1310	798	1408	1641	353	659	1613	560	1579	1681	356	1439	942	1153	1397	245	1176	870	118	988	1560	1101	1764	1096	136	259	240	1195	94	735	844	624	784	754	1989	1450	666	1178	123	1800	1291	1947
462	2015	1403	1615	1563	1407	891	226	668	452	1934	708	1633	1449	432	1486	1988	1770	1133	1854	1741	146	1471	1730	2006	1803	194	1354	409	301	129	278	1970	696	709	1624	1123	1058	1303	1239	45	92	1440	1456	1031	1224	1503	1985	1208	51
766	1429	85	932	1690	2011	1527	587	583	545	1128	949	848	1460	486	719	1973	229	217	1811	895	1041	1910	1946	135	1234	547	635	1219	212	987	938	1650	1850	258	747	1992	1197	1380	1927	1194	1513	1287	199	1855	1556	491	937	906	98
10	1787	1170	431	1680	211	564	1018	1218	677	920	1109	1409	1873	1004	1703	67	1247	671	289	551	1241	1635	1631	114	1400	1434	1152	1727	1129	561	1777	337	1805	1665	177	1596	812	195	1771	197	1207	1331	1903	790	1795	1248	438	379	412
1306	1507	274	1775	1270	1026	1583	1597	1821	575	204	163	1522	1242	1215	1531	1998	1495	336	718	686	39	1616	1982	186	1790	509	414	371	1443	57	1762	950	1268	579	1622	354	774	913	465	697	1043	1100	894	358	1706	1714	831	965	1333
378	1485	133	1318	55	1492	1301	1603	275	830	1177	1343	1359	1237	1911	175	1319	1862	145	472	1411	1605	1274	918	1355	1134	8	1368	311	1804	1305	592	845	143	1520	1060	1371	847	435	1360	1265	1458	572	19	1959	1549	1740	324	1776	755
722	1699	362	832	1334	1364	189	176	1832	995	132	1755	161	1830	1494	737	534	1698	2017	922	1917	1647	1179	43	147	29	1476	1609	1660	1705	1376	1283	581	925	1470	1137	1394	1264	1406	1452	107	1554	1384	1499	531	1373	1050	1627	1857	1297
1087	663	63	1802	1455	138	294	1154	184	1003	237	244	332	594	1523	1792	248	1718	1561	1545	864	962	305	827	1553	1871	1497	1422	418	341	692	298	1878	457	1410	1199	520	752	1385	64	1193	1064	767	763	628	1537	100	593	1238	584
127	181	770	578	642	79	1361	813	242	736	442	860	679	188	1957	1294	825	630	276	772	1483	1127	655	489	16	1070	536	1243	1608	131	236	1342	1954	1198	1679	521	361	983	1928	246	279	1300	436	1865	1581	712	1185	1700	222	1035
1883	1674	1112	731	1269	422	1929	612	273	1467	625	89	1054	269	1027	1165	1834	1851	991	454	1884	449	84	1948	1810	1044	1093	116	1666	1415	1280	605	1572	1801	1859	604	993	979	82	567	974	1210	1701	40	446	874	557	601	377	456
72	1388	1843	1173	838	903	230	1913	548	33	1993	420	1814	882	1760	411	493	751	964	997	59	871	1901	596	609	77	503	475	1739	1900	1328	1636	1852	1201	1514	386	963	607	53	1226	344	568	789	1807	1389	156	954	1958	397	1569
1576	1736	1069	745	856	889	765	1339	1187	1952	678	647	1914	1710	1963	1853	1551	1806	1166	96	1172	908	1868	1753	1010	1307	111	637	254	91	148	1510	314	811	104	1686	1469	58	1620	1820	1262	1082	687	1892	750	514	108	1630	408	267
205	1183	295	1077	1047	1117	1399	589	802	347	42	797	97	2014	469	1366	277	17	693	1336	768	941	1575	1733	208	1823	429	879	1638	1472	1327	1490	1784	1720	1062	421	1896	897	214	1381	2009	1918	284	989	219	1822	238	1754	1240	1623
81	1916	1722	139	315	1651	599	1312	1498	1216	554	773	591	162	1724	1413	1099	44	1944	251	1671	1249	597	1079	1175	1493	174	688	1056	1675	716	571	102	1558	1648	1519	38	363	1034	1453	41	179	1150	553	1190	307	1203	1541	1338	904
555	1430	296	169	1977	1773	1591	1643	576	930	73	1765	1266	466	1000	25	1788	1767	1267	1798	153	1598	392	1285	339	1448	1020	1716	690	1369	967	1454	970	1278	473	1890	819	1941	1365	2013	1930	726	720	124	670	840	994	393	402	458
1786	1791	909	360	1781	1315	842	511	218	786	740	1508	1482	771	833	499	1120	558	1232	407	18	308	1221	1738	318	7	588	103	260	898	865	1601	1080	958	759	661	992	794	160	1524	178	1189	1543	293	1906	304	206	1228	216	303
1835	1659	1276	999	1008	611	711	675	1899	1055	664	544	603	370	2010	327	351	1146	330	1950	1842	50	1155	1279	851	364	550	1479	433	730	300	1628	523	265	1967	795	1505	873	1132	256	158	914	563	799	1975	1861	1325	1337	634	1126
673	1876	1484	1530	416	1662	1014	1253	648	1778	1081	474	1419	1658	125	660	1769	1295	517	966	1711	1612	928	266	1192	901	793	137	519	1529	1634	900	1115	525	728	1313	1578	500	574	1356	1275	1174	1057	934	1589	1038	1653	1533	1230	855
1255	996	1582	764	700	1668	1405	1235	1926	395	1677	1252	1028	415	651	1017	807	151	861	428	193	1346	1501	975	702	945	1870	1393	403	1072	201	613	866	1693	1340	1139	2004	1378	1121	1186	1968	1640	1846	1566	717	1994	796	1351	1111	639
1445	1746	857	505	1231	1932	1587	1363	1694	1086	1184	62	1437	1188	9	911	1971	1418	1022	1611	1875	828	1148	31	1446	1964	540	1462	1997	862	899	1094	1316	742	1145	1729	1893	883	1118	782	1813	1362	1593	78	1819	1938	1353	134	917	1002
566	704	1828	1743	1012	682	1065	689	319	803	559	867	460	1585	120	1423	850	1245	1016	321	329	638	1642	1590	1417	263	326	1433	810	1432	746	1646	501	255	1396	228	426	721	213	978	66	27	1040	1222	822	1416	859	846	1370	841
1273	683	1140	1663	23	1984	28	1547	1991	1223	1905	71	1565	1761	703	643	952	1073	384	1979	1751	1158	1692	1281	247	1960	626	946	427	21	343	22	1299	1459	1401	1962	70	1258	884	48	1296	93	109	1731	1815	1571	434	61	1768	253
1298	1349	200	896	1836	1367	1978	542	821	316	1661	1104	1574	1951	1108	1618	325	1260	656	99	404	468	317	1344	1909	1063	1573	1937	823	399	167	1860	11	1672	1780	1151	1586	1435	710	760	87	76	872	1204	479	1732	602	495	1866	1599
1779	805	1425	1812	931	1015	617	685	1029	1831	1825	756	1383	1308	430	396	1309	287	1625	286	126	1726	32	948	1504	504	400	515	1251	699	1546	1844	780	220	328	543	1904	1114	1466	921	281	1972	570	398	951	1940	1540	365	1379	1756
1789	2000	47	926	778	1329	1943	2001	1107	1924	1528	1721	180	1292	1526	26	556	34	170	1091	522	192	528	622	215	1464	478	1045	1656	1999	876	313	1250	1206	1956	1125	1880	1891	738	1398	1847	1542	775	1577	893	1074	1689	1357	1023	640
875	985	939	725	173	74	1051	440	783	762	1202	973	585	562	748	580	610	345	1981	165	401	1304	1390	1227	1352	513	769	227	1083	530	1688	1942	1138	652	1570	1272	1302	808	1908	1225	1085	424	309	385	706	459	1032	1386	691	1330
164	1637	1019	849	1845	1990	1719	387	340	1461	1955	636	724	1220	902	1782	1119	1071	46	1748	130	834	374	1	419	1687	1874	1317	582	757	1594	1552	209	1286	539	1372	969	741	1907	935	1617	836	633	707	1164	1923	383	573	1915	1196
1025	961	1877	355	972	1897	1684	739	52	65	239	1816	1697	1067	1766	801	654	1707	1049	30	1735	49	729	270	1532	1750	980	1568	649	250	1702	1670	1244	451	1887	1763	1142	331	494	565	119	1695	152	777	372	623	695	439	2	694
425	1644	1747	1271	1039	701	1824	232	1717	394	1474	1168	1323	1098	1517	406	1882	510	487	1922	268	90	1869	529	221	614	984	713	115	1902	1254	1488	1097	1872	1420	1480	1382	1156	1808	485	1709	541	667	1163	1796	653	1606	824	535	1392
1752	959	241	54	14	112	1889	334	1284	69	1535	490	1161	1980	1395	907	357	1838	1042	284	424	1836	702	1112	52	1552	1786	1233	988	398	1273	1624	1322	972	1057	908	53	1161	610	1891	481	378	141	620	1184	48	919	1858	1894	1216
48	120	516	1182	2010	431	749	1584	1286	1486	1297	1011	1853	697	922	1072	1066	1535	620	1633	543	193	158	1938	1202	1215	1222	1757	1325	1645	675	215	248	1822	1916	1129	735	141	1335	795	1415	1140	1869	850	810	978	634	1006	889	838
1139	1016	745	1103	1044	527	876	115	352	535	1263	254	90	1107	787	1495	1029	1727	706	1317	293	41	1825	832	849	39	985	179	941	52	815	29	1165	1549	766	1865	604	707	1330	387	442	1539	1683	235	123	652	1090	1160	1576	1509
1542	1905	1314	1894	1833	741	1961	731	1970	767	1546	1499	1390	127	343	1298	1514	134	1465	1168	595	1481	642	761	2009	1945	1346	403	386	487	104	618	95	1248	546	1209	1281	963	421	710	459	1501	972	1619	1405	1530	1696	1192	974	45
1955	390	1477	1756	939	443	662	1132	318	395	1267	1337	533	1711	1631	588	1977	619	1929	449	1516	1288	471	1626	209	679	458	1895	1520	1952	172	1054	1950	1599	1999	1488	15	1193	1702	19	1550	1119	929	930	1981	684	329	594	1266	1137
834	173	180	345	928	809	1381	1816	186	1479	196	953	1877	36	1315	284	1324	1279	496	937	924	334	497	262	1362	419	730	1294	1214	342	464	430	1543	1850	207	98	58	954	650	779	1507	1068	56	146	574	8	1049	1928	340	867
454	226	1847	1379	1544	796	1395	145	1798	1799	586	119	32	1856	702	264	826	1000	296	1303	1567	247	1563	409	824	286	1203	1223	181	253	1753	1144	219	1083	220	1759	793	530	1271	608	666	1967	814	130	1773	1178	1153	1331	1658	1792
1274	1171	610	47	370	339	1996	1319	757	1342	986	299	1755	381	1962	200	1570	1673	1461	1412	1907	716	453	1284	243	925	1478	34	1306	428	338	764	157	195	790	1614	646	714	1343	602	563	1081	1361	287	1396	332	167	78	539	140
1669	132	973	492	1876	378	1484	71	801	1249	1320	1861	1210	720	1351	1909	1919	699	1698	1436	1581	1131	44	1800	320	1173	1642	292	1233	1492	37	55	1098	1857	1995	1027	529	143	1797	498	316	1469	1041	1096	544	94	583	976	73	1921
1697	1793	1863	438	1944	276	457	517	1592	108	154	150	1147	1867	687	970	1453	1141	434	1571	596	1380	1765	353	389	1649	1671	1283	1949	931	837	1767	1648	249	144	263	661	1963	1531	1942	365	1358	1065	672	270	734	1017	657	1707	692
1456	665	1851	818	1680	524	1924	1024	477	1422	788	607	1327	1689	1655	736	1547	1368	840	1941	1112	1078	1493	879	122	191	514	1617	1148	635	375	1985	277	165	1458	971	178	129	760	1023	564	504	885	1176	272	432	1161	733	545	354
820	451	689	1109	1238	357	1705	333	981	1694	1724	217	1097	1866	1637	1953	1417	1572	1487	1674	422	893	1603	1858	1285	1332	1854	1898	1490	182	1771	400	894	1196	1452	1891	715	1373	1795	1519	83	1418	1111	1172	1575	572	2001	1768	397	805
474	174	965	488	647	1830	1164	1607	1009	402	1939	920	232	1312	1258	224	1779	1777	612	777	233	1721	627	538	1661	822	285	1749	1498	639	855	1533	1860	1553	1790	578	366	560	676	444	1725	1842	1216	1010	441	0	1082	1105	770	781
118	1998	1125	4	1630	1389	1738	1375	1382	605	862	2011	740	670	951	519	999	698	1783	46	1032	551	1660	500	525	1903	1593	267	575	346	93	874	1821	968	1804	1447	1739	1810	1423	1556	718	933	1334	1677	1191	1336	326	632	1231	1735
1926	1130	1700	1947	126	1568	420	877	136	1339	1051	356	1763	376	1073	1031	918	678	439	839	1034	904	463	153	1900	1882	1923	495	1685	1511	1232	393	1589	1809	1747	606	1444	630	603	1678	469	105	1666	858	1829	1187	1717	952	1913	2002
1446	1496	1529	1992	1448	1207	1870	1590	184	1662	1588	1114	541	1815	358	1321	559	562	1201	1400	1837	554	371	1310	663	242	1239	548	1528	1143	1185	622	101	238	341	109	845	1808	1235	1391	744	1690	1751	1902	1523	1844	1715	2016	1552	475
91	1406	641	1978	566	255	221	1338	1075	61	1864	1706	427	598	228	1289	819	1893	1212	1789	1532	882	1629	1917	363	1150	964	993	1377	556	688	1116	1558	950	1692	1594	313	473	677	76	1986	983	1899	80	644	86	1208	960	1476	1657
69	416	470	1722	1398	1966	628	1170	23	1060	1602	31	1972	1108	589	1644	1746	309	786	1309	28	915	1958	175	990	433	1597	1280	936	88	631	1070	1622	260	1875	982	116	584	483	799	1980	908	762	290	633	1028	1611	1935	1480	798
1625	1269	1569	1403	279	944	482	829	163	1251	201	225	1394	1984	1911	1994	1606	96	747	871	110	1474	655	1846	1794	1748	415	1701	626	800	1987	1811	1376	392	1874	450	570	460	528	455	1839	1710	67	466	609	413	1399	107	601	347
1012	975	1624	1350	1537	211	989	359	308	1092	1302	531	1142	1508	888	1993	1052	1053	884	294	1562	1737	418	1734	1162	1788	1684	269	1	1654	1167	1099	337	1253	1845	1301	194	312	148	729	1559	1743	266	1128	995	1538	1397	656	202	1393
1884	792	131	305	1243	1719	384	1636	1363	917	1156	1785	1828	728	754	1740	1843	1257	49	907	947	161	582	1932	880	748	807	719	1506	900	379	923	1836	1991	1525	448	1695	24	1704	1497	160	597	897	1414	21	571	349	508	725	998
1770	996	811	914	138	68	1158	1483	1931	364	137	1019	291	911	696	912	830	1341	1930	222	1195	636	1936	726	465	1270	355	709	1038	1293	1726	797	1988	1357	1432	1620	1901	2017	1121	1548	1664	1604	771	654	481	1084	275	89	1750	1435
