1,0
383	992	414	1090	1190	1285	672	739	1517	230	612	817	1629	1396	1486	267	1354	36	982	1019	1385	559	97	1463	773	1500	317	1357	1437	318	64	60	37	1261	74	1189	225	48	955	1483	1152	339	35	102	27	220	1308	820	1061	1247
996	596	470	1140	123	873	270	1563	501	721	1172	1014	870	798	449	369	307	463	1092	334	1166	299	1531	108	617	697	1410	1532	212	708	130	1448	417	729	731	174	614	800	1042	31	191	730	1480	754	1573	1375	1596	1331	719	1087
1322	1421	1372	1139	1031	633	1196	244	750	638	524	700	301	1575	960	1544	667	1241	1436	742	1595	367	838	1518	115	1165	1334	372	1128	427	1301	56	1620	329	217	874	734	1442	965	67	344	860	125	1156	348	1219	649	1355	1564	1330
278	539	143	450	126	637	375	1373	1353	990	1192	803	34	1343	1484	1605	896	989	898	1456	1323	1013	87	1264	120	1628	643	1630	781	907	854	991	345	24	1481	821	1503	1009	845	567	613	1571	1475	1307	85	833	1367	1537	707	720
999	859	1539	1138	336	1476	984	96	774	980	1473	951	952	264	621	1129	475	840	440	1272	1	805	273	1493	1507	69	131	1256	1338	763	916	203	1625	1386	1365	454	1607	723	1632	909	1402	555	233	1266	789	844	1337	1177	948	1602
486	133	452	1434	1015	688	691	1062	507	692	471	7	1457	693	218	359	579	366	809	413	1581	598	571	510	109	1262	171	1342	326	958	379	146	1316	234	145	153	970	1546	1376	1220	846	1541	666	1329	304	880	1435	828	16	957
660	537	392	1524	772	75	903	1227	565	29	1540	1636	1260	384	679	819	979	962	190	361	435	704	428	795	321	601	615	841	562	699	1051	618	1411	1124	936	1562	576	722	418	1491	900	924	593	1579	668	1521	769	1286	112	403
1570	1609	28	1008	1080	1513	910	703	899	1432	684	1501	1223	512	494	124	332	529	1359	303	175	528	949	370	1612	323	1533	354	588	1414	1320	616	1431	775	1558	298	518	1239	245	995	1005	1637	43	669	1160	247	228	1577	872	47
1132	1529	194	68	564	976	1111	1048	1416	890	778	636	1472	533	1333	11	1088	894	73	426	1025	261	1553	222	1186	1238	1401	842	274	1598	1234	987	1150	491	1405	751	481	941	608	1255	1613	1188	744	1460	1185	932	1176	1283	489	1610
1370	855	761	897	421	1403	544	223	861	1054	118	1217	1064	689	1295	591	1100	1242	1551	756	1633	1459	1348	654	39	678	1148	188	1235	802	423	1341	1516	1063	78	179	142	1464	619	1026	202	631	695	1040	966	1430	121	72	786	483
1079	577	824	110	1559	788	776	1428	1058	1112	794	211	725	1000	1468	1191	1314	1425	663	589	835	1433	572	604	558	986	886	325	829	139	271	850	1441	1429	1489	935	1277	1346	1115	1615	445	387	1449	1519	305	1133	3	1158	884	1122
1407	447	1611	1171	104	363	893	933	1292	1418	1502	1290	1297	1643	1470	1030	1059	532	573	1003	22	164	1327	1404	839	1187	381	811	930	151	514	461	1012	1034	365	1543	172	792	229	1497	1641	1246	1086	80	438	157	738	186	1594	940
1123	1232	857	1195	177	858	973	1114	661	1108	1201	1324	341	1420	482	1542	908	498	431	300	1556	808	282	358	1199	52	764	752	1631	467	866	411	1321	827	373	20	152	657	1423	41	1326	1278	1248	1178	718	1174	280	495	173	1082
832	550	439	51	1141	425	891	1555	224	1214	625	538	1002	1325	793	30	204	1626	180	647	420	199	767	122	1363	525	1198	213	843	1369	255	920	106	1578	685	1044	1455	1155	1041	1193	1318	1143	374	6	1145	226	397	437	419	196
520	378	1644	1068	603	442	945	82	521	784	1056	1336	961	1274	863	500	287	335	1057	416	904	1179	997	779	1606	1067	1462	954	1566	511	1269	1109	906	1121	658	1495	1627	1458	479	881	876	822	1162	590	1093	1471	665	1161	236	399
95	284	441	554	1076	492	994	155	1221	869	477	1084	1215	1018	879	1391	101	215	748	1461	140	1094	582	1226	410	79	1243	253	1527	249	1050	205	1302	393	939	1117	88	242	946	1487	782	349	513	815	250	99	1249	243	1304	1389
735	1202	895	1380	1623	611	1496	10	276	193	1640	905	504	1104	1163	116	434	1478	443	45	915	745	526	237	385	1257	1474	1055	53	563	342	132	1181	1157	682	887	1311	810	195	1175	1102	683	1296	141	508	580	1016	816	968	953
147	238	1099	474	1203	57	285	1213	197	138	646	23	566	812	1352	1619	92	1007	712	135	1083	163	1265	1118	1317	448	1212	1603	531	687	922	1415	1349	1565	1022	1288	1053	216	302	176	114	963	484	609	429	386	315	181	65	964
277	262	292	1358	1029	1512	1036	882	696	1035	942	1568	1085	1534	1453	711	1379	675	1069	716	546	1506	1151	9	1567	337	1245	408	76	235	1244	248	33	628	42	1466	799	240	312	1253	705	1137	871	1183	1597	883	8	1426	741	868
192	353	1413	1585	444	706	294	1259	1197	487	1305	569	499	1446	49	622	1200	12	1164	981	1231	169	1360	548	585	496	823	912	430	1116	545	259	807	530	1293	1273	170	702	252	1351	911	458	1438	602	1604	831	1263	971	1081	260
1335	1184	322	758	867	94	1046	1309	635	473	629	351	709	931	1399	1319	1218	83	505	664	1049	398	457	1284	357	254	161	1276	19	1618	485	263	1587	167	295	584	549	969	100	1205	592	84	519	456	768	578	547	1494	1074	293
1515	726	1382	804	1548	415	1535	770	743	1131	988	1504	1584	673	698	1300	1144	1126	993	1591	913	183	517	834	878	983	1392	568	950	1427	1167	639	184	309	198	1153	1101	1251	1313	1154	389	1207	814	159	1071	790	166	1211	1378	1254
681	610	623	1617	1371	1216	1045	1450	536	791	594	1089	460	1576	272	200	311	1052	1383	581	1023	937	1017	1642	836	402	1282	1120	352	1522	1499	943	1208	1523	1582	1536	1134	21	1096	1560	1004	388	1490	105	1590	91	740	771	626	1465
853	156	1268	967	466	1173	1422	1024	497	86	396	257	1447	849	231	462	1505	1510	1328	407	1028	1586	296	1395	1525	478	1001	503	107	765	934	377	70	1105	1252	390	424	333	728	641	862	1194	1479	1142	154	1394	600	1589	136	50
864	753	1306	1408	241	757	1350	98	1469	451	1511	583	1107	405	956	634	694	61	1170	400	162	59	1011	306	1027	316	759	1347	676	1070	651	119	210	509	523	266	570	1467	129	279	522	81	926	888	14	469	178	947	620	1616
111	677	1135	468	1038	214	1281	327	160	476	1635	26	1310	1550	182	1039	25	275	1339	901	1303	1073	885	38	848	1298	1588	586	1424	382	465	343	1514	1509	66	1229	338	1250	642	289	433	148	852	686	227	724	149	1236	975	1125
1638	605	587	737	488	1377	659	1047	113	1332	1482	308	1600	265	320	560	1580	1209	851	63	889	144	219	1593	837	928	1530	650	58	1443	2	208	1601	599	938	251	391	1299	1130	541	1439	959	1222	17	542	1452	1010	575	281	1280
1113	1356	187	207	165	1312	927	892	246	269	288	830	1182	1275	1060	394	701	977	297	1043	978	310	553	1291	1136	291	632	1315	1538	1557	787	918	644	714	1545	189	710	1271	5	1398	925	1169	1228	515	1384	826	1340	432	453	847
362	1230	1592	127	561	209	314	331	656	552	404	806	368	1225	1066	902	1412	117	493	1294	324	556	0	1033	55	1561	1127	1574	455	595	1498	717	875	319	1409	18	813	1400	1210	1110	350	46	168	674	944	340	221	1572	436	1608
627	998	258	137	330	376	1006	158	972	1204	32	150	1287	777	103	347	551	540	1374	727	516	929	1037	1237	206	985	1639	877	1279	412	328	648	346	1451	1508	680	1634	736	607	917	1445	459	1397	1072	1621	506	1549	1106	923	355
1119	446	1091	534	766	422	380	201	1381	671	128	1168	1020	401	1233	286	268	90	1065	464	1361	1440	1528	1258	1390	921	1077	690	785	1267	1103	1075	1362	1364	797	535	914	640	713	557	818	865	747	313	749	232	364	185	1526	62
480	732	780	624	1547	662	746	597	1270	134	1021	655	856	1485	783	360	290	1206	1388	1583	71	4	645	44	472	762	1492	801	796	715	1159	1454	1419	1622	1095	630	1488	1599	15	1417	1240	1098	1624	760	606	919	406	1614	93	1554
283	825	543	1345	652	89	670	1366	653	1406	409	755	13	1477	77	1078	974	1224	1569	574	1146	1387	1368	54	395	239	356	1552	371	1444	502	40	490	256	1097	1032	1520	733	1180	1147	1393	1344	527	1149	1289	756	859	1406	1098	112
880	1574	330	1399	107	518	912	452	58	655	566	1096	1162	1013	1519	1040	322	1610	708	1224	1313	229	1408	555	826	105	1268	597	879	1510	497	1216	622	1604	803	1424	562	1248	159	1531	1147	1117	1215	524	1515	1451	854	1522	785	141
1371	1516	909	1396	1106	1586	683	603	1266	611	885	704	488	1170	1541	279	404	146	1566	543	697	612	1634	1370	46	1532	1165	1598	1115	1342	1000	294	1181	1234	750	1322	1244	1275	1201	115	1124	1431	483	770	584	1156	1423	966	291	1606
37	360	20	333	338	861	475	290	1441	1581	240	1380	1245	116	762	547	548	95	436	1039	1263	817	620	546	676	768	1551	1484	667	808	264	742	1442	809	123	554	368	1357	1512	468	1304	1223	386	1420	245	1060	1138	1337	420	1075
887	753	577	1366	1397	1200	919	884	1167	592	346	1273	1375	1387	1284	1479	727	1225	719	1033	726	1310	1462	1311	605	205	1022	957	1386	836	589	647	1378	774	673	1089	1560	43	484	840	97	1317	1528	835	42	90	1618	435	624	631
790	1231	1180	1059	166	1336	752	1249	147	998	135	1265	974	1241	1044	1575	1353	396	1329	615	1491	1012	711	15	453	738	796	378	464	1158	744	511	672	595	690	618	1577	54	515	286	1573	816	482	977	536	972	16	1389	1043	88
376	877	893	218	599	914	222	133	1419	1544	40	339	190	422	865	1536	1582	1333	855	1376	805	424	1027	76	827	1323	1011	1539	235	1558	660	658	593	126	1538	953	829	194	1411	189	1133	1199	325	136	491	261	23	1101	1501	85
276	1475	619	1222	413	212	1617	1069	80	780	310	1434	527	1365	1474	1483	939	1520	709	57	1004	1480	1028	1295	1093	1171	1360	74	311	1210	888	370	300	192	1003	1202	304	89	1041	707	201	1213	314	801	344	60	389	529	945	960
559	121	822	814	1230	1572	1079	470	931	1547	828	881	1567	224	692	1025	1175	1593	502	493	693	902	1381	406	1110	969	219	1502	841	714	639	117	1354	1066	12	430	1467	695	815	1282	1052	696	876	679	414	1036	1369	433	686	29
1344	1290	1018	783	1417	454	869	1346	1293	275	467	132	941	98	1053	889	28	1185	1571	53	398	1504	1131	989	283	930	1127	227	991	633	1498	773	137	1144	285	849	703	1348	1139	418	1554	1001	66	586	516	718	537	1209	784	1291
1518	388	882	1321	1174	284	959	645	474	929	621	1592	1274	908	1549	274	402	242	331	1128	110	328	606	1403	231	1298	102	1168	73	1294	1603	366	1609	1436	990	1272	1557	607	1594	807	1091	1326	47	1240	1374	1137	1447	1279	237	581
1047	1135	1548	1271	1198	525	0	271	1437	71	1157	1229	890	1256	374	856	804	1070	129	1122	853	24	1076	432	1580	303	228	1063	375	688	293	1401	614	463	553	347	394	1046	183	498	1009	1340	1288	1494	1546	1056	995	334	970	277
980	924	988	213	179	1187	735	1095	99	508	1331	299	731	1155	580	1246	443	329	114	544	316	1307	494	168	1407	1280	262	1121	1045	1639	1361	1623	579	485	251	640	1014	749	843	866	963	397	1455	653	767	1601	910	244	170	492
987	1439	1143	1006	1372	623	364	1343	594	576	845	3	1507	1345	1141	918	1029	538	148	551	411	204	63	948	1132	17	725	1319	1159	574	1621	1477	8	1352	1368	1410	1351	149	1148	772	361	1206	1049	337	1330	643	1160	1642	1238	775
408	1395	481	358	1496	1269	250	92	109	336	165	517	318	736	1364	96	510	1088	172	175	1643	943	1362	417	1	113	309	139	847	867	298	1485	862	758	961	1208	732	448	1488	1184	477	263	156	837	926	1452	59	883	873	894
1031	846	1042	705	958	243	1232	1163	534	659	154	575	86	106	1458	400	934	1034	151	542	806	197	1129	78	839	723	1503	1463	423	1448	1537	4	792	1509	1116	253	1513	666	857	489	1421	938	373	1080	1212	1415	787	1087	410	349
461	532	176	270	1382	706	810	177	1102	644	345	1489	572	1377	22	1553	1068	1540	180	535	1173	986	1193	1152	273	1611	802	1506	162	238	852	756	1624	1358	1383	1308	925	601	757	1443	10	252	39	68	449	824	26	321	590	1257
1429	93	18	1021	188	25	903	91	150	216	1105	1445	1203	1194	1192	700	898	570	1300	125	798	1134	955	56	567	1478	1315	954	813	1182	628	1016	1454	351	1605	985	278	409	1564	1277	1227	48	1457	234	288	1030	1007	967	407	1626
381	246	979	62	1151	1296	793	144	789	994	260	1416	932	1637	1444	1328	737	1418	1292	831	1065	649	82	1465	982	951	1500	530	626	1058	254	981	501	391	677	1400	512	1627	392	872	1262	984	1103	36	1588	1612	675	1432	1622	1120
1440	937	1010	763	77	850	712	1177	1267	415	965	1641	1320	100	1261	341	365	447	1450	821	596	670	858	1302	1098	625	812	387	1281	747	1327	131	733	1449	585	1514	1616	509	421	301	550	94	1596	7	1218	257	69	717	915	202
158	281	1283	75	1523	1221	83	255	320	119	1556	634	1578	1492	379	1183	549	297	1077	842	64	523	1090	671	55	557	1153	1237	571	426	308	479	343	754	761	1590	52	1015	21	1239	935	900	779	236	1188	874	419	1207	610	514
916	942	471	1094	1614	428	1236	469	654	1470	155	393	1398	118	766	875	664	217	928	950	1620	1235	458	962	1414	565	1114	669	539	1464	438	1476	1363	680	1600	1073	825	541	128	920	1312	564	522	138	1332	651	210	1427	265	1486
710	178	1017	359	437	1112	558	326	315	1217	687	788	13	1061	72	1250	1587	870	507	1204	896	1555	401	1071	160	1108	975	280	907	1002	187	296	371	741	225	1521	635	111	1247	1305	1481	1530	399	759	682	650	944	701	1083	811
1391	1456	1026	460	287	1511	531	734	627	1172	313	1579	1145	1526	455	771	1460	157	844	1254	533	324	1154	1613	913	648	1430	429	833	1118	367	668	1373	1190	395	1356	917	1314	786	356	561	486	1487	1325	1100	684	720	348	520	1285
1123	1583	642	656	200	256	1466	403	933	1422	241	1082	1064	186	1435	1038	65	1259	456	173	1032	353	1508	794	694	745	1233	317	663	1412	1404	1276	1051	431	563	384	1048	490	871	1084	1446	193	1482	215	1303	444	1630	312	999	1195
830	1125	1242	1169	971	198	478	5	163	641	1142	221	369	689	578	182	506	1178	38	61	1113	743	1576	87	552	1633	1347	598	1220	1316	652	528	209	124	1334	819	332	167	777	901	1591	1628	946	699	820	108	1385	1219	1253	674
451	41	1379	940	617	1631	208	1211	145	556	1062	604	740	476	1473	1625	269	1524	81	472	140	1495	335	362	1289	1318	184	226	1037	616	904	863	681	1425	1505	730	199	1394	272	1035	1161	588	33	1008	1140	49	127	936	1497	838
1264	560	927	992	1632	34	19	947	305	996	282	1196	513	101	1392	1388	1471	267	1638	445	2	169	1166	355	1005	800	385	923	748	983	323	1559	1589	1359	1552	27	746	319	354	1562	1428	504	1278	239	427	1309	259	1149	755	868
1545	174	1406	573	582	751	473	70	1146	134	997	1409	1258	220	268	973	859	848	818	1191	949	363	886	357	1629	905	342	1197	1569	922	545	1099	1595	1413	6	84	691	1109	721	1214	340	1335	716	613	416	1438	851	1255	1490	30
1561	1568	956	1453	1534	122	1078	891	1054	1636	1164	661	1341	1461	442	952	446	864	203	32	637	1542	1081	120	31	993	1338	878	196	665	153	1393	14	1619	521	976	964	1570	729	350	791	778	1607	1085	519	462	728	1019	496	1074
44	1533	1602	1349	1469	457	724	503	185	289	1468	782	1111	390	713	1126	1529	1527	211	1130	1550	702	823	1136	459	1543	1179	50	171	130	1057	526	781	760	207	441	657	583	1119	602	1287	698	266	895	1517	1324	1097	662	11	248
685	1251	161	1252	795	67	480	1205	1615	1433	206	295	860	51	258	1176	103	1339	722	715	776	799	1020	232	466	678	1297	609	1350	540	1405	1270	797	587	434	1644	412	500	505	1024	35	181	112	439	765	1367	1104	440	306	892
405	372	249	897	899	352	1306	1092	142	1107	646	214	377	832	1086	1072	1150	307	591	1355	487	1243	1390	1186	764	1402	292	450	191	104	1426	143	600	1585	638	1226	1459	1525	195	380	769	495	632	223	1584	1260	1055	383	630	1384
636	152	834	233	978	1597	1299	230	499	1565	9	1050	739	1635	1608	1228	1535	327	45	906	1599	911	1023	1563	1286	465	1640	608	629	1301	79	968	1499	425	382	302	568	1067	569	1472	921	247	164	1189	1493	1069	46	9	876	760
1342	1570	603	489	595	1218	1299	258	1010	972	930	362	1369	588	1465	821	166	1206	1316	116	919	1642	307	357	322	724	354	442	1190	747	1113	413	948	530	1016	1070	671	78	562	1197	1193	1473	256	66	770	1071	642	942	784	81
16	624	610	1153	507	837	1609	575	696	601	1363	1514	967	1427	1428	1259	859	1302	1525	765	392	1081	347	1093	952	1503	1089	20	147	1471	342	128	1198	1186	612	461	673	1245	1324	193	49	989	713	1166	1257	91	63	77	501	29
965	1275	568	544	437	190	1540	232	1044	811	1132	18	934	1263	1535	1566	200	832	1293	716	622	912	901	125	773	1157	1387	531	1127	800	902	1201	1101	579	1042	455	521	4	378	1216	567	388	1227	570	780	2	1158	1416	9	873
754	1320	1159	329	768	1012	1364	613	389	819	1497	70	377	1297	523	546	1417	584	529	983	208	823	927	98	21	1478	475	341	1305	1413	1518	807	703	471	1574	916	788	1225	621	464	44	433	1280	119	360	539	742	1390	96	516
734	335	1333	874	826	1487	1236	169	239	909	176	462	968	767	1072	481	600	1107	1	500	1051	1145	1607	1274	143	928	159	685	503	1627	700	1635	189	1140	85	1457	139	853	482	1322	583	380	1443	1460	426	1034	1426	1090	1571	1256
1151	1191	1455	1219	812	665	720	1015	1484	886	750	314	224	237	1156	321	1041	1361	1383	596	1492	946	1011	330	1634	1468	1621	961	1440	881	32	444	755	269	65	943	719	1294	1100	878	369	1516	1544	235	1020	960	233	1002	118	368
436	689	178	1080	589	490	979	743	993	1304	151	904	945	1444	659	278	712	1217	19	1354	577	1422	171	1312	1496	619	60	51	1087	174	408	694	1500	1179	915	22	793	194	723	862	1284	1599	1338	552	655	1267	618	202	1226	515
1551	974	493	1577	265	537	285	951	1018	1633	172	1278	1347	466	606	421	484	84	1393	1004	275	1088	1536	520	293	549	1469	586	407	593	355	559	1321	518	1184	1142	880	1614	75	1515	1578	343	319	212	1392	715	662	1238	787	693
524	591	1064	1205	1408	576	1602	370	196	632	494	365	1260	41	656	1615	860	160	1403	779	511	1062	1644	1001	962	1029	1343	1523	191	283	756	1261	1576	977	1505	835	1432	954	1187	427	776	42	499	865	725	727	1317	1325	1603	931
227	1054	687	1287	352	1588	1538	854	1349	1115	215	1475	467	351	1228	74	1573	563	1589	397	438	939	262	246	291	905	1181	958	452	825	367	809	1407	1003	997	348	349	1592	781	129	1539	681	532	1637	1138	929	1211	37	602	578
1521	1155	730	1027	274	255	1232	684	711	323	851	1108	371	1092	838	443	985	92	479	1480	1028	1620	828	1250	875	1462	900	674	738	1266	1510	1082	150	416	548	620	766	925	1133	1400	1254	1178	474	62	882	67	774	1114	748	399
692	162	695	1146	1580	1285	649	1065	722	749	206	109	538	157	893	1601	866	1526	728	1618	1549	318	913	1436	920	921	970	663	52	528	1389	142	1309	1562	83	504	617	847	1340	795	1148	1057	744	411	106	11	1530	46	833	1567
39	522	105	791	526	1215	556	1451	144	428	103	1074	605	331	1060	228	425	204	1365	470	1610	1548	1619	1045	72	844	1608	678	1482	956	923	56	1006	218	1362	112	978	146	947	551	95	1300	991	922	1335	213	231	1279	1561	165
1622	536	0	1398	480	1125	38	1453	814	214	1396	310	1025	1394	288	936	1292	1498	498	1194	1616	1323	1339	108	465	829	1032	569	320	598	1328	794	625	677	1295	1579	43	718	1380	1612	1203	705	137	1445	1224	1585	121	845	708	8
1195	760	24	486	1049	1401	926	752	463	868	1069	259	441	1628	412	1504	914	124	1420	249	1311	661	542	133	432	182	15	1085	31	346	799	580	1040	1243	1059	73	459	395	1109	394	1517	815	222	855	477	1281	405	670	30	1520
312	115	933	1182	1290	398	1489	216	699	1412	884	691	733	861	856	782	209	512	1582	984	308	1099	1511	33	385	1476	519	1150	1221	1222	26	631	420	896	1559	332	1450	775	429	707	1192	597	1352	94	1308	810	257	1013	558	550
1477	366	668	717	701	1249	384	565	390	294	1448	1373	1264	652	345	1268	419	986	1313	1524	23	803	888	100	1419	1556	892	1638	987	824	1273	1546	1490	198	1277	315	963	616	230	456	857	1558	1067	976	225	6	1175	937	1431	988
478	615	1470	87	1531	1430	817	197	1357	1481	135	45	777	840	263	54	555	382	1371	28	1434	969	1008	113	783	132	683	152	543	1171	1248	1543	131	333	1641	1594	1572	306	1464	645	1301	248	117	1624	111	1169	647	850	502	358
704	1199	1272	1425	304	658	1177	336	940	1409	1485	891	422	1341	1507	244	1128	99	276	181	1141	1529	1466	1091	145	179	13	1568	706	982	457	1183	740	629	806	1030	1152	1075	325	1600	1144	1411	1270	1121	990	496	254	870	771	709
305	1541	1137	251	1569	1447	680	1135	491	430	741	266	338	1542	887	1640	1330	1461	1061	975	808	192	53	1384	547	739	1631	1241	513	418	1560	827	435	12	813	1584	311	636	177	361	363	1129	439	1230	154	1310	1098	185	675	1210
1286	393	123	1353	785	1358	1509	1120	240	1022	1246	1458	848	110	1410	1639	374	898	1593	245	1632	1421	173	1240	1252	890	1298	217	1643	786	80	93	469	1233	510	164	822	797	126	633	863	651	582	644	574	1231	839	1590	1463	1344
403	1258	10	344	447	340	298	1007	1019	763	1563	751	846	996	424	1147	1583	1604	792	313	17	107	561	1073	697	1162	372	1606	1149	1253	1143	449	1488	3	1565	560	1575	1547	682	999	14	1368	1459	223	221	27	287	1189	842	1587
1303	402	872	554	816	1315	611	1346	301	383	1331	796	414	1405	1154	387	141	1429	1086	1367	101	460	1209	309	175	1366	238	1329	666	1237	55	895	1381	488	497	1282	184	735	1377	679	540	908	789	876	571	1501	440	746	1296	220
648	924	553	5	1037	199	260	1388	242	458	643	120	1110	149	207	971	168	406	995	667	535	1495	957	1591	1355	1122	654	1239	1271	1395	1334	992	1131	581	454	820	664	1533	290	1063	557	1630	1370	468	163	852	1031	534	757	1494
525	1626	1437	672	801	1479	59	450	1611	252	790	415	68	1486	1318	1605	492	1596	573	268	1048	869	1557	170	64	1126	628	267	409	404	1291	379	1332	89	1586	153	1095	1185	903	1472	1326	506	434	626	279	376	300	1360	102	966
451	1415	1202	1545	289	834	1378	69	714	517	186	657	973	1555	1052	1247	364	292	858	201	1276	317	883	57	894	545	1391	1223	1327	804	879	1168	566	229	1399	1176	594	234	264	1118	326	1078	1134	448	587	35	236	1581	282	47
1173	867	1242	1456	1553	495	1220	211	356	328	1636	1017	953	1319	187	1213	778	938	241	641	1036	302	183	541	1506	1449	1112	324	299	40	1180	690	1438	932	1164	127	1251	758	1055	247	1130	271	136	1014	608	764	180	1348	48	400
1111	592	630	688	130	906	1350	1235	281	1379	1097	1442	843	533	1262	1397	1552	134	1212	831	485	676	1139	917	646	483	918	1255	877	410	280	88	297	1165	899	572	1117	508	156	1512	273	473	1351	286	401	1039	79	1200	1103	1076
935	1629	1021	669	1356	1424	1288	50	1102	1079	1554	889	210	1196	205	423	1508	76	1046	614	509	334	1385	391	476	635	1435	949	1289	339	316	736	639	1119	1077	1172	1406	417	219	769	1418	1026	337	1023	871	1174	277	737	762	998
188	864	841	1374	1550	772	1244	375	327	1375	604	1534	1035	1336	726	1269	1491	634	599	97	226	980	1528	1170	1532	61	1106	910	721	830	607	1058	1123	959	1483	1005	1214	702	609	1452	122	1066	731	373	1386	138	732	729	1167	1056
745	1160	753	71	203	1043	798	350	1372	82	686	527	250	564	1188	1441	86	1537	1307	1163	284	431	1208	1345	1499	640	453	1527	911	638	381	90	836	849	1265	270	1033	36	1047	1439	104	1359	1522	1136	1207	994	1234	1564	1376	1337
148	353	195	1050	25	1104	950	1446	1502	158	590	1124	885	1467	1096	1513	167	653	981	445	140	1625	1204	7	637	1000	907	1161	1116	1382	161	1454	805	650	243	446	1597	1084	296	660	253	759	58	1414	1474	359	944	1024	1402	1493
698	303	1038	955	1595	1229	585	1423	1053	396	818	1105	472	1519	1314	1433	505	487	802	114	261	623	897	1068	1083	295	964	941	1404	386	1009	1306	761	1617	1623	710	514	155	34	272	1613	1094	1283	1598	627	177	646	1242	1485	702
695	872	444	1432	1194	1444	43	1456	1474	110	647	1379	289	716	1588	839	602	633	1570	458	1065	944	47	360	1466	1000	990	499	166	1049	585	50	209	1110	1209	975	1289	1252	918	1164	971	748	890	773	965	140	489	985	231	1442
135	589	1220	870	114	383	1215	260	800	744	478	72	1390	1336	843	790	103	405	1623	1137	869	121	90	157	1196	334	75	979	373	933	940	1064	592	508	955	1388	992	572	1641	1024	335	710	681	1555	1050	1095	845	745	1139	387
1091	1112	1642	232	568	854	678	767	218	199	1502	1232	212	188	1554	1258	1449	479	141	175	230	1436	1360	96	808	1330	1329	1034	762	450	1019	1443	513	241	908	442	1612	306	200	493	1166	1237	964	407	1286	986	502	1560	327	1180
1182	111	1205	1045	109	390	707	601	370	345	346	106	607	134	307	1009	1602	682	1591	1492	55	799	560	1234	344	409	905	1493	178	316	1306	445	714	892	1375	203	1504	94	1059	1395	543	1479	341	937	1509	170	693	348	131	1097
69	562	976	542	400	1499	1039	248	1111	788	1415	190	1042	1630	471	88	838	959	167	262	1274	1400	62	555	518	99	460	206	257	623	765	625	22	1123	922	128	672	1350	732	1483	1271	208	643	637	743	1326	38	250	825	954
226	897	210	293	865	1098	545	1370	336	561	431	680	1057	292	100	1638	537	1067	83	284	64	481	1416	362	507	1438	1103	1488	1550	1145	952	544	616	875	1439	531	127	1454	389	1262	1426	521	36	485	79	1628	1590	1470	997	309
554	577	150	1576	222	1575	24	644	878	721	754	421	330	776	928	834	473	1055	1450	1640	627	532	235	801	1141	1186	213	810	105	181	628	941	1322	722	557	452	1144	631	705	1014	1453	802	727	1551	805	871	1461	641	87	46
426	305	1352	1526	54	668	576	1212	1424	1073	351	1643	1023	215	996	1378	653	1631	376	1355	379	1287	1353	290	1267	1427	278	68	1351	406	1593	144	1128	434	626	1149	558	430	1620	711	304	968	1324	1525	101	82	107	1496	1013	1515
223	1568	701	708	1179	1313	1633	1503	324	27	885	1170	349	661	1579	484	1571	549	1255	882	80	455	229	243	1543	1240	428	999	1135	848	1549	1198	1142	192	86	1163	786	1030	1600	325	42	1263	1241	139	402	61	1233	1307	1636	1617
947	1161	660	350	13	1430	702	877	536	193	610	961	1080	1115	1125	856	1604	950	1283	488	600	632	1452	817	255	176	807	926	1601	413	364	1099	551	1606	584	951	295	1527	597	674	1236	1386	1455	758	656	1272	1004	749	538	1087
1048	500	1088	860	1535	784	411	48	588	846	220	333	1021	451	582	412	1076	0	925	297	534	967	53	1018	1129	924	179	583	515	1213	823	244	1519	115	23	605	397	459	1312	441	1505	797	1119	1480	753	1473	1564	1117	448	936
1404	388	446	1086	34	76	590	40	435	1126	1544	654	420	734	914	494	528	247	1043	923	1547	1089	392	408	133	1489	1254	1148	1523	529	1366	254	1159	1277	840	1365	7	858	1447	815	662	1207	8	399	1376	1331	308	224	161	685
275	174	648	1377	233	598	1185	718	1494	1597	993	314	291	1101	832	1421	938	1408	1231	1530	1639	1553	234	152	1113	1242	1106	909	125	957	742	552	273	469	859	724	1032	277	172	1478	977	1070	720	49	514	608	201	1152	1468	1626
1204	1401	17	1295	868	1003	315	1116	310	729	1044	1616	665	1036	1583	238	476	1031	1599	143	253	1104	1217	1183	486	272	520	12	651	1613	263	1083	736	556	677	527	639	650	1294	1282	477	774	1092	862	1394	525	578	1297	102	580
1482	1363	357	777	1248	347	356	704	896	1517	1434	414	851	517	21	401	463	622	404	730	759	1368	1264	1592	1409	1514	1181	565	1342	1635	1041	822	1615	794	74	1487	276	1096	738	731	1025	1393	546	671	280	645	1077	1562	285	283
163	687	1168	1235	1374	1609	833	1285	1622	183	447	35	1100	1316	995	1054	1230	1177	422	288	1162	73	1371	1512	424	151	1538	1249	1191	60	1189	1346	1540	596	1457	396	756	540	988	930	70	395	1411	1176	1261	137	1279	1343	505	900
1155	973	1381	217	530	1173	294	1008	1403	670	195	1160	457	11	522	1035	339	116	1082	798	835	1435	569	1354	1323	361	1369	828	482	418	663	358	487	1130	1513	1121	266	853	697	1010	1358	1557	943	972	1260	1156	634	1150	1291	793
603	267	1102	841	1020	124	942	617	1325	251	778	1414	1356	989	615	816	886	211	1406	31	642	978	726	474	948	164	512	906	604	384	535	130	56	700	2	440	667	1151	1332	196	874	1238	703	363	265	683	5	1578	91	709
1458	269	1627	686	1302	84	259	1308	1224	575	449	1431	465	1250	1552	1174	511	591	207	675	148	510	1134	366	1120	541	1532	168	779	1288	884	374	646	1516	1273	194	1344	1029	1445	1225	911	880	1634	636	1508	1027	1539	191	1317	354
746	443	287	1028	953	365	1046	432	857	1310	1292	410	1359	679	1625	881	301	783	1559	1005	41	1037	789	468	1081	1017	761	317	187	438	768	1214	1542	1051	1446	1441	491	328	385	901	1347	723	539	929	322	1062	655	1624	1244	1589
1541	1165	983	162	1607	1290	766	313	1495	318	119	65	1040	907	417	1629	32	599	750	1417	1497	1085	154	1033	550	1011	112	1199	619	553	1481	740	910	920	1545	994	813	970	861	811	1280	1422	715	867	337	1472	1348	1172	579	1603
1246	611	504	775	1299	664	638	1293	526	403	1471	1389	893	1068	1314	1569	1075	394	883	1318	919	916	559	138	984	1460	1345	185	1367	1136	1124	329	1300	300	699	725	227	454	932	1433	271	205	242	15	836	889	1053	1621	1524	594
1546	1548	1586	595	887	509	1506	1147	915	169	1094	796	1566	1420	380	987	1451	1584	58	1437	689	44	1195	960	93	1200	1060	1079	1399	1227	566	1521	1319	1384	1448	1619	618	780	177	876	821	669	814	981	132	563	158	791	640	781
343	268	829	423	904	153	696	621	338	326	204	1598	676	1428	1	1188	962	1304	1074	391	20	416	419	1391	688	1127	706	934	712	437	1335	564	425	1405	548	1594	755	1072	666	1193	279	182	1328	1202	958	803	757	118	772	1486
1218	1510	980	1573	1469	1138	237	1385	95	123	1567	1587	429	1321	372	67	1315	1069	1383	1534	1178	472	1407	1211	1413	1500	456	1265	4	1275	296	1309	1206	353	355	826	1397	939	1084	1157	1402	475	824	1184	630	593	1140	77	770	1618
258	1338	1485	728	847	249	1201	1228	264	98	184	159	673	19	760	427	1596	629	691	1257	1038	492	1192	852	1614	246	894	146	1253	1245	624	1531	1462	1090	1301	462	787	286	830	501	1146	1190	433	219	1221	282	467	1015	1585	587
480	415	818	516	10	1066	1219	503	312	1572	949	717	225	1114	1392	14	1093	1498	769	1581	524	523	1463	1105	1259	393	145	1305	1362	1171	1251	270	795	903	739	495	1529	1061	108	1256	1216	1418	735	1197	1320	519	1339	136	1063	436
1464	649	1133	1429	498	1026	466	586	1108	378	1276	1223	570	747	1118	1605	129	1518	1396	752	1337	331	1153	1281	659	820	612	1398	340	751	6	812	1610	614	63	1270	1364	97	18	1239	165	609	1380	1154	85	764	1423	1501	1047	302
382	1561	470	1582	1052	719	945	1511	1222	236	228	1340	1440	71	321	1611	1334	1284	782	1278	809	956	855	1632	1266	9	1536	78	873	173	342	33	216	927	863	239	982	571	1459	377	898	122	1382	533	1203	1122	202	713	274	613
1109	261	1490	827	252	1580	690	1006	155	1537	299	3	1520	240	1327	352	319	694	149	912	1071	1565	156	1425	864	1465	1007	991	1372	652	620	969	902	1058	171	850	547	567	1226	1107	849	52	1002	974	1349	844	398	1341	369	785
658	332	804	45	1229	367	1491	1563	921	998	57	1507	1016	1131	684	51	1187	496	1243	737	581	1210	771	657	1269	375	198	1387	842	29	256	1268	28	464	1644	1169	180	120	1574	963	1558	439	37	837	1167	453	1522	1476	1132	1175
461	831	25	741	879	245	113	26	935	1556	692	59	931	946	359	1475	1419	506	142	497	320	1143	888	371	895	1577	81	117	1477	1247	368	16	1078	1001	606	1484	281	1373	866	1412	381	1357	303	1637	1296	490	147	323	1056	899
635	197	126	1298	189	733	483	1608	917	698	1361	39	792	92	30	1022	1410	913	1467	1533	160	214	1595	104	221	311	1333	806	1158	891	186	574	966	1528	66	573	298	1303	819	1208	89	1311	763	1012	386	521	446	140	1481	1530
1622	39	1123	386	618	1405	1263	1484	1132	305	542	1335	575	584	1172	1148	160	396	1102	1056	900	1354	81	1149	689	1288	151	465	613	328	32	1323	999	1281	1030	1627	626	973	514	1209	157	740	135	1299	351	1452	1515	423	1428	1002
577	540	127	14	256	599	758	957	208	1238	395	1235	911	1603	52	1527	1309	748	1214	733	839	913	1353	941	1054	22	1228	1371	1517	1474	1103	810	1629	391	1555	250	687	134	42	8	535	1565	226	767	1571	1141	120	824	1584	37
1500	875	97	844	721	1257	1104	40	227	1201	286	1232	1236	778	1184	1587	23	1075	132	141	75	20	1116	179	556	631	237	953	929	777	291	1211	1396	898	534	741	1111	267	1010	144	1364	1336	1392	977	944	862	26	1240	377	808
372	1068	1016	1407	1469	272	639	1547	384	1553	1634	1080	213	479	166	1266	318	1482	1548	673	1315	838	890	1326	169	1440	153	843	817	1118	303	1334	674	447	1490	581	690	1254	80	1246	937	787	137	914	1347	1077	611	756	632	114
856	528	566	1101	433	483	1302	139	347	846	996	498	604	685	558	211	1545	985	290	610	1357	1206	1088	457	1296	1329	440	1048	217	1483	961	861	106	229	368	471	1488	442	176	421	942	374	109	1582	293	1615	867	255	954	541
189	1624	1564	616	1292	568	1018	916	702	353	1023	1137	1510	1032	78	1520	732	192	84	1215	1262	924	871	420	526	873	1414	344	1338	714	397	1015	700	41	1455	1100	156	19	1401	1225	1150	1157	544	350	502	241	1174	178	190	605
1155	484	1112	317	1110	1447	1165	1064	749	774	1166	1387	1522	940	431	276	513	466	955	56	1529	521	258	299	784	1402	1330	1486	560	1437	3	1247	261	315	50	1089	807	448	88	1604	1083	672	1333	761	43	594	891	1421	1304	1000
994	716	1031	918	450	1277	998	1593	1409	436	1217	539	342	1208	1568	232	860	1229	281	432	590	546	617	822	1595	679	576	529	524	1191	1382	283	1556	806	735	100	11	507	1497	1219	1198	970	993	1036	230	1441	883	263	1450	908
335	49	517	199	553	708	1199	1643	1523	974	24	1636	138	233	845	621	1594	83	60	1312	963	1133	336	706	264	969	718	1317	816	148	146	1327	170	1444	248	294	567	503	470	919	527	1436	655	731	1146	1502	1539	680	150	967
658	1616	1251	738	537	561	481	1058	766	776	240	1284	773	889	292	361	435	709	301	841	750	1472	1085	407	427	1503	1438	119	1367	1642	1324	1349	855	906	1212	697	742	424	1156	615	473	1	868	445	1234	356	596	897	1139	58
413	1078	1508	62	1416	504	654	682	915	61	186	1422	607	102	1022	206	976	1623	509	112	167	428	187	495	730	602	312	1052	461	904	360	1498	665	1003	1096	1121	1464	802	467	859	254	1300	1168	696	1079	76	1424	582	1514	968
1557	1070	659	296	0	288	4	657	1130	1412	928	589	1399	90	1628	1389	488	101	987	1119	885	1352	1612	603	623	804	168	239	1250	145	1210	1188	324	472	1425	251	1448	343	1092	1479	452	1037	1026	760	1605	1271	480	606	1430	694
1546	133	1028	1230	486	184	1385	874	1331	277	1160	729	1081	242	925	786	554	952	1519	852	669	651	419	1583	418	381	371	676	400	643	74	373	1091	379	1570	1579	1274	1279	975	1310	813	1012	641	494	1173	117	1435	228	383	180
820	666	1513	380	1082	220	390	1325	624	1538	1008	1528	173	1445	1287	340	1535	365	196	200	901	1395	1403	628	677	1162	1470	962	1182	468	638	1390	622	1496	378	720	698	675	1093	907	1637	1178	439	70	394	1306	1541	564	956	1115
13	893	1625	1073	1006	1458	823	805	1270	1619	1462	681	1190	1275	1531	625	1427	1551	789	1261	943	1243	827	837	663	369	811	1332	670	1269	1169	16	1004	1550	798	34	1559	1019	370	222	692	1366	1610	1196	881	99	1256	1216	214	1097
555	1268	1586	719	1608	753	764	1040	511	282	1372	782	1489	1202	593	44	796	1074	21	1313	1620	405	1086	600	983	1576	1175	1442	978	771	728	1471	271	1069	1170	1076	726	1344	398	1059	1359	105	142	412	711	920	656	273	434	794
287	501	809	1638	1581	550	451	1585	744	533	1391	72	797	1491	1567	938	1400	1007	35	640	289	337	1259	496	751	510	934	829	585	959	1439	1614	1134	910	499	410	325	1560	1591	1084	269	1534	1532	45	1126	115	583	1388	601	453
1639	723	1356	302	310	161	884	1060	886	1415	1374	649	224	1135	489	819	1014	403	98	404	686	872	177	1348	769	896	59	17	382	1611	763	1122	587	354	1478	458	1501	508	1426	188	69	113	304	834	1613	931	1144	991	1072	1158
456	307	476	557	1221	1159	1029	1301	1602	1578	947	429	152	1617	1153	1140	1242	96	1041	216	635	779	1128	1495	15	38	25	1504	736	1053	775	1233	506	691	193	1481	1185	986	1423	1433	183	547	408	1413	1473	322	715	266	1117	1476
620	857	1090	463	449	411	426	327	9	932	704	1087	207	274	67	1179	850	1509	563	219	65	82	1370	1543	1213	1207	1355	86	1465	197	1363	362	203	1237	278	339	122	79	588	319	234	984	854	159	1124	523	329	163	422	826
1278	490	1417	1095	1598	965	364	385	1260	1025	1164	1549	265	175	722	389	1177	945	619	1521	530	1167	647	579	270	1047	149	275	812	108	1034	578	1561	1373	71	1131	308	469	1599	48	444	1204	280	485	1316	33	1562	1005	1223	591
597	799	182	870	1466	367	1641	653	713	1286	500	474	543	887	995	1297	894	634	1339	1394	223	1345	652	877	1542	1245	788	882	570	1065	136	705	252	899	951	1099	1340	1258	684	1533	1020	950	668	710	209	1062	790	1337	1377	334
73	1189	1294	512	922	1376	437	1468	1404	939	409	107	487	926	830	505	979	51	1289	497	1264	1341	155	1537	1195	1456	454	181	1398	194	1577	831	1252	1506	1050	359	949	1589	853	1410	1451	518	306	128	586	569	1459	848	399	1105
124	7	927	1151	417	765	828	752	645	1035	520	247	147	972	333	414	990	1393	562	909	212	1180	1067	129	326	1362	1432	538	331	851	785	1379	118	1033	551	1108	191	637	295	1454	745	53	515	525	1563	1308	430	642	1378	464
493	1267	91	262	1186	660	574	780	352	375	31	66	598	162	725	1194	89	707	1460	1558	1200	814	1314	1381	1321	1071	1487	683	1027	1311	1518	552	863	425	1265	416	1290	321	988	28	1566	174	1431	215	388	930	1540	68	1597	406
1485	1499	131	966	1163	298	1453	5	1227	572	989	1039	1066	358	46	935	1516	1632	393	260	864	878	401	1574	64	195	971	210	165	1244	743	549	123	164	345	712	1127	1467	1601	768	1276	1319	349	1575	933	903	842	532	1222	1606
608	1369	795	803	964	982	531	1443	459	1328	1494	791	314	1038	1142	1630	1429	612	1063	244	1205	341	77	858	231	171	111	125	279	54	876	703	662	376	1600	1192	644	346	297	1305	1346	1492	895	460	1621	172	724	1569	478	1293
1231	126	1626	1590	482	836	221	47	238	833	1249	1368	95	1512	832	821	1592	154	536	849	737	958	946	1536	1183	1136	869	614	1197	348	245	63	1343	366	781	1129	1145	754	1298	1009	332	1320	880	571	309	840	1011	1375	1361	793
1530	1094	330	103	815	1045	747	545	1282	921	1544	936	1477	1350	755	1524	1187	1043	284	1152	516	580	1618	997	818	1580	1051	734	257	1285	917	1342	595	565	992	1573	185	1013	1525	1446	1588	1635	1631	1125	1505	1303	1001	1291	6	801
1061	1021	1434	121	1475	1609	1526	717	1239	1055	92	462	1640	1253	609	678	311	1255	446	519	695	1552	770	253	1572	699	1024	355	1358	491	1017	548	1283	1318	923	522	1176	1120	85	205	1365	243	323	825	246	630	1418	158	1419	87
1457	116	140	592	1106	1307	1449	1193	1272	1420	1057	646	249	1511	1044	320	664	402	1360	629	960	866	94	204	1049	143	650	201	1351	1042	1554	300	633	847	1181	1241	948	36	1098	392	363	1171	1143	2	739	1113	1493	110	1147	1154
783	902	1408	879	104	1109	1507	727	235	1295	1380	1046	313	800	759	636	12	888	18	443	1383	357	1384	236	130	912	316	27	757	1322	1220	1161	693	441	1411	1138	1480	1224	1226	1596	835	218	1386	688	30	1461	1248	762	746	1644
573	981	1203	627	892	1273	648	475	285	202	1107	492	661	905	93	10	1463	259	338	198	438	225	980	55	415	667	701	1607	792	1114	268	477	1397	387	865	57	455	772	29	559	1218	671	1280	1633	1406	1579	260	1382	1017	411
131	1555	1322	1177	345	1233	606	439	917	322	462	391	1304	669	97	43	680	1507	205	147	1574	273	1543	1196	1601	1081	1434	80	867	1153	219	231	1406	580	311	861	1445	577	1396	701	915	1328	318	1624	1330	1126	275	503	720	1378
886	1514	1517	1355	780	1170	1595	1135	546	56	185	39	581	1129	1044	765	1264	102	215	725	1195	213	1510	799	1356	1256	823	1015	433	851	1631	1049	1123	159	890	479	877	1412	1340	584	274	1556	796	87	1635	1136	521	319	184	870
24	1069	1141	809	399	1547	373	1379	1583	719	597	1090	806	682	715	441	1296	1395	1244	1245	1181	879	1038	244	1291	1453	1065	899	912	1437	687	480	65	458	997	847	1552	35	1058	1050	774	1223	212	116	854	537	277	144	437	1519
344	724	79	892	840	129	325	335	1269	638	72	931	746	1214	93	153	216	66	1184	777	475	413	197	1344	1072	363	1138	1253	1334	553	883	295	675	905	1045	375	393	735	700	1021	1175	59	567	32	183	1407	1540	1082	829	635
618	1133	1114	632	1511	1629	784	754	653	794	1076	323	884	1307	612	1000	8	1104	1024	1577	338	1300	54	1409	911	747	1465	650	170	1501	1310	878	343	1508	726	616	193	259	139	495	536	1612	1616	135	1308	923	67	398	529	974
542	18	1559	1254	142	646	968	434	427	1127	317	856	1427	936	1473	1155	339	81	306	979	1368	949	423	1643	63	1074	237	1060	1331	913	1460	554	448	858	223	665	450	1183	1318	1363	282	1471	1588	930	1265	1151	25	790	544	1016
356	1610	1397	723	402	896	857	1158	593	1025	374	843	1202	1012	1389	767	655	128	909	1426	446	137	1403	1432	1172	9	640	534	743	710	1391	120	1525	1470	1342	528	342	2	110	1440	1157	71	992	659	929	1288	1548	679	1064	627
88	1251	600	759	1091	1200	1039	786	730	438	1582	848	1068	984	1581	1550	1218	1404	201	582	1011	84	872	509	154	1499	372	901	409	586	1106	920	815	33	497	673	572	633	386	73	1516	1061	1174	1463	1134	994	1203	195	961	1399
716	1088	1472	313	1062	500	1439	822	1518	1450	1099	888	1620	951	599	1387	1482	1019	117	871	20	802	699	985	1568	351	1286	810	1398	498	1204	666	1422	1492	551	1462	502	557	163	1278	301	667	1604	1410	885	1611	761	610	1116	75
451	424	278	157	220	337	1435	1059	1009	1326	445	359	1026	532	1252	1621	989	111	932	752	919	208	34	1325	426	658	1103	271	1292	1030	365	1424	1625	1329	1464	744	1563	492	778	315	757	443	1075	751	873	1500	1290	239	1417	115
748	1206	1143	1603	1284	485	1083	1414	795	1425	914	1576	689	1023	959	775	543	465	478	558	1303	1372	801	1225	1298	953	916	453	1194	1067	849	1027	166	1268	1070	645	1235	579	1479	455	1263	1592	688	1493	824	575	783	1333	1622	1306
641	251	55	742	199	1408	1242	463	272	1535	114	1579	447	400	515	826	1274	1005	168	250	937	571	1374	23	1066	1295	286	1259	853	378	692	181	986	1301	1415	924	419	1213	712	366	940	607	976	1312	456	377	429	109	1529	793
1316	898	550	1287	1562	100	125	1262	662	766	287	172	4	708	644	1614	155	1001	1285	1457	107	998	243	1599	31	523	1598	1347	649	608	1124	980	541	1522	1216	1486	1115	417	1159	1047	1521	1120	696	1267	143	1633	556	68	469	1150
1078	1360	1229	15	1142	1392	316	1186	333	1429	1302	188	150	1335	113	152	1638	1010	942	787	717	1575	238	508	538	1532	902	1428	283	1276	186	1607	1626	255	1289	1098	178	672	975	714	695	648	900	903	524	229	621	209	927	1536
1393	16	1385	1146	1485	852	236	1416	432	189	436	156	256	12	918	642	70	613	663	709	1232	491	1336	305	1623	957	1022	1641	549	1261	484	1006	590	1452	564	969	404	831	702	664	967	1034	1118	1279	133	639	745	1349	394	1504
217	868	1224	813	1189	987	604	1515	1640	952	1128	1605	595	1121	1319	1571	167	145	1483	353	1497	1382	1438	310	1354	893	176	652	770	281	762	705	1283	560	1166	1370	1419	1546	61	331	221	1449	526	1008	470	165	569	897	760	592
1029	1386	697	1346	17	494	628	657	685	395	382	149	727	1071	588	459	1362	598	615	37	594	1051	1201	1384	361	1487	222	970	1589	589	591	392	474	106	228	1277	330	698	1046	764	681	1509	1036	1190	260	1534	379	123	1017	36
1140	668	1531	1217	531	29	1220	1369	1094	869	545	92	1144	1168	180	196	1539	1117	855	690	782	1110	995	444	384	1137	362	713	360	769	21	158	972	1498	933	1152	86	973	1375	811	1221	1056	504	1182	578	941	525	177	548	585
1338	1	1130	1600	966	1191	357	207	1031	954	1533	341	768	3	750	225	227	332	1618	390	352	1187	1586	625	841	561	1087	416	819	555	676	1553	1132	49	1095	411	69	486	1173	1112	1089	1544	734	1315	141	1390	383	1597	1241	803
1226	1040	948	1007	285	14	1193	51	1644	1014	1305	1101	1048	501	397	190	489	1343	661	303	121	749	1524	105	1167	1590	1122	1366	46	50	214	89	173	943	1041	296	1455	910	45	999	619	894	364	431	414	527	1420	340	516	1228
559	19	292	865	1275	118	792	218	947	1549	385	91	490	161	1430	258	1377	269	254	380	1567	906	169	476	880	481	1272	1585	808	204	506	1013	1109	1341	1208	637	1332	1163	369	1388	996	62	821	772	728	1248	347	293	367	1448
440	507	211	827	1364	1309	253	805	566	103	530	678	1591	230	263	1086	623	812	321	302	327	864	1250	602	477	160	862	1215	1365	0	836	626	721	1299	1169	1234	958	1345	982	763	1209	1380	1239	297	740	48	704	224	755	1052
686	654	771	401	1073	242	1205	1185	346	10	991	738	683	410	758	26	182	611	1413	1222	779	519	1028	247	1156	276	418	1573	415	978	741	609	1243	1584	1593	718	993	1165	1481	1642	1636	1447	1477	329	517	452	874	1459	965	298
471	1570	1035	38	482	389	1085	636	1478	788	268	1423	430	308	1496	234	1484	844	7	1003	488	835	1569	245	1608	13	1491	921	800	1628	1443	963	354	925	126	845	1043	1405	1108	279	814	1441	1490	179	1042	1566	1602	977	1280	132
907	1503	403	1211	326	617	539	1572	371	1373	464	944	605	454	533	576	119	563	1361	1476	520	226	435	1188	817	1271	1551	624	1456	935	737	1054	40	1541	816	630	1037	241	396	1179	1560	140	1358	1502	1418	837	1401	807	420	1212
1139	312	82	693	138	406	90	707	1111	1596	124	1613	1564	1578	828	981	677	1093	85	1246	309	314	956	1469	733	348	467	1433	1383	1587	1032	162	756	651	694	1446	1192	1513	1411	1100	568	1257	753	1125	1352	1468	789	1609	601	614
368	473	493	457	1506	232	1055	187	122	1113	889	1164	1545	472	684	926	1084	776	60	44	1442	1255	47	1461	1147	1207	863	30	838	732	265	1219	739	304	104	57	547	988	1359	1627	1176	540	248	289	583	513	1371	1097	1458	1580
1523	631	270	875	535	112	574	27	1311	670	1494	1171	98	1474	1436	518	881	1148	960	711	422	6	1240	1350	284	934	1421	1542	358	1154	834	203	882	1632	151	191	146	1324	1488	42	264	240	1561	797	5	938	1451	1320	442	99
210	1558	1431	1467	1565	408	175	53	108	1348	818	1063	483	1020	514	1475	200	804	261	1230	1402	1079	249	1077	11	299	1495	94	1198	1105	78	334	660	706	171	1630	1057	860	1489	833	1004	846	1002	1528	832	1376	634	1294	74	370
1323	101	412	28	1381	307	164	1149	202	674	1273	603	95	280	643	136	425	1053	620	1119	1313	266	825	449	731	891	1520	570	1161	134	895	1297	647	1554	887	1367	703	908	407	487	1096	194	1131	1353	388	1594	1512	288	522	722
1537	990	1162	1199	850	922	421	468	1639	1557	1606	512	791	1357	596	1227	290	77	381	324	573	246	1527	1337	950	1247	22	955	267	773	496	328	320	1160	198	64	842	96	1634	691	376	349	552	928	622	939	820	1538	83	1281
1238	350	291	839	336	565	41	656	1505	235	1466	876	1092	1444	1619	587	58	1258	983	300	192	1236	1617	233	1249	1231	428	52	945	946	1400	904	148	971	1145	1270	1018	1178	736	1197	130	1526	1327	1080	262	206	964	252	798	785
962	1454	1102	562	460	1033	1266	1351	671	1107	1180	1260	830	1637	461	729	1293	1282	257	1530	1615	1339	1314	174	510	1321	1317	505	1480	1237	866	127	76	294	1394	1210	859	355	499	511	405	629	781	466	387	1520	578	885	914	487
1600	947	908	1117	593	34	190	1055	1479	1562	729	1154	1205	1075	491	14	617	1122	1284	1453	1137	239	770	545	1099	725	574	858	52	852	638	702	1324	1128	324	313	1522	1347	742	72	1352	1571	287	932	809	1483	416	825	1013	1344
901	550	261	408	1425	915	1274	502	1276	344	39	325	1079	677	662	544	240	1145	1230	1243	181	1008	1030	1472	691	1561	18	1020	1171	779	857	418	262	610	1393	912	167	949	539	448	169	210	411	1353	1525	920	1414	108	1606	213
910	943	27	147	755	1316	1244	1259	1051	520	805	146	1345	952	543	1113	53	444	1473	96	1058	475	557	1052	1579	993	66	1629	151	1497	1408	188	1173	1382	109	881	757	443	1204	914	1287	184	275	1176	587	1240	312	867	1636	1331
1610	710	1184	235	656	1034	1526	462	988	217	1515	185	1111	835	353	1620	1042	1630	893	1166	1387	814	1148	1313	1074	100	129	972	1416	885	1335	962	1103	1489	279	63	434	425	251	295	1219	960	1334	1332	968	584	774	1418	568	963
132	964	1215	499	1248	487	179	1564	1394	902	1039	1092	832	1410	1257	840	354	552	500	816	873	98	1208	667	196	197	1217	114	1484	316	737	1072	1445	1187	1359	642	116	547	572	506	598	1433	971	277	320	526	486	1261	1116	673
339	393	1502	619	490	828	1607	1320	621	1370	158	1192	252	1641	946	120	672	1329	1580	174	1507	315	1041	1485	1603	979	1019	1422	887	1281	701	1024	788	1615	532	358	149	211	478	1203	1028	1289	303	396	1305	397	608	1575	1167	1363
370	1139	1450	605	143	1170	1180	1360	1124	118	263	865	1197	767	1368	849	1025	918	371	337	845	187	1140	726	889	192	273	705	970	336	364	363	406	7	626	1374	537	1403	665	892	85	1177	508	1006	917	115	288	51	1061	1643
615	1511	1619	278	1582	1499	281	883	1626	898	1375	714	1578	969	24	987	1252	927	604	683	1280	430	1254	756	107	992	484	1	214	676	644	101	1480	1000	1395	377	183	437	630	525	15	70	535	1336	1301	1543	117	451	1189	0
783	99	1503	1475	556	431	157	280	1444	1223	790	1463	145	815	839	9	1035	509	479	1622	28	349	859	1438	954	984	285	71	469	888	1367	1545	566	293	1521	1087	744	456	834	1063	1186	1081	1057	1123	1216	198	497	1065	415	45
830	391	203	1417	128	804	1089	412	1415	510	507	92	1169	248	1406	1209	616	1501	1358	1319	934	1346	511	50	580	1413	643	721	1439	441	1199	523	256	1086	1356	209	1066	1277	343	846	635	1283	144	772	1260	387	801	1357	675	1389
1583	1102	2	546	1380	221	1625	1364	59	1138	470	1044	1614	1623	735	1163	125	1598	882	463	562	1527	620	286	689	743	1127	139	1569	1108	1376	160	1241	124	789	300	1467	976	637	374	989	1323	753	762	440	77	795	907	1303	990
104	579	465	1351	423	1222	1490	684	659	241	1143	837	250	1268	1618	455	1131	400	55	913	1327	1508	856	1524	1574	680	438	176	1141	905	265	1538	328	1253	777	517	1271	266	1551	1182	207	1078	1628	935	1396	1172	1106	768	632	1095
603	407	458	1492	720	345	355	855	1369	515	1348	560	1407	402	921	375	433	1046	1399	298	1002	986	141	866	1090	1088	1448	530	3	388	1493	1300	191	876	794	875	496	1588	1076	1168	271	991	761	648	102	1100	682	1302	838	429
269	534	1135	505	1256	679	43	1048	1082	1627	697	362	225	33	122	925	350	601	650	259	1206	833	1549	1229	1354	459	1218	1361	142	926	1565	981	243	199	752	571	420	646	1631	945	1318	904	841	1465	1429	1125	1535	776	1321	956
1428	559	341	1285	1032	1605	922	359	1315	1532	1325	1104	1505	548	1091	1314	1121	69	1267	1391	524	629	1152	21	862	308	226	938	1201	1112	695	12	891	422	466	831	1264	220	427	38	722	1585	175	282	631	1402	651	22	854	1454
1611	1586	212	1388	1337	1495	1608	140	821	1077	977	1373	1572	869	1023	903	1342	1233	6	807	965	1080	613	173	1068	847	1343	998	1516	204	1179	1639	861	1550	751	352	592	533	46	980	1556	730	950	382	1059	570	317	995	961	401
1514	329	1193	159	48	916	10	447	123	1426	596	234	1165	1568	94	361	1371	292	1012	297	647	296	851	1557	428	390	1482	810	471	973	1558	238	1617	668	1309	409	452	583	746	1566	663	1432	985	564	1552	1196	1258	1010	948	850
230	1146	1491	200	796	1278	155	205	1593	793	1460	1250	811	424	1539	310	403	78	1333	148	894	1266	1018	1560	1290	1362	607	35	195	536	228	284	527	1559	135	105	1317	268	715	590	749	787	909	944	785	1632	957	953	1185	1310
1227	1570	1523	1528	376	1047	1412	1451	713	699	103	1400	417	305	669	446	1612	941	817	319	819	474	522	516	734	528	1307	764	1014	565	163	1576	74	1519	367	1458	414	1322	1129	614	803	628	342	639	1372	360	41	1554	745	884
1496	1292	576	1195	110	698	874	634	836	739	442	541	49	1596	1119	1003	1242	1434	1160	1212	65	394	928	260	514	1339	1022	11	152	16	1004	573	1311	164	245	480	1045	879	724	1308	808	1506	929	1231	826	340	1341	880	1604	1541
597	578	1134	460	1366	1269	519	685	551	1584	936	186	330	1114	623	1238	302	1234	1296	1477	498	1279	1237	1213	696	704	166	461	577	1202	1015	959	1050	485	304	369	723	569	1365	1130	130	299	1158	824	827	133	1109	134	1437	1221
37	182	1386	897	61	227	1174	1040	351	468	654	1420	381	419	1214	778	870	791	1211	1132	1409	60	1178	1026	758	1101	1159	931	1299	206	224	504	1404	1226	395	760	671	728	1581	97	170	1494	1536	162	512	844	652	1294	606	1518
314	595	1635	1328	347	797	1452	1455	80	531	1470	872	709	1405	658	1270	940	906	264	763	625	1340	786	1245	848	775	718	1634	95	740	661	1379	765	1038	1162	1500	955	690	586	1194	692	538	311	1446	501	1530	1487	172	542	1001
435	1094	1031	68	700	967	8	1220	1481	276	732	1183	1067	719	1540	111	223	1435	237	1156	1397	1548	40	1291	1255	413	257	1423	1474	633	694	759	1098	306	670	911	942	708	818	88	864	829	1478	232	270	924	1457	627	464	820
553	36	1326	215	1633	1009	800	521	660	67	495	919	923	1537	258	1591	1509	1411	1069	1249	886	1273	1191	290	171	346	76	1236	1096	1462	1488	30	189	983	253	1295	180	89	62	871	216	878	492	357	1251	489	1207	79	575	1306
13	681	693	229	780	327	454	640	555	168	1534	201	17	1073	1590	322	1228	54	736	798	609	4	1164	1210	233	799	1377	748	23	1304	1005	1084	1142	1049	1118	321	1640	599	711	64	194	582	1597	218	747	86	482	823	558	436
294	1235	31	384	1029	812	138	222	773	380	1275	372	982	1461	1097	1642	1440	473	563	1599	868	600	594	472	930	208	75	1383	513	32	26	706	1544	1007	771	843	83	1430	267	1392	649	951	1247	1153	334	782	91	136	687	131
1624	1085	1567	1436	1533	581	244	645	717	338	1601	1151	806	1071	1225	518	716	272	1120	1060	1175	641	899	707	1381	246	975	653	1512	356	44	1589	1350	784	379	1149	57	113	1115	1424	1330	822	895	1456	939	529	25	1644	1144	1181
966	432	655	1288	301	754	254	1070	1504	842	1190	1529	585	1136	1471	612	1513	283	591	449	366	1431	332	1609	20	1421	1107	82	1147	1464	1385	863	1555	383	853	73	561	974	589	622	323	386	153	373	1616	712	741	318	896	1447
1155	1401	1498	1510	467	410	255	602	1105	87	624	90	1293	1563	1036	365	219	398	766	177	421	389	1637	326	1265	1587	1577	1246	703	1419	1126	1027	1592	1378	1232	58	503	678	1602	1595	289	242	1157	1312	1547	1542	307	274	1016	1188
933	813	1262	249	112	1043	1110	1443	121	1546	1286	1427	1449	1263	1239	331	126	1553	1459	1062	588	1133	860	193	1282	150	1093	1384	1531	1224	56	1083	309	978	476	674	1056	540	161	1468	1338	481	450	657	488	733	178	385	1476	900
119	84	426	494	958	378	106	1033	483	392	1064	368	404	5	477	202	890	1021	291	457	156	750	247	1520	1441	792	127	618	453	567	439	1638	154	1011	549	727	554	236	405	1621	1053	1198	996	42	493	731	688	1486	1150	769
666	1573	47	802	137	1272	445	1594	81	335	611	664	738	1037	1349	997	1161	877	399	165	1355	29	93	994	636	1517	1390	1200	686	781	19	231	999	333	1613	1054	1297	1398	348	1469	1442	937	1298	1017	1466	500	552	1573	148	1349
883	1232	971	1605	1557	897	1368	1106	254	194	15	1599	23	10	1558	594	637	370	498	1212	459	967	641	149	1059	926	710	1183	1489	375	1053	421	1276	1204	1050	1258	1541	359	286	1005	158	1336	74	996	632	1271	736	1437	433	1199
616	1522	984	484	663	86	207	322	875	877	1184	1459	914	157	92	549	533	1495	1192	1609	1057	1249	629	1175	691	847	271	960	1137	924	1383	688	1078	411	597	51	734	532	1172	942	265	1239	1373	1567	1296	1588	749	982	1322	1626
57	668	184	1274	1321	1169	1055	954	779	300	759	1506	833	342	1408	562	990	690	48	89	24	577	991	190	792	1261	1410	203	946	1269	196	612	1103	697	677	974	1294	1387	615	399	360	800	1476	1332	850	1312	1370	1163	1154	618
1211	1077	1621	67	844	1041	3	65	830	1471	1191	1339	1121	1152	1031	1259	640	719	733	422	957	893	1396	452	772	1251	430	145	845	904	1572	1326	606	1042	888	665	1230	1228	1463	1107	357	1441	907	354	405	1098	380	522	1384	1418
1214	435	164	675	1372	407	653	1485	198	910	1129	366	1264	1475	878	343	1596	193	1008	1233	337	205	873	1380	1527	1377	280	765	1244	776	40	975	1443	935	1616	718	803	1208	809	1575	1262	309	1439	414	1027	181	1300	119	1006	571
113	695	684	477	822	1111	660	1067	247	1115	1044	1119	849	329	83	201	35	134	1455	442	727	1218	1513	992	1025	1011	509	215	1110	556	591	716	538	1324	179	1369	959	1131	840	172	752	1388	906	1136	1604	1529	1182	1361	106	307
544	1102	393	257	1135	1257	700	387	1545	1421	364	258	610	153	1220	801	662	783	493	1248	272	915	311	1375	80	1478	884	381	568	1589	1507	1046	852	1069	567	510	1202	1425	1635	1126	740	1226	1440	1499	515	438	1349	1224	234	1637
1217	1004	1108	611	262	135	303	1198	355	400	353	506	711	1598	757	1181	1481	901	872	449	815	1035	842	564	965	1328	146	1583	1174	584	548	1164	87	227	1285	537	1504	394	805	270	249	1216	973	1316	419	1347	460	1391	1536	1424
73	90	1094	1012	1179	806	834	569	1429	1404	28	823	964	341	100	1479	969	1643	742	598	1491	434	1049	1487	197	473	1456	813	1553	1068	1074	1473	27	807	1229	802	1622	120	490	1327	1061	1099	469	589	1014	1554	349	2	1047	21
816	115	1519	133	553	31	1461	1458	210	1092	1315	238	410	587	745	1400	1436	454	19	110	361	981	1076	228	245	1013	328	1185	446	1283	246	829	268	1051	327	237	930	1359	1363	1075	810	682	702	715	66	1045	1140	563	1512	859
1002	140	1147	305	1600	887	1531	1210	1623	1058	524	825	174	376	335	1023	1156	761	831	1356	1280	436	1612	1333	1007	1054	171	988	1602	235	111	1003	274	472	968	739	1015	1392	580	1265	747	732	1590	683	1438	921	1538	98	25	547
1412	920	1486	708	1544	285	599	319	1556	581	773	701	1091	239	1263	1533	1255	627	1089	443	175	880	97	573	437	1090	1253	200	1344	1417	1073	588	744	944	1470	1278	294	987	1242	1009	1314	1551	948	1159	8	302	1416	46	1101	466
1390	275	619	1306	183	352	1130	496	1194	1467	243	858	1033	966	768	256	828	373	1247	1113	383	1524	138	155	1036	714	917	1062	1562	593	346	1413	1109	898	1581	1500	470	1	13	882	38	511	1084	1610	1518	1597	1243	947	347	1593
1434	485	862	586	764	426	30	1571	465	1381	1577	264	953	494	431	869	79	891	530	1550	542	432	1585	1020	1063	1548	1530	720	943	1000	350	689	1354	333	189	1037	1161	1079	656	233	952	1346	751	754	1227	467	312	741	1632	163
1570	986	827	738	963	1122	253	789	1403	635	821	299	1026	608	541	39	1549	1118	1043	334	1040	54	88	1625	550	824	1465	526	534	491	62	295	602	972	735	713	1535	68	1561	638	1394	313	230	1222	232	1252	84	483	1112	543
793	1401	1238	1329	705	96	150	363	440	143	1619	624	699	1032	989	669	418	37	44	78	461	314	462	142	601	1319	503	1415	1494	481	482	1221	104	1483	724	1618	1511	52	1268	1450	1104	646	417	109	141	33	781	1352	1189	1385
377	994	1466	631	1451	315	909	502	388	1071	1310	574	192	927	273	296	1302	474	860	1433	698	445	1546	1406	582	212	818	4	167	1420	1200	123	105	1357	389	760	41	1405	518	1454	879	703	325	1353	1614	492	480	1331	540	1501
555	267	1402	1540	391	505	1288	1447	378	1010	1582	55	374	42	148	129	1564	780	717	1358	18	1080	1024	144	851	159	661	170	590	1236	707	1235	686	125	976	204	766	1355	769	876	151	676	551	1407	351	583	1492	645	124	1070
895	223	61	1266	788	269	9	673	1085	1620	853	826	817	706	1260	1060	1638	297	531	456	1365	1052	382	1514	1566	1594	554	694	841	1213	1203	403	902	1376	774	929	47	464	758	864	1241	85	401	748	1432	868	500	977	1207	1435
1411	1151	330	219	130	448	58	979	22	1414	746	561	1039	696	1448	185	1615	397	221	1516	429	1284	451	75	199	1170	922	912	1064	575	229	1125	168	756	320	81	558	336	913	1633	791	131	241	379	7	512	1395	1153	911	937
1001	358	1022	43	837	1323	6	1082	231	1496	252	1303	112	1298	50	1292	1304	811	890	525	900	1386	1215	628	59	372	1030	94	282	565	468	1275	932	1341	1139	1219	488	126	1468	1021	1171	737	604	504	339	408	614	413	1297	1460
147	36	680	1282	993	216	763	72	771	1105	905	808	865	298	592	1474	1510	318	804	117	1143	471	340	648	1480	209	441	605	53	933	1497	607	634	1141	521	863	1289	1419	951	114	116	938	832	93	195	1150	728	848	1453	1364
324	289	108	903	1124	1201	726	785	1335	332	1523	1087	1484	857	1617	1223	679	725	176	127	308	156	1311	385	1445	517	107	1526	1430	613	536	636	546	29	782	348	650	188	1630	625	1427	136	1629	1477	1393	99	1193	617	487	160
958	560	1578	1165	552	1521	457	835	1488	5	1320	406	723	1114	1180	208	345	999	1592	762	182	321	1503	1048	1096	940	293	60	925	251	292	291	1095	1330	535	962	1509	1560	1231	214	843	20	980	861	371	1428	787	1186	655	1362
1374	649	395	1446	1056	527	476	497	367	288	390	1366	667	839	1317	1016	1482	867	644	1293	654	101	1157	1342	439	1237	1334	427	609	1624	516	750	202	306	1559	1281	1034	666	1351	870	1591	76	1587	899	1525	923	1188	1379	450	513
970	1088	501	1532	1120	1290	281	416	277	819	941	1225	664	1423	162	1168	458	998	1246	874	1627	11	1498	1167	1245	290	187	1116	1086	206	362	721	1093	652	317	283	1272	475	1029	856	1286	1457	931	369	1543	161	836	579	1196	1313
218	1542	287	678	34	1177	412	26	955	1197	1132	1555	820	478	132	866	585	919	1017	1279	63	453	1576	687	854	871	463	1028	1338	226	1205	1409	118	559	642	71	1606	1397	775	777	1144	1209	1360	165	1325	1195	799	1508	1166	91
177	402	1345	1611	674	889	1145	983	1641	447	45	978	570	572	1133	284	623	709	995	838	916	1308	70	1299	213	1340	961	356	1603	1038	731	1580	796	578	178	557	1547	1569	949	1173	1490	956	121	1149	1528	1206	396	566	786	486
528	316	647	82	409	128	1584	794	1644	338	743	263	934	846	276	1350	523	595	795	1565	812	368	1579	1127	1493	539	1066	154	1176	425	1256	1277	1613	225	797	1250	985	224	180	633	643	489	892	1431	1158	278	169	1371	301	730
520	365	1449	424	240	217	1134	242	0	1018	1155	1608	259	1444	1072	622	1568	250	704	415	659	1505	191	398	428	945	1065	621	64	1378	1642	1019	508	886	1367	1534	997	1270	499	1305	1309	211	603	1399	1138	1146	939	529	1117	881
404	384	1563	444	1348	77	1464	1537	260	671	908	672	814	69	753	304	122	1343	620	1287	1398	670	1422	1240	255	855	1295	1142	1178	685	1539	639	1442	32	1273	1267	344	139	729	17	479	1515	1452	950	1601	626	323	1628	790	16
186	166	1631	326	1573	657	1607	630	1083	95	137	1301	1586	1382	14	1318	248	173	310	152	1426	1639	507	936	755	1520	1100	1462	1254	1552	1148	545	1517	1123	712	103	261	1162	1160	220	770	894	495	331	681	12	455	1574	423	244
519	102	386	1187	1502	1234	1595	596	1128	658	798	392	576	1634	49	1081	56	778	1337	693	222	279	1291	1640	885	236	1469	692	514	420	651	896	784	266	600	1389	1472	918	1636	1307	1097	722	928	1190	767	1188	1055	687	656	1500