0,1
1917	1695	679	454	1211	318	1353	1176	643	484	735	1898	1820	417	558	1357	1525	69	1507	1947	1975	1645	844	598	930	37	810	1292	1174	202	36	369	1716	562	1887	1799	1768	1178	1633	707	1723	1659	879	730	529	481	900	264	872	27
996	667	1611	1385	94	342	153	1790	245	609	1197	35	1743	1599	660	1177	1989	1664	1829	426	1755	1802	1461	1277	452	1064	941	951	932	886	212	703	1056	67	697	1187	287	1112	1081	705	176	115	1500	1317	1158	1214	335	1572	1046	307
270	860	1221	1958	539	334	1558	507	145	96	1696	304	657	1878	922	1448	1954	1128	738	1791	1879	110	772	1941	130	345	1830	739	1435	1641	10	1420	449	909	567	1843	1111	685	840	1620	773	428	774	1914	1848	1733	775	1272	1672	1155
1837	217	611	1811	1562	1643	203	332	1163	863	1876	163	1295	174	97	1533	1538	631	764	612	1084	839	370	329	195	614	233	1863	1952	505	120	463	500	1316	1996	781	108	1117	808	1156	1153	379	1630	315	31	973	846	963	1816	1642
669	414	1784	1635	1677	1150	1160	695	1579	1048	230	663	1603	1740	1969	95	1531	491	1858	729	1655	1042	613	1167	211	191	344	1510	101	60	1079	1584	1063	891	589	1652	1521	1682	248	619	1637	1241	579	1426	1667	1218	29	795	143	1212
1455	1866	277	1605	1328	1678	375	1331	1476	1378	980	621	24	418	1067	123	235	64	1764	731	1912	440	372	1832	564	427	349	1542	1980	887	1684	1683	1711	1122	1551	582	949	317	823	1499	1609	1588	359	1563	1430	1665	339	1945	617	693
1894	920	367	1449	74	47	1694	1350	1273	510	79	1725	1432	1964	1638	56	470	242	1349	48	299	1399	779	494	361	1	102	1741	1903	1819	267	798	1890	348	1459	1747	1338	596	274	205	953	244	1285	1255	1226	924	1855	831	915	435
965	1800	1339	1957	1343	220	142	966	1373	1320	326	588	1179	828	1422	1108	1442	997	1561	68	744	1908	1739	815	1076	1473	1470	1877	1196	225	1517	278	1497	721	601	131	1742	1798	821	423	1181	1760	11	692	838	1601	666	28	1606	809
1628	337	577	970	524	984	1666	1721	992	1311	188	1686	312	512	618	893	827	897	1414	756	861	1216	1404	1512	633	1546	696	384	125	1983	218	112	1746	1143	1269	708	1443	1467	1612	1318	1104	1347	1919	126	1313	1363	1708	734	1680	537
565	1411	34	1503	273	1040	1950	301	1264	750	1151	1797	146	1806	87	475	990	1018	935	16	1172	1598	1092	799	1658	608	1093	1000	471	429	1464	576	761	939	1537	1002	1358	769	124	1951	1219	955	1025	1596	986	982	85	1792	1847	1427
1144	1921	817	968	1413	1657	805	1324	563	1626	1058	1852	566	1030	665	336	383	936	1152	1731	1788	385	1597	1940	243	1885	1256	637	458	450	366	398	133	725	895	1062	1699	1668	1462	1698	1137	7	1365	518	1544	658	835	661	1795	593
392	109	171	403	1014	234	1966	1673	1767	636	1479	531	1166	794	1207	1825	528	1370	1217	906	684	555	1139	75	1486	907	1403	1817	1391	1245	604	1088	45	1346	190	691	1805	869	321	841	811	1009	689	1195	881	1653	1824	1786	1924	1600
1124	638	1080	73	758	39	1253	1573	1911	1555	1757	1564	1703	1923	1031	1590	819	1304	1490	803	1202	1394	413	118	1865	1751	1978	1192	1647	303	175	571	1959	323	1116	354	1634	845	1920	591	1199	298	1982	778	1938	43	1401	228	247	1090
788	1532	194	854	752	237	1283	767	1775	114	995	1288	1059	1814	1942	486	1102	1968	261	904	222	1439	880	1114	1594	1068	1627	957	1567	1702	1053	1022	533	1776	1519	474	1761	1049	544	1438	33	1162	1787	1203	1897	181	421	1305	501	223
489	23	1934	573	994	1859	882	1730	829	1175	1821	981	700	1496	1995	615	1026	78	179	654	1777	899	1302	1348	916	1429	616	896	1468	121	72	1044	483	1303	511	832	1781	1129	1895	1726	1322	1728	784	1342	1085	890	1035	855	1618	1369
1809	1704	1591	948	962	833	216	1735	1265	871	1709	1925	1973	325	1005	139	271	147	580	1748	1481	1259	1161	1041	866	842	1979	1948	754	1183	445	1208	387	800	946	1850	305	1375	559	668	3	1402	720	1145	1231	1785	649	447	492	572
1583	874	104	363	883	1719	1352	1718	870	1319	1560	822	1907	1191	1783	1243	898	816	999	532	1622	1480	22	164	942	1700	742	786	1232	1428	1441	381	1927	1171	824	151	514	461	1516	1247	365	1909	172	1453	513	229	1164	1263	1592	1629
952	1508	1266	80	1126	1608	1109	438	157	479	186	1625	763	1019	1355	802	1474	1918	1571	1452	722	177	197	1200	1993	960	719	1337	1055	1623	1813	1300	1094	1794	850	341	1173	1720	482	1437	723	1050	1379	498	704	431	699	1333	1330	300
964	276	282	358	1457	706	52	718	991	441	1873	1284	820	1981	467	1133	411	678	1602	1003	1274	373	20	1906	152	1535	1881	954	776	1246	41	1933	1772	1511	857	1431	1418	1835	280	495	173	1307	1434	550	439	1604	51	1380	425	894
1853	876	1654	1148	961	224	1891	1227	294	625	538	1220	76	1099	30	204	1976	180	647	1509	672	420	1398	199	1061	1054	122	496	525	1456	213	1115	1734	1257	255	546	106	1553	1083	1051	1807	1436	688	1254	1804	238	1382	374	6	1688
1616	226	1770	859	397	1131	789	437	419	196	945	858	843	520	378	1559	1901	1215	603	442	1904	940	792	82	521	1276	976	1619	1849	1007	416	1656	169	1016	751	1290	1513	1186	1939	1986	793	1157	240	1074	1012	1576	1766	1408	590	1321
1407	236	399	284	1424	554	155	477	1309	1189	1932	215	748	1774	979	140	903	1082	1902	987	410	302	253	249	1268	1729	393	1685	958	88	1524	1868	910	989	782	250	99	1201	1882	1504	1962	1086	1034	193	1687	1856	504	1332	1450	116
434	443	1069	745	526	1789	53	132	1235	682	873	1736	1008	683	1568	141	508	905	1015	1697	1185	1405	908	57	285	1472	884	1013	138	646	1582	812	933	92	1585	712	135	1308	1252	448	1335	687	1392	1893	1351	1549	1662	1138	1753	386
1963	65	1198	262	292	1646	1242	1249	1867	1029	12	1869	1763	711	1671	675	1410	716	9	408	1100	1506	1057	628	42	1779	1425	1101	8	1631	1234	741	868	192	353	1928	444	1377	1523	1141	487	569	499	49	622	1036	1205	1491	1193	1650
548	585	912	430	545	259	807	530	1565	1540	170	702	252	911	1416	602	1987	1528	971	260	322	867	1118	635	473	629	351	709	931	1087	1661	83	664	457	1977	357	254	161	1140	1238	1543	19	1660	485	263	1886	167	295	584	549
969	100	1870	592	84	1184	519	456	1714	1970	1595	768	1992	578	547	1297	1298	293	1845	726	1123	1674	804	1301	415	1261	1871	1132	770	743	1953	988	1833	1323	673	698	1581	1190	1278	1639	1359	993	1165	1326	913	183	517	834	878	983
1487	568	950	1727	1415	639	1293	184	309	198	1396	1286	1329	1649	1589	1818	1244	1296	389	1465	814	159	1071	790	166	1469	1670	1851	681	610	623	1756	1663	1475	1045	1759	1334	536	791	594	1089	1744	460	1935	272	200	311	1052	1675	1188
581	1023	1121	937	1017	1994	1154	836	402	1493	1120	352	1854	1827	1248	1327	943	1466	1846	1793	1815	1872	1134	21	1194	1910	1096	1899	1239	1004	388	1752	105	1617	91	740	771	626	1778	1367	1861	853	156	1341	1281	1534	967	466	1423	1722
1223	1024	497	1395	86	1251	396	257	1754	849	1306	231	1260	462	1834	1840	1610	407	1028	1262	1810	296	1471	1690	1857	1864	1929	1282	478	1001	503	107	765	934	377	70	1105	1515	390	424	1213	333	1691	728	1371	641	862	1812	1796	1142
1360	154	1676	600	1967	1717	136	50	864	753	1712	1706	241	757	1636	98	1823	451	1841	583	1107	1956	405	956	634	694	61	1170	400	162	59	1011	306	1027	316	759	1831	676	1354	1070	651	119	210	509	523	1679	266	570	1836	129
279	522	81	926	1460	888	14	469	178	947	1314	620	1965	111	677	1135	468	1669	1038	214	1548	327	160	476	1985	1482	26	1586	1889	182	1039	25	275	1738	1624	901	1577	1073	885	1463	38	848	1570	1931	586	1724	382	465	343	1844
1336	1839	66	1229	1518	338	1250	1505	642	289	433	148	852	1502	1325	686	227	724	149	1236	975	1125	1990	1310	605	587	1356	737	488	1593	659	1433	1047	1386	113	1614	1801	308	1944	265	1710	320	1389	560	1574	1922	1209	1446	851	63
889	1541	144	219	1937	837	928	1862	650	1484	58	1750	2	208	1946	599	938	1501	251	391	1529	1299	1372	1130	541	1745	959	1222	17	542	1762	1010	575	281	1376	1280	1113	1644	1556	1383	187	207	165	1312	927	892	246	269	1640	1758
288	1621	830	1182	1275	1536	1060	394	701	977	297	1043	978	310	553	1291	1136	291	632	1315	1875	1896	787	918	644	714	1883	189	710	1271	5	1587	1693	925	1169	1495	1228	515	1384	1421	826	1340	432	453	1557	847	362	1230	1936	127
561	1575	209	314	1447	331	656	552	404	806	1498	368	1737	1225	1066	902	1412	117	493	1294	324	556	0	1033	55	1900	1127	1915	455	1874	595	1826	1930	717	875	319	1409	1580	1988	1458	18	813	1400	1960	1210	1110	350	1527	46	168
674	944	340	221	1913	436	1483	1955	1514	627	998	1530	258	137	330	376	1006	1478	158	1732	972	1204	1545	32	150	1287	777	103	347	551	540	1374	727	516	929	1705	1037	1237	1489	206	1689	985	1991	1566	877	1279	412	328	1749	648
1607	346	1771	1451	1838	680	1984	1765	736	1707	607	917	1803	1445	1494	1651	459	1773	1397	1072	1971	506	1613	1782	1916	1106	923	355	1119	446	1091	1632	534	766	422	380	1780	201	1381	671	128	1168	1020	401	1233	286	1522	268	90	1065
464	1769	1361	1440	1860	1258	1390	921	1077	690	785	1267	1103	1075	1550	1648	1362	1364	1808	797	1539	535	914	640	1701	713	557	818	865	747	313	749	1578	232	364	1615	185	1526	62	480	732	780	624	1547	662	746	597	1270	134	1021
655	856	1485	783	360	290	1206	1388	1842	1880	1926	71	4	645	44	472	1888	762	1492	801	796	715	1159	1454	1681	1419	1972	1095	630	1488	1943	15	1417	1240	1098	1692	1974	760	606	919	406	1961	93	1554	283	1828	825	543	1345	652
89	670	1822	1366	1884	653	1406	409	755	13	1477	77	1078	1715	1713	974	1892	1224	1569	574	1146	1387	1368	54	395	239	356	1552	371	1444	502	40	490	256	1097	1032	1905	1949	1520	733	1180	1147	1393	1344	527	1149	1289	1119	328	1581
1101	1585	1623	1749	366	1956	1637	369	1815	1567	48	1709	570	1166	1483	740	711	106	838	1904	1533	1753	1067	444	841	1000	294	1212	790	1424	1111	58	1640	704	621	1525	124	43	985	1850	1946	869	658	1318	992	718	1077	430	1582	1329
1932	238	653	488	184	1880	378	561	851	29	474	1717	416	1575	553	1241	1881	181	673	560	824	1011	1325	887	1537	1602	911	983	1693	1671	1135	1879	381	566	1146	344	404	668	1752	457	1588	1486	1656	1015	661	789	1428	966	1257	66
845	964	1608	726	1109	9	931	1757	1963	833	1464	954	1153	133	1042	1366	1529	454	1886	31	1094	1957	755	7	1629	674	1809	1167	1687	888	1459	1885	731	116	449	1047	613	736	487	1161	145	1931	997	1817	445	1728	828	725	477	1551
1955	1053	1176	90	958	1566	1764	263	1383	573	1243	1613	130	135	516	533	1834	609	1291	1453	950	690	204	1725	1670	1667	161	765	1320	242	1669	1448	170	189	1225	1280	835	1095	559	1968	51	1183	346	644	919	637	599	970	1564	597
514	267	957	515	994	1816	4	595	384	698	1934	389	1841	1477	1518	341	647	1661	1131	1301	1828	1891	1674	1799	1624	622	298	1509	961	1449	1069	1314	1497	688	1700	1244	511	60	758	141	81	1755	1789	166	518	452	1184	1168	363	468
1770	1620	1395	15	190	196	1413	16	98	22	1894	884	1696	1510	88	364	1114	709	1644	357	1569	603	616	1836	1139	159	1189	1089	80	855	134	1707	1327	844	660	834	1793	632	521	1652	432	203	1030	1182	342	592	1517	1578	1593	727
1100	655	1099	146	497	1174	976	830	1634	470	164	943	1822	1285	1839	1800	1832	973	1683	1096	605	475	1679	1499	955	300	1844	1021	707	409	1178	339	1515	149	1829	1606	1009	502	1049	807	1340	1355	528	723	891	302	155	1128	1074	1703
1398	1520	482	311	333	450	1902	140	1681	65	1794	1044	862	412	716	885	1298	1434	960	1732	1984	1460	168	925	97	117	814	1738	91	577	912	686	209	1033	1484	1859	328	683	464	1682	1981	821	1690	1568	1014	185	3	1618	356	291
1923	1190	422	436	20	1710	906	967	1056	330	1609	1463	817	827	1485	1309	1535	156	1961	372	1125	666	1020	197	1715	1948	247	1058	832	1369	692	1029	720	749	283	1279	1050	1336	162	794	776	1603	662	1563	1936	1774	1078	1303	774	1211
270	775	946	1350	953	1769	319	1253	1024	413	429	95	652	536	248	1171	864	714	1530	1875	266	1501	1451	933	453	293	1920	1419	38	1335	157	1412	1351	443	1469	420	582	1394	1635	1802	1664	193	693	1639	1357	608	1386	325	198	108
254	904	1978	1112	1534	506	640	738	1073	1742	1423	40	398	1660	1396	1500	439	529	860	1795	892	131	472	1645	498	30	233	1012	370	1263	1154	1354	348	588	289	1148	540	1363	338	1748	260	1983	1888	1754	1391	483	1418	28	1970	1866
1429	57	244	1516	1217	1359	691	1165	1018	916	679	1522	1831	1972	414	275	641	177	1145	1995	550	922	235	1691	1496	1861	1951	889	1514	612	214	1392	1159	10	1590	37	1782	1151	745	1532	1519	702	368	382	126	918	591	1300	777	1331
205	1962	1699	1467	867	427	850	784	1892	1857	866	465	1869	831	240	246	355	883	1264	619	1625	1172	1598	175	999	1124	1636	1792	1087	1833	67	306	1261	1079	1806	1376	446	1917	201	854	286	54	1310	68	768	139	569	441	125	1490
307	1929	1157	1036	1409	376	85	1456	143	546	353	1702	347	1430	121	1105	792	1316	913	1133	1803	284	1922	527	17	1628	324	600	216	249	147	423	1873	87	1144	327	1787	46	630	963	123	908	801	1400	1550	1251	495	1695	1438	1824
1826	1638	1213	1583	1765	1658	901	1035	1668	459	1259	984	590	791	478	1781	0	1039	1321	555	987	694	397	1807	785	1476	1289	1549	218	1776	1821	393	1288	1808	70	365	1143	980	1586	1663	1054	257	417	1140	1313	1897	1364	171	695	1296
937	873	593	762	103	1455	1374	83	1665	1307	1733	1435	1292	1205	115	894	1326	406	1864	1900	524	606	766	1315	1065	1276	1299	1966	1498	1950	1740	917	1907	1066	998	101	672	708	1311	1761	584	770	532	1370	645	615	245	1377	1106	1876
1684	810	492	842	805	1246	1150	136	1654	897	1615	132	623	1273	1454	852	1208	1619	1055	978	120	229	176	1641	42	1218	1230	1945	1480	1735	318	292	909	1138	848	648	895	39	681	259	1127	1132	602	1722	543	1254	202	1231	1860	1119
552	1334	503	952	1210	1890	1903	1848	1070	1152	403	1960	772	1504	392	820	1627	1853	1741	1726	676	1443	1242	1545	1224	1804	1727	1553	425	14	914	1302	1414	732	1692	903	1820	881	207	1134	1865	1856	1996	1597	1697	900	1767	1232	620	1164
1371	261	760	829	928	764	1953	1019	1282	45	362	611	1852	1216	396	433	264	1390	321	537	554	1008	1491	549	99	53	751	290	476	74	335	1420	578	1113	556	1352	105	107	276	142	1295	167	354	839	607	921	1091	227	748	320
761	1488	448	1361	1617	1642	614	730	1162	1032	274	1427	1401	1	1943	1006	1333	23	1659	853	1275	959	1987	379	1905	1141	1965	1882	995	677	808	1554	1562	1958	1346	767	1147	793	332	1252	562	1937	273	1372	747	1926	456	1474	418	1214
1338	1838	1082	424	1007	547	1801	281	1604	386	990	1587	206	279	729	1739	1600	1925	179	269	1117	89	1204	1458	137	508	182	1349	859	579	1579	1947	733	360	809	1121	1097	230	79	589	1043	624	719	1482	932	1584	1103	1599	865	1269
1580	951	1716	1158	1863	1328	1003	548	843	989	1236	1823	1457	434	1142	1935	1840	525	1052	1541	169	753	1526	282	304	972	750	1874	822	580	1772	1422	1452	1495	484	1040	1758	1502	1924	1060	1570	222	846	493	924	32	1780	1399	1064	1975
314	172	94	646	639	271	76	1137	1762	1508	385	1721	1812	1265	322	1461	329	491	638	974	1572	494	1487	587	1868	877	194	837	1248	1737	71	700	773	1779	535	435	41	1889	581	1122	212	586	1272	1901	1104	1160	310	1048	689	1229
1964	1711	1676	1849	373	1084	941	857	1747	1870	1786	1081	969	735	1170	1004	1293	49	323	1977	517	1896	1330	192	1110	69	982	1408	826	1621	856	1576	1337	1768	633	1332	699	1437	340	840	1698	949	1675	977	1362	880	224	1959	1798	473
223	667	1481	1985	965	1324	219	1185	1899	697	1649	629	1380	1756	1511	12	11	262	1001	1343	467	1506	715	1705	1650	705	1051	1494	1845	1528	1247	388	1783	929	712	1358	1379	1373	1156	1023	1872	1736	1720	1507	1750	795	899	739	993	1442
1689	285	1651	1378	440	986	930	402	1283	1090	1306	1175	722	1601	1730	800	1057	1193	1552	1255	1558	1944	1842	1708	1544	1867	331	351	110	876	1402	231	102	73	505	1744	1308	1410	1678	1630	47	1387	618	237	1555	818	886	1406	1446	583
1930	557	208	374	1611	545	1954	1478	847	129	816	200	1086	24	1655	1915	890	1539	778	303	939	571	228	1918	375	1207	1989	797	742	463	1237	631	394	803	1234	696	1561	183	1813	1220	272	377	1976	1743	1360	744	1818	796	334	1088
277	1788	1746	1045	1647	213	1203	490	1277	408	1123	1235	299	1542	256	1368	84	1952	114	544	316	174	1192	787	1404	1718	1967	1348	868	1540	1080	1784	568	1657	1444	485	251	361	1560	234	1827	1771	728	879	358	35	836	746	152	1268
882	1194	1694	350	1120	1810	1704	1592	1425	1388	239	594	576	893	1027	1222	486	44	1524	538	148	551	411	1228	63	1729	1381	1041	78	1928	574	1724	50	8	1341	447	250	1198	1173	520	1239	1385	92	337	685	1347	1979	643	241	1188
1596	1521	1796	1432	481	1898	1274	934	1116	109	336	165	1342	1547	268	96	510	927	1085	1196	1199	1249	1751	898	1169	1441	1025	1646	113	1653	737	780	991	815	309	703	1163	1672	1686	1322	1465	1523	1479	163	1543	1472	861	752	617	563
1287	988	1180	1980	1197	1407	59	910	1916	1933	195	1837	1493	1855	1267	1766	243	1233	186	534	659	154	575	86	1130	1209	400	151	923	542	1895	1577	1221	288	1909	1250	806	1607	390	1910	496	500	1028	1610	786	211	253	1075	783	1680
489	112	1969	1397	1927	1393	1760	1605	1942	410	349	1010	804	461	1556	1200	1294	1037	706	849	1633	1201	823	1830	345	1616	572	312	1046	981	1713	1531	947	1059	802	180	1559	1612	52	948	902	215	642	1016	1912	1622	480	1973	1262	1677
756	199	782	1005	305	601	757	221	1034	252	1063	1092	1473	567	26	1345	945	1614	968	1843	665	93	18	1643	938	940	188	25	763	1825	1115	150	1240	1319	462	173	1941	905	996	781	1714	1594	1731	1149	798	395	1777	1763	56	1591
1195	721	1256	813	1940	628	664	367	1375	383	769	278	1433	1938	226	598	1072	1527	1858	1993	1994	1811	1775	407	1734	1405	1270	426	62	127	144	1673	1284	1921	1475	519	1227	33	1893	649	82	153	1367	1013	1759	530	626	1884	1278	479
501	391	1701	1238	512	1632	1416	872	1974	36	1219	926	675	1038	1877	1557	1745	1814	77	317	466	415	1773	956	1271	2	100	604	1022	1365	1389	1471	1068	596	670	858	1883	625	812	387	863	1155	1914	585	258	509	421	301	1574	1118
1878	1031	1062	1281	1093	717	915	1226	158	1862	1260	75	232	743	1107	255	1344	119	19	634	191	1290	1403	431	1854	297	1846	979	64	523	1949	671	55	1581	656	1191	1595	1450	308	1503	343	754	1785	1076	1871	21	935	779	236	871
874	419	5	610	1887	942	471	1706	499	428	1356	469	654	405	1179	1417	1440	118	1790	875	1908	217	6	819	458	962	442	1466	565	1719	1992	669	1489	539	713	1723	438	504	220	1339	680	636	1906	1911	825	541	1304	128	920	1835
513	1688	1431	564	1573	522	138	380	1258	1512	651	210	1305	878	265	657	710	1791	178	1323	1017	1819	359	1546	1129	1126	437	1215	1990	1648	1631	558	326	1411	315	663	687	1538	1939	788	13	1061	72	451	678	870	1098	1505	1382	1666
1223	507	971	1536	896	1421	352	401	1851	1102	1447	1245	1297	1071	160	1982	1415	1436	1571	1513	975	1470	1492	280	1206	907	1002	187	296	1468	1136	371	1712	1177	741	225	799	1589	635	1565	1202	1797	111	61	1971	1986	1778	1384	34	526
122	399	1353	759	1626	1266	682	1913	650	1108	944	1187	1847	701	1685	1083	811	1286	27	1445	724	1439	1026	1186	460	1805	287	295	531	1548	1988	734	627	1991	1426	313	1181	104	1662	1317	684	936	455	1312	1462	771	1919	157	1566	65
1462	1259	922	84	1953	1984	1574	1042	131	895	1164	526	590	725	902	1414	610	1707	1840	1867	1121	1268	1366	1793	603	1960	1380	1400	1990	849	647	225	352	419	1834	1927	546	807	1508	347	1114	882	1612	28	345	1415	1651	1208	828	744
1674	255	128	780	629	134	770	980	1224	653	164	1863	1861	1068	1137	1192	311	948	267	946	403	212	1453	386	628	578	1876	651	1783	193	425	976	820	1194	486	1100	1181	221	26	1623	1931	1313	213	1777	907	1952	1949	1933	1796	1629
650	769	302	1746	1152	561	900	1731	1239	878	1057	1628	1595	1824	355	140	1864	1632	1119	1217	58	464	861	1572	1109	1892	1569	840	77	166	172	1496	1144	1265	1244	395	1682	1599	1660	324	1775	567	575	1545	1874	1576	622	176	1127	1108
342	1924	1020	1090	1515	1877	589	515	1245	1111	1932	1941	1131	1523	1102	654	1113	454	1104	1878	440	273	1510	458	1079	297	445	1145	782	52	1871	1730	1592	1070	8	601	793	482	349	1377	974	1605	253	1003	556	1827	243	1436	1983	480
865	1066	718	938	755	100	1225	182	612	303	1019	1413	605	1722	1602	527	1216	1797	1210	294	1173	149	14	916	505	1608	1766	859	1168	332	1301	1542	1618	223	1578	1715	1581	542	1816	962	626	185	83	237	1140	1205	1667	417	369	1387
1591	733	1559	465	886	1970	1820	988	329	716	368	377	538	1143	1481	1282	290	1482	241	936	1200	169	1094	1753	1702	1672	1580	1332	246	701	204	1926	1958	1823	918	1007	1011	1517	1568	641	260	1123	1656	278	1342	1352	1099	32	1408	926
1772	1226	1744	640	1351	932	1738	46	1895	1381	1543	1124	839	1372	1441	229	714	1963	1872	884	1359	776	1884	781	803	689	1291	1729	1182	1392	1406	1703	925	34	655	1788	1204	871	148	1716	1658	750	1092	702	1535	692	470	1241	519	331
472	1843	683	298	1172	1809	874	648	71	1814	280	1133	1669	1038	196	434	201	1556	520	1221	1655	757	411	1493	1014	1383	115	560	1296	889	1733	1737	1610	745	200	1558	1459	1838	1093	1219	800	880	1683	4	1456	1907	762	1758	876	1991
1214	272	41	1156	665	599	551	937	1169	657	893	1854	614	557	646	135	325	528	1331	1064	1258	387	78	728	1721	1328	1653	950	533	504	669	1062	1324	1557	1432	1800	712	1695	316	1869	508	908	847	607	1337	126	1308	1678	809	1257
553	794	1063	371	1818	1095	245	1943	835	1437	983	541	1845	1687	1275	1563	1460	928	1534	35	1747	539	1396	943	1825	540	1739	344	1500	1356	1290	359	104	1255	1577	1918	1603	1851	801	66	1476	818	1957	1616	108	1679	547	1345	1154	517
775	1360	1469	1598	1292	1107	580	1178	506	726	1852	309	875	995	396	993	668	498	219	1889	696	431	1937	833	1339	1799	1325	1505	1002	1836	24	1110	421	125	970	1512	468	1390	1465	1944	822	354	625	992	507	765	1588	5	362	317
442	101	1641	1055	477	887	380	1579	1274	664	1835	1136	1160	198	576	1270	1189	1627	1077	1784	1585	1635	285	23	206	1804	153	544	1513	268	328	1975	266	1149	1139	1061	584	284	727	1142	870	499	1530	175	892	271	751	1369	274	1720
1013	397	923	1880	730	779	748	279	389	1126	579	1681	1497	881	379	1015	156	1318	143	1750	1303	1965	1519	1025	1684	391	1297	979	1202	1450	774	1782	1218	957	59	1488	1494	1903	1105	234	1190	1260	1560	1487	824	1283	430	207	1973	256
1029	1894	81	492	1596	1298	31	1407	1873	888	1735	1911	955	1422	632	1122	1516	1288	1539	97	1386	61	410	103	1833	998	609	208	158	1945	1115	805	406	457	588	1445	571	1112	29	390	180	1765	1514	428	141	935	815	1727	1186	1316
802	408	1103	1696	1815	96	1711	710	582	1167	360	637	785	121	1570	1439	456	188	485	1787	216	1319	846	1074	222	1822	366	832	1583	1626	373	1423	572	620	1253	407	1909	1033	1734	1675	1075	67	1271	136	1917	942	586	845	414	1930
831	949	545	915	1501	1365	1634	1299	1305	1676	543	687	333	788	1526	370	412	168	673	1566	1807	291	1916	821	269	117	1040	476	142	1198	448	798	270	1329	1778	707	1547	47	1986	1609	1575	238	593	1043	1273	1829	17	591	1138	1229
1948	209	1821	1039	819	1537	1898	1551	159	1254	1353	604	1831	1567	1853	1657	1242	829	1613	459	86	1974	437	518	1034	558	1215	1781	729	1617	1322	705	0	401	90	1860	264	1509	87	1987	251	1371	1915	11	450	1418	1428	10	1774	756
574	917	53	39	843	971	982	1808	1771	435	872	1961	1176	1562	1981	1078	867	1350	1905	789	1761	235	1521	1531	1162	1101	1680	178	1223	312	786	224	1611	1607	1805	1690	122	1222	252	1473	752	1170	259	531	639	174	1054	1875	1736	1171
422	1069	868	1363	1529	18	1615	1950	363	905	375	760	797	961	65	1263	54	310	1044	1036	1536	127	1548	676	1052	862	787	1161	1593	523	1847	619	1398	1264	514	68	415	972	286	1206	1442	202	1468	308	838	466	1962	1370	276	1343
72	678	1117	997	1269	841	133	1053	469	1904	327	56	856	1338	353	1340	1664	1022	16	1642	592	173	731	910	1726	790	873	305	211	163	1252	1996	535	1935	1951	834	510	191	534	1346	1027	1128	1819	346	1565	69	181	670	739	1600
631	313	1673	608	1098	1785	667	1051	1191	378	1355	721	1049	63	958	236	1959	836	398	1348	376	20	497	12	570	1897	724	124	813	991	1475	869	816	1844	1227	438	460	439	1491	76	1272	933	139	772	1317	106	1622	1402	719	1009
1773	1882	1779	1249	1663	82	254	1597	741	340	1086	388	1741	964	1250	1811	1448	1118	1561	1368	1326	966	735	1071	1132	811	288	1294	1130	1640	1913	1541	358	1955	634	171	335	1971	913	1767	1614	568	240	1728	1261	496	1901	1636	1180	43
709	1584	1499	57	1321	837	525	842	810	1060	1886	713	827	1630	1486	967	1153	1393	799	723	91	1624	107	306	1518	436	1954	1327	1893	989	1665	1976	1312	1335	804	1310	1554	462	1017	1379	1231	1471	381	1184	339	1419	226	679	1855	1463
618	1087	123	617	940	1032	690	350	112	33	1564	1364	1247	1320	1411	1645	529	1175	89	394	911	919	1868	1989	1059	474	1286	1839	825	1995	1648	1405	736	1416	1786	1357	1717	1936	1081	1433	1256	160	1410	95	1919	606	1235	1046	334	500
1637	1848	521	1248	817	1650	1391	1484	583	866	1520	1412	1553	522	1334	21	1979	257	944	1940	1361	249	675	443	941	914	684	116	671	1336	323	1857	1922	220	400	577	1461	1692	296	1285	1985	6	930	1026	351	1621	1495	372	1454	321
1749	968	1150	1041	1088	652	405	1220	1447	19	1211	1972	481	587	1006	952	1619	615	934	150	1466	1429	722	1440	374	645	987	13	1373	314	1427	1083	1480	1908	1089	658	1900	1185	1300	860	1688	1846	1870	1525	424	548	1207	565	1862	1289
1421	420	1826	784	688	1756	1425	1705	3	585	1479	633	1589	283	502	1478	530	1849	1697	1028	1649	630	1001	1544	111	1586	1704	1183	562	693	659	1401	1492	555	1047	1540	1652	258	666	1354	999	1378	661	1830	490	449	1435	92	1148	1035
896	88	532	1698	1552	73	1295	232	44	680	1005	981	929	1281	1573	1671	1096	1751	717	851	1725	1000	1141	564	418	1240	963	1307	1881	293	337	1693	912	746	1890	55	1246	501	299	1048	49	113	1507	48	1790	1631	167	1146	151	1443
1639	1384	1232	740	1018	1956	190	1234	1677	187	1311	1946	1213	858	114	1714	1444	1449	636	25	904	897	1458	1538	1780	1097	711	441	1446	1708	228	130	552	250	877	623	1085	461	854	898	1073	307	493	384	581	475	447	1993	1306	1712
393	1179	300	616	147	99	600	627	1426	1330	1420	2	1689	1938	783	1010	613	1506	152	1992	1939	40	996	239	1754	1928	1686	1969	9	1280	1977	951	830	109	516	326	242	60	853	1230	1058	715	1050	1021	1806	1120	1668	1587	1582	154
685	1994	945	265	1828	931	15	1791	1813	1477	1701	698	524	536	1344	1262	686	262	118	70	1397	699	994	1023	404	1724	920	1757	595	986	1719	734	231	1522	1966	1644	1740	1483	1314	98	767	1045	1431	1147	706	906	93	413	1385	1978
146	37	1470	1888	594	812	138	119	478	848	1759	1376	656	45	1302	36	753	1304	27	1193	695	1434	883	1037	621	1382	1	1197	1201	1135	1647	1549	1896	891	473	1237	738	1646	1266	189	318	85	1163	1367	1883	183	1745	691	550	1934
281	484	596	1550	921	145	429	330	192	1546	1902	1709	638	1209	1921	1238	749	1284	903	890	1278	194	704	1643	295	766	563	1713	1503	1604	1527	1472	1474	367	778	511	1910	184	1056	1789	1293	975	901	1601	426	969	1858	761	247	1399
1817	489	791	1967	1914	598	1251	322	747	102	1694	1177	233	635	1654	1388	357	1832	965	1511	338	105	1016	1024	1187	42	1794	385	1008	1404	663	304	990	1158	453	1309	214	1502	1801	1528	1879	444	1837	1031	894	1812	1555	495	642	1769
1792	978	1195	953	763	197	1374	341	1084	51	287	885	1710	708	64	742	218	1438	855	244	1768	22	1920	94	1912	1942	1157	1199	1762	1763	361	195	292	1700	977	1982	1803	1333	1590	1743	110	155	487	120	777	179	1802	205	1082	1196
1072	1865	677	764	1887	973	1620	844	275	433	392	737	1625	1925	1403	1633	427	1228	432	365	796	814	1850	1323	1638	1723	1524	75	282	1165	402	343	319	509	455	1236	203	382	624	1030	248	644	1125	850	569	1490	1776	1662	1394	1732
1106	954	170	1389	186	1065	38	1670	1159	672	956	1699	1457	277	1276	320	1417	1362	1212	984	537	985	823	703	795	1430	743	336	1755	1151	494	315	674	1842	177	1451	1287	554	1899	566	1012	1718	1742	1349	423	1166	227	959	1347	1770
864	808	471	1277	602	1424	467	899	215	1485	573	1866	1375	409	74	7	157	79	909	491	503	1533	463	1798	758	1315	857	356	1532	452	1841	879	806	50	792	697	348	1968	1594	1080	129	512	662	1691	1706	947	927	549	1129	1076
1455	199	649	217	1810	1279	1243	1571	1795	1859	1764	301	1395	483	230	1467	1267	768	1752	1116	1929	479	682	1964	263	1358	759	261	513	960	451	597	132	1188	144	754	1489	1004	1606	1659	383	700	364	1067	1452	1174	416	1885	732	559
1748	611	1980	210	863	939	773	1233	660	1203	1760	488	80	289	694	1341	1498	62	1947	1155	771	1856	826	1091	720	1409	852	1891	1134	643	30	924	399	1988	137	162	681	1906	1666	446	1464	1923	161	1504	165	1661	1685	682	632	582
1778	1583	726	1696	232	974	354	415	839	1168	757	1517	877	1341	1095	1279	1540	142	1974	1618	113	1801	855	1060	48	1938	751	1784	73	1333	1966	291	1274	1337	1447	797	949	1402	1626	1324	1990	314	418	396	1117	17	660	1443	1937	1063
521	845	969	524	463	1449	1397	1558	531	655	1010	537	1567	729	76	617	1220	968	501	1091	1556	1245	1497	145	219	364	40	1651	1806	1575	316	664	211	1637	1206	807	1712	19	1810	416	1273	1391	1939	1760	718	768	783	1202	794	1930
1950	1630	21	1919	1420	1250	698	296	605	1269	597	1347	172	1450	338	1357	835	45	580	154	355	1881	830	1563	1009	311	23	486	11	1820	519	1677	1132	675	1641	1262	878	1917	1481	733	1001	1130	1947	1632	1343	231	360	682	800	1260
738	304	769	1690	1976	1077	1499	686	1235	392	1794	1827	1314	300	1713	1346	1922	1418	803	1246	956	1918	710	1427	705	1498	1544	936	479	188	140	528	1083	254	906	1240	585	928	1838	382	1893	41	1425	1012	869	1645	530	1585	1176	965
1102	1316	1350	1038	1746	731	1592	1315	1339	674	375	1267	672	809	119	1137	1596	1323	1093	1948	748	1365	370	1788	1561	702	966	1181	1621	1711	976	1512	1684	1029	1694	1634	550	1588	1515	678	1320	120	761	187	1524	446	952	1284	1190	1825
457	409	1705	465	1212	1625	744	1131	639	359	1734	1491	1670	218	116	374	1388	30	1193	1905	556	1876	1724	1590	305	490	1271	1015	832	737	488	1361	1659	975	1748	1538	1650	880	189	1550	1602	848	1292	337	1764	1049	534	1035	658	1958
256	482	1229	159	423	1031	651	786	1963	526	677	1924	80	879	565	622	1935	1226	217	394	653	1173	1307	331	1116	1887	1849	1646	866	1227	922	963	306	1439	1373	943	1723	1114	1071	1225	1256	1219	631	1665	1136	346	1762	1751	134	613
499	918	790	1580	1528	310	934	1367	1845	967	1295	1430	1619	1459	960	1068	110	459	50	1280	1375	1664	669	1555	516	1207	262	1833	263	1169	1824	603	323	1780	1257	1593	758	1940	1521	1100	1151	1671	1087	941	1649	1490	9	504	1977	195
399	1113	477	1239	1629	656	634	1372	373	450	1795	153	695	1511	43	1566	852	115	1387	229	398	63	548	1046	1836	1160	1244	1461	507	85	1715	285	242	862	1322	353	723	1835	1843	1816	1054	916	6	1932	175	767	1384	1288	1745	1213
1329	1258	1019	1352	99	1728	1943	1608	778	1476	1586	1082	808	161	964	484	1598	1080	1823	44	371	752	591	42	340	1866	1968	158	1912	1562	1807	1815	1929	1652	1733	1233	322	1197	1414	1915	1327	1044	961	1304	1231	12	1808	1672	1682	1847
351	1354	601	453	909	103	993	1862	139	1147	762	240	1883	1542	467	126	350	739	473	442	1798	1433	1482	1813	56	1399	84	1504	1946	203	1150	536	676	222	334	1218	701	1285	1041	1103	649	614	1297	70	815	661	1527	684	1468	638
427	28	810	395	1073	1804	813	1211	269	829	703	1793	208	1570	1507	26	74	381	1774	833	87	1689	1289	1945	149	1348	452	1578	836	1059	162	905	575	1175	117	742	439	1140	1401	570	1454	624	1953	704	654	137	133	1334	746	598
0	135	303	49	324	1043	1557	884	572	1535	483	1642	699	923	1405	1581	1488	1208	1856	1986	1978	1198	1460	1092	1143	508	147	812	1016	226	1079	518	567	1934	1936	972	1601	53	837	1686	104	1574	691	1850	1377	1222	166	1594	1864	1469
849	1053	167	1730	1628	1722	887	775	1200	411	779	804	27	249	711	1501	1423	1870	1119	1374	933	102	1248	1895	410	1704	559	1199	206	77	1910	1802	1523	1693	421	1961	712	1409	1495	1472	317	908	174	1032	1394	992	714	1078	1042	1971
1214	1891	376	1643	954	455	1317	1610	235	348	1559	1841	1204	379	939	1985	1638	1340	1328	180	688	498	1278	1699	1281	1282	806	1112	365	784	756	506	834	1667	443	771	1272	1759	681	1925	128	867	1020	201	1040	1126	1996	1768	1163	1761
1720	1738	1156	1189	627	648	1149	151	1466	1842	1005	1599	432	282	1075	1554	709	782	594	327	1510	1123	1623	1884	1485	1747	33	1908	994	72	81	1926	1796	1639	1018	753	773	191	1359	1779	1370	458	1008	1174	1877	244	94	610	1369	1326
883	1287	1056	1605	1541	820	1995	986	825	588	209	554	1888	1867	690	1052	1868	1516	1969	1776	868	35	3	496	1916	1232	307	982	29	15	444	1732	1791	332	146	542	1098	1931	984	1294	71	237	454	1033	342	988	1865	569	1553	1303
777	1505	339	1737	275	616	1920	8	780	1875	86	400	297	1148	95	1492	904	412	38	764	665	91	1832	207	844	280	164	1679	279	283	1503	1438	917	1878	1903	1309	179	1055	16	903	544	460	1858	776	1070	1944	349	1470	1467	469
1857	1960	1047	1614	464	341	668	901	626	1709	520	406	579	650	618	1392	425	1421	1872	1286	1194	979	1726	1564	1663	230	62	893	302	1349	1301	1896	1546	583	1030	1155	633	225	646	320	1692	468	402	1777	509	1107	121	945	325	1576
1991	875	1892	1465	1224	1674	503	532	596	1727	1144	1302	192	560	1666	724	111	856	385	1011	1236	1627	1874	273	1529	1124	873	491	1763	32	1428	700	1753	983	1994	1681	888	1111	193	1600	1502	1668	1321	79	864	213	1419	822	1809	1669
1141	238	970	220	571	227	1456	57	1493	1979	898	1496	774	1680	722	1192	1422	1000	1441	708	564	973	919	819	1325	1826	1135	357	1276	1657	1120	1589	1051	573	1479	47	495	1452	1381	1166	196	1786	637	1543	1817	284	930	127	397	474
576	647	713	205	58	1283	685	124	581	1389	1766	1702	1572	1584	1230	562	1982	1034	356	826	645	1906	1981	462	1622	1209	1743	727	369	1805	1569	1644	1609	1522	1264	1188	108	843	1363	1332	1254	1182	514	328	264	871	602	561	1676	1480
1403	743	1579	962	1390	1379	1735	290	1022	1474	947	1253	1241	1002	478	1412	1416	1907	912	667	97	315	628	472	476	330	319	413	1146	233	1099	716	749	1755	109	481	22	1090	932	632	448	1319	440	1353	715	1624	1413	245	643	1799
1914	1789	551	250	792	824	1313	1568	1036	1045	428	642	621	940	765	895	10	65	1954	505	321	1772	1633	1560	529	52	1417	1717	734	1195	1138	247	221	1004	170	745	1065	1457	309	1617	1101	1739	1752	831	1395	270	1894	1007	899	543
194	131	1191	466	513	522	1718	566	706	1852	1290	788	1879	1980	623	1451	547	1028	1201	1532	106	1484	429	181	740	1844	732	13	475	152	881	1312	854	1729	1757	299	435	1458	243	907	707	989	1386	366	1134	671	1859	857	1654	781
68	1453	874	1186	1531	82	1463	214	200	92	950	132	31	985	924	629	1721	811	1973	403	991	277	1249	178	1183	78	1736	384	1024	1530	1821	138	24	239	1473	430	183	1603	417	105	1851	1221	268	1368	380	1846	1125	210	272	1106
1769	1869	1615	1719	1187	1706	1913	741	1477	176	336	747	5	333	1306	1526	1539	59	485	1697	1158	1661	795	995	847	89	424	136	1965	1701	1251	1037	480	361	497	555	198	515	1992	1084	1415	872	1184	1811	1889	1376	118	1139	679	160
1383	1955	1318	1152	1237	1382	913	1904	471	148	1448	1039	1863	687	386	558	445	1520	335	1959	772	552	1631	1708	766	1700	1853	1076	51	1673	1989	959	1685	419	853	894	604	1781	1128	295	1636	582	329	1203	100	144	1545	168	1013	1975
1426	1161	184	1464	449	199	942	246	870	1873	1259	1265	1404	1074	93	587	1900	841	1299	785	1964	1338	802	266	389	1444	1462	1683	1118	1023	1860	720	1109	938	662	1707	1345	625	1790	1364	98	1742	900	549	584	882	760	1179	1782	1263
533	1695	821	1410	216	274	978	1886	141	1094	1215	293	1635	1861	1027	590	754	897	1167	951	1431	1061	1437	1536	935	377	358	404	456	1987	818	1840	611	165	1519	1509	717	538	1072	1162	1105	1648	770	312	1604	1597	977	1366	607	1238
517	1436	1164	630	636	1435	1216	64	405	910	1687	344	215	689	641	891	719	644	258	1640	185	1487	1756	600	1066	652	1445	568	666	298	1050	981	914	990	1506	892	640	557	1196	1698	129	635	911	362	1871	1351	620	1819	1775	383
840	1058	1514	1951	846	850	433	234	1335	1710	1434	1703	1293	858	1549	694	271	599	1393	1812	500	865	431	859	1933	612	1296	510	971	1956	1145	1252	523	1962	252	827	367	155	657	1356	447	1411	925	46	1571	1675	1014	1928	372	18
1310	1822	1741	1967	1662	1513	670	1268	1115	725	1081	1828	67	535	286	1909	1398	1814	287	563	1432	1270	885	157	1829	615	1949	1178	1783	182	1899	1407	683	1714	1127	1767	659	1797	595	1021	1587	204	36	1261	66	796	997	816	609	828
1234	1984	546	1097	107	1957	1165	408	197	259	260	608	1547	817	1525	920	1243	889	1385	735	1758	368	1067	728	426	1455	1217	1518	1658	1089	289	915	673	190	14	799	789	69	1921	958	805	1653	1358	1483	1611	948	860	487	441	1311
1839	998	527	1902	422	60	1537	1330	1508	1941	1006	1446	1331	1591	1180	1792	436	1972	313	663	292	1647	791	1725	838	1471	347	1489	1380	1765	1855	37	224	1170	451	1122	1678	1210	577	420	1277	326	1085	1620	801	1223	946	921	937	842
112	793	202	387	1424	1371	1548	55	1880	1494	470	1731	1595	1552	1475	363	1171	251	301	388	929	1613	545	1275	54	223	1897	4	1378	1408	391	1478	1305	896	736	1205	1298	1911	1157	378	511	83	171	1740	278	1785	1771	1308	539	156
1086	1360	1773	1300	787	1291	241	1942	1486	1025	999	1159	2	1970	1800	281	996	88	1660	574	434	401	1026	288	1551	236	343	1612	493	345	1818	308	186	1901	750	1993	177	1153	798	1129	1716	489	1088	1606	1952	1057	261	926	1177	1500
1228	101	1440	1062	1396	414	1831	1770	276	589	1534	1185	1577	886	730	1854	114	606	1429	1133	20	1355	586	763	39	1096	61	122	1749	944	1656	512	876	257	1898	1242	1565	1344	150	957	248	1750	953	1154	823	592	7	1110	130	494
696	1830	593	253	525	1837	255	680	1121	1342	1744	851	1017	1923	25	163	693	1108	1882	265	863	461	541	697	212	540	294	1983	1890	1927	861	502	755	987	169	1064	96	393	1247	437	1533	407	955	1691	721	1172	927	931	123	619
1	90	318	1834	1582	143	1616	173	1573	1988	267	1406	1400	438	1442	692	980	1607	1336	492	1848	1048	1885	1688	1754	902	1266	1104	228	578	1069	34	890	553	759	1803	390	1003	814	1255	1142	1787	352	125	1362	75	1655	390	1497	1193
116	1885	1208	1203	439	681	1950	458	1201	67	1906	145	1662	1638	1652	542	32	1497	726	1899	1116	65	1691	256	558	1244	825	1150	544	1878	942	704	120	1198	1469	335	260	347	967	34	337	988	274	864	575	221	517	801	1419	1159
1069	504	144	443	1512	16	1541	1386	1171	277	1097	80	1316	1181	873	88	1151	1818	1720	757	451	965	143	1916	402	190	1857	377	1534	219	1733	1136	1966	1349	1673	1247	585	180	1700	283	177	1473	448	1886	1095	1360	1888	748	560	316
139	1956	1577	615	66	1825	133	559	919	732	1941	215	1077	509	1784	1823	1001	345	217	361	12	528	278	769	833	205	1478	1231	800	740	1542	165	1516	706	916	474	364	1930	416	1226	756	1723	1375	1960	1223	1409	1794	1084	153	1937
14	1692	131	911	386	1490	1666	1515	253	185	341	220	1649	791	551	529	46	1635	750	227	1452	1185	1991	1860	1668	734	1437	1374	434	1284	15	197	828	497	848	961	720	1258	330	479	879	1809	1805	1488	1480	238	161	910	1796	1486
1792	398	1972	1520	1425	507	572	1978	881	1919	1355	1613	1580	520	1789	508	1459	903	1099	397	613	882	835	196	905	632	595	417	399	3	1257	367	1230	1169	250	742	1377	935	1339	1268	1491	1334	984	900	1035	360	184	1376	869	211
59	254	1536	1903	37	1453	1046	103	1219	814	1543	1887	318	1819	263	1813	1648	764	1021	752	344	710	1408	1864	75	947	1364	1617	1711	114	209	342	1253	102	1918	1936	692	86	1656	1798	1579	48	617	1396	243	868	440	1328	1183	142
321	1962	1783	1202	1466	62	441	1382	10	898	1154	1877	786	1217	1314	1564	182	646	400	1299	1248	1949	1214	1057	1749	1447	1108	657	1155	1307	97	1170	893	721	1900	1402	1192	663	777	319	158	1738	589	853	1178	1559	549	1179	1569	1924
1115	1519	666	1263	366	1325	806	1003	50	1575	382	292	724	38	1958	1567	519	372	1957	276	1000	268	1331	640	1384	1489	804	353	375	1620	332	7	1589	923	245	1618	1475	485	306	1146	384	1704	1243	733	971	391	1428	383	1843	453
995	1633	1323	126	851	582	1464	454	1324	652	84	447	365	389	279	110	302	980	1547	1423	1435	1969	1909	1952	1651	953	1637	1363	1578	841	132	395	1047	1876	1967	1702	1321	1443	1548	1394	826	1406	998	1282	1420	1525	526	1938	21	1732
204	1986	51	945	255	1566	1174	1335	1053	1187	539	1368	226	754	435	564	305	885	1551	1683	1712	985	701	1454	1573	1366	1947	40	1873	1968	1499	1088	1920	1546	1660	1104	1229	396	155	1828	491	925	1233	1831	1636	423	675	906	662	1855
1213	1616	1407	1400	1527	1787	799	188	921	763	312	1846	1645	743	406	438	1340	87	1397	958	374	1259	912	768	894	69	432	301	1359	932	1800	1834	1312	1629	285	578	467	545	1167	8	576	1308	168	611	1646	670	462	1026	709	606
934	368	1786	493	1603	1501	889	1495	1561	1762	122	1271	140	1121	472	1861	1778	1371	1826	1680	409	325	1780	47	1280	411	1670	1549	1290	30	500	265	1322	1985	1442	104	1161	1665	1441	618	1933	1915	1487	540	778	659	1164	915	1432	1910
1357	698	73	728	725	762	1462	593	1471	1854	574	1570	287	824	1007	902	1076	518	1196	1066	1612	1654	216	326	284	957	779	358	1935	755	390	872	1193	532	1438	1415	1212	852	1255	264	1356	1810	5	694	296	1678	909	210	677	1983
802	1751	408	1583	1040	1347	1921	650	39	1143	883	200	261	1399	952	1025	723	53	936	1209	631	737	1080	860	1235	1793	1010	1550	1056	1333	1062	685	1125	730	1863	1693	767	566	1042	1250	270	994	775	299	1070	1587	28	1808	621	1724
307	1615	1188	202	674	249	992	714	280	1278	771	1977	29	766	1894	1898	266	707	449	1912	1835	1743	134	705	273	647	1252	343	703	407	1901	940	955	1298	1038	1211	996	1119	288	522	1059	774	1014	138	1113	616	421	1429	612	1296
1611	1162	1737	1470	596	1726	877	77	381	927	1142	822	313	1932	22	599	1450	267	496	1748	1330	136	198	1293	1274	875	1599	818	349	552	622	1028	846	1850	1929	1917	291	1256	973	918	1127	1261	41	1194	481	1414	568	1892	68	420
624	1045	587	58	1688	1742	1994	212	1731	1904	1096	1771	1372	428	1853	607	787	628	376	1913	121	1971	1463	1388	736	173	836	130	1644	1273	1996	981	206	1434	668	1128	1291	785	1538	78	1422	1297	9	242	1806	671	1472	156	236	1609
1586	461	729	269	258	1744	506	1537	315	1440	174	1494	510	1558	1679	1568	456	758	1123	1020	832	1242	1050	1728	838	1914	1605	859	917	499	511	1565	1847	1699	466	1405	1177	412	1640	314	567	680	1479	1539	489	127	1029	1953	546	1604
1880	1993	1283	157	1923	1764	1627	1866	1304	99	1041	181	1456	1601	1870	1092	888	1381	1086	874	989	115	639	1811	355	1509	63	1707	233	1353	556	1098	1879	1135	782	1102	11	1079	813	146	72	1592	1421	1931	629	1027	442	160	293	446
128	820	920	455	4	1220	1544	1874	619	1485	1063	719	1884	1945	334	604	1705	1766	484	192	394	1430	950	1083	673	1221	171	152	583	331	648	1122	1948	1034	1262	1216	1734	815	1722	1500	1111	1752	603	424	74	686	1180	1663	536	718
251	1301	1759	1087	70	303	805	147	413	1011	839	1016	1844	789	1619	1467	1379	601	1272	655	866	113	1395	1827	951	1739	1173	525	514	42	338	1306	1747	1064	218	770	584	809	1709	641	1398	1868	1701	1974	1075	856	1523	1093	1254	1338
76	1156	1533	1318	1706	1260	597	1289	1602	722	837	1713	976	1959	1824	1072	1768	1033	1444	926	1545	1970	1770	1698	348	1845	682	1439	329	1908	94	1671	1842	845	672	380	1822	1461	886	1065	592	1820	794	1449	1664	897	928	1797	972	1090
1755	109	1804	1856	13	892	57	1110	369	1068	61	1661	1369	1411	534	1715	842	1815	857	1239	83	933	262	213	983	1134	31	579	1686	1101	1309	1498	1049	623	33	1234	1455	24	1390	586	1141	1803	1279	1225	1507	457	1186	1138	533	149
163	1841	759	580	783	1326	1540	731	494	638	1532	1684	843	1891	248	1287	1653	1703	966	521	418	1965	1481	929	1667	827	89	937	727	1332	388	1954	1403	1595	658	987	1277	1729	125	1210	1163	45	1342	151	1236	1681	1951	1758	1320	1184
938	1008	1427	795	817	948	373	1719	1795	693	1779	1078	1922	1881	1801	811	1872	761	1626	1882	1760	92	193	871	1237	1482	862	1424	1905	1928	812	527	1413	1387	999	1015	656	969	807	831	687	1718	1131	636	1631	884	1980	150	452	930
634	1694	1013	689	436	896	1697	1607	1799	630	1144	565	1521	480	865	1337	100	600	286	477	834	1750	548	1103	96	304	1145	459	643	573	1730	350	543	98	340	1012	821	1073	1696	954	1600	1303	904	1775	690	1989	1802	1641	194	1816
1112	1513	901	1496	166	1383	1055	1939	1740	162	1659	1875	1249	123	1781	1292	1124	1524	1023	610	359	605	1228	1378	749	298	1862	1642	696	531	320	1327	1531	660	1708	1555	252	176	118	91	90	1266	1657	1911	410	1973	19	108	486	1776
1643	588	49	810	1100	450	240	513	433	85	679	924	1506	676	1639	468	790	20	1476	1133	702	1153	1504	1465	1814	847	956	465	1265	1791	1608	1926	524	1182	308	1017	1963	208	1445	1204	1206	962	322	1152	808	1518	224	1584	667	907
598	1305	1319	1610	357	633	105	1528	941	490	107	175	793	437	235	1995	426	1044	747	478	1867	1553	562	963	1840	1085	1552	751	1426	1365	738	1311	715	492	1189	1858	1685	1436	191	716	290	608	1275	1288	678	1526	653	695	1048	1147
1058	36	1990	23	1630	1367	850	1535	1341	1370	183	1942	1286	246	753	1865	1137	1859	117	788	333	535	1120	1754	223	172	354	784	970	792	1598	968	483	18	95	1790	1315	977	1788	553	515	419	1117	571	870	232	798	1458	895	1984
1975	1893	1848	148	207	1745	229	581	1964	840	1769	294	1761	79	781	1227	602	661	557	590	979	1896	651	54	1176	684	154	772	1246	1148	664	1655	944	231	339	1895	1596	591	1674	1757	487	635	1348	993	561	101	1606	169	949	1460
964	1060	1588	363	943	1107	1281	141	297	644	1669	1889	26	27	986	1817	1585	554	505	735	1563	1890	257	1215	1418	1270	356	310	1628	228	975	1492	1022	744	1285	1625	878	1571	1557	323	1946	1514	1071	1925	1753	1009	538	1168	1839	691
1074	187	620	1276	922	186	1132	1976	1725	830	1126	1763	422	819	1130	1380	1777	1821	990	816	1833	1772	541	614	1981	1623	577	1765	385	717	495	17	1373	765	403	1832	1955	803	1392	563	1114	460	654	1812	502	82	1710	328	1594	537
1140	1483	1200	1251	6	1416	317	849	1634	1157	1019	159	282	1410	1361	547	1672	427	1448	1081	697	1614	683	167	430	1024	199	741	797	1205	44	327	876	1037	1106	464	699	1160	234	1736	1502	25	311	1530	688	1343	1222	780	1358	1591
1240	1934	1658	823	1782	1735	914	1554	1677	997	1199	1241	371	863	230	1622	378	1474	1597	1417	1695	899	1849	415	1404	164	203	351	1511	239	1961	1300	773	1302	1574	1852	352	512	1675	1032	1560	1267	300	137	1572	463	1393	55	1807	476
1317	796	530	488	201	1767	43	1089	259	1412	475	1582	913	1002	569	844	637	1362	124	393	471	225	891	1043	1581	64	135	1992	1836	1988	1052	1562	1505	555	362	1165	473	1690	858	1061	1094	974	1109	1431	35	272	2	1593	275	1451
713	1433	880	1883	379	991	1195	1647	444	1774	1385	392	56	111	1632	1207	626	405	237	1714	1624	1039	1295	1018	425	1838	60	739	711	1689	1944	414	1897	281	309	570	1522	170	1517	129	745	1477	939	401	1576	482	1346	1687	295	503
855	1829	0	52	112	1329	1005	625	1785	81	1191	1351	1354	1391	1773	1172	861	1190	431	516	1051	1238	609	645	665	1741	1987	1621	189	222	776	700	271	404	1927	1139	982	908	1457	1401	960	244	946	746	1940	106	1590	627	289	346
1245	1054	1149	1902	854	195	1721	1510	387	1091	978	1682	760	1503	370	501	1529	1556	1232	1269	1036	1746	1006	708	642	1118	959	1345	241	214	71	324	1717	1264	1851	1175	1830	1943	93	1389	1484	1907	445	649	1	1031	1871	247	1129	1197
931	1982	867	1727	1979	523	469	1837	1756	887	429	1313	890	498	1352	1218	1468	1446	829	1508	1869	1294	1158	470	1166	1716	1004	1067	1105	178	1344	179	550	712	594	1650	119	1310	1336	336	1676	669	1493	1030	1224	1082	1350	1517	336	868
1942	1812	986	1533	1874	98	1836	1088	391	827	412	1894	1699	1852	1691	408	626	339	1050	1868	847	39	499	143	440	455	1607	430	108	433	197	1969	770	757	1305	1284	1258	1518	1665	632	1501	463	1937	1789	1057	1311	1643	151	1478	1199
1774	235	358	277	1798	1547	287	885	865	1387	1765	1223	1453	1890	1737	934	458	935	1203	959	866	1393	1902	874	1938	295	1108	702	987	826	364	52	1897	852	1759	396	559	120	851	324	263	210	1899	1628	1993	1252	147	1319	1022	416
1985	1114	557	1576	1640	406	184	377	1209	1351	1889	506	648	1139	1702	1615	278	1004	1569	502	214	497	715	1838	1832	72	415	1276	1586	1028	857	976	1237	1404	1304	1648	1797	774	838	1128	275	174	1944	949	196	903	1331	1388	804	1116
400	1876	1626	1095	1087	981	1010	1917	1662	1515	1346	928	1512	1713	85	1201	610	1432	1507	115	1154	1376	51	1641	855	651	1941	1267	1441	1875	1658	344	1094	1436	944	1035	441	1990	1179	1238	1472	909	1435	535	1168	862	1437	841	1023	107
1528	1930	701	469	101	548	411	859	1924	1440	1631	1594	1688	659	1167	1790	1492	1911	1183	883	181	117	185	675	1048	0	914	1632	251	167	643	1752	312	157	24	875	34	431	788	1428	1344	676	1853	1926	617	879	262	985	28	1444
1269	99	1602	722	1967	1219	71	993	604	941	646	1530	1426	1893	839	1074	1389	598	45	288	1122	128	562	1287	836	92	1014	248	1248	1068	1566	1098	50	1280	1557	677	303	1831	631	505	209	1900	515	1627	1971	884	1630	487	1714	221
59	1018	1751	1497	325	1323	560	1065	1903	825	1735	438	496	1532	1079	680	705	530	418	1433	1963	139	1171	1551	1886	817	710	1508	1683	1730	1813	921	443	1592	808	587	1892	762	1191	77	616	1948	1500	252	1046	1493	465	1773	354	509
620	1918	1039	363	1779	1760	491	1509	1814	1236	550	451	682	1864	971	1799	621	593	1980	55	1403	114	1040	854	1341	638	1127	1445	776	1364	520	1753	1396	176	1450	892	1623	1750	795	328	1266	962	1429	1994	1873	1090	507	213	1378	543
479	946	1957	207	1872	1519	1841	1820	1505	1352	1231	1111	456	293	407	556	345	1047	187	663	1407	190	630	336	1260	1202	1170	1689	144	1516	1000	601	375	1451	1584	1835	815	1125	1881	141	1348	1318	898	145	1577	1709	1337	734	1761	1335
1152	388	511	990	1317	1422	191	1588	1908	1668	1729	867	1676	1775	271	912	672	1649	699	102	579	917	768	1207	1975	402	429	269	546	835	1106	1460	1340	1469	1324	811	977	1542	1059	1720	500	1243	250	1824	462	695	1825	1802	1821	122
1562	1131	350	984	735	1514	880	266	948	1871	644	684	1907	1786	1764	459	1466	904	1486	1051	793	243	199	605	1943	1452	1204	1194	1575	1302	1336	1277	679	1851	1002	341	1690	785	1025	1666	359	1361	1172	925	629	1234	1544	69	777	936
1165	1739	619	819	1923	1811	12	1137	422	466	635	1560	427	38	824	282	22	913	1895	1411	212	1329	1430	140	1755	1218	1381	1399	662	772	1449	1101	742	1834	1727	729	873	173	1006	779	1408	1457	1490	1879	1749	1371	1377	1525	592	533
1869	1383	1503	382	837	570	317	938	1965	401	329	1704	159	48	1471	1568	1981	1593	596	1976	1026	1395	94	361	1945	761	297	834	1973	428	1044	720	471	1015	1385	238	1467	1158	409	452	1550	1271	744	1754	1578	1055	901	1138	956	230
1325	200	1488	155	205	1418	1844	1013	424	310	1400	78	1722	910	767	846	1579	607	35	195	536	1719	284	527	1696	135	105	1164	268	590	751	746	1929	1357	1638	1208	882	979	1635	1254	1244	1935	730	417	1554	1510	1653	957	319	1919
522	1883	528	1156	950	1489	163	1401	858	1968	367	414	1169	614	628	1878	639	360	41	1330	1142	576	110	698	803	442	541	49	1421	1747	1860	65	394	260	1439	1242	11	152	1705	755	573	1159	164	245	1693	1574	724	1160	1703	1268
1936	1369	597	578	460	1616	519	685	905	1409	849	832	943	623	1356	302	1089	1146	1066	498	1174	1531	1862	696	753	1333	166	1983	461	647	508	1177	1823	100	1061	1058	1121	1538	1315	1723	485	304	403	1392	369	1660	723	1659	1905	393
1526	1654	1180	634	970	552	1353	130	1784	1196	1256	756	299	1289	133	953	1564	1076	1778	1591	37	608	931	340	175	1829	1819	1230	1473	1914	1986	16	330	1680	1620	351	801	468	654	869	381	419	1707	929	1354	1072	1117	1193	1954	186
897	791	691	1221	1251	1081	995	1589	74	1947	1273	2	434	1771	1995	1384	66	1462	1008	1988	926	1882	206	224	211	316	478	514	504	490	1077	1645	1082	395	760	349	1746	671	728	1887	1521	1456	1536	1933	239	1410	97	1785	170	1870
1176	1112	1806	1880	954	551	259	1534	420	109	652	390	1241	1822	697	1673	1296	1655	1031	945	595	1096	1482	1215	1803	347	961	1552	1316	1580	80	1217	1601	1307	1697	1278	524	709	1978	915	1328	1621	1247	658	1123	1830	1974	940	906	264
763	704	352	932	512	625	1706	714	1850	1100	584	713	848	721	220	775	1906	1104	95	988	1624	1253	1413	273	353	1848	1839	1815	787	1865	894	188	1334	281	955	1326	690	960	740	1710	586	1134	1932	538	311	362	1921	501	146	1617
1321	1657	172	893	542	1434	1001	435	1791	1857	7	68	1541	967	8	1078	3	276	732	296	1042	43	574	572	719	1185	1940	223	1274	237	1240	1745	40	1726	1571	413	257	1496	1119	633	694	759	306	670	911	1618	1567	818	1504	1672
1721	1314	232	270	924	1294	627	1977	820	1979	1766	1173	215	1454	1009	800	521	1535	1927	495	1559	1692	1633	258	1342	1549	1069	1103	886	290	171	346	76	1091	1143	1922	30	189	983	253	1145	1796	89	62	871	216	1776	492	357	1295
489	1671	575	1288	1718	681	1595	229	780	327	454	640	555	168	1363	1837	17	1073	1415	322	54	736	1888	1708	4	1563	799	1222	748	23	1189	1005	1084	1543	1118	321	1281	599	711	1522	194	582	1320	218	747	86	1677	1770	558	436
294	1910	1529	1029	1498	138	1805	773	380	372	982	1461	1097	1605	473	1687	1423	1991	600	594	472	930	208	1733	1227	513	32	26	1484	1847	1007	771	843	1792	1229	267	1235	649	951	1810	334	782	91	136	687	131	1956	1085	1394	1275
1362	581	244	1682	717	338	1350	1151	806	1071	518	1474	1909	1120	1060	1175	1669	899	707	1226	246	975	1833	1556	1606	44	1414	784	379	1149	57	113	1581	1310	1732	895	1299	939	529	25	1694	1144	1181	966	432	1725	1499	754	254	1070
1368	1982	1190	1358	585	1136	1308	612	283	591	1828	366	1270	1741	1431	20	1854	82	1147	1301	1644	1382	383	853	1491	561	1612	589	622	1614	1849	153	373	1438	712	741	1928	1661	1155	1332	1343	467	410	1728	602	1476	1611	624	90	1293
1447	1036	1604	219	398	766	1582	421	389	326	1619	1596	1402	1246	1636	1767	1027	1417	1801	58	503	678	1425	1487	289	242	1157	1312	1375	1716	307	274	1769	1545	933	813	1262	1485	112	1043	1110	121	1374	1286	1263	1239	331	1901	1380	1062
588	1133	860	193	1282	150	1093	1958	1920	56	1083	1772	978	476	674	1896	540	161	1338	481	450	657	488	733	178	1540	900	119	84	426	494	1867	378	106	1033	1463	392	1064	368	404	5	477	202	890	1845	291	457	156	1915	1817
792	1483	1513	453	567	1866	1953	154	1011	1600	1858	554	236	1724	1443	1053	1198	1609	42	493	731	688	1150	1712	1650	47	802	137	1272	445	81	335	1598	664	738	1037	1349	997	1161	1740	1856	165	1355	29	93	994	1675	1652	1200	686
781	1465	231	1663	333	1054	1297	1398	1546	1809	937	1298	1017	1788	226	19	580	1748	1442	1808	1327	10	370	61	716	1642	1964	261	129	611	812	1109	1086	127	706	249	142	1420	1129	565	1762	73	1163	397	999	636	1264	444	1480	301
889	525	1197	1024	88	1032	1339	337	1934	1537	669	1855	534	618	1846	568	1996	1656	650	1859	700	149	64	1468	794	952	1793	942	1840	384	1548	1092	1257	1228	1511	660	888	1192	1259	1052	1768	1782	861	1049	566	1188	1992	1758	973	1080
583	1780	797	1863	1951	947	1290	1405	169	919	964	1416	1670	233	1966	661	547	708	1475	725	615	1481	1345	1132	1637	1216	1931	1003	1379	1140	1818	1984	177	182	1102	13	1186	332	484	60	103	308	179	1182	116	1757	1885	796	1698	314
549	531	965	1949	1952	1884	356	1826	1412	996	810	1744	974	683	323	1800	1742	1359	1898	1265	1019	821	1734	1795	1565	1365	96	544	637	376	789	1477	918	1366	876	1715	1685	814	1397	1292	279	989	902	1913	1807	1313	240	1686	118	470
666	1891	1390	446	285	1599	668	1597	1041	569	1148	896	280	1494	1178	830	1012	315	1647	641	881	79	864	1558	1520	1495	1743	482	1794	1479	523	425	645	192	532	703	870	563	571	613	1135	1502	923	480	1303	1912	1386	872	1679	1962
309	365	387	922	1539	831	1187	1245	609	1448	927	891	769	1646	1225	816	1370	318	1585	228	998	829	148	828	405	655	1141	1570	255	972	300	553	822	75	667	15	1946	63	1030	21	877	1587	1211	1067	87	1470	1373	1045	1781	1306
1099	320	1166	286	564	1625	9	693	1989	991	833	18	1347	1285	737	689	36	1126	385	1016	823	1678	1700	183	486	1130	878	1701	355	1667	160	1517	1674	798	313	809	1651	539	483	1950	1220	70	83	1210	758	1827	180	739	1738	805
132	1232	225	749	1736	222	447	863	1367	1523	1153	1214	448	1553	241	1561	1777	247	1639	1955	1572	33	606	577	1684	856	673	265	449	1506	134	256	887	653	6	298	371	1842	1419	14	1212	1622	201	1925	1711	1021	1681	1372	1603	386
786	1424	907	1904	1107	844	399	1877	727	1309	1162	1608	845	1391	603	1629	439	958	526	46	1555	1970	1804	1124	53	665	1206	1664	342	204	162	745	1184	516	1279	1916	437	545	1783	916	1063	1573	203	807	1524	1291	1056	1075	1527	1610
752	126	656	125	850	423	718	1613	1972	272	31	517	537	1250	227	750	1861	1459	963	474	1224	1763	1322	1960	374	1034	1939	67	1717	992	1	783	692	1406	124	1590	1427	1113	1020	1959	111	158	1787	908	1695	292	198	1038	104	765
510	305	1816	1458	778	1583	1446	217	1360	1987	1464	980	764	1195	1105	726	1249	743	840	1283	969	1233	968	790	642	1634	234	464	1455	1731	343	123	842	1213	1115	1205	1843	1756	1261	1255	27	868	348	1961	1300	920	475	54	284	1547
1229	779	847	542	1535	1012	764	994	19	223	1315	57	1863	1210	480	1122	1419	898	770	164	809	1073	1372	1723	1662	924	1040	990	1390	862	1098	720	1064	891	1202	1354	1754	498	1331	1415	1437	1349	591	51	1783	549	1814	1563	1749	431
74	1226	375	1237	1789	714	569	1104	1800	1573	1776	10	1129	1008	986	125	1966	459	553	40	24	104	467	151	1687	23	155	1693	490	300	1171	1593	1822	181	189	15	131	1888	149	733	1347	1375	563	1756	1447	245	700	1032	1259	1682
1244	1728	1215	1020	419	1521	1121	910	446	264	1707	904	1430	1424	1150	1715	831	580	354	1942	1322	1482	1216	936	611	1590	1661	265	1620	677	1057	589	1594	1409	37	1530	1607	1013	1352	1516	1101	1609	307	1901	1466	54	509	732	1532	1365
1760	150	1821	584	327	394	1239	701	1141	184	1323	1745	884	295	1767	1514	1181	515	271	1549	438	568	1396	1434	658	1070	193	1067	739	1076	1234	1136	1859	1504	1985	158	1476	864	1669	387	1596	145	1381	1854	1285	1139	1765	1845	1260	207
279	963	1261	1313	1858	822	902	1436	1771	929	760	455	800	113	370	1608	410	1902	1026	430	1830	1654	138	241	88	706	309	329	1235	1803	1164	199	1712	525	1689	1928	482	215	660	1932	1881	827	610	1595	1160	915	1000	196	383	1495
1243	971	967	1069	1529	1597	190	615	1963	1954	974	1469	1939	237	1556	518	1222	1097	1993	1890	1376	630	1182	141	1612	1025	1770	1974	1346	92	1623	311	1084	1183	699	173	1750	1443	1635	663	710	1220	1494	1386	1362	1648	752	460	360	1219
606	510	1907	1213	58	715	773	851	577	119	1014	364	1957	703	1969	883	966	86	759	1835	469	231	1937	157	1151	342	322	267	683	1124	837	1125	844	689	691	1630	943	1806	1708	1153	1778	393	977	1380	1817	562	1448	1877	522	1885
991	454	878	1569	1152	1709	1189	702	1113	1947	1812	1922	942	1698	1784	1217	3	407	1544	1829	1526	56	1089	1727	979	48	361	194	982	793	90	399	229	1280	244	1679	1617	875	1081	303	433	1515	1251	1747	1264	823	1035	675	1717	1894
935	89	203	534	1291	1036	772	707	1339	1227	1304	1341	1536	1232	524	519	106	280	673	1785	705	1775	1404	1420	751	55	745	690	85	1706	133	987	845	1391	1906	1455	1579	400	1118	256	1154	1736	632	1996	735	286	1174	1973	1454	1342
1007	879	405	596	434	893	1055	18	299	1383	1357	988	1498	484	828	1423	1059	313	1193	381	1135	1753	1870	1105	1900	500	1483	538	798	1319	452	305	1839	421	1768	1861	1140	1735	1508	1336	1524	493	628	75	1062	1936	791	1297	1137	1337
1190	380	1851	684	67	366	1290	1094	1618	1664	1850	1925	143	849	888	1058	718	1203	1627	1876	1721	163	382	1330	815	1421	1474	337	1779	68	1060	65	532	540	1068	109	1452	1824	631	1653	1871	588	334	1995	1615	512	135	1840	1633	1696
144	1090	792	1825	179	545	627	656	747	1356	1328	198	1574	1472	418	813	31	449	1512	1720	205	597	1462	1334	1023	1856	1194	1102	1115	586	1987	807	359	1646	1001	840	1586	1300	1369	254	921	1880	1478	1733	1257	708	320	1131	1632	247
1571	1602	1321	1456	1732	834	877	741	435	83	201	35	134	1576	1039	1169	1926	641	724	1964	477	1179	576	665	1379	1373	1832	1258	1011	911	816	968	1667	172	1400	1518	1459	1992	1110	506	358	668	1049	618	442	1043	343	946	907	349
1425	1359	257	853	1051	1394	554	1052	571	422	860	1828	258	1163	153	1833	1293	761	742	957	1681	272	357	269	1275	80	1909	87	1506	626	1904	220	1470	1599	556	629	944	268	1156	619	1729	1606	1958	1744	507	1316	234	1505	640	1432
719	262	1192	1731	377	1629	355	73	353	363	1523	1269	1211	533	325	1410	1271	146	1769	882	1929	537	492	1302	227	727	423	1511	1924	989	315	270	249	1204	1804	587	544	1742	526	1550	414	1641	411	1911	850	602	1413	1628	1793	1910
783	1015	1810	28	1943	473	341	505	100	1525	1967	1119	1242	1002	1502	1852	801	197	228	872	1588	326	1083	27	1080	1897	754	120	1509	388	1030	1713	1895	981	50	47	1677	2	1338	21	115	811	645	594	543	1458	1884	210	1024	1796
1208	238	140	873	593	1241	110	1671	1387	740	897	564	328	246	1326	780	548	749	969	1401	1581	1479	1385	810	1364	1591	39	66	1585	1497	1743	1445	1891	1652	1027	1236	1004	776	1566	314	880	212	174	376	335	261	693	598	748	1493
1660	1758	575	920	711	755	975	123	833	1481	1649	436	918	930	852	1815	1836	1047	1805	1467	171	253	906	386	235	111	1298	1377	274	1647	1575	472	1274	1165	612	13	1860	1248	581	696	1794	1534	802	1892	1752	637	1510	757	483	1010
1560	1487	717	461	1306	1982	616	1855	1589	350	1106	695	98	25	1284	567	547	1009	1762	1979	688	1231	662	102	285	1548	319	574	996	926	1053	142	1930	558	1126	1802	1468	239	1457	599	653	1990	1112	869	1033	1499	443	830	175	1844
97	573	1370	437	1688	1426	734	1626	200	1392	736	992	347	1363	1045	232	1920	1005	1799	1484	1740	841	790	294	1970	1582	1103	901	1914	1919	1869	148	1882	166	1562	1266	1388	784	1624	1320	1496	8	302	1637	1853	646	1823	1857	765	824
46	1046	1975	466	859	432	697	842	927	275	1676	744	1984	682	953	768	183	352	1678	496	1545	1898	243	1199	1159	1417	167	373	1977	1324	1091	1791	1976	1207	346	1433	124	470	1	806	1037	1075	38	511	1538	976	914	909	96	474
331	1751	485	964	1130	426	30	1050	1429	465	1889	494	79	1674	1986	530	716	186	103	583	1500	1041	635	1077	333	1501	1249	233	312	550	1837	4	984	1108	1542	1808	738	1170	825	1314	608	541	1063	1781	821	16	1107	917	1333	803
1329	1238	1078	236	1820	1360	491	1405	62	959	829	1278	965	713	1666	1092	1680	638	1212	230	84	1809	789	1719	1488	972	440	624	805	61	1289	669	1061	1711	44	78	462	601	503	858	481	1988	1262	1813	1887	766	1962	52	1656	1874
1790	417	1797	1951	1777	33	781	1916	1786	1031	1875	222	502	1022	192	694	273	296	1625	698	445	323	582	818	1716	1827	1551	1147	105	756	389	973	1006	41	1811	1879	1003	49	947	1948	1288	555	1807	479	391	1317	448	1517	1296	378
1303	1738	1079	374	887	42	1172	129	14	1755	1042	1311	1631	159	661	170	590	686	1795	204	876	769	1175	676	948	551	351	1933	1374	895	952	1085	788	9	1402	826	817	1344	1416	1903	297	531	456	1965	248	681	954	1557	403	561
774	1071	464	758	1605	1327	401	1849	868	1283	1276	1818	960	330	219	130	1082	22	746	1451	1872	185	1393	397	221	1368	429	1655	451	1099	1223	1408	922	912	1253	168	81	336	913	266	1886	1265	379	7	1614	1490	937	1307	43	1710
6	1366	1940	252	112	1700	1074	1683	890	900	1787	59	1221	372	1971	94	282	565	468	1644	932	1565	1471	1578	488	126	1899	1109	1021	1513	737	604	1044	504	339	1054	408	614	413	1675	1224	1492	147	1198	1301	36	1395	680	1553	1690
1412	993	216	763	72	1684	771	1397	1428	1981	1953	905	808	865	298	1252	1255	592	1938	1905	1961	1480	318	804	1782	1946	117	1503	1180	1184	471	340	1353	648	1915	209	1739	441	605	53	1161	933	1941	607	634	1214	1475	1185	1826	1335
521	1247	863	1663	1702	951	114	116	1798	1435	938	832	93	195	1486	728	1361	1658	848	1878	1956	324	289	1143	1773	108	903	1453	1555	726	1332	785	1726	332	1604	1123	1111	1282	1087	1764	857	778	1583	679	725	1200	176	127	308	156
1692	1921	385	1866	1389	517	107	1673	1621	613	1233	536	636	546	29	782	348	1292	650	188	651	625	1841	1384	1489	136	420	1908	1642	1230	1268	99	1543	617	487	160	958	560	1619	1864	1842	552	1972	457	835	1927	5	1980	1704	1406
1427	406	723	1477	1114	1191	1522	208	345	999	495	762	182	321	1950	1048	1096	940	293	60	925	251	292	291	1095	1672	1559	1294	1218	1724	1228	535	1519	1281	962	1960	137	1598	214	843	20	1263	980	861	1540	371	1843	787	1186	655
1759	1772	1201	1533	1403	649	395	1867	1056	527	1587	476	497	367	1558	288	390	1838	667	1254	839	1989	1701	1016	1918	867	644	1528	1670	654	101	1157	1949	1737	439	1601	1725	1792	427	609	885	516	750	202	306	95	1650	1491	1893	1034
1407	666	1746	870	894	76	1162	899	1978	923	1188	1780	450	513	1695	970	1088	501	1865	1120	1639	281	416	277	819	941	1225	664	1831	1312	162	1168	458	998	1572	1246	874	692	11	1944	1167	1245	1485	1440	290	187	1116	1086	206	362
721	1093	652	1355	1441	317	1912	283	1272	475	1029	1473	1638	856	1286	1611	1552	1883	1310	931	369	950	1358	161	836	579	1196	1694	1461	218	1873	287	678	34	1177	412	26	955	1600	1197	1132	1570	657	820	478	1561	1657	132	866	585
1788	919	1017	1279	63	1703	1616	453	1622	1100	687	854	871	463	1584	1613	1028	1730	226	1718	1205	1816	118	559	1351	642	71	1714	12	1801	775	1659	1418	777	1144	1446	1209	1757	165	1325	1195	799	1959	1166	91	177	402	1539	1345	392
674	889	1145	983	1848	722	447	45	978	570	572	1133	284	623	709	995	838	916	1411	1308	70	1299	213	1340	1934	1438	1414	961	356	1187	1038	731	1148	796	578	178	557	514	1547	152	949	1173	1931	956	121	1149	1983	1761	1206	1651
396	566	786	486	1748	528	316	647	82	1439	409	128	712	794	1645	767	338	743	263	934	846	276	1350	523	595	795	1318	812	368	896	1741	1127	1527	1935	1450	539	1691	1066	1763	1868	1465	154	1507	1176	1577	425	1256	1277	1610	600
225	797	1250	985	224	180	1640	633	1568	1460	643	489	892	1431	1158	1862	278	169	1722	1705	1371	1846	301	730	520	365	1643	1449	424	240	217	1134	1697	242	0	1018	1155	1128	1923	259	1774	1463	1444	1592	1072	622	1537	310	250	704
415	659	1955	191	398	428	945	1065	621	64	1378	1699	1896	1580	1567	928	1019	1546	508	886	1367	1668	1991	1665	997	1270	1603	499	1531	1305	1554	1309	211	603	1917	1399	1686	1138	1146	1541	939	529	1636	1734	1117	881	1847	404	384	1382
444	1766	1348	1952	1520	77	1464	1994	1819	260	671	908	672	814	69	753	304	122	1343	620	1287	1398	670	1564	1945	1422	1240	255	855	1295	1968	1142	1834	1178	1685	685	17	639	1913	1442	32	1273	1267	344	139	1634	729	160	1600	1715
1033	1431	1017	1440	104	1677	279	16	1716	52	1124	1149	1019	1383	1209	941	895	334	530	1774	1958	824	425	706	738	1117	1697	694	1721	254	407	69	848	188	173	41	1474	1156	1215	399	921	1099	1036	801	1300	798	477	421	1708	127
1808	1299	1354	1368	1931	1286	1951	829	1915	211	242	436	1730	1834	1077	1101	1803	886	27	1722	1781	1470	186	1262	284	1699	1080	599	3	153	1081	1003	1428	1157	646	1613	256	1454	1145	1188	669	1239	569	1903	1588	300	1026	915	1377	859
1362	1347	889	1220	563	1819	1174	1266	455	103	1770	487	995	881	480	1381	1575	4	386	690	729	142	566	19	1599	1290	1539	1396	1494	624	1471	1135	88	1115	986	1078	869	767	1857	964	1589	416	1481	408	758	593	611	757	1037	344
1436	40	837	1767	726	47	1083	1768	1371	950	6	1676	587	1940	1398	613	118	125	1182	144	175	463	1693	1905	1414	1456	1248	1515	993	1586	1229	1439	1983	1521	1684	272	149	595	1755	1592	1897	874	1637	1537	449	956	1425	1953	44	549
231	559	1848	1231	1426	586	739	325	457	115	510	709	1936	1024	381	811	1732	1444	980	1236	1071	1640	95	577	576	938	343	1151	515	1690	1541	912	665	1824	1553	1014	1053	8	991	1882	1008	99	659	1317	1973	629	567	458	1005	1472
981	1888	1155	909	1579	1259	1639	1394	1887	225	1647	1007	1775	1238	1554	1247	1565	1607	1344	1874	439	339	253	1581	1906	778	1604	208	1158	1712	1369	598	1844	277	649	1069	192	644	442	1711	1128	288	1059	1935	1328	1643	73	1334	484	1533
1839	821	1750	201	1805	1437	114	1851	930	976	1417	1630	1528	1458	53	1253	1265	1297	1205	543	1638	1486	1274	1361	680	1415	1577	1866	591	1666	1079	124	1086	1829	1435	1226	1800	1326	534	159	1010	1950	1626	1943	1235	1438	1820	864	677	349
1177	401	220	1885	977	1465	107	430	1934	136	1559	241	674	1710	535	56	461	160	161	772	151	356	1508	274	307	1776	1397	1678	617	979	621	564	1724	1717	955	1979	35	138	1191	432	1351	216	1208	502	1	476	460	1283	545	433
287	920	1605	1991	145	686	1006	975	210	1092	504	1412	385	1085	1324	812	492	1355	1741	1801	1642	198	1391	807	1889	1268	1618	1685	910	190	49	639	1200	1031	1846	1564	1652	1709	1076	1048	303	14	1002	1513	846	1373	1787	907	1271	1214
527	1199	947	731	431	1342	357	68	948	762	725	626	1877	453	1893	942	1524	1978	939	689	179	446	1548	1860	1495	1646	697	1251	1641	721	749	897	1337	1233	1216	1447	285	1614	183	1927	1232	863	473	828	223	1567	661	227	189	1388
1584	554	565	1067	478	971	794	1496	1892	1555	622	1665	1763	1549	29	1025	871	293	575	1651	402	360	290	350	167	520	81	294	191	1153	233	780	39	1234	375	1975	2	666	1015	1462	1920	548	168	1959	748	1615	558	560	134	1532
1663	268	1252	1621	966	1180	1172	777	371	893	632	698	1168	557	756	1129	389	326	1972	856	318	1902	1917	1116	761	1790	1217	894	1502	413	91	1907	1791	1899	1023	229	345	1679	1894	1695	1325	1301	1992	536	1795	397	816	84	1786	873
1163	1113	1144	594	834	1360	1386	1042	526	963	1064	988	813	604	1883	251	139	1289	1315	505	1571	703	612	1102	1056	1066	275	459	1453	1955	352	400	1896	337	1313	1766	911	1213	1736	393	1656	717	1244	805	836	1408	1956	663	424	479
1967	209	1578	1427	1161	630	1561	1034	1389	185	724	1100	1500	1403	1364	702	1968	539	108	1977	58	1616	273	1701	1726	1018	218	1367	170	1963	1594	1319	483	226	823	1190	1366	470	619	1202	247	263	1627	637	181	1192	351	1713	1088	844
395	1926	392	715	996	1702	1429	299	754	1841	1562	969	1103	1911	32	647	202	321	1139	419	1798	1830	970	1734	588	1748	1582	364	814	796	82	1133	1479	1281	727	1001	163	396	93	904	98	1310	342	550	1749	925	998	944	1938	1338
916	1331	313	1670	1402	1457	248	450	314	172	1729	973	361	793	1901	513	78	1700	1634	1314	1087	764	974	1910	1339	934	1011	1261	1406	900	224	585	370	1012	654	129	954	1225	340	388	1823	552	1593	1510	1867	1793	283	779	533	1212
839	1984	858	655	238	723	5	556	862	1913	1675	825	512	22	1164	1660	26	106	1433	929	1264	1498	1788	1597	908	428	143	803	1840	1400	1727	707	100	750	1330	765	818	650	1353	1276	827	374	719	906	31	180	1173	1445	960	1529
1725	519	1348	579	331	957	1580	1952	206	110	1682	257	1838	580	1030	1698	741	833	936	222	119	141	1094	516	38	1654	1306	952	384	489	1762	1692	500	1379	1222	1550	369	382	555	1463	193	618	1004	1691	312	359	1771	1989	1070	1242
1835	122	1873	1131	405	1623	1827	1648	625	642	310	1572	1473	195	1704	17	1055	843	1028	1683	633	1405	1688	271	1322	94	1552	1250	1187	623	65	164	1295	1756	1602	1540	746	1482	1046	786	903	1843	113	1097	699	1804	148	335	1919	1106
177	1728	1949	1201	1349	380	316	1547	872	1240	1058	1148	1451	562	997	878	992	1937	989	1162	1126	1309	1375	1742	1837	1045	1120	509	1806	120	1522	1411	1672	422	1929	1159	797	372	1050	656	1746	1160	109	607	1104	315	96	1859	1872	601
705	1230	1946	1107	387	1583	64	1270	1108	1761	1273	1939	491	200	1661	1420	1875	7	935	498	1346	1304	1624	683	664	788	1558	276	712	417	528	1847	21	1167	525	1075	760	1424	978	832	572	1966	789	346	1175	102	532	1912	1976	1186
67	635	914	296	221	1111	1263	1778	671	1631	50	420	495	154	262	651	1032	704	1970	1350	1254	365	59	1681	1718	1171	1219	1090	469	1298	896	45	1509	472	521	1948	1606	792	1780	232	1757	157	508	447	1256	295	1278	329	640	265
1287	645	692	1356	1752	1504	1928	1323	348	215	404	291	178	207	544	1772	1625	474	1611	1619	1560	1359	1311	362	1241	123	126	448	1132	1703	795	1503	806	281	165	117	1487	1982	673	1507	454	358	1227	1668	1082	1941	390	1587	1258	1170
1370	1751	1505	547	394	1739	1576	733	152	1850	1673	219	377	1109	972	409	568	1657	1822	77	1530	1022	174	953	1645	1556	245	411	990	255	1813	877	462	1723	101	845	753	882	1195	1994	1747	817	730	76	660	1446	810	30	1598	1849
63	714	1065	1459	1198	1166	924	1409	1516	1942	353	865	1520	1669	121	1908	638	1275	1622	1990	1792	1816	1969	261	493	1269	503	1536	1246	982	1501	51	1923	57	338	1469	1635	1141	546	1629	768	1754	1557	1380	606	1184	581	260	1130	235
1985	1674	1696	1443	857	524	885	1421	486	866	1063	781	1862	319	112	711	687	302	410	267	330	1294	1932	962	879	602	1484	668	87	898	1152	1461	888	1506	1404	490	1569	1395	838	97	429	1796	1890	270	1061	1534	854	1858	1891	855
403	1392	1179	747	875	1802	1609	1881	722	769	728	675	1027	983	763	1119	1825	1393	1343	1759	1197	297	927	1057	1134	214	1203	278	217	542	1705	867	133	155	1372	1512	744	614	1329	252	1272	835	1121	1573	693	628	1123	1526	363	150
1303	1365	1378	1856	1687	571	1671	244	743	1049	1114	734	1038	842	695	822	1785	196	1789	1886	1731	131	444	946	499	1143	435	849	1921	488	336	212	672	876	1924	456	1603	1255	1527	1363	1327	1821	783	213	1545	1845	1285	684	918	83
412	899	1947	332	1105	1764	1138	1112	176	1434	1868	373	511	443	737	1720	366	922	497	1316	1930	667	1980	1060	1962	1399	658	66	1779	1358	605	959	1245	414	249	850	1944	735	1649	1869	1352	1122	679	33	1600	685	883	1476	236	1257
931	418	1543	1142	1041	71	574	1620	308	933	620	1964	1488	1013	1523	951	1738	670	787	999	582	1852	1864	135	1418	1095	1782	700	1357	1282	819	1601	1098	1193	1016	1996	1491	1715	18	578	1452	1744	1497	1185	766	1954	74	937	1511	20
774	905	1448	1737	631	627	861	243	652	1189	1419	1478	701	269	716	1610	1183	1538	1632	305	111	282	333	961	1818	1196	205	1861	1694	775	1460	1853	15	691	391	1815	1733	289	1960	657	367	1900	681	452	1836	1194	799	485	1387	280
1689	146	551	415	901	1382	1617	608	327	1570	1865	1292	1165	240	1009	985	203	1735	718	949	1072	1150	1493	169	1039	182	1136	368	808	1468	804	759	1223	1707	696	1277	1563	609	732	507	355	1176	36	1492	841	1566	1957	676	662	471
1680	1863	853	1211	1321	852	1531	610	641	1831	1374	130	713	426	440	540	90	37	884	745	643	80	1650	286	54	994	708	1517	1243	616	1628	239	70	1000	1653	258	1551	1280	1636	1260	34	919	1333	1385	1091	1658	1922	234	1591	11
166	298	1895	1401	597	1794	1799	1249	62	892	868	1051	710	328	266	1832	441	517	1686	1345	902	584	1585	785	553	475	1127	1898	1826	445	1340	1833	682	398	162	347	1181	1449	354	1384	1293	1207	967	451	1410	1073	1093	60	1318	137
1332	501	648	1817	158	496	1021	25	79	1667	1546	434	1450	968	1068	1854	1224	1765	55	1809	246	600	541	116	10	481	752	590	427	522	1296	147	1228	634	965	1477	1483	378	324	1089	1147	815	1499	583	1740	1416	1644	791	1206	784
465	1430	1777	437	237	506	1769	1335	603	1904	1441	518	197	1925	92	776	1137	720	523	1876	1432	383	1995	514	820	24	1514	1118	89	1267	376	1743	880	292	531	128	1455	171	1758	86	199	1376	958	482	85	467	1988	1169	228	1706
46	1535	1811	592	1204	1308	742	13	9	984	1096	1745	932	28	1974	890	1918	309	322	1525	1044	1812	140	184	1842	1783	1879	589	317	1810	678	1664	736	561	926	132	1814	1336	943	987	230	1519	1279	809	323	1807	1933	1423	1312	1221
438	1407	570	1971	464	1043	1719	1490	0	1612	1961	1880	204	1341	830	782	1871	72	802	1020	940	1074	1291	1210	1855	1047	1595	156	1909	840	48	1784	1760	847	1633	1884	917	537	12	1773	636	1464	379	1052	1178	1390	1986	306	771	1302
1146	1797	1140	1655	1029	42	1544	1284	1422	1475	1714	259	1574	1467	1608	311	945	1870	740	1320	23	790	1518	1466	529	61	1981	1987	1480	1237	1062	773	870	800	250	1288	1914	913	826	770	1125	1596	1054	1965	1413	538	1110	1659	573	1084
887	928	860	831	1040	43	755	1590	468	194	1442	1753	466	1993	264	301	891	1485	653	688	851	1542	596	1218	1568	1035	1154	304	341	1878	1828	1305	320	423	406	1662	615	1489	1307	923	1916	187	75	105	1945	751	494	1840	569	79
1420	1372	167	1561	1436	113	1642	343	502	533	1305	1815	324	1858	274	696	260	1520	1149	1973	1120	376	1822	1306	3	555	650	758	956	529	1070	944	392	375	1930	827	1791	1467	146	1687	99	358	884	893	1235	903	1005	168	368	225
432	269	759	379	1176	1051	1450	1743	1287	1151	486	840	814	13	1404	1519	1653	1762	664	1572	1079	684	1229	1365	321	959	1319	558	330	1243	1087	812	926	789	1095	1445	228	976	1577	1368	1730	55	242	1634	626	70	1077	729	1811	846
1421	1328	406	1758	1184	540	1049	921	445	383	1549	1252	1953	534	1617	195	724	210	649	1908	307	924	1488	1701	409	682	487	1423	1610	1991	1924	1594	898	1785	600	1670	1544	1469	775	240	1663	1888	1060	1050	318	1312	1297	638	1494	1937
200	531	1414	266	1571	1891	1525	559	581	1424	477	1967	492	171	557	1914	257	1895	239	302	1171	754	971	1696	1333	1301	1805	1236	1390	402	58	1835	451	983	1633	148	1096	1861	1721	1879	691	957	1024	1530	1062	832	1711	1446	133	1686
408	157	1797	848	932	1121	641	184	941	1615	1648	1237	1600	373	253	1034	819	720	728	446	1749	955	38	517	181	79	833	611	748	646	716	1286	17	1925	1656	1486	1820	158	1790	1296	1258	1292	218	310	1278	523	810	120	943	1708
1341	752	1829	854	579	442	1507	1742	1349	1854	1158	366	140	633	448	1045	101	1781	843	1228	275	1899	1354	585	94	388	1740	1042	580	991	693	1100	220	1396	708	206	1492	560	111	198	1799	1645	952	438	390	1433	1690	149	169	278
1760	84	131	1611	458	546	498	1524	878	817	985	1819	281	1590	1688	1685	1105	1011	1279	493	136	1627	160	6	370	1471	1315	1647	109	1371	1403	1517	1035	1511	1884	1063	304	1545	847	1075	743	1402	371	999	613	382	1481	1241	1253	966
1936	265	1	1431	1055	1027	866	245	1238	802	722	1203	431	1498	1348	1030	909	974	1655	97	259	1607	1759	526	1972	1720	1771	947	1098	849	435	241	1576	1619	1056	345	904	937	396	1381	628	561	26	1880	1303	504	233	842	1177	853
1559	653	1359	709	1435	1976	620	865	52	494	1814	1703	1415	685	530	1314	92	190	1551	769	1340	1506	803	27	1948	1139	782	1565	43	1199	56	1001	679	1429	1205	1844	1518	675	61	185	268	654	524	125	532	1557	910	161	861	1214
1484	1023	1971	423	35	76	1913	978	1978	1122	506	416	328	1753	1828	1514	1878	340	1398	1956	424	1770	1665	830	1939	468	714	22	1462	66	1580	1178	809	1323	1260	463	108	727	945	1877	47	1438	141	821	995	1830	1453	296	1485	1140
761	1714	1823	933	481	1111	102	1143	1200	250	1832	342	697	1307	1638	1779	1343	975	294	1707	1747	869	209	249	1059	938	1898	1838	850	1712	1538	1187	1865	1965	1166	395	1632	1411	804	1695	1812	939	1664	143	1731	1335	1276	1946	1052	563
883	1862	877	594	1918	221	393	1261	732	452	1618	698	681	1801	1125	219	744	236	77	10	1369	1165	619	1516	968	1413	1866	1868	381	920	1010	1408	1465	1738	1362	469	1597	548	1224	783	961	1911	1949	1327	1852	737	1223	856	1439	1595
1427	1101	29	747	213	8	1980	454	1015	119	83	1400	419	1043	707	670	1076	1966	1293	1103	984	1085	1232	1777	508	1374	621	785	1273	1210	900	398	713	1020	273	1741	1643	1887	1886	1974	1281	138	1391	731	622	1558	365	635	1704	1183
1931	1992	46	313	1726	1461	203	377	1172	105	1472	1659	1477	593	1360	1987	1444	449	237	1483	1944	895	510	308	2	1441	25	71	1106	1009	1064	1681	1601	1330	1257	1631	1536	690	765	457	1409	1448	572	301	1251	637	1452	806	1928	1295
544	1552	902	1528	1202	1247	48	36	59	72	1800	1798	1636	736	165	889	467	1986	1567	885	1842	1248	1614	1628	929	1903	174	459	1383	1651	1211	1351	1825	661	689	1230	1608	465	1080	640	421	500	753	254	1066	1322	1531	208	1196	1963
1007	69	126	1304	1582	407	1299	1173	1783	1108	1612	349	1458	777	1430	535	1006	298	1850	1682	1546	1766	1723	333	1382	285	1380	1213	415	1394	363	196	623	899	90	139	1115	1097	1624	1803	121	541	857	651	1468	805	1309	1763	1227	1311
401	625	1047	1186	1515	44	205	1068	124	1083	214	1144	1864	1938	1167	73	204	677	325	1363	1717	875	357	1138	663	1104	186	763	1310	234	323	669	57	179	258	1555	760	1816	1277	31	397	1954	527	1661	1929	135	876	1674	104	788
772	1219	1947	430	1503	478	1449	1146	1734	49	1086	1512	989	1113	341	1856	855	1470	62	1821	1813	1284	1089	33	601	1437	1124	762	1909	1264	85	1017	255	553	1746	1729	1715	547	246	216	798	915	795	466	1447	715	1806	1482	725	1078
852	1376	958	1890	14	314	1786	719	801	369	482	1857	1061	1959	116	1923	247	683	443	1541	1725	153	418	1716	907	1392	39	1568	129	822	1609	434	1635	1443	1630	1678	1564	1215	1459	864	862	1207	828	132	189	1679	1907	1375	1250	1401
193	879	1689	1179	297	439	1338	1750	750	1744	894	1853	790	1163	1970	674	1014	566	740	1451	519	335	1548	1339	1649	602	901	552	525	1500	291	1836	550	551	1563	1505	792	346	400	699	1917	988	1502	217	1044	851	384	528	447	1334
1298	1752	1300	584	1677	440	1161	1775	863	1769	1246	687	1718	1751	953	1016	433	15	480	1072	1644	1201	554	1588	573	1157	1147	1757	1000	1863	1792	1003	411	569	1692	243	1706	0	1625	1919	173	1509	479	472	1245	645	702	420	648	1195
538	556	1393	211	1662	656	912	1198	1761	711	332	688	858	404	1733	1945	1626	1263	1218	1419	426	1346	1691	422	429	98	1344	495	793	1336	1573	825	797	891	81	1442	1599	473	616	28	632	367	1480	95	1912	1271	1892	489	1940	455
881	178	354	180	1406	1709	723	1867	1129	1666	1756	50	1876	574	80	1652	1802	112	671	410	662	923	919	1902	262	9	1074	925	222	599	475	627	1285	1521	336	1192	1290	322	326	37	364	659	1384	1389	807	1107	1267	1155	1629	1057
700	963	917	1457	385	231	1325	1501	1324	1428	676	1697	1795	387	970	610	248	1668	928	1958	1981	1039	399	1233	378	605	163	887	1553	303	1217	1585	813	1722	1084	235	1191	514	1370	1889	705	1575	1834	1135	511	1265	733	199	1933	634
776	636	1355	1491	1337	1326	1456	658	207	1418	394	1840	244	818	1837	892	742	712	1578	948	292	589	1162	964	874	4	89	680	1764	786	279	590	1373	1073	1320	741	979	1975	844	264	1206	1604	1475	873	1776	1693	1523	267	1547	1026
361	1154	576	607	1377	1581	1386	1710	334	19	1048	1256	936	1067	1110	1550	886	1950	940	1474	834	841	990	1658	655	1476	1657	327	359	755	1434	603	888	992	154	1321	1916	598	226	78	1641	1182	1353	1748	998	779	977	1190	183	570
1995	300	1170	1331	1579	564	414	726	1204	1765	155	496	882	1672	1099	1554	151	1875	1416	1234	1737	1527	1127	1432	799	283	1784	1018	794	770	1570	1705	916	1881	1318	282	1860	582	1979	1675	263	134	930	1885	837	868	896	1410	67	1313
1602	973	870	1417	567	1185	1893	356	1817	507	1698	1569	1150	229	1513	1272	962	942	1584	1004	1361	701	1952	30	485	1851	1259	1522	1194	1283	1873	946	595	23	150	1910	1225	951	739	1088	444	1168	87	436	1669	1870	1081	1466	826	800
106	1591	144	344	1364	1922	588	1053	835	290	678	839	1405	1906	1145	1927	1849	1621	746	897	65	1639	64	339	981	74	565	927	1847	1613	453	993	1294	1684	890	1526	1019	1141	1209	516	647	639	778	820	1266	1426	41	1490	1008	673
1874	1872	299	1529	20	612	464	706	1960	1463	227	982	380	617	721	1132	880	1988	476	1013	1352	1660	417	75	1093	1032	1724	643	1302	608	1130	1112	1539	542	1926	1169	1036	437	771	1493	471	575	1455	515	784	1274	137	1148	1489	115
1833	1719	271	934	117	1275	1606	1869	1616	1268	1495	539	1676	1142	1221	1291	1767	1175	1846	1882	838	1128	577	123	88	54	1934	1943	405	1807	1667	1071	60	1510	497	1347	470	270	483	596	604	1041	872	1768	491	18	562	93	1288	372
309	1091	1839	1713	182	766	238	521	192	1810	40	823	1586	1982	201	1905	202	1977	960	1566	175	166	756	543	730	768	949	1255	614	1356	1700	152	1818	815	1280	261	571	703	1119	1772	1181	1535	836	1845	1789	425	1968	1787	1031	1329
1782	735	12	350	337	1479	1640	347	305	1983	1774	1694	7	289	5	1915	867	360	787	1796	1038	1254	1622	1897	1951	142	86	545	1605	629	1239	1388	1308	1620	1646	695	1560	1270	1587	352	667	362	1133	1808	642	615	1082	1900	1532	994
1473	1282	110	320	536	1957	197	1160	1460	1188	164	796	1673	1654	1159	1778	1603	490	1069	1152	967	1109	1136	1848	1058	162	1269	808	591	734	657	501	1826	1366	829	1650	1990	403	537	1454	68	908	1583	1896	107	1134	460	1180	1316	114
1994	503	1955	389	1054	1040	1533	316	1028	1407	1989	1002	987	906	583	474	450	1332	127	170	518	1065	1021	456	781	1984	717	1358	427	1637	1123	738	751	412	1208	1961	512	1920	1425	252	1735	710	1262	1022	997	176	488	355	652	1534
986	1499	1117	188	24	1379	147	1589	1932	1901	428	587	441	1222	592	996	749	1345	704	1126	774	1046	1094	1378	1395	103	1793	666	232	1226	972	1804	1964	1883	272	331	913	950	315	286	513	1843	1029	1671	317	1780	668	791	295	1794
630	312	461	1543	1773	505	757	1114	96	931	224	1220	1540	1969	1904	16	1137	1497	177	277	1193	980	1440	1809	1855	922	871	1596	351	1212	969	1727	522	1504	578	122	338	82	1921	11	287	1683	1562	413	509	187	665	1537	42	256
1859	353	34	1153	845	156	1342	816	1037	212	1216	63	1240	694	609	1357	520	32	1739	1012	293	499	767	128	1092	223	1422	1827	1118	692	1116	1894	1755	53	686	1387	1399	1941	1367	1033	1788	831	1736	1593	386	1574	1197	935	1496	1025
91	1680	1824	1623	1935	306	1317	811	1592	276	1728	329	215	859	462	824	914	348	780	606	1464	45	251	1174	965	1478	1249	745	1754	597	21	1189	118	954	172	1131	100	484	911	230	1231	319	1385	1487	568	280	1996	764	586	718
391	1745	159	1871	1942	773	191	549	284	1090	1350	130	194	1732	1542	918	51	1289	1556	1831	624	905	1397	1985	1156	644	1841	672	1508	1993	145	631	288	618	1164	660	1699	860	1412	1102	1702	1244	1962	311	1598	1242	374	1300	457	989
1882	1287	272	187	758	1656	956	443	225	590	1215	587	1165	579	1076	1112	168	880	1018	696	498	1900	1751	995	261	658	56	182	1276	1229	671	1763	1279	507	95	1710	1730	1901	666	389	1087	1402	932	957	1157	977	1516	323	144	736
615	674	249	749	1799	1010	1576	117	817	101	0	524	373	1458	910	1634	1190	447	353	668	681	480	223	747	1321	820	183	1582	962	1946	1109	1270	497	1837	122	470	297	1680	1783	5	1082	6	121	1122	577	860	919	737	863	718
1717	788	1694	662	1212	142	1663	894	1370	1043	1795	405	234	1958	595	621	709	1569	1821	1167	792	1708	1551	912	1101	1290	106	12	20	283	1529	1683	369	1992	1577	210	1677	1433	1885	1004	1632	627	560	1490	1195	1828	1666	417	767	252
1601	1315	1623	1325	1182	1021	1297	88	198	1419	1744	1515	1979	512	1226	1339	882	1819	13	1595	1600	476	1550	1661	1548	86	37	1376	1203	257	1673	1413	1917	83	735	586	790	551	1345	569	157	464	856	1688	1942	202	376	1627	1740	1530
444	843	618	619	1128	889	1267	1280	1316	886	1385	831	1988	285	235	906	333	816	1332	291	191	1742	998	752	1512	1777	624	1687	1424	712	1056	684	282	346	827	1868	1060	113	492	380	779	1911	141	262	388	1058	1288	564	1792	1501
885	731	290	692	1181	733	391	367	719	878	24	381	491	598	359	1269	496	166	1401	486	1974	1584	804	1460	1924	1061	4	1880	1453	1431	853	462	1573	233	697	936	60	375	448	390	1375	1404	335	437	988	245	118	965	546	644
1566	755	1347	312	1699	1310	259	1048	987	94	1843	1565	368	1867	933	1442	1861	1079	1859	608	320	606	631	600	1722	669	1160	698	847	1959	1050	1926	1209	1127	1341	1993	453	575	1249	537	350	766	1765	481	146	818	800	887	1450	1815
1534	288	194	1238	835	1950	129	278	1143	452	1756	1177	36	1782	1193	830	92	1024	1556	1247	1353	979	723	1355	1523	665	763	1807	1994	925	1753	1737	533	1005	1728	1255	432	813	1951	1035	1539	1361	1230	1175	1934	705	947	229	1459	1775
1303	264	1608	135	1268	1216	1709	123	1305	1102	212	676	1141	1690	502	1561	1479	203	155	532	1829	1239	455	1583	974	1373	199	1436	1471	1841	1651	1093	488	870	929	98	10	1823	1609	1207	864	431	1411	211	1884	686	991	944	1274	1294
1615	839	1760	1185	798	1509	1559	1213	1676	67	679	159	1971	1099	1542	289	526	1863	1428	68	1648	545	1124	1027	1011	477	1786	3	1713	908	349	1614	1003	1769	1443	243	337	848	240	1510	177	1387	1263	280	484	1703	1888	1745	231	197
1369	659	1090	463	171	1734	1854	937	1289	1700	1865	1937	412	1906	1602	1066	714	1800	838	1095	1929	1957	913	920	1794	336	39	826	186	981	734	414	371	641	57	1481	650	1064	354	465	1590	955	1636	358	1441	772	378	1205	133	1197
55	1711	1869	1465	1724	1130	620	1037	1513	1397	145	1256	1187	1069	753	1508	8	1415	311	1647	1096	1265	143	1154	583	435	983	672	837	19	1642	1159	1463	927	905	362	189	176	781	132	616	161	534	1261	1549	632	1664	964	43	147
29	1105	1519	1412	1360	1987	1236	1524	1088	1221	107	1166	531	1405	1507	646	1564	1089	1759	1788	1354	138	294	743	184	237	854	332	594	1278	248	1295	1521	1389	963	1544	1818	1172	298	1581	457	1440	1752	64	680	628	100	1701	1301	584
127	940	578	642	79	1144	1001	442	188	1641	630	276	1972	869	1898	1810	16	785	536	1689	1348	131	809	1129	732	993	1410	521	361	1851	246	279	1234	1047	1789	1644	1692	222	1208	1406	845	708	422	1621	612	1639	1233	1257	89	950
1961	943	982	1624	1935	1797	449	84	1776	997	1721	1078	629	1589	1092	635	116	1808	1113	806	1755	605	1320	1741	1955	207	868	1070	604	1956	1633	82	567	1429	509	1340	506	1147	1007	1832	154	1933	1848	601	489	377	456	657	72	1952
382	916	1922	844	888	1554	196	1240	874	1384	1945	1969	441	1762	273	915	1771	1120	989	33	226	971	1224	938	420	1527	150	1881	1210	1695	751	1117	1939	305	271	59	1492	1768	609	77	1976	871	1781	503	1954	128	625	1262	1578	1872
1116	224	1522	1587	1820	1041	1191	592	1638	236	1201	386	163	1006	607	1445	1313	924	1228	344	568	789	1520	1691	156	715	1444	397	895	1371	45	445	990	1747	745	1932	765	572	1845	1469	292	561	678	1712	1805	1484	761	1437	1518	890
114	1563	1300	1053	1729	242	1365	1830	953	1574	549	1916	1449	356	1646	1495	111	1726	1612	637	1052	655	254	1686	1679	175	91	1328	322	274	815	1169	1134	148	1136	1858	1588	1133	314	450	1363	811	379	104	1560	1358	1235	1754	1874	149
1533	1059	1920	299	338	1494	687	1915	1462	514	108	892	942	408	341	1030	1907	1211	776	1123	205	750	1910	295	53	1346	1377	324	1253	471	589	802	1179	347	647	42	797	97	1176	469	181	774	1368	1149	1199	1909	277	17	693	195
269	768	941	1322	1895	829	1054	208	1435	429	791	879	413	1374	1237	1500	1252	1514	1446	1036	1248	421	1597	897	214	1996	1669	1033	482	891	310	1682	1318	1062	284	219	244	1943	1670	548	301	238	1476	1336	1075	81	1611	1448	139	315
1135	1219	461	599	1103	1418	1871	554	773	1173	1110	1864	1591	1162	348	1964	162	1031	1189	75	44	1077	1631	251	1403	1903	1824	1659	174	688	716	571	102	1307	1439	1275	38	1968	1034	1482	41	179	553	307	1285	1731	904	1816	1180	1902
169	1657	1491	1335	1493	1813	930	73	1483	1407	466	1000	25	1938	1725	1511	153	1153	392	1838	1020	1100	690	1720	967	1506	970	473	1356	1833	1985	1277	1200	726	720	124	670	840	994	1707	402	458	1338	909	360	1498	1106	842	1839	218
786	740	1878	1246	771	833	499	558	407	18	308	1232	318	7	1991	103	260	898	865	1343	1080	958	759	661	1876	794	160	1217	1904	1293	1778	1414	304	1718	216	303	1394	999	1008	611	1984	675	1055	1925	544	603	1970	1585	1757	351
1146	330	1637	1891	1743	1835	1886	1793	550	1243	433	1866	300	1366	1811	265	1649	795	873	1132	256	158	914	563	1696	1655	1619	634	1126	673	1579	1282	416	1014	1847	1391	1081	474	1194	1393	125	660	1487	517	966	1438	1980	928	266	1192
901	793	137	519	1362	900	1115	525	728	1324	1702	574	1174	1057	934	1806	1038	1388	1681	855	996	1327	764	700	1400	1618	395	1826	1028	415	651	1017	807	1862	1960	428	193	1399	975	702	945	1575	403	1072	201	613	866	1421	1139	1678
1121	1186	1650	1927	1314	717	1908	796	1111	639	1291	1870	505	1966	1622	1809	1422	1086	1184	62	1188	9	911	1652	1022	1913	828	1822	31	1850	1887	862	899	1852	742	1145	1454	1594	883	1118	782	1526	1337	1719	1617	1626	1802	917	1002	566
704	1541	1466	1012	682	1065	689	1738	803	559	867	460	1477	1798	850	1706	1016	321	1936	638	1378	1334	263	326	810	746	1381	1787	255	228	426	721	213	978	66	27	1040	1222	822	1764	846	841	1273	683	1140	1380	23	28	1667	1223
1598	71	1447	703	643	952	1073	384	1580	1473	1158	1662	1842	247	626	946	427	1840	343	22	1299	1645	70	1258	884	48	1296	93	109	1455	1528	434	61	1486	1896	1298	1349	1727	896	1879	1367	1658	542	821	316	1803	1104	1108	325	1982
1914	99	404	468	317	1344	1785	1063	1625	823	399	167	1567	1831	1497	1151	710	760	87	76	872	1204	479	1456	602	495	1572	1496	805	1425	1525	1736	1015	617	1705	1029	1857	1538	756	1383	1308	430	396	1309	287	286	126	1451	32	948
504	400	515	1251	699	1555	780	220	328	543	1766	1114	921	1921	1470	570	398	951	1628	365	1379	1478	1505	1643	47	926	778	1723	1630	1675	1107	180	1292	26	556	1892	170	1091	1849	192	528	622	1947	1464	1899	1045	1674	876	1846	1250
1206	1537	1125	1592	1761	1398	1558	775	893	1912	1357	1890	640	875	985	939	725	173	74	1051	440	1905	762	1202	973	1941	562	748	580	610	345	1660	165	401	1304	1975	1227	1352	513	769	1784	1083	530	1629	1965	652	1272	1302	808	1671
1225	1085	424	309	385	1791	459	1032	1386	691	1330	164	1853	849	387	340	1461	1640	636	724	1220	1773	1844	1071	46	130	834	374	1	1875	1317	1704	757	1552	209	1779	539	1372	969	741	1978	935	836	633	707	1164	1616	1856	573	1610
1889	1697	961	355	972	739	1919	65	1986	1067	801	654	1049	30	49	729	270	1532	980	1568	649	250	1244	451	1142	331	494	565	1981	152	1716	1967	623	1735	439	2	694	425	1271	1039	701	232	394	1474	1168	1323	1098	1517	406	510
487	268	90	529	221	614	984	713	115	1254	1488	1097	1420	1962	1382	1156	485	541	1995	1827	653	1606	824	535	1392	1930	1948	54	14	112	334	1284	69	1535	490	1732	1395	1746	357	1990	105	1170	1009	1266	302	493	1860	1025	366	1364
438	593	500	949	582	1796	1245	393	918	35	552	722	976	1131	78	293	1893	110	206	1714	1152	1259	1502	1329	1044	1485	136	200	1264	986	508	1178	1161	1923	1603	695	931	85	319	1331	1613	1475	172	50	1894	1489	907	1241	861	1472
1312	1427	520	1026	1571	1963	1665	327	591	814	1218	738	1545	1068	859	1790	1604	706	596	1596	1877	1426	1940	902	1536	217	1635	727	1715	1286	1944	1430	1770	1342	227	1607	923	501	63	1326	754	1767	903	364	1409	306	685	1586	120	410
877	1359	1983	1396	1283	1214	1333	1242	1749	1739	744	523	825	1855	478	1698	555	215	418	852	1570	1183	1148	1350	597	1562	1408	1163	538	1013	96	11	40	819	1758	1155	1774	140	1953	511	21	1897	1873	1684	1780	1416	313	648	557	522
540	1620	1094	1019	185	576	383	1543	1931	1977	799	1467	151	1319	1834	1546	730	1452	1653	275	857	1825	516	1281	1801	419	992	1804	1693	1547	483	411	677	446	645	787	1973	1989	409	1196	1023	1553	34	777	1668	1457	1918	258	960	1814
80	1772	296	1046	1949	783	1150	267	1417	954	968	1654	1074	1351	656	1593	436	1499	253	52	58	281	467	454	858	664	770	1557	119	204	959	1531	663	1883	1836	1733	329	423	1504	881	1540	585	352	1171	1119	472	1599	1817	241	178
832	784	1432	339	475	547	1311	812	1084	1750	1748	1503	1480	190	1306	1138	1231	372	363	230	370	527	1137	851	1812	1390	1468	1434	1605	342	1198	1928	1260	134	711	1423	239	581	922	1672	1042	588	15	518	51	667	1685	1701	1201	915
1493	953	1901	1642	937	1871	575	1381	45	422	457	95	1984	1709	908	270	284	1597	1518	1716	196	403	58	1741	535	145	1269	1781	1579	1622	226	1947	41	262	134	1784	1464	1681	855	641	477	1449	487	1414	254	1025	1227	1531	1310	1975
1416	1345	1723	1238	1549	562	965	850	387	1193	1209	173	1540	933	140	441	1121	1507	631	1962	601	1927	1752	1684	1513	73	814	1630	1110	858	1396	608	1191	357	52	560	646	132	1588	1120	583	639	1951	564	299	127	316	115	728	1363
167	936	345	746	1070	1490	207	1087	612	603	596	471	1864	1171	632	1894	1480	1577	584	1369	1821	718	1132	1769	1986	1843	602	1883	677	334	1297	1078	286	1499	586	951	1012	1473	1694	1581	912	444	1911	1257	1721	1354	556	1992	119	644
1971	1160	1359	970	770	285	1635	1746	98	982	1857	1671	193	438	1865	1342	1659	1882	795	130	1321	1167	1454	172	986	390	104	157	219	195	421	619	1168	1974	1859	964	1391	610	428	655	1533	1912	1335	1712	409	1775	1465	1459	253	1788
1866	276	1565	1848	144	1665	1628	1453	1598	1229	736	1619	995	642	656	83	1421	939	1774	563	1189	760	1245	1638	1173	420	692	376	524	1525	993	174	635	1688	1107	720	1308	1199	920	1935	459	1977	1380	1976	354	1804	1033	442	893	1795
824	181	1331	1165	672	1898	393	634	233	1357	498	1294	1131	71	805	332	1325	430	123	1470	1050	790	1519	830	1429	48	1329	1250	1517	922	0	1098	464	1860	1282	911	492	607	525	4	757	381	1801	709	889	1395	787	1705	878	514
1024	1751	431	1235	1187	46	1505	1661	39	243	1996	1926	1435	1846	815	1259	475	267	339	533	248	93	1455	735	1031	1719	918	1722	1829	1430	1576	874	1230	1994	1054	748	1995	1739	630	1652	326	529	890	1909	975	1854	340	370	604	1867
699	224	1210	1239	1922	1045	747	1067	1306	1689	400	1674	356	1600	734	1758	375	767	1472	215	666	1287	1964	1572	454	956	141	451	366	333	609	1285	1618	94	572	1248	118	1231	545	949	1615	786	807	1494	463	849	880	1139	915	628
1973	1604	983	987	1434	698	1068	1670	1343	706	8	819	925	1065	605	469	719	1708	578	904	1564	47	488	1213	1174	574	1039	371	1897	1258	1989	1203	675	36	620	1064	877	517	101	358	1200	238	341	109	1351	676	1313	1838	793	397
1177	863	458	797	1382	443	1222	1090	1367	1956	1908	714	1937	1448	1119	825	1130	678	255	1620	1870	247	594	1756	61	449	707	809	1220	427	516	829	228	56	530	546	1324	1134	1413	1462	1484	1945	923	346	363	105	242	650	882	44
1405	781	697	1734	627	1509	1575	313	473	165	1398	820	798	538	1426	80	1608	1384	1362	1368	1814	416	470	1358	941	1286	1038	792	1327	309	1869	1963	1164	980	175	1647	433	1011	618	88	716	1009	1764	1400	116	483	595	1718	1468	894
1528	1176	725	1616	1492	279	482	163	1706	201	225	1875	1032	1267	1010	1266	1333	1807	1820	1613	1194	1571	1158	392	902	450	570	460	528	455	1536	972	67	931	413	761	107	1991	663	762	1136	1196	211	647	359	308	1444	531	818	1861
1574	1143	1432	1419	1881	897	418	1878	810	1707	1332	1112	862	963	741	1918	1772	885	194	1352	148	1232	266	1790	652	202	777	1162	1936	305	1077	876	384	1410	1447	1372	1601	49	161	582	679	1252	379	1339	448	1338	24	1522	160	1578
1743	1016	571	349	840	138	68	838	1179	1673	364	137	665	1605	1593	222	1900	636	1529	465	1301	1185	1027	1928	947	1361	1431	1083	1279	1500	1092	1156	1965	1223	1417	1315	733	1457	1102	395	1047	89	246	365	210	826	329	1925	1603	126
143	435	1824	1	1212	1000	434	990	971	1170	1885	1394	930	1218	121	1309	856	1929	785	590	1334	1280	681	1606	355	1679	158	347	1631	57	1360	1284	1053	654	1080	1438	511	1590	1692	1668	1383	991	1197	120	764	721	1028	136	268	1915
907	702	32	703	950	1113	1611	486	1651	643	1669	1858	1161	23	1910	1523	1960	19	1639	240	1961	1874	1607	962	796	156	589	87	1645	462	924	250	588	1109	84	1539	495	1281	801	696	1633	1251	1537	1428	773	1387	731	188	1650	1495
1703	282	625	1891	1970	1060	277	557	312	1943	396	205	234	871	414	683	1568	1744	1029	184	76	837	981	558	626	129	1141	37	744	1122	1501	1034	1452	31	301	1828	1330	1727	1491	756	508	771	481	1847	1938	541	110	1422	749	1192
1884	1402	1852	1569	407	1890	1237	1968	1374	38	429	1058	976	1770	1019	1682	1425	1542	671	269	1704	1096	669	888	293	1580	436	1116	1105	200	227	1283	1099	323	321	1921	294	1563	15	884	1403	131	688	1072	1272	1129	978	208	179	510
1583	1815	1477	212	687	779	806	142	1355	133	66	1981	402	1822	1520	1479	70	967	389	386	611	1554	1516	1759	496	1779	1288	587	1296	86	40	466	629	726	851	1504	480	500	539	112	78	159	1802	1347	5	1073	1934	1715	1319	1880
245	1478	1146	1467	1729	900	1293	653	661	598	1128	724	445	1726	1839	887	310	1664	256	410	1276	1108	1672	406	350	1423	753	1379	1521	919	581	866	906	1182	1546	974	34	1471	597	651	1440	306	879	1322	1573	192	737	769	206	1142
821	263	600	1100	1002	1375	177	811	1255	745	96	79	1376	1923	1677	1594	21	1233	812	199	217	1917	64	977	568	1451	780	12	81	236	901	892	659	197	1057	518	861	328	1263	42	1081	325	1497	417	1940	638	335	1888	1850	1178
