2,1,1,0
820	35	1030	533	421	964	1114	1357	146	521	439	1244	175	922	870	126	940	1254	528	564	1154	1014	447	843	278	723	983	120	1172	601	1199	7	366	1161	1061	1088	218	658	261	31	1214	354	145	1081	512	74	916	225	555	1099
1046	1057	299	1173	123	987	417	102	1013	982	56	27	392	718	1302	1320	1155	228	109	16	48	1036	1321	440	970	1049	989	576	1336	1241	87	514	823	518	273	69	1034	384	1150	774	598	381	244	370	1176	1265	952	339	501	1045
1068	761	217	708	612	1064	125	696	1067	805	247	29	301	413	1414	318	691	1200	143	203	212	1326	348	682	1397	565	131	1070	1025	949	1002	1369	725	1316	812	991	1201	418	510	822	190	1264	171	115	124	482	1284	828	1079	1148
323	1074	1356	67	577	730	735	1273	559	1361	403	819	234	463	1423	267	43	815	649	1310	904	1322	613	1394	64	633	604	112	993	329	596	863	924	11	909	1424	467	191	878	1004	611	1329	988	75	960	1252	1391	223	336	475
507	910	245	719	810	334	729	537	1276	411	679	305	454	1407	153	816	981	550	1376	1183	1223	558	636	486	118	1059	1402	1299	325	491	699	233	1251	1342	222	984	1105	800	39	461	1192	188	763	1388	1093	270	744	495	78	179
142	1292	1372	647	202	667	481	693	383	793	121	950	529	942	1360	1287	298	573	452	1256	1285	937	1377	1286	591	716	1135	1221	332	738	817	139	271	798	68	1257	1082	1131	37	906	1409	672	850	807	911	1178	174	307	427	1202
872	1018	1230	1163	742	665	60	707	661	104	1232	431	617	359	869	494	1367	1007	1247	304	1312	999	326	734	22	372	654	230	274	520	712	859	684	151	1162	1389	1346	172	567	1	229	85	689	1301	387	1419	1086	369	80	375
1024	721	157	789	1121	731	414	894	1035	361	1040	1303	177	1343	36	1427	544	1190	24	881	133	1405	912	1111	365	1123	341	525	1238	907	211	539	1332	968	1158	524	758	445	582	995	358	1044	194	52	1222	471	866	751	1410	1418
1297	860	1153	483	373	20	764	152	966	896	450	264	1374	41	779	1117	811	345	1026	1156	668	839	173	1128	603	1354	678	51	954	425	803	1194	1349	1420	646	1193	930	775	704	695	1142	1100	1353	675	1179	30	204	1415	180	711
833	1278	420	1226	1430	554	882	1157	1403	1196	213	858	363	781	255	34	106	73	821	1331	1271	666	1231	776	955	616	957	374	6	498	426	226	900	969	397	300	1243	437	419	196	876	1101	1227	700	378	1134	1087	1325	962	442
1340	428	280	82	1363	625	915	1327	951	618	589	619	1337	1116	827	287	335	1239	416	1083	1229	739	562	1189	1090	946	1399	511	1048	1076	683	1304	1041	1211	479	846	593	871	841	976	997	399	95	284	441	492	155	1062	1109	477
854	1253	1272	101	953	1277	140	920	410	79	643	253	249	799	205	393	685	88	242	688	349	513	899	250	931	971	1138	1213	1378	1412	1305	10	276	193	973	660	504	886	752	434	1012	443	45	526	829	385	1096	1288	808	53
941	342	132	1029	1347	1124	1145	195	1023	1132	832	508	580	1166	706	147	1009	979	474	57	285	1055	197	138	23	961	1181	1408	92	786	1274	163	1053	448	891	1022	531	784	657	1309	1365	1395	216	302	176	114	722	484	873	429
386	1375	181	897	703	277	857	292	1186	773	745	835	903	1212	705	1269	1275	546	1315	1089	9	1197	337	1085	408	76	235	880	248	33	628	1364	1281	240	1019	1092	890	1390	8	748	192	353	1234	1381	444	294	1384	1042	487	948
569	499	1262	49	622	12	996	1249	1071	169	1188	548	585	496	430	908	845	259	530	1129	1112	945	702	252	458	1005	602	1396	1016	1220	260	1167	322	94	792	635	473	629	887	709	1151	756	83	505	664	795	867	1334	1122	357
1143	161	116	1094	1115	631	19	1195	485	263	1350	608	167	913	295	1174	423	809	584	549	321	100	838	1050	592	1324	84	936	831	782	720	893	754	42	669	122	135	692	768	898	1056	578	547	571	767	293	1028	772	615	1323
726	315	99	590	1207	1165	804	842	415	237	1338	108	770	743	687	1313	1063	855	438	1294	1250	673	698	861	1291	254	750	500	958	794	1248	519	141	435	879	769	183	517	614	1417	834	1069	568	1245	1003	545	638	639	572	778
379	1187	184	309	198	579	1398	262	883	1311	933	1290	980	532	220	905	844	398	389	1051	814	159	47	609	1355	790	1126	166	1054	1203	1084	681	1401	963	623	3	1185	351	1141	1058	1260	1266	1198	456	536	791	594	65	186	588
460	1218	1216	788	895	272	965	200	311	994	28	1208	164	581	563	874	97	1246	1428	130	836	637	402	1171	367	96	352	489	1328	1308	224	802	303	824	943	663	1298	990	741	1000	1306	1339	110	1052	21	170	1152	344	1139	939
72	1319	449	215	388	1261	697	105	1080	840	1295	566	91	610	740	1031	868	771	626	1280	1380	243	853	1235	156	317	992	1107	1108	967	1017	1205	538	1015	986	199	1383	497	1416	86	1215	396	257	1263	849	282	231	236	457	621
462	884	1008	1318	935	1160	407	1370	1314	238	1300	296	1118	470	1191	1217	1102	466	1330	312	1359	932	1175	478	1001	503	107	765	934	377	70	390	424	333	728	641	862	1104	1293	154	1209	600	1236	136	50	864	753	1140	1228	241
757	98	1283	451	583	405	956	634	694	61	400	162	59	1011	306	1027	316	759	1177	676	651	119	210	509	523	266	570	1282	129	279	522	81	926	888	14	469	178	947	620	1406	111	677	468	1038	214	1120	327	160	476	1422
26	1144	1352	182	1039	25	275	1170	901	1137	1073	885	38	848	1133	1382	586	1242	382	465	343	1317	66	338	642	289	433	148	852	686	227	724	149	975	1125	605	587	737	488	1429	659	1047	113	1164	1296	308	1392	265	320	560
851	63	889	144	219	1386	837	928	1335	650	58	1259	2	208	1426	599	938	251	391	1130	541	1255	959	17	542	1268	1010	575	281	1113	1184	187	207	165	927	892	246	269	288	830	1182	1060	394	701	977	297	1043	978	310	553
1136	291	632	1341	1358	787	918	644	714	1348	189	710	5	1219	925	1169	515	826	432	453	847	362	1385	127	561	209	314	331	656	552	404	806	368	1225	1066	902	117	493	324	556	0	1033	55	1362	1127	1373	455	595	1307	717
875	319	18	813	1210	1110	350	46	168	674	944	340	221	1371	436	1400	627	998	258	137	330	376	1006	158	972	1204	32	150	777	103	347	551	540	727	516	929	1037	1237	206	985	1425	877	1279	412	328	648	346	680	1421	736
607	917	459	1072	506	1351	1106	923	355	1119	446	1091	534	766	422	380	201	671	128	1168	1020	401	1233	286	268	90	1065	464	1333	1258	921	1077	690	785	1267	1103	1075	797	535	914	640	713	557	818	865	747	313	749	232	364
185	62	480	732	780	624	662	746	597	1270	134	1021	655	856	783	360	290	1206	1379	71	4	645	44	472	762	801	796	715	1159	1411	1095	630	15	1240	1098	1413	760	606	919	406	1404	93	283	825	543	1345	652	89	670	1366
653	409	755	13	77	1078	974	1224	574	1146	1387	1368	54	395	239	356	371	502	40	490	256	1097	1032	733	1180	1147	1393	1344	527	1149	1289	313	926	329	95	409	196	994	778	543	731	1002	675	659	1107	964	212	1096	29	235
1411	192	1259	830	407	1146	1002	896	1075	294	344	1429	483	1178	673	1270	1214	428	1311	1323	1054	696	245	544	88	1394	787	351	485	278	97	418	1115	668	579	985	1189	688	1136	345	1379	1430	146	823	339	365	3	1415	1291	133
718	1358	580	814	141	1096	42	766	535	1417	926	1154	802	308	774	1157	773	866	967	213	705	1338	1405	1021	659	346	467	1019	762	16	849	1249	775	831	1181	20	1202	338	1007	1422	454	599	1219	555	1062	463	1318	132	1302	238
529	271	684	1200	883	129	433	852	559	824	666	1298	917	492	1300	1104	655	177	432	835	1192	17	1067	871	1359	847	888	110	1135	936	677	1376	974	1226	147	647	438	1171	995	807	455	603	93	991	648	982	91	39	309	279
578	1092	389	498	1234	179	720	1306	56	957	117	1361	301	860	737	650	244	1088	1038	1041	1296	877	1275	915	969	585	411	1339	1029	486	624	1158	879	1224	479	1182	284	1373	1217	4	822	1125	693	1176	1142	420	864	561	1022	507
18	114	286	135	253	359	96	449	423	468	1282	1424	237	1131	1232	937	1279	1028	878	77	82	1308	1107	1420	393	482	188	251	100	1403	721	708	109	1025	754	1340	400	330	942	1401	1271	113	1179	934	895	235	658	867	516	922
1286	649	622	1149	1414	1317	1184	453	341	7	1356	1191	69	1287	938	1350	564	700	1362	717	652	333	119	789	392	523	819	651	64	719	391	1305	1066	977	488	1112	1117	727	572	257	1395	735	641	1169	1349	98	349	397	1162	1235
548	1048	1017	1078	1314	1206	1036	1010	408	201	374	1406	168	634	706	1221	1285	1345	128	1204	1	859	52	510	1355	399	1246	139	975	281	265	747	543	1147	430	406	283	1203	1277	788	929	426	1255	815	46	875	1348	1167	175	410
745	276	790	1141	996	166	74	756	1034	886	598	1082	78	549	872	1242	160	419	1322	280	753	617	537	1213	371	176	928	1231	225	413	53	123	29	178	261	111	1111	422	798	956	955	502	679	329	1006	1064	242	170	660	1251
1363	1056	712	1020	1347	59	299	1046	522	212	644	923	1374	287	1283	1369	1077	1222	222	1094	931	313	941	930	916	293	933	424	761	669	547	711	197	364	1108	157	605	470	907	914	105	538	1145	324	489	491	1257	1346	1334	136
1086	429	1392	1309	1138	367	210	156	694	1081	458	525	707	709	1148	793	990	1059	845	274	563	328	961	620	71	72	288	566	76	1344	783	945	676	1174	1366	99	565	1049	144	1426	1233	1421	601	1133	290	421	742	1241	58	1261
186	730	752	131	1428	1245	456	697	373	1097	353	1123	992	733	734	809	746	1080	1156	889	606	379	812	431	1419	384	1254	490	674	60	193	215	1040	948	444	994	312	296	925	1215	415	640	589	198	478	1015	163	954	1274	221
759	751	998	182	1201	154	592	808	89	368	577	785	1039	1175	997	670	826	396	1382	1304	209	124	1163	332	772	927	946	980	607	1153	461	960	358	1102	451	41	376	1352	187	145	1316	586	38	1218	476	741	987	1106	870	1207
472	1299	335	362	1402	672	1199	1386	905	13	1407	839	199	1050	272	1248	137	588	1143	1262	49	304	127	692	240	950	1100	316	1071	1042	1164	19	1196	1137	639	780	978	172	398	723	101	1293	1003	445	2	169	1321	355	484	901
385	323	1194	944	1381	621	902	27	1058	1365	1087	1139	748	1033	965	1269	239	427	1360	1045	125	174	850	924	962	582	348	473	1425	851	134	731	234	1173	531	268	1265	167	611	1150	437	363	394	618	357	993	1103	173	1001	545
1341	951	494	1239	84	811	691	515	85	1397	1188	1423	311	613	1331	416	1065	231	817	604	1205	1385	918	513	1099	881	122	1230	1161	30	686	1000	140	1351	1367	1290	667	446	1303	32	1326	1144	57	120	952	562	1384	1023	196	665
153	369	14	553	521	509	920	1016	350	1208	1250	1105	840	462	728	554	1343	800	44	880	325	792	1330	610	1084	724	503	185	536	885	289	1130	791	1260	782	87	390	853	102	1055	1368	211	106	1090	702	891	459	904	567	155
50	171	570	130	1089	526	781	518	760	207	441	1068	657	583	771	1388	602	1116	1387	266	750	863	710	300	517	73	662	1247	1268	854	530	533	868	1288	685	227	161	228	795	1240	519	1398	594	1060	890	973	1258	1024	1047	695
642	726	51	713	1378	1315	825	550	258	958	619	524	103	1324	722	715	681	776	799	1273	466	1281	1375	699	609	1280	1416	1357	246	1140	587	434	1009	412	1370	505	0	35	786	1110	1069	1083	439	1237	765	343	80	440	306	892
405	372	1027	897	1037	352	282	68	142	83	646	214	377	832	62	48	126	307	591	331	487	219	1276	162	764	378	763	292	450	191	104	402	143	1427	623	828	857	600	940	638	202	1393	501	195	380	1101	495	632	1127	796
560	236	31	900	1380	630	1310	1132	1320	1011	704	233	573	1151	1301	499	541	9	26	739	999	584	861	1396	511	894	327	45	1124	636	575	740	777	805	911	539	262	1400	616	1005	1238	629	689	277	79	968	475	425	1070	302
568	1313	43	569	1152	1053	247	164	1168	469	387	834	121	65	1044	5	729	452	447	15	1353	625	25	1333	206	963	1172	1134	1129	1228	1093	675	542	504	1128	481	183	1225	1264	552	1383	1410	935	75	229	259	1098	295	749	803
865	633	1243	921	664	876	714	906	319	1408	556	571	150	1109	90	1190	1364	375	690	181	382	1051	1327	1337	159	744	520	12	217	347	1372	216	821	112	457	1120	1409	912	898	33	1227	769	959	264	115	54	862	1121	986	770
386	1252	1223	342	1212	512	269	626	784	1085	725	1325	574	273	1052	404	263	596	767	738	631	8	118	558	1057	1229	138	223	612	23	701	1018	1256	403	249	671	627	1391	858	1061	797	37	988	804	1253	21	1119	255	395	1008
628	1209	448	108	837	1165	1183	1193	297	1328	778	1095	910	1342	34	208	285	1073	165	1284	1267	224	337	220	755	356	63	1195	983	779	477	989	436	1399	260	1418	204	151	190	1197	884	635	1211	1076	909	94	305	1118	184	1329
645	506	1031	10	816	757	653	1412	964	275	1166	1185	1244	595	593	801	496	194	1035	893	1289	1004	736	943	252	899	443	953	846	971	388	532	514	256	414	913	1354	654	608	6	67	241	47	534	794	768	682	11	1319	1030
61	1126	1091	838	24	508	979	970	409	1263	981	40	116	298	320	464	254	1159	248	1266	1278	939	81	232	1122	86	366	903	250	291	326	678	36	848	806	758	856	205	546	882	442	310	540	267	152	1014	1332	855	1389	732
148	230	460	203	528	1074	1404	949	1413	1177	360	614	158	919	703	687	843	334	493	827	1294	908	887	370	315	557	637	590	873	1198	1297	833	1180	1032	576	1063	1170	1187	1236	1079	947	1043	656	1216	966	551	401	149	361	1336
1312	661	1155	189	716	1026	1072	381	1012	932	1210	836	869	581	55	354	218	317	874	1335	500	615	417	1307	597	1113	497	322	1160	810	383	680	527	1295	314	984	226	698	95	303	270	842	321	435	829	1377	1186	474	480	663
465	243	1371	92	976	180	683	318	107	820	22	844	1272	1114	336	818	1292	972	743	1220	471	28	66	340	813	70	200	841	1013	1390	643	1416	1169	619	954	785	984	43	686	955	884	1049	616	497	1204	513	849	366	975	916
1190	177	258	121	909	372	51	939	330	1041	502	972	623	678	1263	1396	530	1404	1314	103	761	374	875	1101	824	193	368	301	17	710	648	20	544	432	1	901	85	993	873	729	747	347	927	457	624	888	1053	556	1152	298
535	1070	507	536	879	819	1262	65	392	709	154	1074	596	998	1071	1331	1378	822	18	501	809	1024	288	463	713	216	1148	900	410	1163	541	948	1402	1312	276	1208	491	746	488	699	128	83	10	908	1354	783	564	419	522	416
698	441	1349	67	388	607	1129	1356	1126	1429	1099	436	275	605	778	439	1115	1040	1023	1007	738	1428	657	454	1062	1248	204	191	1067	521	349	263	933	633	41	764	174	1403	899	895	529	1259	1081	1337	1173	344	1021	1302	1133	1155
1405	482	1297	891	581	772	1120	1224	695	1223	215	773	1385	1229	654	1347	627	791	1360	1128	84	575	956	194	279	1237	604	1212	251	732	458	840	602	387	434	547	1363	159	984	163	748	691	68	77	320	425	309	628	310	1090
269	1063	101	423	170	1050	697	248	1291	658	825	213	837	1261	342	735	1303	874	429	175	843	1197	855	637	925	878	534	1247	1309	1042	898	496	517	670	1103	610	609	563	546	120	611	357	1370	198	1078	91	364	1206	116	1316
677	376	66	716	69	1362	413	620	1123	202	1130	803	186	145	1381	1098	1241	1218	223	753	418	456	171	1367	955	1026	222	612	1321	645	33	199	578	294	852	917	152	1231	664	1246	371	1264	405	94	1361	841	551	1244	35	896
1095	1168	47	149	218	1175	239	1033	196	812	506	452	1167	187	189	1243	1048	129	904	302	706	1364	1313	1281	414	1339	1421	40	385	688	46	582	964	370	1096	227	1055	1015	987	106	960	519	892	252	626	1051	811	833	902	108
1271	363	641	326	1211	689	957	73	144	1156	331	1398	1114	448	1395	759	462	845	625	433	1057	601	115	134	1295	742	970	655	1082	1278	1238	125	636	1028	646	156	461	830	471	725	1046	792	1161	871	1256	79	234	576	206	1368
317	894	305	157	944	427	1333	959	78	1330	765	1085	28	974	1086	676	172	597	524	76	1217	1260	755	361	391	928	1073	877	583	123	442	889	265	527	339	316	192	846	127	760	1414	53	807	437	382	528	219	1141	394	1300
165	2	451	337	590	1335	500	1379	1176	1358	943	526	188	555	1336	523	865	961	749	220	973	1275	685	826	542	1047	919	11	831	910	872	245	63	980	640	1272	1087	1189	650	661	949	724	1105	1119	1032	687	209	318	838	341
1320	1200	558	64	447	1127	1258	509	696	1182	97	1132	122	784	781	362	1169	751	32	136	71	203	1044	1350	1140	82	1407	1210	1410	876	674	839	139	1232	431	184	786	475	986	868	912	90	1146	707	9	1315	23	415	1117	1240
1061	1270	183	1377	1225	827	757	1153	353	195	663	864	1213	422	805	844	100	870	673	756	167	1276	1359	967	180	7	890	1172	358	1084	1184	787	767	591	1293	1108	1296	58	390	863	994	1318	378	469	1039	1374	1118	205	585	399
1266	632	81	700	1253	934	903	644	487	703	261	44	1380	991	1230	1107	1125	593	1201	938	1198	666	272	1286	70	259	1052	922	720	923	126	1392	396	1220	80	1400	848	930	325	1088	780	1413	1369	1292	681	13	999	989	151	727
567	665	74	143	680	1254	289	322	1124	1134	267	1195	481	1199	734	1112	701	1092	893	424	806	1194	1014	72	545	1036	1423	426	763	55	217	1304	1285	1424	1076	351	243	398	178	1191	26	814	334	1037	1283	1019	737	808	406	614
472	1027	924	1160	799	975	552	853	1056	328	403	1069	1226	1137	1005	395	109	321	1425	793	1138	277	577	304	766	467	1391	485	473	885	327	140	836	160	537	1054	850	788	592	572	918	124	1216	348	1409	1317	652	1417	1122	1064
450	653	769	24	1375	692	489	1306	208	1135	228	240	435	985	569	235	1328	446	470	464	1235	104	1269	285	1294	554	1060	360	233	133	512	373	1311	1343	42	926	717	686	465	369	712	1222	1252	570	1287	1038	30	142	455	153
794	557	997	886	1012	478	1353	466	242	268	1131	953	745	444	996	905	798	354	1332	1031	669	168	162	238	971	1083	722	785	1416	606	1159	312	797	649	164	147	1192	401	95	684	408	1035	381	230	962	319	224	365	813	421
280	762	229	969	1242	1415	804	12	1371	1215	1324	1265	340	1022	744	977	39	702	503	553	659	132	214	775	942	185	941	264	1025	946	1341	96	278	1017	1142	667	249	1323	292	1154	137	232	881	866	916	1091	236	380	135	131
1013	181	562	992	857	257	988	158	1387	291	1365	1249	842	445	38	1075	615	714	34	584	979	56	668	598	782	1058	352	851	1109	1003	1045	386	588	1079	1170	834	286	932	514	311	1408	86	1002	1158	332	867	27	93	1020	642
336	57	750	1346	1298	1279	262	1345	493	820	1383	1386	1340	671	739	690	92	693	1179	270	1151	49	1342	375	1104	1030	823	801	1214	119	672	150	504	474	480	1149	631	1207	1277	796	313	295	1080	8	359	505	1144	520	586	947
1066	931	1188	1255	221	883	1143	978	14	308	1338	1401	1018	1322	513	1289	237	711	306	1180	647	484	952	1227	741	968	1205	858	476	1326	1394	861	525	560	915	110	752	613	50	1111	255	197	579	166	1382	483	936	494	983	1422
1426	1116	1177	595	254	246	207	682	511	543	965	790	343	384	260	1366	1121	315	660	490	508	982	355	608	37	929	1372	1187	1399	1171	409	515	921	477	161	62	377	510	498	293	449	856	117	346	958	580	1166	1384	1059	356
568	1029	743	638	561	324	88	854	1185	383	111	303	397	566	1267	43	1093	771	571	1165	622	155	1089	1299	366	282	1016	459	1352	307	5	1308	1034	548	1178	1348	1102	920	603	954	1136	1006	1157	1202	379	1010	241	829	338	1273
1373	736	1077	1288	705	516	1305	3	225	1203	114	715	651	1113	1397	61	1004	400	1420	138	290	389	966	1419	1411	1221	721	574	443	1043	1310	54	1049	1418	430	1097	869	1162	1282	1344	1388	281	411	884	1204	468	662	777	1000	776
99	599	911	273	1319	1234	810	1430	880	16	1219	211	733	634	770	976	847	22	393	935	768	617	244	887	407	1183	1329	800	15	182	1236	402	1250	1393	723	1280	897	533	1284	59	335	412	1001	266	75	169	314	802	1145	1257
284	816	1355	495	1427	428	176	815	1094	499	102	300	173	1196	630	1209	1357	859	29	629	112	118	818	1065	105	730	913	565	297	532	758	937	531	675	141	438	589	718	1307	31	1412	789	146	60	417	231	253	832	4	683
754	779	708	1274	995	1351	990	148	719	1009	404	914	1376	1110	287	36	694	1389	0	283	621	951	274	107	345	1290	828	639	643	1327	679	540	87	795	573	6	329	594	1150	492	907	1193	1301	1251	226	1147	48	862	619	367
350	538	656	835	179	1228	945	1268	200	731	906	940	113	420	600	559	549	201	52	618	1406	740	963	460	1008	497	587	210	950	981	1239	882	19	271	296	323	212	256	1072	817	25	774	1233	453	1325	479	728	98	21	45
486	821	860	1139	1174	1164	849	250	1181	1390	726	1068	704	130	550	89	1245	635	1100	1011	616	299	190	1186	1334	518	539	1106	440	333	247	659	988	1000	29	756	202	788	1258	532	572	969	946	349	1248	802	1225	546	541	458
570	596	181	982	566	805	1186	733	826	933	1344	236	1330	827	70	602	684	925	297	1004	586	1171	389	91	883	221	404	722	210	1109	240	1268	212	1118	712	1156	46	164	1071	971	1413	306	567	630	1417	679	888	388	255	327
1144	369	414	1348	1253	1098	218	530	574	207	194	1128	1081	1052	1209	1312	2	335	411	1125	447	767	1385	813	409	339	95	195	1167	735	1406	844	1096	869	979	1232	1218	540	183	19	124	542	1145	793	1387	1386	1333	915	157	298
386	1177	1307	907	593	1416	528	557	14	1139	1223	565	100	228	1374	1174	778	155	788	594	1022	1148	741	1068	1395	537	1269	1428	881	268	192	3	1228	402	1023	1420	506	294	906	28	456	1427	1172	963	37	948	841	1051	257	725
698	1039	301	496	818	1277	289	664	766	103	85	396	142	106	64	440	290	1006	1423	832	829	1208	308	911	341	998	94	1380	25	854	824	1154	1131	1065	484	1161	303	723	619	314	1419	809	445	1054	677	981	225	589	355	189
1152	765	547	611	1401	1064	1036	764	1409	1342	1381	770	145	1300	209	714	877	879	648	718	55	53	520	273	170	123	1225	748	283	66	1392	699	84	577	23	1393	385	1130	649	1184	538	1264	1318	318	652	686	1050	608	307	182
344	479	503	572	600	1370	265	1327	1163	820	640	261	1150	260	254	262	773	395	277	738	1016	399	1093	134	1400	1031	605	384	474	358	953	539	1265	1429	620	146	464	1238	1244	26	427	674	976	781	651	140	1076	1272	1367	696
253	936	284	1303	746	177	966	1143	276	1288	87	848	924	416	468	425	311	309	89	633	191	1243	101	769	1158	1000	1001	48	1402	836	160	759	131	1201	148	692	1180	412	784	368	655	665	1229	984	1104	132	201	426	785	645
413	36	248	190	398	947	595	435	80	128	916	1251	632	590	669	783	576	1210	75	1270	33	1398	34	1187	392	731	803	607	1090	1116	758	908	1235	313	562	615	736	1220	1149	1019	44	171	1302	495	880	1136	139	267	822	942
143	352	1162	599	795	151	231	1181	79	807	968	1135	108	1193	1332	351	1219	917	581	1410	993	232	732	1292	65	516	119	817	378	403	1123	1038	889	995	975	967	802	1347	1298	226	1060	1242	1043	755	32	147	1179	777	1255	894
878	286	970	129	561	1008	513	185	434	760	1164	420	1371	1207	938	269	461	233	110	144	1299	1215	1034	940	527	763	950	1276	838	1200	243	601	961	727	896	130	775	1407	510	1033	202	846	1343	991	549	166	937	706	598	1095
689	1214	419	1396	592	1378	701	1260	270	1286	1155	737	213	211	670	629	59	1119	1072	1281	275	321	472	1026	1405	845	606	345	1250	469	849	463	1322	726	548	367	855	912	545	582	1041	71	12	690	914	508	357	176	390	179
342	1339	172	1394	931	668	533	114	1261	196	1412	919	1345	259	193	779	1352	694	554	493	693	280	74	349	962	972	1142	1173	433	747	295	646	316	1372	199	861	137	710	186	965	60	626	115	52	1030	58	1254	678	847	587
30	383	716	112	462	1411	862	376	458	1326	618	149	974	1101	263	761	939	1138	1424	77	711	715	1384	743	560	324	867	1316	884	1108	745	643	893	505	1399	1124	197	332	1361	439	350	930	43	1007	1	815	417	126	104	1045
1366	29	839	1365	902	287	481	612	617	377	90	1085	154	682	1304	952	1203	771	804	1291	859	13	685	999	501	1301	1252	475	288	470	281	918	1317	1121	1224	1185	1049	8	1383	739	1032	347	242	853	423	657	1126	408	361	1211
251	1231	1199	466	278	150	1319	532	105	356	837	507	1206	1308	553	525	1069	851	364	1305	54	1088	901	497	1082	1230	405	526	271	448	1046	943	492	671	642	625	223	92	1249	892	754	929	614	905	83	237	842	1273	876	597
1146	634	45	1263	49	291	756	436	486	850	323	757	687	1112	585	203	1227	158	1165	40	241	135	184	169	994	329	1349	622	955	1245	659	1246	811	246	1059	575	1390	808	204	1099	653	831	529	491	833	336	381	302	541	1240
27	1107	1323	1377	16	1196	512	928	1102	555	1132	926	559	1086	700	494	1355	120	985	88	1202	1183	558	903	93	550	118	1271	1067	552	1237	229	580	801	337	812	1282	438	920	1013	1003	175	776	76	932	227	1415	428	556	1279
628	1195	359	702	603	1379	346	870	546	443	1375	24	1358	1110	235	415	1212	857	660	730	478	1178	362	96	752	1295	978	214	1151	465	205	6	81	331	1028	1274	992	437	1012	874	238	810	18	958	913	534	583	703	1137	680
523	923	444	708	1011	1029	713	138	1062	249	1040	1075	1222	1296	20	1027	293	627	762	610	751	989	1280	256	152	200	1170	1397	800	909	891	1287	285	1290	624	4	63	1389	333	1309	1221	1236	951	272	41	180	446	1241	455	1205
1376	1418	489	921	1044	432	394	400	348	453	1074	1147	379	875	983	647	325	1226	641	1009	454	886	887	387	78	816	22	1113	62	72	1234	980	1369	1217	1190	111	1097	742	1070	872	1325	675	828	551	988	840	1310	1414	1188	1153
258	638	515	672	1194	509	504	900	1247	482	82	1324	353	371	50	517	245	750	535	1021	165	1192	1056	1025	67	300	519	35	167	480	662	871	616	320	1092	721	1373	220	451	449	1005	1058	117	514	161	1364	328	1018	471	821
1388	69	697	927	658	98	744	1335	498	1168	219	483	1239	431	882	1285	247	1356	102	960	292	305	1017	1106	1048	1103	421	125	578	666	780	1191	910	895	885	524	1073	73	584	613	661	354	720	852	1169	806	304	1363	370	5
1010	317	442	1297	654	790	477	1216	380	441	374	650	1321	136	198	1159	945	250	1015	890	266	424	956	969	511	1047	206	1289	621	973	996	153	544	536	187	1266	429	792	1362	499	244	794	691	644	274	1087	397	31	1425	709
173	373	1313	279	1198	579	1329	987	215	224	704	156	407	282	312	823	1094	782	866	391	163	521	393	1257	319	1360	1083	1063	38	217	1353	858	977	835	1341	234	1314	749	522	1084	1430	1140	1284	430	568	418	1105	162	1055	683
860	728	663	1014	1256	107	673	1404	1122	97	1115	61	410	1127	1258	487	1066	609	208	1182	340	1351	1133	406	457	588	856	946	1020	571	1002	740	1350	1053	1204	490	141	819	68	1340	774	500	1421	1035	1331	964	57	986	949	315
1120	834	452	799	825	360	637	922	707	121	695	1267	899	188	485	935	959	382	216	688	1213	222	898	1320	366	1024	563	502	1346	326	42	604	904	957	1091	1160	830	1176	1368	1354	997	1189	1129	1311	564	569	543	1391	681	768
1422	168	990	753	338	954	873	1293	1141	1426	476	1166	798	334	1315	934	1328	1294	1306	47	865	1117	1262	772	230	467	17	591	1359	791	1233	1357	944	1100	109	623	1061	159	1080	1037	322	1157	1403	459	86	864	941	518	116	21
343	729	1337	863	705	0	401	1114	573	264	1111	724	1275	631	15	11	450	897	636	10	1278	310	1077	39	843	1197	1057	814	488	99	656	1408	299	1338	789	1259	734	372	473	178	1336	786	1248	51	330	365	122	252	239	1283
531	639	174	635	9	719	460	422	717	868	113	1042	296	1382	363	375	797	56	1089	1078	1334	796	1134	127	1079	676	787	7	133	1175	667	846	983	989	250	753	208	140	955	50	1182	542	248	868	937	1222	1086	722	902	481
1002	1084	646	1119	44	965	364	139	528	654	1106	73	119	868	867	893	334	432	187	392	1166	1361	337	734	317	338	87	1022	240	1168	1138	762	1146	370	1164	348	778	909	907	455	70	803	797	323	520	1094	1360	1314	775	1134
306	1299	516	895	43	189	570	939	457	1395	482	1403	11	645	303	262	1199	854	353	713	1244	1294	375	1104	833	660	1307	521	1285	1408	668	117	1321	597	578	856	399	1163	1390	890	285	1152	849	142	85	1047	256	771	947	501
1398	617	19	560	1029	149	973	1196	960	1132	409	9	311	418	145	411	866	820	601	783	742	1181	1147	140	1034	831	564	596	1416	49	792	712	103	916	1254	452	1192	1160	394	1191	1151	1048	583	912	1051	459	99	1065	588	933
416	147	688	263	56	1359	1369	6	769	446	1037	53	664	618	503	649	458	354	1346	172	672	360	637	226	509	1415	765	704	300	195	729	158	1035	1224	1280	1055	304	777	526	1162	27	626	1173	1077	651	631	556	708	819	1083
469	1080	102	1135	1222	80	154	166	737	809	206	748	786	1287	994	217	544	1073	919	1367	542	249	232	365	676	174	1268	477	991	1336	1060	254	113	767	1182	1328	774	483	1271	120	1144	1325	1259	1005	887	591	1013	479	373	832
1183	813	1419	757	1219	808	355	839	613	180	751	738	880	1239	837	1331	961	219	548	1105	1175	1405	28	1426	1308	1071	1303	695	1255	682	1000	453	924	1028	473	371	242	175	1414	1161	884	724	1214	492	351	1194	1092	1176	1363	677
415	788	33	395	72	81	934	23	1333	579	1386	1184	191	1190	943	1289	1208	1111	17	1358	714	1140	1384	340	1203	686	873	746	1417	815	1087	800	350	76	1430	42	1366	995	1305	94	822	201	647	496	622	554	985	35	1079	753
969	701	29	945	1256	709	605	1075	146	30	731	661	531	454	237	1357	342	1174	1304	685	444	151	1392	986	982	1059	275	1200	1012	918	443	1270	852	1128	86	297	972	95	1100	922	576	153	91	1326	1393	498	207	332	280	164
1113	830	283	923	524	565	506	877	989	1350	16	1078	711	442	1365	603	133	209	349	208	1201	1309	1425	550	1278	341	658	1031	857	1241	8	572	1169	834	843	988	425	1036	1040	74	845	722	536	1269	756	305	230	1076	571	302
1141	40	1373	1189	71	532	519	464	1049	1052	1112	402	1264	869	121	1131	325	1039	339	962	699	825	228	871	1352	84	633	639	776	192	48	782	1397	674	1093	385	773	222	1250	273	1109	624	908	491	567	32	400	638	1274	1351
374	956	376	628	193	1015	1379	875	1407	507	79	1230	1019	940	1099	238	220	655	57	1167	1220	1413	594	1043	1428	1236	1156	810	357	656	826	1070	678	63	1410	726	495	1297	580	196	534	1401	390	569	1276	1186	1383	1315	648	898
127	229	932	1355	463	397	1356	573	585	205	58	1251	1261	504	124	1082	316	1107	1118	47	984	690	406	888	467	1142	1046	733	486	562	1382	356	1381	34	462	739	369	1327	1139	1126	381	1372	1334	1103	715	108	1120	653	111	906
705	835	328	264	488	602	561	745	116	1069	581	807	290	1207	211	710	936	478	310	968	126	97	315	472	476	794	319	749	784	233	75	1137	1229	864	970	22	1193	296	188	203	632	474	448	1249	1114	440	665	1312	284	743
1020	1008	245	614	1362	904	758	279	1301	412	439	530	1388	1001	844	836	250	1371	883	421	359	1348	379	12	598	21	428	812	621	331	10	1237	65	855	1149	518	1095	675	505	321	1283	1158	829	529	930	324	1011	780	1221	499
723	928	291	1349	247	221	1257	170	218	537	41	427	1317	1053	1235	309	700	62	77	1320	1262	1273	993	270	322	903	543	194	131	167	466	513	768	522	1409	1265	484	706	684	1041	1130	490	45	623	547	1288	1329	106	718	413
1074	752	429	181	740	1335	1125	874	732	905	1150	346	475	152	881	423	1253	667	643	1284	299	702	269	1226	1054	243	707	1282	716	917	979	1427	366	110	650	671	559	1345	627	435	1202	781	68	806	330	162	862	161	1213	727
410	566	214	200	950	698	92	899	132	31	1010	629	642	811	1260	761	1340	403	1292	277	764	225	178	159	307	78	1293	1198	941	1038	1370	0	26	1318	138	514	551	24	239	1030	1063	1258	430	879	963	183	244	508	417	964
1143	1206	268	954	1018	1337	314	691	790	1341	210	272	82	1281	109	1211	1248	1389	1116	1148	1387	1195	949	741	610	382	1215	176	336	747	804	5	1155	333	282	1045	1117	59	681	384	1232	485	1233	1009	134	1209	795	847	89	424
136	1429	1322	1353	227	13	480	1179	361	497	555	198	460	515	320	352	1240	1024	872	779	1338	135	966	118	115	1267	160	1391	992	575	1032	976	1422	669	1399	128	213	1252	975	913	1380	974	471	148	1313	15	679	1347	687	386
465	558	445	1102	335	901	1424	772	552	1212	1007	1090	766	1295	105	952	38	52	1004	1402	481	51	1216	231	959	1225	419	853	894	604	848	1068	468	104	295	1188	1272	582	329	179	396	100	824	144	744	327	168	1218	902	450
1033	137	184	3	449	199	942	246	870	1354	634	967	983	235	703	878	1016	1306	380	616	50	1098	398	93	587	1377	841	785	1042	802	266	389	1044	1056	1266	1023	720	938	662	625	1296	98	900	549	584	882	760	533	1231	821
216	274	978	1136	141	293	1187	1027	590	754	897	951	1061	1204	935	377	358	404	456	1003	818	1245	611	165	1101	1091	717	538	1072	1197	770	312	1123	1310	977	607	517	630	636	64	405	910	1227	344	215	689	641	891	719	644
258	1330	185	1124	600	1066	652	568	666	298	1050	981	914	990	892	640	557	1234	129	635	911	362	620	1316	1286	383	840	1058	1420	846	850	433	234	1246	1238	858	694	271	599	1311	500	865	431	859	1404	612	510	971	1145	523
252	827	367	155	657	447	925	46	1014	1368	372	18	1319	1263	670	1115	725	1081	1323	67	535	286	1302	287	563	885	157	1324	615	1418	1178	1290	182	1376	683	1243	1127	1279	659	595	1021	204	36	66	796	997	816	609	828	759
546	1097	107	1423	1165	408	197	259	260	608	817	920	889	735	368	1067	728	426	1217	1089	289	915	673	190	14	799	789	69	1394	958	805	948	860	487	441	1332	998	527	1378	422	60	1411	1006	1180	1298	436	1364	313	663	292
791	838	347	1277	1343	37	224	1170	451	1122	1210	577	420	326	1085	801	1223	946	921	937	842	112	793	202	387	55	470	363	1171	251	301	388	929	545	1275	54	223	1374	4	391	896	736	1205	1385	1157	378	511	83	171	278
539	156	1086	1300	787	1291	241	1412	1025	999	1159	2	1339	281	996	88	574	434	401	1026	288	236	343	493	345	308	186	750	125	177	1153	798	1129	489	1088	1421	1057	261	926	1177	1228	101	1062	414	276	589	1185	886	730	114
606	1133	20	586	763	39	1096	61	122	944	512	876	257	1375	1242	1344	150	957	248	953	1154	823	592	7	1110	130	494	696	593	253	525	255	680	1121	1342	851	1017	1396	25	163	693	1108	265	863	461	541	697	212	540	294
553	861	502	755	987	169	1064	96	393	1247	437	407	955	721	1172	927	931	123	619	1	90	318	143	173	814	267	1406	1400	438	692	980	1052	735	501	918	83	1328	1048	1285	1259	656	1335	276	908	721	37	513	527	1062	679
1011	637	1124	1086	1181	722	569	805	1386	1040	941	583	1159	526	1131	504	1248	766	1197	53	553	685	548	573	771	1317	401	992	995	433	223	756	647	755	793	878	145	452	426	1150	890	1148	1423	31	360	1127	158	933	256	531
1266	939	1068	32	547	930	980	1204	152	758	555	701	1403	1062	1420	126	1152	211	706	157	582	1265	260	296	681	1155	936	318	1153	1321	23	989	206	1156	599	641	916	340	864	1298	1342	791	1292	290	926	267	842	785	1048	838
1169	643	650	177	1038	866	1369	1146	1045	1070	80	865	434	1081	202	215	150	99	591	1291	780	487	39	899	887	744	664	1053	1406	626	1200	353	307	1029	448	303	700	567	1179	803	545	352	1367	407	1223	1381	1426	826	1334	1089
218	1428	174	1340	1316	998	255	1407	1082	576	558	837	101	718	938	1235	107	1341	182	692	1273	132	1175	1021	1344	636	749	909	42	1281	1322	910	1365	131	962	219	1128	519	997	815	1132	825	488	21	580	165	960	1092	1192	1020
1227	649	461	751	808	1357	356	451	1222	669	108	1264	283	762	850	601	707	877	1122	1215	940	596	949	1226	123	478	966	1014	713	87	400	985	1414	413	781	468	1087	493	486	262	394	902	615	1199	505	554	1170	898	495	1026
648	1009	660	812	990	1372	1188	571	518	575	578	1000	605	592	1149	853	331	882	78	358	1336	1382	735	1017	1206	635	1056	82	712	774	427	25	552	1301	268	822	1111	1422	122	1397	1211	345	175	217	230	1115	919	738	1409	1016
203	239	1305	276	1268	261	630	1384	1190	1327	574	991	24	243	300	1117	1247	797	777	391	511	699	945	602	228	446	379	65	259	870	958	824	332	435	1074	1257	1350	1121	1075	863	1144	28	26	508	927	867	536	1113	1315	70
1285	35	516	886	2	1160	275	1134	1410	363	957	361	948	111	856	1392	1404	334	1387	696	1104	1337	827	60	227	199	1430	628	1351	983	309	1171	1044	1219	906	369	1072	810	1300	589	343	695	0	52	1125	305	113	1418	509	167
889	1047	367	237	1010	1355	617	794	857	458	1240	1076	153	645	514	1302	942	1098	1373	1078	271	1063	456	430	593	1033	1057	981	1377	54	843	841	1013	221	30	1393	1194	1140	963	185	387	612	1135	1004	845	370	390	729	208	1064
800	1008	1324	130	1066	1332	618	1035	1258	912	533	324	181	240	315	881	1244	498	93	642	783	1416	802	1319	819	1249	1143	585	247	703	173	419	975	968	1371	510	11	760	711	544	1308	429	289	972	328	961	657	858	646	317
1424	1165	270	134	690	1018	180	619	43	81	1253	320	179	1114	286	1173	336	742	952	200	1096	1230	383	409	13	1415	14	1429	1034	301	253	341	1408	481	144	885	852	439	1042	386	895	745	48	851	1303	1364	1105	311	118	176
138	1079	549	1158	1374	754	668	36	68	746	7	1007	1205	918	1101	665	736	1306	743	1178	795	563	1338	66	1212	98	1028	354	411	163	441	1107	734	1077	1370	1419	396	542	689	295	1380	1263	568	586	1389	229	471	705	1059	1376
205	160	1091	1130	368	351	231	1261	489	470	279	1168	67	297	292	90	551	166	833	667	326	337	97	422	719	1320	453	937	1218	149	1167	316	1002	1270	874	680	506	831	535	1147	162	787	365	1157	92	600	473	652	72	1220
442	1187	806	428	872	925	786	444	661	717	761	694	817	381	973	934	373	492	737	186	388	1385	964	191	1262	212	790	201	752	281	584	984	424	1251	835	666	77	859	8	999	609	1051	875	1177	372	293	1299	1296	1203	284
242	273	839	799	258	187	608	406	598	1102	1180	1108	976	512	1195	1276	1312	768	207	16	159	198	89	757	529	727	1001	691	346	20	917	46	1353	377	921	490	463	460	611	235	1339	477	469	894	879	299	720	1109	238	1358
1260	50	421	1084	1314	659	1161	88	1162	924	708	959	62	1252	570	1085	871	1202	287	502	834	438	770	304	581	1080	269	1417	702	830	1259	17	1193	556	1025	678	1359	74	1005	225	1116	904	76	1347	4	1331	437	1290	900	105
12	40	445	497	1329	226	1348	104	530	241	1383	75	849	327	482	1123	540	371	572	423	726	656	499	1412	888	110	577	750	677	357	704	546	1313	764	523	325	1145	49	1405	1182	121	1368	398	1267	466	248	562	954	674	730
1246	655	996	192	323	557	96	1287	1232	965	1133	484	1243	135	951	1233	670	141	588	987	710	109	184	1054	855	291	1176	715	1307	778	610	151	915	1061	410	1343	1019	503	483	813	654	594	210	671	274	1275	137	974	5	759
798	139	51	644	1184	1210	1069	854	1362	190	161	1400	71	209	1272	1142	417	116	374	61	333	820	724	467	384	807	405	288	399	33	418	658	395	604	1055	344	869	1310	1099	63	213	684	1185	539	1354	18	840	564	1399	651
1237	414	1065	155	500	1060	603	748	1318	521	47	194	1286	725	763	462	29	280	355	404	632	1402	378	513	1363	38	905	543	58	880	348	1391	982	679	779	1023	775	986	1390	73	402	688	1083	935	1394	816	154	389	1234	672
613	364	522	432	416	1224	472	420	1398	860	532	1050	91	728	1284	1095	1250	595	1214	272	883	946	22	792	100	57	614	178	224	197	979	929	193	862	1293	1093	408	675	977	769	251	1094	232	447	170	9	64	1289	1396	55
1006	528	525	69	565	1139	524	956	246	517	115	534	34	1166	245	6	697	1311	1174	1413	1126	95	801	739	1356	1046	782	1228	188	1395	140	120	393	10	953	148	1031	147	397	1039	908	829	454	809	846	1239	978	127	709	631
893	491	222	1052	1183	1136	818	639	922	663	254	216	359	1003	119	86	234	891	676	1137	673	1231	653	741	1361	1164	1012	1379	947	1151	1360	884	772	638	828	836	903	252	1106	102	342	335	537	1209	515	1221	1349	136	385	1129
501	776	476	682	128	479	693	313	350	1022	683	1279	339	496	950	920	969	278	559	265	277	520	624	312	449	266	1277	1172	298	1032	1030	1088	640	1288	732	189	106	587	282	37	380	993	796	133	366	811	349	143	83	911
250	459	169	431	1283	464	1411	196	1090	716	597	440	868	560	142	1225	249	1271	475	129	1421	146	347	1110	233	1024	1294	538	931	1036	620	1238	1255	1058	1100	767	1015	112	45	114	622	740	392	733	294	914	257	634	236	1
164	1217	901	988	627	623	814	789	214	455	561	117	1366	1163	541	285	848	955	566	1242	1269	784	527	1345	944	1254	457	1138	1198	172	876	907	306	943	873	415	550	27	723	1274	1049	1191	1071	195	821	319	1241	765	436	485
465	1352	85	220	204	698	621	607	1103	1027	1041	1278	1213	686	1280	1189	79	1245	731	1330	1256	1346	1229	362	1207	590	375	633	1216	84	896	321	1043	308	329	1325	928	15	1201	94	606	1425	263	747	1037	41	804	714	1097	156
19	474	721	932	330	1196	124	1282	629	1119	1335	494	1073	753	310	425	450	913	507	1208	44	1120	1388	264	971	823	832	1186	1333	480	244	443	302	322	1427	844	897	403	314	1401	1309	1118	183	125	788	923	382	1378	892	56
1304	616	1323	338	1236	3	59	847	1297	967	171	687	773	994	970	1326	662	1112	1328	1141	103	168	376	1295	861	1067	1154	625	1375	579	412	167	59	555	606	1322	649	1269	65	497	984	908	927	184	651	133	1272	720	116	949
545	32	1067	60	440	455	64	967	1321	971	40	213	737	249	1193	1293	1271	491	838	844	1300	1159	807	556	572	1033	346	660	1172	686	313	1135	1419	151	414	1101	299	1065	782	745	1025	899	607	602	803	785	328	285	227	1295
1243	518	231	1404	577	18	870	817	333	3	780	1140	604	1125	387	878	743	1104	79	573	1331	431	698	1124	1338	123	1056	102	278	824	926	876	1014	663	1378	256	810	557	655	427	266	715	818	1187	1036	7	1301	1418	322	574
1312	689	1377	28	294	1078	925	656	43	529	289	1382	1054	725	245	915	1126	558	479	183	726	789	77	204	620	999	1099	241	619	1252	125	835	788	189	1345	1013	254	1409	730	579	65	368	1163	415	1080	979	275	1237	858	1298
587	552	1425	1095	1049	1362	268	1373	160	646	516	591	1066	643	1328	757	1337	735	661	200	1281	592	1422	928	769	59	1206	1393	1248	434	325	1108	1087	1153	1024	991	375	1076	500	203	666	670	1029	148	91	406	1340	178	1019	1147
741	487	892	342	883	943	393	1184	774	128	332	1342	335	361	585	542	1402	578	901	540	86	707	503	566	196	1072	937	161	709	955	126	56	861	806	404	833	1354	906	823	350	740	470	603	348	1405	1008	898	677	771	830
1381	618	734	1110	1274	736	1367	922	462	1282	706	35	839	211	826	625	437	633	192	216	456	1026	104	1415	836	512	1197	756	83	985	877	1089	868	0	704	17	331	962	701	219	1096	365	138	410	235	90	1283	413	1324	307
1289	1115	1070	1084	862	1151	931	475	694	555	159	1007	1296	314	921	1384	814	654	338	549	936	1129	717	939	247	340	854	563	420	1161	205	1374	914	688	742	167	575	527	1313	164	405	994	392	1403	451	409	129	37	253	1120
41	713	336	117	408	1316	1265	993	124	760	206	970	34	72	852	1004	875	394	639	682	1107	8	1315	932	748	1401	752	113	1365	1121	588	1244	172	942	489	179	842	67	1221	969	723	267	796	416	551	506	237	111	626	61
733	458	396	433	923	683	389	499	531	523	580	584	559	989	1083	31	425	1185	712	209	158	637	185	1190	212	364	610	2	163	635	859	770	695	273	1093	600	849	1387	946	80	919	802	1429	197	270	1326	38	486	954	731
152	330	614	1201	777	482	1358	181	136	10	187	554	1222	938	1119	1182	1278	1234	850	1399	407	1360	699	112	568	269	344	226	1042	42	490	376	638	1259	1073	582	528	180	50	964	291	815	194	1414	5	1356	248	1299	744	483
1114	1118	139	279	1291	910	1216	534	903	46	388	82	69	553	959	1209	1371	47	1204	137	848	908	225	145	897	569	372	358	280	66	514	750	1133	855	718	116	1152	1018	869	685	106	1144	374	1032	214	87	1079	58	975	1122
978	343	1335	308	659	459	1138	727	981	1277	865	913	1240	934	319	395	505	1255	1332	356	856	795	1097	1040	36	605	1250	481	39	1069	753	1308	1039	879	1106	622	576	385	762	983	105	1113	940	589	1430	653	1117	468	497	918
381	972	488	1146	609	664	513	446	947	44	720	175	1188	339	282	1048	564	379	871	1155	1350	766	773	477	201	474	597	171	1242	594	1366	89	369	1068	586	1287	141	1077	127	1217	23	820	45	1162	692	517	94	184	250	624
230	662	1071	1052	259	617	1368	1398	612	48	29	1166	1198	351	162	222	1109	49	1229	76	1262	828	819	905	1311	763	324	402	973	1275	1412	1288	498	1336	21	691	353	303	598	1037	302	702	522	92	380	1016	902	1043	1327	1006
74	690	532	565	831	165	480	1005	696	988	367	874	24	651	1154	207	71	108	784	1044	1058	418	359	945	155	403	1249	703	1385	399	1173	1284	511	118	1218	853	301	443	1112	968	430	1226	97	965	793	1023	1061	492	837	441
1285	1178	808	1369	1103	334	681	561	722	448	320	217	101	872	355	1027	442	1195	1136	1258	599	976	265	1180	1406	658	366	647	1074	202	525	445	623	258	140	221	665	801	1030	131	1009	510	1098	215	949	276	1379	543	1426	509
738	941	536	119	995	452	99	261	1239	1346	306	851	373	1417	783	1075	1302	867	426	708	1268	1225	122	1383	1416	526	419	539	363	386	982	467	81	444	1309	1273	321	933	1091	880	1357	472	1207	1134	198	990	1427	930	1397	345
1370	147	1059	628	1127	1130	746	1002	292	144	236	1228	464	1304	1045	1256	1017	360	260	1051	641	521	590	495	142	317	244	840	461	300	596	882	436	341	93	153	520	834	382	304	1116	1227	1028	135	786	450	318	1200	544	944
485	1286	435	1082	146	1306	992	1145	193	1359	673	1235	533	787	13	571	1257	800	439	53	157	705	96	887	1339	354	1230	974	168	1297	1020	1012	438	645	1181	305	772	1376	1062	1022	501	507	277	52	110	1199	54	714	583	210
1396	1245	170	1310	149	1000	1165	1307	169	667	1171	907	1183	866	242	680	391	1261	298	997	958	1214	1325	1231	274	747	650	398	347	188	460	1294	1011	1164	233	1111	295	1081	103	606	581	857	75	73	775	1157	593	323	888	950
1334	668	417	562	232	6	1090	537	1169	63	423	502	271	889	466	1194	548	847	535	1168	515	1150	1241	1254	349	896	1156	1175	223	1424	961	1050	173	33	1223	739	778	22	311	84	601	25	1100	567	476	1128	779	1394	1210	1160
1263	767	11	1408	1105	657	1063	640	797	935	262	449	776	649	121	1053	929	424	9	246	484	1186	240	120	546	1141	827	864	421	1086	927	1343	315	754	1372	595	263	357	1317	88	312	652	228	719	132	504	465	1305	809	881
1203	400	62	1158	811	154	884	1	1423	352	1031	1057	239	1413	1038	390	290	1380	792	1351	252	195	1411	469	1123	70	825	1046	644	893	1290	560	846	764	1092	629	912	20	1010	721	296	863	894	636	1041	326	115	761	679	1320
95	329	678	1208	1148	799	182	790	669	220	337	822	615	674	519	957	1219	1177	987	676	208	1269	845	401	143	1035	1247	133	986	1364	288	541	956	608	1392	1139	841	1303	1102	1189	729	428	886	78	749	1232	627	478	632	457
697	1211	524	781	952	885	1170	1410	1395	1236	218	804	530	453	150	711	1060	309	890	166	85	1400	327	812	1319	1428	134	1322	264	951	30	1390	234	1264	1251	1361	1386	1330	251	55	671	1215	199	1132	370	948	463	272	693	1088
1272	114	383	447	1246	412	1142	1192	980	924	284	634	1047	1314	107	286	397	1003	1421	755	378	1205	1353	473	1347	454	616	496	255	377	429	759	109	716	310	684	1276	1220	1348	550	27	243	100	611	1149	1355	1191	873	287	1196
1015	4	432	1333	1179	19	630	1323	1131	891	1267	998	960	700	422	1055	710	224	1341	98	1238	14	675	1143	963	1407	26	1085	293	1270	281	724	297	1167	916	1318	728	904	68	791	687	471	829	411	15	570	362	316	1349	1363
1266	493	1212	765	843	1174	732	794	57	1137	1176	1021	613	911	1389	758	1375	494	900	238	508	538	917	966	1344	977	832	798	371	1034	283	186	984	631	176	1279	1388	1292	1202	672	130	996	751	1420	1253	813	648	1391	229	768
621	1233	1001	177	16	920	191	384	953	816	860	190	1352	1260	1224	1213	156	1280	805	12	257	642	895	1094	821	1064	909	547	1329	174	51	297	1321	1148	976	1358	324	557	697	1238	827	1213	1334	145	210	760	35	146	1175	459
854	1036	935	129	1209	1262	992	219	836	331	389	858	152	1280	95	562	1277	156	357	324	582	365	277	1291	1038	489	1375	188	1429	1190	100	906	1103	1237	167	679	907	18	768	333	616	737	1116	339	1377	363	948	1014	53	430
1197	274	1256	169	1339	965	368	584	800	608	362	1177	1282	1196	1416	233	17	491	663	1243	621	566	752	535	677	542	667	1067	15	47	754	1397	713	980	680	1142	39	1083	546	714	1266	682	607	157	611	1141	252	755	1301	1430
570	1363	493	809	574	1400	632	471	1048	34	732	911	116	525	985	790	1392	1387	1383	727	986	988	893	338	30	171	1041	41	151	71	997	690	1002	216	1325	122	633	45	1175	318	516	819	20	881	922	829	27	9	404	1114
537	451	1076	1324	1247	1051	1058	488	185	873	692	1144	1106	309	231	1206	808	19	620	1216	1329	1021	1202	103	650	336	899	724	226	1232	87	1357	884	235	857	197	552	63	1029	971	924	194	153	996	42	639	479	862	316	107
1088	136	967	1293	416	1231	828	687	635	703	599	927	1242	209	877	847	753	939	795	1415	1252	660	1240	425	1244	526	886	994	259	315	684	1203	1101	916	787	66	547	445	832	254	14	700	52	567	1258	444	799	921	1249	1245
1138	748	1125	98	991	762	1428	1382	568	676	1184	313	813	1131	1163	872	641	964	900	1230	636	1279	211	1260	1112	708	496	1020	947	970	56	550	1031	239	1318	1155	898	1299	1395	292	783	449	1044	1185	1225	486	1396	610	561	1379
904	597	606	1288	1425	439	867	32	1179	108	1191	1344	1136	889	1215	132	150	418	981	198	1171	719	358	742	1367	941	344	184	1016	1362	624	840	1055	613	1295	303	1264	1426	1423	1164	1007	777	693	168	1135	1406	1403	1119	1407	878
775	193	869	793	655	332	1169	773	413	841	434	776	591	983	90	213	1063	1097	571	406	397	72	1372	558	1369	281	672	589	143	1304	364	337	179	1091	1380	138	1327	1005	833	903	711	295	580	1170	8	659	269	312	1129	113
1115	205	891	1168	117	617	190	245	1371	1306	794	987	93	146	262	456	968	1368	172	744	887	820	630	920	1297	147	1010	975	393	1207	926	545	261	255	1039	509	1347	706	1285	551	443	1399	1290	1408	786	114	1061	1212	1153	539
523	448	622	1042	323	1411	181	469	1081	615	96	82	306	163	769	960	158	705	1398	1181	112	733	662	664	670	490	392	1334	109	718	506	478	240	918	502	1140	1167	830	1355	263	1312	257	694	377	16	1121	1239	0	782	1314
938	647	1409	484	519	427	1011	689	604	774	785	120	575	717	956	928	648	264	401	564	217	894	200	1156	1281	1154	223	665	1421	853	275	977	1348	498	1346	770	1424	1366	587	750	612	411	210	1267	1158	326	1353	1410	1254	990
1335	945	822	950	371	279	511	477	683	1330	1211	501	33	1198	67	831	909	1296	354	1404	196	453	370	189	549	1126	214	126	1351	1068	1008	408	804	720	287	475	201	251	529	1001	1095	1100	1099	942	1025	697	1082	982	1087	1229
544	174	593	1017	320	1394	58	1189	1060	890	497	325	1273	353	735	442	349	46	228	875	955	149	141	215	500	1234	64	681	388	1200	1418	128	644	1213	961	396	864	73	572	270	507	627	1192	1328	596	1053	118	658	1414	1356
1308	675	686	1222	1093	673	543	187	334	192	273	1402	65	818	883	536	972	7	1165	29	601	743	391	1108	1342	731	1117	85	335	979	892	115	373	288	51	934	701	712	594	165	278	154	1323	462	26	823	246	513	789	637
24	1084	1236	860	464	779	807	383	1000	1326	81	619	1128	1086	1	588	614	101	470	54	1349	499	1043	1322	183	792	1032	865	70	508	1419	510	993	83	86	866	437	629	494	88	1427	119	99	834	487	249	236	431	915	669
280	290	106	5	145	361	521	839	835	605	28	1343	110	757	285	1214	1132	1289	272	441	930	293	850	548	1033	1422	380	342	44	1139	642	772	178	1195	638	415	557	815	203	283	640	48	609	412	812	1074	92	520	248	1233
579	1018	1201	581	1194	367	91	984	50	958	989	653	1079	1391	256	1107	244	721	1174	317	343	914	10	144	1104	476	387	1188	826	1069	532	186	1071	2	896	556	221	346	59	966	943	131	952	1208	1146	1336	1123	142	125	435
868	527	463	645	925	379	1023	1417	802	286	1077	1178	1305	999	940	1120	846	643	139	457	852	80	1251	160	1024	195	1274	124	1331	1047	300	398	781	1302	405	657	691	825	374	1157	1248	472	1006	1149	440	77	1109	432	384	123
104	1022	885	465	1275	586	969	1003	1118	917	1064	1276	1145	423	260	289	1102	1152	1073	1059	603	241	767	1261	962	250	1111	1122	399	455	356	746	803	1307	400	855	55	736	626	905	305	554	121	814	1228	311	913	386	1110	1028
202	438	798	801	176	538	908	1259	265	161	741	328	229	788	137	517	4	598	266	725	84	859	1049	998	729	207	1405	973	710	838	1075	1183	25	40	302	625	6	191	426	995	805	407	458	976	963	473	524	345	355	699
1227	666	1052	702	902	848	515	756	243	560	1310	656	402	944	780	618	1350	375	433	1360	127	298	957	1080	1221	1311	403	1420	649	761	530	3	372	294	1182	1193	1401	237	271	1313	1345	1096	102	871	314	31	1303	429	534	863
1148	505	454	222	43	514	1412	553	225	1057	1272	350	937	1385	1186	668	180	218	726	459	1166	573	199	1137	837	420	646	360	563	1045	1159	949	674	68	600	1004	816	1298	923	1389	559	341	321	1341	267	1270	359	759	208	821
347	1172	912	845	1046	861	69	882	1333	946	1205	953	1062	21	308	722	36	709	695	12	851	422	466	238	747	1271	220	38	1278	175	282	631	784	651	22	467	876	212	1317	450	1105	140	1253	771	1384	11	707	856	1255	247
1257	79	1358	1019	910	1030	1319	173	1268	1220	843	1092	951	901	1316	932	1150	204	177	13	849	1143	751	880	352	592	533	1070	1130	730	307	382	1378	1315	1294	1013	1238	1009	329	232	159	1072	1265	1034	447	978	936	1147	410	234
111	291	94	297	296	1223	428	390	1287	810	483	1241	409	452	583	888	1250	378	602	555	414	1286	230	678	242	1224	796	23	155	1066	1037	811	424	766	310	78	1321	148	652	1218	806	35	1219	284	135	105	268	954	715	590
749	481	1292	1204	1180	929	1352	1413	376	1361	585	1127	492	417	446	738	1300	817	319	474	522	734	528	1246	933	764	623	565	1187	1151	74	1381	797	740	628	1065	745	503	576	1134	698	874	634	739	541	49	688	763	1089	394
1284	895	89	1012	1035	1176	1374	1376	164	1269	480	1359	879	421	1054	340	1161	578	1388	460	716	685	1393	330	62	253	482	1338	1113	540	696	704	166	1078	461	1050	577	1124	75	1015	959	1365	1085	485	304	1226	369	723	569	518
1309	661	1217	130	1337	299	1027	824	827	133	531	134	974	495	1332	37	1364	1199	182	57	897	61	227	327	1040	1354	1320	351	468	654	366	381	419	258	1160	778	1210	870	791	919	765	842	1370	1386	60	1098	322	1026	758	595
1090	276	1094	931	1390	436	206	224	1235	1340	504	1162	301	76	395	760	1373	671	728	1173	348	1263	97	170	385	1056	162	512	1283	844	1133	1391	526	695	881	148	553	618	856	1055	256	1096	46	1113	299	1092	1349	727	744	703