2,1
1115	1482	36	450	1530	244	744	739	339	817	833	1398	510	35	329	60	1295	426	577	820	784	1598	593	1338	1056	174	1112	37	808	863	689	491	1034	1559	529	1601	1476	776	821	1041	1290	123	1636	1402	1352	423	758	841	1030	1667
798	987	752	1083	115	564	403	708	427	130	74	815	730	367	48	695	907	278	64	617	27	932	489	1157	1672	1042	1405	1199	589	935	984	754	108	1556	964	1193	1293	991	270	452	413	1298	307	375	661	299	1000	273	1347	102
1348	958	1187	1575	788	1321	1005	1285	1046	721	1594	579	800	220	899	225	668	1179	31	576	212	1557	435	97	949	1474	1088	1615	1585	1562	1606	859	414	761	633	669	191	1621	874	1600	1510	1278	793	718	775	618	56	909	704	418
481	318	1629	301	67	1152	1220	125	1183	372	417	1631	1386	1044	1360	1555	211	143	470	126	471	345	1320	1145	951	379	1235	34	1373	1508	1647	965	359	858	1573	1092	1385	1432	87	794	120	1433	1359	317	756	678	326	562	832	369
1491	24	679	608	657	1531	1590	811	1137	764	1613	1025	1685	85	1165	952	1532	1173	992	264	1644	898	1671	1122	1609	805	1435	96	202	1080	475	217	1638	230	449	1259	773	957	233	881	383	344	1357	1	1016	1035	537	142	1662	1545
69	779	131	1633	1407	822	691	831	203	1588	1303	267	392	110	953	1090	1175	1442	133	643	1067	1349	1324	1084	591	1551	1495	7	1493	1565	218	384	1331	1443	843	774	1155	995	616	533	109	1248	171	1595	601	348	1342	1486	734	1434
146	1186	234	145	153	1379	1116	663	1249	897	1623	697	1086	924	1637	1469	1218	16	304	1217	1468	966	494	361	1002	75	1085	1517	1241	29	1452	366	1057	558	334	463	486	1177	1019	614	190	512	1201	631	458	829	321	1040	819	839
1301	1593	1353	1198	840	1104	1484	1263	336	894	1111	1653	1580	440	940	1192	621	1583	699	725	803	1467	112	700	1612	1439	28	666	1535	933	910	850	1512	939	501	1371	997	1252	1674	903	428	1670	124	332	1304	1391	303	175	869	1462
370	1654	323	1197	354	615	544	1355	539	750	809	1174	298	1266	1268	245	1582	94	767	398	43	528	1162	247	228	936	1211	47	891	1296	194	68	1456	636	857	571	1404	1527	1507	723	667	1009	555	524	11	1114	1529	73	454	854
1050	261	654	222	1214	1568	904	879	274	1640	1571	1300	507	518	1438	1156	1499	981	1651	1284	916	1617	778	1496	1212	1528	954	703	1051	1652	1018	893	795	1148	421	1436	567	223	900	1306	118	1246	731	722	1129	619	999	1265	802	573
1074	613	1675	1311	1378	685	39	769	1418	1389	188	1264	1276	980	78	179	1500	649	1597	1216	963	121	72	483	1472	763	1367	1541	1679	872	1461	565	1138	828	1022	1365	1161	1219	1683	1184	1101	604	870	1466	598	1408	1123	1026	838	325
588	139	271	1272	1475	1518	707	1256	1087	612	660	1141	990	445	387	684	1558	305	1160	559	3	1185	1463	1132	1560	447	789	572	1328	104	363	637	835	890	1678	1117	1319	596	1176	855	1506	1055	1346	532	1363	792	22	164	1126	1437
1465	1215	381	845	970	151	514	461	742	1059	365	1584	172	1446	1394	229	1243	1154	1504	1395	638	80	438	157	772	186	1620	738	1150	1261	895	1223	177	896	1013	1140	692	1163	1354	844	341	973	1453	482	781	729	498	431	1514	300
948	842	282	358	1424	52	719	786	1586	1673	467	905	411	1351	861	373	20	152	720	1058	41	1143	1307	1277	1205	1029	961	280	495	173	1108	866	550	439	51	1239	425	930	693	224	996	625	538	1036	968	827	30	204	1668	180
647	672	420	199	1619	122	1015	525	1227	213	880	1068	255	960	106	1682	1464	824	1490	860	688	1069	1423	1350	1247	374	6	1172	226	397	437	419	196	520	378	1318	1031	603	442	922	82	521	1581	1082	1649	1203	886	846	500	287
335	1422	416	1618	976	1251	1470	751	1648	1093	1515	994	1608	511	941	906	946	1399	658	1533	1118	1012	479	920	915	1604	1189	590	1538	1062	665	1188	236	399	95	284	441	554	1102	492	1686	155	1316	908	477	1370	1244	505	1413	1196
101	215	748	1497	140	1523	582	1255	410	79	1382	253	1566	249	1076	205	1332	393	979	1657	88	242	986	1524	782	349	513	876	250	99	1014	243	1334	1427	735	1231	1540	1449	1665	611	1534	10	276	193	1425	945	504	1611	887	116
434	1308	443	45	955	745	526	237	385	1286	1511	1081	53	563	342	132	1208	1049	1151	682	1624	1341	810	195	873	1202	1190	1128	683	1325	141	508	989	580	1053	816	1008	1094	147	238	1063	474	1232	57	285	1242	197	884	138	646
23	566	812	1426	1661	92	1339	712	135	1109	163	1064	1144	1238	448	1133	1375	531	687	962	942	1309	1607	1337	1317	1079	216	302	176	114	1003	484	609	429	386	315	1448	181	65	1167	277	262	292	1563	1054	1570	1061	882	696	1396
982	1420	1007	1574	1628	711	1411	675	1626	716	546	1544	1178	9	1139	337	1274	408	76	235	1273	248	33	628	42	1502	799	240	312	1282	705	1164	871	1131	1639	883	8	1048	741	868	192	353	1254	1627	444	706	294	1288	1226	487
1335	569	499	1480	49	622	1314	12	1191	1166	1260	169	1392	548	585	496	823	912	430	1221	545	259	807	530	1322	1302	170	702	252	911	1195	602	1646	1292	971	260	322	867	635	473	629	351	709	931	1401	83	664	457	1313	357
254	161	1305	19	1471	485	263	1589	167	295	584	549	969	100	1234	592	84	519	456	1447	768	578	547	1099	1100	293	1553	726	1414	804	1356	415	1576	770	743	1158	988	1542	1513	673	698	1207	1171	1153	993	1124	913	183	517	834
878	983	1257	568	950	1460	1194	639	184	309	198	1329	1459	1380	1343	1181	389	1326	814	159	1071	790	166	1632	1410	1283	681	610	623	1253	1403	1245	1045	1605	536	791	594	1089	460	1430	272	200	311	1052	1415	581	1023	1121	937	1017
1684	836	402	1262	1120	352	1561	1537	943	1509	1498	1323	1577	1134	21	1096	1602	1004	388	1479	105	1269	91	740	771	626	1501	853	156	1297	967	466	1200	1455	1024	497	86	396	257	1481	849	231	462	1543	1548	1358	407	1028	1525	296
1428	1564	478	1001	503	107	765	934	377	70	1105	1281	390	424	1213	333	728	641	862	1372	1516	1142	154	1416	600	1659	1450	136	50	864	753	1336	1441	241	757	1521	98	1505	451	1549	583	1107	405	956	634	694	61	1170	400	162
59	1011	306	1027	316	759	1377	676	1070	651	119	210	509	523	266	570	1503	129	279	522	81	926	888	14	469	178	947	620	1658	111	677	1135	468	1038	214	1330	327	160	476	1677	26	1429	1592	182	1039	25	275	1369	901	1333
1073	885	38	848	1327	1630	586	1457	382	465	343	1669	1596	66	1229	338	1250	642	289	433	148	852	686	227	724	149	1236	975	1125	1680	1310	605	587	737	488	1645	659	1047	113	1572	1519	308	1642	265	320	560	1622	1209	851	63
889	144	219	1635	837	928	1660	650	58	1655	2	208	1643	599	938	251	391	1299	1130	541	1473	959	1222	17	542	1487	1010	575	281	1376	1280	1113	1610	1383	187	207	165	1312	927	892	246	269	288	830	1182	1275	1060	394	701	977
297	1043	978	310	553	1291	1136	291	632	1315	1579	1599	787	918	644	714	1587	189	710	1271	5	1431	925	1169	1228	515	1384	1421	826	1340	432	453	847	362	1230	1634	127	561	209	314	331	656	552	404	806	368	1225	1066	902	1412
117	493	1294	324	556	0	1033	55	1603	1127	1616	455	595	1536	717	875	319	1409	1458	18	813	1400	1210	1110	350	46	168	674	944	340	221	1614	436	1483	1650	627	998	258	137	330	376	1006	1478	158	972	1204	32	150	1287	777
103	347	551	540	1374	727	516	929	1037	1237	1489	206	985	1681	877	1279	412	328	648	346	1451	1546	680	1676	736	607	917	1445	1494	459	1397	1072	1663	506	1591	1106	923	355	1119	446	1091	534	766	422	380	201	1381	671	128	1168
1020	401	1233	286	1522	268	90	1065	464	1361	1440	1567	1258	1390	921	1077	690	785	1267	1103	1075	1550	1362	1364	797	1539	535	914	640	713	557	818	865	747	313	749	1578	232	364	185	1526	62	480	732	780	624	1547	662	746	597
1270	134	1021	655	856	1485	783	360	290	1206	1388	1625	71	4	645	44	472	762	1492	801	796	715	1159	1454	1419	1664	1095	630	1488	1641	15	1417	1240	1098	1666	760	606	919	406	1656	93	1554	283	825	543	1345	652	89	670	1366
653	1406	409	755	13	1477	77	1078	974	1224	1569	574	1146	1387	1368	54	395	239	356	1552	371	1444	502	40	490	256	1097	1032	1520	733	1180	1147	1393	1344	527	1149	1289	563	80	290	584	700	292	1589	365	539	1448	1096	963	181
1011	615	1174	1151	1524	843	638	1319	245	1371	1499	29	1636	589	600	546	333	555	1187	327	735	809	660	1358	1015	15	166	645	1262	857	1116	620	1397	1628	749	770	227	1611	1133	418	1095	141	1650	711	54	758	382	916	742	1439
115	1148	1157	1203	1153	291	279	559	274	422	491	1674	1217	229	404	286	464	837	1451	1070	1482	1449	9	1413	58	986	1230	1257	46	1633	1298	774	366	202	1588	424	88	386	1144	146	1572	1366	116	482	283	1223	1283	205	932	1242
1456	1630	1105	1289	959	1268	1452	792	518	554	1060	605	1365	525	527	1383	697	881	389	1409	1028	0	727	1046	655	1052	693	550	581	725	1655	159	143	1407	1370	961	1470	1165	921	1525	852	537	1634	1434	1399	264	1308	549	1225	147
845	1503	1364	1489	618	884	1036	1360	893	1259	339	1320	346	867	1103	1137	978	686	767	1375	1139	524	1143	514	1337	1601	1127	1618	790	796	805	45	862	974	750	398	1362	1498	1632	1613	1010	378	780	1467	37	631	53	1172	548	1330
708	850	1476	1009	1668	1386	105	107	20	1665	914	977	909	393	1334	1168	842	376	1018	1376	95	1210	719	1597	218	1395	470	420	1649	43	1201	924	934	990	1215	1419	1501	330	1477	529	123	1321	1206	413	1055	1455	1327	1304	433	493
1209	1121	1644	97	360	888	807	450	370	1110	1177	1622	1603	736	640	1567	1256	1305	117	1478	1281	1377	1584	1564	240	1614	829	1303	1122	714	1285	1512	1194	1332	1535	836	1590	1027	547	695	502	290	294	430	606	632	42	90	1204	1544
948	1534	1607	1464	468	1159	135	1679	233	766	1007	1670	83	810	861	705	28	497	562	739	1406	436	1539	483	989	683	1088	1521	1039	1044	937	1315	16	1056	1513	406	1025	1384	902	222	633	133	1520	876	284	40	1579	190	1463	764
536	94	688	943	1430	982	1441	1158	1267	1486	1424	271	1491	1658	76	673	951	912	1616	1314	235	1423	1672	379	322	1667	1115	1077	718	824	1621	126	991	1233	396	516	1585	953	365	194	325	599	189	71	553	954	1175	136	994	261
23	826	1343	85	488	276	614	1599	1185	1312	98	212	1090	1180	803	137	1481	1380	80	338	435	310	603	1087	890	768	414	1594	1445	821	1447	484	1041	1511	1269	1508	1474	57	658	1284	630	1388	747	474	1678	74	311	515	784	623
300	192	1080	69	1147	454	304	89	1307	808	201	987	314	919	344	60	709	612	257	1352	580	121	511	1518	865	1387	1490	1450	1021	1134	900	131	967	894	1469	647	368	1089	1681	224	984	732	1496	1659	223	1662	1357	584	275	1331
155	566	1589	1288	453	611	1160	219	1612	966	815	619	1495	816	918	801	1329	12	1154	1605	731	595	1012	467	1646	707	1402	1184	785	593	822	452	1213	1443	1550	955	242	132	1131	1272	1226	653	543	828	1069	1192	1106	285	856	1661
667	577	66	965	1336	898	676	388	1471	998	475	1053	1417	1043	853	1600	1460	1653	402	586	331	957	110	328	597	231	102	73	1652	1273	696	1182	925	47	672	237	1221	1091	607	753	1620	1685	846	557	1348	374	910	1480	1344	772
129	1208	980	24	738	432	1435	303	571	228	939	375	622	293	679	704	463	639	347	394	1124	621	183	498	1094	592	1437	1381	1436	1189	1466	1426	1004	334	1068	277	1552	847	1079	213	179	1274	840	744	99	508	1532	299	1555	1241
1093	1527	443	329	114	544	316	726	494	168	690	1029	262	1207	1261	945	1073	1459	1034	579	485	251	981	624	1290	855	1347	762	1598	397	1558	995	879	152	1033	244	170	492	1363	1602	1023	1326	1608	887	1428	364	1440	594	576	963
970	3	1294	1545	1227	1553	814	538	148	551	411	204	63	341	1218	17	1114	1415	1163	574	247	1582	8	1030	1422	1453	1448	149	1234	1472	361	1392	1236	1295	1141	337	1006	1427	643	1246	164	1663	1183	1509	408	1677	481	773	358	880
1361	250	92	692	109	336	165	517	318	841	1462	96	510	1171	172	175	1167	1155	7	1642	417	1	113	1404	309	703	139	972	1458	298	1591	817	1446	1063	1640	835	1276	448	752	1619	1271	477	263	156	1101	931	958	59	1014	1003
195	1487	1013	1120	827	320	243	1322	1249	534	659	154	575	86	106	1561	400	889	1047	1112	151	542	873	197	988	78	1537	806	723	1244	1568	423	1551	1651	4	908	839	712	1202	1224	253	1625	783	666	985	489	1522	1050	373	1162
1302	1282	903	1170	410	349	804	461	532	176	270	1299	706	854	849	928	177	1577	1660	644	345	1595	572	1286	775	22	1538	787	1237	1654	802	180	535	911	52	950	1280	1238	273	1516	1128	1117	1617	162	238	1229	1067	756	1379	1232
1483	1403	1042	601	757	1222	10	252	39	1045	68	449	1291	26	321	883	590	1300	1530	93	18	941	188	25	763	91	150	216	1190	882	1629	1497	1245	1475	877	1279	700	1248	570	866	447	125	798	1318	1059	56	567	1583	1411	885
929	1058	813	1132	628	664	1216	351	383	938	769	278	409	1292	1369	1317	48	1562	234	288	1581	1671	1066	930	407	1040	381	246	1624	426	62	1235	1686	869	793	144	789	1001	969	960	260	1517	733	1000	1547	1425	737	1519	1385	831
1145	649	82	1212	1075	281	1610	530	626	1138	254	479	501	1680	391	677	1500	512	1016	608	392	872	1354	761	1188	36	926	675	1049	77	1263	1359	415	1065	1502	1416	100	1353	1022	596	670	858	625	812	387	1373	1156	585	1627	509
421	301	1135	1031	717	915	158	75	1637	1311	255	119	1401	634	191	1645	297	979	64	523	1173	671	55	1239	308	343	754	1076	1096	21	935	779	236	1275	874	419	1296	610	942	471	499	428	469	654	1575	118	875	217	1484	1325
458	962	1515	565	1200	669	539	1569	438	1266	1468	680	636	1152	825	541	128	920	1408	564	522	138	1429	651	210	1528	265	1592	710	178	1017	359	1129	1609	437	1198	558	326	315	1394	687	788	13	1061	72	1374	1639	870	1098	507
1293	896	1669	401	1102	1071	160	1193	975	280	907	1002	187	296	1356	371	741	225	1635	635	111	1442	1400	1586	1505	399	759	682	650	1108	944	701	1083	811	1432	1559	1026	1186	460	287	1623	531	734	627	1199	313	1181	104	1265	1391
455	771	1565	157	844	1346	533	324	1240	302	913	648	1531	429	833	1118	367	668	1473	1277	395	1454	917	1410	786	356	561	486	1593	1421	1100	684	720	348	520	1378	1123	1389	642	656	200	256	1571	403	933	1523	241	1082	1064	186
1546	1038	65	1351	456	173	1032	353	1310	794	694	745	1323	317	663	1231	1438	1504	1368	1051	431	563	384	1048	490	871	1084	1549	193	1587	215	1253	1247	1398	444	79	312	999	1195	830	1125	1333	1169	971	198	478	5	163	641	1142
221	1254	369	689	578	182	506	1178	38	61	1113	743	292	87	552	425	1444	598	1220	1506	652	528	209	124	1431	819	332	167	1316	777	901	495	629	946	699	1250	820	108	1485	1219	1345	674	451	41	1479	940	617	968	208	1211
145	556	1062	604	740	476	1578	465	269	1638	81	472	140	1420	335	362	1382	1414	184	226	1037	616	904	863	1342	681	1526	1615	730	199	1494	272	1035	1161	588	33	1008	1140	49	1328	127	936	1604	838	1264	560	1340	927	992	1606
34	19	947	305	996	1313	282	1196	513	101	1492	1488	1576	267	569	445	2	169	1166	355	1005	800	1396	385	923	748	983	323	1673	380	1457	1666	27	746	319	354	1676	1563	504	1278	239	427	1309	259	1149	755	868	1465	174	1507
573	582	1372	751	473	70	1146	134	997	1510	1258	220	268	973	859	848	818	1191	1461	949	363	1418	886	357	1301	905	342	1197	1683	922	545	1099	1260	1514	6	84	691	1109	721	1214	340	1335	716	613	416	1540	851	1255	1596	30
1675	1682	956	1556	1648	122	1412	1078	891	1054	568	1164	661	1341	1566	442	952	446	864	203	32	637	1656	1081	120	31	993	1338	878	196	665	153	1393	14	906	521	976	964	1533	1684	729	350	791	778	230	1085	1536	519	462	728
1019	496	1074	44	1647	834	1349	1626	457	724	503	185	1560	1529	289	1573	782	1111	390	713	1126	1643	1641	211	1130	1664	702	823	1136	459	1657	1179	50	171	130	1057	526	781	1542	760	207	441	657	583	1119	602	1287	698	266	895
1631	1324	1541	1097	662	11	248	1554	1557	1570	685	1251	161	1252	795	67	1543	480	1580	1205	1228	1433	206	295	860	51	1574	258	1176	1548	103	1339	722	715	776	799	1020	232	466	678	1297	609	1350	540	1405	1270	797	587	434	1493
412	500	505	1024	35	181	112	439	765	1367	1104	440	306	892	405	372	249	897	899	352	1306	1092	142	1107	646	214	377	832	1086	1072	1150	307	591	1355	487	1243	1390	791	899	373	974	1467	51	851	985	1230	145	1338	556	222
86	880	1504	968	1193	1482	1563	191	1323	1192	663	1167	87	143	595	349	29	988	765	1452	1344	809	686	354	1091	1253	788	617	1466	307	576	71	63	622	615	821	1404	1597	464	1684	1464	631	1600	1638	956	1337	1686	1054	1142	1096
1552	1577	1674	1162	178	511	685	731	1325	860	807	607	1265	552	1224	1440	1066	420	419	544	727	539	342	368	907	246	584	158	716	397	100	653	1391	1390	814	1171	578	1279	1274	703	603	33	422	91	78	66	766	1352	937	353
753	987	875	1085	1240	1417	755	1149	396	1507	1441	125	77	19	1378	1051	1445	523	862	601	1053	692	521	1219	377	675	950	1428	829	1335	970	283	730	481	176	568	496	1533	586	1401	321	1214	407	1231	347	389	1547	711	1016	53
1268	421	1093	1099	333	16	1339	160	1555	1679	1448	296	1029	1113	928	1678	695	272	18	1512	1033	640	1290	1313	235	1553	484	942	1601	793	1565	159	1246	181	934	518	355	499	721	715	202	1362	439	1422	1488	360	335	1249	166	802
1609	1081	193	200	1525	696	624	1610	811	1225	1685	20	293	329	728	901	1437	1483	44	1355	516	967	991	482	683	1282	548	847	274	606	1148	865	680	1125	912	232	1158	1473	645	741	743	216	1602	837	1607	520	475	916	599	1580
81	546	418	1492	245	116	1395	1010	1405	812	1530	527	665	588	613	1072	167	1275	151	926	208	656	1575	702	1578	190	965	1320	1331	767	501	122	845	1346	719	632	974	1630	959	1534	684	673	836	1567	915	97	1649	1548	128	747
61	314	49	442	1460	1303	1324	140	734	558	993	808	104	771	147	1056	1315	1020	306	2	1517	1088	873	881	366	152	955	1408	362	1353	1308	239	54	1623	1376	1576	1106	9	256	532	270	1515	1443	1462	563	4	1062	493	1070	768
936	833	1068	610	775	26	258	1143	96	436	1495	438	388	265	113	1292	986	706	1357	1252	437	1161	616	1489	1427	1307	174	262	118	712	70	373	1523	1150	332	1032	562	1006	750	874	1419	1090	1620	1397	98	687	21	123	529	462
1002	1524	779	1314	579	1677	37	519	1156	724	618	1449	524	1100	119	1631	1229	352	655	997	278	1003	1326	117	1467	1267	169	1132	1170	413	577	699	1363	358	490	1	600	621	173	638	1107	976	1209	958	1409	507	1277	946	515	1345
189	919	85	1145	139	832	1617	1531	1260	583	623	708	1178	84	1261	659	408	145	429	330	1204	1057	749	742	1529	1199	1166	761	909	224	237	1342	674	1644	378	1625	723	194	1155	65	295	1354	1144	369	1384	196	1511	854	1136	627
1500	1402	1179	367	1151	1510	760	1216	952	1101	32	985	925	269	426	1368	1521	1683	530	489	732	693	1040	322	1451	1120	233	567	357	1133	1203	744	1477	1364	42	781	380	1115	1298	1662	285	910	870	780	671	444	589	591	531	1562
575	914	171	1421	1296	341	60	51	1258	940	859	1181	244	705	22	1047	691	1412	982	1546	593	361	1153	1471	740	920	1389	738	710	1673	155	487	1349	902	619	1208	58	172	1558	1431	275	923	392	954	1232	1654	794	984	620	853
500	75	1184	1293	1276	343	319	900	455	212	979	896	1373	1059	805	1588	466	370	857	1243	365	1463	41	888	135	433	1038	1302	1472	1169	338	1041	537	904	336	1668	494	1074	1083	427	713	815	1141	1318	1140	1436	787	227	323	471
1583	602	1560	467	215	461	1663	678	351	1429	74	7	960	893	491	503	931	1416	291	922	1604	452	1624	348	570	856	129	512	662	1022	549	1128	947	431	1341	649	1186	255	1434	1157	1283	371	1264	1075	443	243	92	479	1273	729
886	1642	261	1018	1453	1311	132	1194	827	913	1205	1114	1001	700	1470	1403	828	150	416	559	1034	1420	1272	209	660	1650	1316	1137	1457	694	1370	474	62	131	67	799	385	110	1329	1015	399	745	1526	162	681	642	941	1330	161	969
1459	637	980	1012	981	1520	206	754	770	109	1426	538	1207	157	1254	1522	689	303	1092	453	1632	722	989	905	1069	945	318	1121	1664	1218	844	1082	390	898	52	528	1606	142	1518	1152	717	83	504	718	838	1369	1312	1160	1116	720
1154	1569	596	1333	855	1671	748	1008	411	106	782	11	381	46	198	884	39	522	105	652	1045	526	1571	1414	556	701	263	144	428	103	612	943	605	331	861	756	228	425	204	1394	823	470	868	276	1238	114	1210	72	773	1627
1222	1080	1304	921	1127	1626	56	1508	1044	218	1064	1215	112	1159	146	1468	551	95	1633	1271	1485	1545	213	819	231	977	1305	165	1681	478	536	866	825	0	1371	480	1035	1306	38	1589	1058	214	668	1613	1380	310	1094	882	1611	288
1124	1138	725	1317	1621	498	1474	878	505	1532	1656	1549	108	465	1065	1191	1197	569	320	776	598	1537	1516	625	1098	1400	677	1665	1502	1628	43	975	1595	1309	472	1398	835	1067	137	248	1425	446	121	6	1071	8	226	1233	1025	1479
1198	24	486	795	897	933	1217	1618	1550	1187	1230	774	463	818	1586	1239	259	441	257	885	1004	412	203	1365	124	1641	249	948	1561	972	661	542	133	785	432	182	15	1256	1043	31	929	346	550	580	1297	1494	784	1028	73	459
395	1284	394	36	892	1438	222	1652	477	752	1286	1599	405	1591	670	30	810	284	1367	312	115	1135	1108	1496	398	1266	791	733	1087	1060	1450	1061	927	308	1281	826	961	1206	1423	1584	1109	1676	707	983	851	597	1629	94	800	1648
1557	1381	1089	384	565	294	99	1221	345	939	311	990	1667	23	803	1640	1146	1361	34	636	824	962	1478	1424	315	230	951	456	1348	225	1030	1587	1653	1163	90	817	197	45	777	1543	840	1539	555	1011	382	28	1175	1013	783	543
1360	1319	1399	726	1509	930	1027	111	1358	647	850	502	704	1295	1647	304	658	1328	154	891	1005	1551	350	1310	1195	978	1236	1366	963	179	13	435	457	1377	1655	629	806	1269	1338	1245	325	698	1670	1300	254	709	305	1573	251	445
430	266	1280	887	739	192	1657	547	1444	513	590	12	813	177	363	1519	185	1407	1491	393	1248	1566	1572	82	1301	240	848	1499	1049	374	1635	1637	1396	890	1506	1042	217	1619	786	80	93	469	1435	510	164	1123	1188	822	797	126
633	863	651	1639	1615	582	1439	644	1294	574	1433	839	253	1579	1182	1454	1486	1554	1393	403	1461	10	344	447	340	298	1007	1019	763	634	1228	751	846	996	424	1332	650	359	792	313	17	107	561	1073	697	1285	372	585	1147	1334
1456	1327	449	609	3	564	560	1000	1270	682	999	14	1190	1410	1590	223	221	27	1241	1189	287	1383	842	1259	1084	1447	402	872	554	816	1411	611	1556	301	383	1541	796	414	1622	1129	1340	387	1226	141	1540	1651	1177	1086	1582	101
460	1299	1505	1455	309	175	1581	238	1538	1490	666	1379	55	1336	895	1596	488	497	1487	184	735	1183	1458	679	540	908	789	876	571	1347	440	1211	746	1503	220	648	1321	924	553	5	1037	199	260	1263	1605	242	458	643	1237	120
1110	149	207	971	1634	168	406	995	667	535	138	957	1227	759	1568	1122	1343	1201	654	1442	1476	1278	1287	1612	1544	992	1131	581	454	820	664	849	290	1063	557	1009	1585	468	163	852	1031	534	757	1603	525	964	1660	1382	672	801
830	59	450	1105	1386	1291	252	790	1234	415	68	1413	1514	1527	1430	492	944	1257	573	268	1048	1250	869	1672	170	64	1126	628	267	409	404	1643	1497	379	1669	89	1322	1024	153	1095	1185	903	911	1535	506	434	626	279	376	300
1574	102	966	451	1636	1202	994	289	834	1593	69	714	517	186	657	973	1104	1052	1247	1359	364	292	858	201	1388	1481	317	883	57	894	545	1608	1223	1646	804	879	1168	566	229	1616	1176	594	234	264	1446	1118	326	1078	1387	1134
448	587	35	236	1680	1659	282	47	1173	867	1242	1682	1050	495	1220	211	356	1469	328	514	1017	953	1528	187	1213	778	938	241	641	1036	302	183	541	798	1675	1112	324	299	40	1432	1180	690	1661	932	1164	127	1251	758	1055	247
1130	271	136	1014	608	764	180	1484	1559	48	400	1111	1513	592	630	1498	688	130	906	1350	1475	1235	281	1594	1097	1666	1392	843	533	1262	1614	195	134	1212	831	485	676	1139	917	646	483	918	1255	877	410	280	88	1592	297	1165
1480	899	572	1117	508	156	250	273	473	1351	286	401	1039	79	1200	1103	1076	935	386	1021	669	1356	1645	1288	50	1415	1102	1079	1598	1564	25	1501	889	210	1196	205	423	1372	76	1046	614	509	334	1385	391	476	1536	635	1658	949
1289	339	316	736	639	1465	1119	1077	1172	1406	417	219	769	1418	1493	1026	337	1023	871	1542	1570	1174	277	737	762	998	188	864	841	1374	148	772	1244	375	327	1375	604	1293	576	495	1027	1369	409	218	289	1076	980	1034	952	1130
569	284	892	473	1597	1409	175	637	442	178	304	513	349	141	776	1204	922	1541	678	358	186	1587	450	166	1043	616	51	285	354	1307	230	188	661	531	710	822	1065	878	1319	360	1376	1198	817	551	900	1623	1147	203	940	1311
491	674	607	1212	1578	409	858	1042	1008	140	1371	330	405	973	1594	741	379	544	665	431	724	1136	622	1537	1292	444	999	82	104	584	383	368	474	1506	121	1670	744	117	1463	631	1264	1666	401	1598	1455	43	131	22	110	1101
561	1471	521	306	1593	1231	535	1456	510	950	250	797	1382	1129	1196	1254	389	1360	1274	196	1215	723	327	928	705	398	1040	1082	583	1004	656	1275	815	1128	1680	1526	1678	50	842	1535	597	1368	1098	1260	1168	660	542	1001	348	1648
1668	1607	562	585	1420	89	786	1009	114	481	1350	289	582	1158	975	508	72	1495	1064	874	1640	753	1659	1183	623	1301	1289	1511	749	440	1437	290	854	484	1475	130	1091	662	825	702	257	1161	798	1269	1560	1405	872	957	806	549
1152	1283	530	373	1611	1162	1472	38	1166	647	135	426	588	220	1357	96	862	882	1175	1627	1104	209	1432	488	1123	1460	634	1010	1195	62	1037	1482	1522	499	421	1209	1540	707	1309	713	471	1543	1651	212	406	260	1347	937	1151	976
1637	218	801	1199	602	963	765	45	804	1200	823	231	914	522	346	1025	1130	1107	931	896	83	235	1418	31	1619	1188	384	232	541	576	54	918	1479	727	222	1071	1421	794	320	458	1424	560	208	1557	988	47	417	122	1553	255
1602	1524	345	1435	968	1527	1586	1683	362	309	1263	1359	902	697	478	90	370	1255	262	1046	1466	199	1144	180	511	103	810	610	99	1016	157	1097	848	1634	1374	875	1076	120	1296	641	287	1282	774	1173	1220	808	599	75	333	1550
319	600	1649	128	1641	762	1176	692	1438	1425	482	763	1124	1335	88	292	1352	1639	1476	390	1031	1314	633	1267	1041	1148	35	601	938	1519	1117	1229	1006	721	1454	445	1106	334	293	1088	430	381	1509	111	1487	1355	1583	216	1326	643
1492	223	779	266	402	1125	1477	923	1531	1100	1193	69	1000	555	944	998	200	933	1036	834	1345	1629	80	1312	869	55	1514	736	1574	1609	376	788	1149	533	1134	1207	109	318	890	1139	992	1378	1353	3	106	1179	134	1383	1087	126
841	574	849	1370	215	1287	1044	1316	428	316	311	653	742	1375	407	245	479	241	1271	627	695	434	1073	248	1620	930	1033	1563	997	853	897	94	840	344	452	1331	951	1673	731	748	543	170	189	773	387	1234	325	668	864	1013
1235	518	1012	107	460	837	307	827	39	1685	190	1081	1478	252	884	167	1497	1600	805	1488	995	206	745	536	78	1336	298	305	339	226	534	210	568	1572	828	1028	857	714	1474	100	1426	1110	101	1284	68	461	64	1422	1377	898
148	1501	341	502	865	558	1462	947	1164	377	792	127	1604	985	833	1643	1185	36	870	79	1510	350	1575	913	1624	720	150	81	24	335	213	1005	1633	1452	572	1556	1408	1116	1333	336	455	778	977	1075	1395	1109	1111	105	181	1332
1230	489	921	605	708	1504	1652	693	734	886	891	485	935	87	46	679	1366	198	1362	1618	838	1291	351	1227	1489	1030	1644	1654	952	1236	636	685	590	278	690	1018	802	1414	144	1612	986	1423	1226	1159	160	1505	625	1518	400	375
863	507	1467	726	1238	1577	1379	413	142	463	1214	557	493	324	27	671	554	532	844	1465	91	1103	56	592	1453	229	243	538	716	681	603	711	1439	948	1647	759	192	86	1265	1603	1576	42	1542	1131	139	61	1440	457	1508	1187
1616	1403	13	342	1027	967	193	1155	410	1298	328	860	66	835	1058	729	953	1671	628	176	1520	1096	197	364	800	483	1189	295	1665	1258	974	1490	1441	490	1443	859	785	1407	500	943	1024	1406	411	48	1150	1132	732	991	451	845
412	644	1684	0	982	297	983	816	979	53	655	1445	545	1354	537	1290	1660	843	179	670	846	515	1464	620	1119	954	244	657	1051	115	596	23	924	397	459	1582	1415	441	367	1102	1057	1608	1062	9	359	1191	448	1181	1315	1545
388	446	1067	1306	34	76	632	899	40	993	435	1398	1277	1126	1655	955	1384	420	1048	25	494	1286	528	247	211	577	1302	313	1135	168	392	635	1323	408	133	701	615	1099	1385	1539	959	529	1642	254	589	1436	1538	1007	1674	7
1365	895	1032	851	871	1217	972	626	738	321	1646	8	399	613	1317	1606	308	224	161	1002	1241	1288	819	275	174	945	758	743	1321	680	233	777	598	1428	1034	1625	323	965	314	291	682	832	648	1328	1569	790	487	1021	217	856
1500	137	256	1458	1300	234	152	978	1626	1330	654	877	1156	575	754	125	652	906	1532	722	1054	552	273	469	868	1142	1431	449	277	172	1121	1498	1391	1390	1205	989	1304	672	1469	49	514	608	709	201	418	149	1003	465	1628	941
1681	17	1561	1400	718	1145	162	1615	315	1358	310	573	1595	228	1433	11	956	783	971	730	238	476	964	1419	1029	1581	942	143	253	866	1387	761	1252	746	1077	1045	784	486	750	272	520	12	807	651	92	905	263	1303	276	1656
556	677	527	639	650	1658	909	1473	1546	477	1485	1083	1411	767	1356	1672	525	578	1020	102	580	294	374	357	1529	347	356	1023	704	496	414	267	517	21	404	1447	301	1070	303	236	684	565	1169	936	737	1137	1232	1559	74	567
925	1493	990	65	546	280	645	1388	1295	283	163	687	1210	1233	1645	1650	885	698	1549	183	447	1059	1039	1491	1483	1122	422	288	1459	73	799	831	1516	424	151	1507	1113	60	1208	1450	194	961	1248	766	396	756	540	2	70	395
1468	1503	1446	505	155	1392	1389	908	1513	1605	1412	195	1484	879	1035	1194	116	1564	239	1630	1334	839	1019	361	663	1499	1242	1068	26	1022	119	1170	1050	1213	1393	793	1325	124	1222	996	617	1596	251	1632	667	1237	1055	642	1486	164
512	604	1080	700	1631	1218	703	363	265	683	5	1115	269	686	1571	84	259	1095	33	1049	1534	926	591	207	675	1172	1430	366	28	646	1614	1591	1667	1349	911	880	1547	191	1588	443	365	1261	432	1017	1014	1580	1635	881	113	1266
41	1249	789	468	1299	317	187	438	768	37	202	1555	385	901	1160	539	929	322	1279	221	439	1402	1186	917	1182	1143	1089	907	32	1548	1617	1599	154	1244	550	1011	112	1448	619	553	969	740	910	1240	920	1086	453	994	813	970
861	811	1202	1544	855	1092	715	1085	867	337	156	1280	1410	579	1565	1373	1566	611	504	775	1567	664	638	1558	1250	526	403	352	1394	893	1285	1584	497	1293	394	883	1589	919	916	559	1167	138	984	299	1621	185	1427	1496	1351	329
1568	1112	1177	300	699	725	227	454	932	927	1224	271	205	242	15	836	1163	889	1053	214	1481	1262	594	771	1664	281	595	1120	887	509	52	1381	915	169	1329	1094	796	1512	809	380	987	261	606	1180	1417	58	571	689	44	1444
960	93	1449	1346	1060	1079	1225	1679	1341	1165	1636	1480	566	1461	1590	1141	1662	274	464	618	780	177	876	821	669	814	981	1297	132	563	158	791	640	1308	781	343	1369	268	829	1203	423	904	153	696	621	338	326	204	1056	676
873	1	1434	962	1573	1074	391	1174	20	416	419	1313	1669	688	1127	706	934	1246	712	1318	437	1610	1372	564	425	1686	1272	548	1562	755	1367	1072	1343	1515	666	1622	1396	1344	1442	279	182	1601	1451	958	803	757	118	772	547	1470
57	980	371	912	1278	1138	237	1530	95	1399	123	506	1528	429	1592	372	67	1322	1585	1069	1661	386	1178	472	1273	946	1211	71	658	456	1525	4	1536	296	1397	1579	1206	353	355	826	1676	1663	939	1084	1157	1682	1386	475	824	1363
1247	1184	630	593	1140	77	770	694	258	1613	1342	850	728	847	249	1201	1228	264	98	1294	184	159	673	19	760	427	147	629	691	1257	1038	492	1192	852	1413	30	246	894	146	1416	1253	1245	1523	1494	624	1268	581	1090	1570	462
787	286	830	501	1517	1146	1190	433	219	1521	1221	282	467	1015	1348	171	1310	587	480	1324	415	818	516	10	1066	1219	503	312	1502	888	949	717	225	1114	1657	14	1093	1338	369	769	16	524	523	240	1105	1259	393	1457	145	1305
1551	1638	1401	1171	1251	1340	270	795	903	739	495	29	1061	108	1533	1256	1216	782	735	1197	1320	519	1339	136	1063	436	1327	649	1133	173	498	1026	466	586	1108	378	1276	1223	570	747	1118	733	129	1243	1675	752	1337	331	1153	1281
659	820	612	1677	340	1404	751	6	812	1552	1361	614	63	1270	1364	97	18	1239	165	609	1380	1154	85	764	1653	966	332	1047	1554	302	382	59	470	1078	1429	1052	719	526	1395	1415	993	355	1653	1519	1505	656	60	232	113	861
537	1670	1577	1175	1141	1502	80	858	796	732	293	925	1554	555	213	42	708	1422	783	1598	575	845	384	604	1399	81	1449	1076	496	368	623	448	1086	973	777	424	420	1597	201	609	144	1643	1475	889	875	110	305	427	885	1217
644	602	596	1517	1398	603	779	54	1268	226	955	1568	558	1191	62	255	587	1043	647	138	1341	761	911	97	153	918	1099	150	810	901	1556	1295	397	179	70	1101	770	1257	610	1289	709	166	1631	286	1508	508	621	328	524	402
203	1129	952	1430	1593	1028	837	726	977	1569	1608	14	1425	135	1104	1462	374	1416	190	26	721	659	477	1663	691	868	111	261	460	517	772	379	639	813	898	50	706	905	975	159	253	1006	1110	502	377	390	1485	755	208	669
30	1655	1427	479	1214	225	471	1312	917	396	116	1070	61	1026	727	1535	39	1607	32	482	1334	498	594	526	1017	1009	690	1360	696	344	462	1056	866	1299	718	714	1494	470	944	720	1617	1444	1673	1306	1170	1364	760	1490	1392	29
237	1283	327	535	449	1247	581	906	137	1162	386	1210	240	994	1234	741	1493	1665	548	1596	1473	1015	1455	529	567	241	1365	820	422	914	1220	1135	824	1388	176	160	1431	798	1415	651	1333	20	238	687	861	936	839	361	702	463
546	860	633	937	840	100	57	290	178	630	1152	776	893	545	539	778	592	654	1551	163	1435	862	1391	523	315	956	626	1507	320	823	9	1578	267	677	1232	1381	370	943	1662	483	1097	40	1491	447	1223	1421	1374	353	318	967
1558	395	1261	1254	157	1177	544	656	635	58	784	227	632	52	1616	528	1680	283	22	1302	1012	202	1221	1077	140	120	10	1024	1523	1235	1323	1489	902	613	317	1642	297	185	1246	1087	113	717	23	1632	357	835	879	615	754	1620
679	559	127	1192	689	874	1092	484	1352	234	291	1685	391	1308	1684	1531	1594	983	21	1458	141	577	1013	1524	1102	1683	78	372	756	109	992	1583	1090	1145	1383	151	1582	198	1382	1032	82	833	1543	846	342	335	566	1332	456	1211
852	658	1417	385	423	793	1619	1154	766	1143	93	1122	832	1356	1314	350	934	1390	622	1256	976	759	553	611	1185	1226	568	744	636	451	1031	442	519	1514	303	822	881	269	514	521	148	1061	8	958	1030	1199	211	1371	589	576
75	963	1134	37	534	134	1564	978	1611	1025	676	907	1579	1654	818	229	1638	1139	1472	231	1676	1618	1510	740	1144	1674	276	169	1300	132	481	431	748	1461	119	106	1297	389	960	1550	1193	339	1313	1116	440	356	1464	1626	1169	1325
1288	672	249	272	1574	750	475	1095	695	781	347	1271	767	947	1589	991	738	897	1241	855	45	998	1080	1292	453	1505	392	786	257	1098	802	1644	1354	1124	380	1230	1119	1034	1128	455	1530	1126	643	139	719	541	665	723	1248	923
527	817	749	457	114	1004	819	1492	287	1557	782	646	550	735	915	250	25	1047	47	1305	753	1281	217	1270	932	436	731	465	85	1311	618	601	204	582	945	1229	1048	890	888	189	1526	256	1380	1373	1266	232	1652	362	667	590
1548	999	192	84	1277	1378	883	1321	1324	728	605	1351	1010	15	871	1411	666	1190	432	405	560	698	556	263	13	41	1404	156	19	1358	330	1563	1476	258	629	805	1347	1000	49	310	1497	1640	1094	450	507	984	415	44	1073	896
264	433	1555	1353	970	954	1653	443	1345	688	1130	809	403	773	1081	1131	94	183	125	1468	969	751	1060	56	1330	616	299	844	1501	827	3	734	59	736	1385	1525	580	1498	1166	1384	88	1224	117	103	421	729	1309	271	43	968
625	1346	351	1301	891	1639	607	1188	1237	60	376	336	1082	1681	829	787	1409	1545	18	1437	1216	281	170	599	547	1394	638	808	301	941	872	1331	503	565	1206	473	1040	916	34	1686	1201	11	158	1562	1296	65	1580	1319	1533	230
1467	354	478	1159	993	1259	561	1212	199	429	584	387	716	674	24	513	1439	233	627	876	542	83	1613	1679	1260	821	1264	1649	540	1387	1167	146	1520	682	1046	248	294	1659	838	1093	1238	694	697	466	1052	1115	1348	1651	1064	1112
1604	1022	1423	152	1560	1146	1667	1645	843	700	292	435	1397	1527	1566	1386	407	946	143	1459	154	957	1623	673	1532	1079	1447	1413	1215	1023	1	1495	445	900	1400	222	1377	413	1542	504	764	1029	573	186	338	987	102	1042	206	325
55	733	509	631	606	112	167	657	428	187	924	495	1272	1328	1327	980	1628	312	1344	685	1428	461	1074	360	1340	1242	1249	703	1470	340	892	266	1389	1433	1592	533	467	965	254	807	1614	920	1265	1540	1483	1355	1036	76	35	953
99	1570	921	1236	1584	1368	996	296	859	0	288	4	1658	1174	1395	1602	355	557	1669	1149	1156	90	1155	1109	1157	488	1376	101	1660	834	79	1429	1218	1111	1057	1547	816	1178	865	1432	617	168	239	1054	701	1603	661	1499	145	1549
873	913	1521	324	472	1534	251	1641	6	343	1307	491	854	1182	452	1320	1304	1011	1633	382	480	908	986	1002	96	1225	1088	510	133	1315	1158	693	1576	486	184	938	1445	1559	730	1213	277	1487	1114	1100	242	928	1240	1168	554	1648
1172	221	758	200	1453	419	655	441	856	774	418	381	1153	371	1503	400	1393	792	1486	74	1044	373	880	997	620	366	77	742	789	1294	1634	884	1677	1078	641	494	1084	1504	811	804	985	236	228	383	649	180	1233	1051	680	1253
1590	1008	220	171	624	1402	1107	126	173	1164	1482	1609	365	196	307	628	207	1672	1405	962	1515	468	1460	825	332	284	1150	378	942	974	1091	675	1561	850	663	1668	1509	439	394	398	564	426	929	910	1457	1037	1184	931	1436	1478
1588	1203	681	1635	300	476	1001	1072	1180	1326	369	1096	662	670	1627	16	1610	919	1363	1452	1058	1496	1298	692	1529	1434	1123	1113	214	1401	322	285	593	511	282	1251	205	1537	1068	771	1630	1045	438	1629	600	316	1506	961	1003	1147
806	1367	959	841	105	142	412	711	273	1565	434	794	1456	501	1053	1488	1196	1541	72	797	243	1343	1018	104	1059	640	289	337	1007	585	506	1290	1117	1342	499	410	245	218	904	1513	1069	1440	115	583	1463	1204	302	161	1357	1219
1252	886	224	489	867	98	404	686	1209	177	769	1546	1083	17	492	763	940	1179	458	1140	1016	188	69	1137	304	1228	278	1370	1318	1132	1666	1538	757	1176	259	1477	1571	1329	216	1615	38	1049	1412	775	1581	193	1474	1278	1637	1207
408	715	1075	1586	857	530	411	1516	704	1231	274	67	516	563	219	1089	1106	737	2	1539	836	86	678	197	1361	1273	1612	1585	122	1103	588	319	1469	1183	1438	1014	329	1187	826	1189	490	1359	746	364	1303	1481	265	175	722	1019
619	579	270	1336	149	1279	275	1063	1518	812	108	1161	1317	578	1419	948	1171	71	1448	308	469	747	1041	1202	1286	48	1269	1647	444	1519	280	485	1181	1646	33	313	1005	1624	1500	1121	1280	591	597	799	182	870	1291	311	367	671
653	713	1133	1118	1245	1138	1442	500	474	543	887	995	1661	1552	894	634	1671	309	223	172	652	877	1465	1595	788	1450	882	570	1065	136	705	1085	252	899	1316	951	1403	1173	724	1572	684	847	1020	1443	950	668	1148	710	209	1062
790	346	614	334	73	1522	1657	512	922	869	1396	1338	437	446	815	939	409	1379	107	1335	1606	487	926	830	505	979	1284	51	1650	497	1621	1407	1165	323	155	36	1322	1263	1528	650	454	1198	181	1243	536	194	27	1511	831	1656
1195	801	1160	1050	359	1454	949	1424	1600	853	739	1021	518	306	1418	128	586	569	1055	1258	848	1287	399	1105	1414	1553	124	7	1575	927	1151	417	765	828	752	645	1035	520	247	147	972	1274	333	1267	414	1205	990	571	562	909
1208	212	1664	1067	129	326	95	595	538	331	851	1408	785	348	1375	118	1033	551	1108	191	637	295	699	745	53	515	525	800	1675	430	642	1197	1310	464	493	1282	1625	91	262	1186	1362	660	574	780	1350	352	1466	1366	375	31
66	1406	1480	1420	598	162	725	1194	1262	89	707	92	235	1369	1200	814	1682	63	341	1071	1239	1120	683	1027	1678	1293	1601	552	863	1337	1349	425	1622	416	1636	321	988	1372	28	12	174	895	1339	215	388	930	363	1591	68	1250
762	406	1446	522	87	131	1410	966	1163	298	121	5	1227	572	989	1039	1066	1573	358	1544	1441	46	935	664	1567	1136	393	260	864	878	1587	401	1275	130	64	195	971	1471	210	165	1244	743	549	123	164	345	712	1127	1255	981
768	1276	1536	244	349	912	1605	933	903	1479	842	532	1222	648	1512	608	849	1484	795	803	964	982	531	1125	1426	459	279	246	791	314	1038	1599	1142	268	1451	1285	612	822	46	971	685	80	1070	254	103	1075	1138	86	1045	375
498	655	1551	1545	1658	795	1223	172	1344	682	1088	1124	216	1139	1516	28	573	807	706	1559	1117	643	1626	1410	409	32	937	1155	1635	1127	656	331	1326	90	854	205	104	1033	1248	914	332	1601	313	266	735	1078	335	1098	1511	1339
1328	868	1217	427	1018	1238	128	1684	1261	325	40	1350	206	780	599	720	256	138	79	1675	254	569	203	1448	405	1563	455	1012	903	1206	1659	213	1268	551	698	3	1618	1456	561	1178	962	1213	742	633	129	294	933	1301	1418	1131
1655	43	1158	1394	743	523	368	1535	159	662	456	1295	1510	333	1207	434	766	1166	1569	888	1592	1640	65	185	1366	1300	559	396	703	553	736	1266	659	658	731	1180	639	34	72	542	1407	1141	200	1184	8	597	269	1044	839	113
1524	344	688	1536	361	582	67	1321	117	1123	987	752	1469	1046	61	503	663	1468	940	552	273	1061	278	557	249	1066	275	1513	372	849	500	607	183	374	1355	1488	869	976	280	605	612	1572	653	1686	235	125	1422	584	209	80
1505	1389	1198	197	1508	212	556	532	726	1084	936	1614	778	1359	961	241	1419	181	136	393	187	1333	1165	638	1404	1280	1045	59	746	151	1490	56	1383	41	651	1234	226	189	773	1665	847	883	1620	237	413	322	1235	957	1397	1436
35	1677	1648	1609	1623	1632	248	381	365	1645	1092	1676	46	1059	1412	431	574	291	881	47	1016	137	1503	1298	528	145	1255	580	784	66	2	451	1304	1291	708	1150	1365	116	1611	446	1612	1500	568	756	1495	1302	647	753	1398	1617
1007	1414	1318	1680	577	1267	1597	1401	660	1453	491	1515	1105	1322	1509	1211	87	1637	734	875	723	319	338	102	497	479	889	1393	1000	356	897	1118	1081	39	789	1311	106	1462	747	1006	879	997	635	64	1568	857	1376	1025	77	1199
414	866	152	861	1642	826	989	852	1252	1580	1357	175	842	1512	1351	339	744	343	950	376	554	919	670	388	490	1478	1089	915	1474	201	902	171	1051	82	1132	1148	1399	1454	1619	1352	1306	534	838	512	127	358	1562	23	564	45
931	462	5	395	94	1663	483	774	250	579	112	1575	1547	1009	770	259	1240	1163	1174	1093	1362	1334	1221	785	1254	793	1349	351	1423	222	856	1323	1313	76	828	458	505	796	600	1384	1502	225	797	324	219	402	1056	1651	18	1224
603	1599	665	1233	303	86	717	745	918	1498	1543	231	1447	92	1029	586	387	1476	641	1024	1230	83	927	824	1467	1526	1296	1537	589	986	1581	340	1396	184	707	1583	1446	24	139	1231	1341	1367	1441	108	1090	810	31	1114	1566	470
777	787	1602	155	403	817	1450	692	1082	399	342	336	818	1299	511	118	1177	301	905	1590	689	1360	893	97	558	840	1638	802	441	705	935	1152	334	448	320	1218	101	1202	884	1232	695	699	265	1156	1181	366	202	1335	445	258
1225	1245	565	646	131	722	1229	572	215	831	1565	575	1538	1270	509	714	536	119	1578	876	261	1049	1133	306	1290	373	1083	1506	1145	426	1036	122	1192	1381	878	1216	363	386	701	467	81	1159	1472	1496	472	610	823	198	709	1400
661	712	345	1153	147	666	1630	715	757	144	236	1039	464	1494	260	521	590	495	142	317	244	461	786	954	1151	436	1345	93	153	520	1262	850	1417	1241	135	450	318	544	1050	983	1079	1558	830	1097	1101	1666	908	193	898	1678
533	1643	571	439	53	157	96	1504	1259	1226	974	1523	725	438	645	971	305	1386	1470	277	52	1375	1004	54	583	210	1263	170	1126	149	1286	906	1433	667	973	1542	680	391	1439	1603	1062	1026	1425	1679	274	650	762	1285	188	460
912	1120	1183	1567	782	295	806	1480	606	581	75	73	593	323	668	922	562	232	6	820	537	945	63	423	502	972	466	1493	1023	515	913	1347	1054	349	437	926	870	223	1057	1209	173	858	60	1287	282	882	311	84	601	1606
25	733	480	567	992	1071	1060	292	1557	673	851	730	801	934	1187	1067	1406	767	1104	848	1670	1460	968	42	657	783	640	1649	375	499	262	449	1063	649	1277	1631	1639	928	9	246	484	1103	240	120	970	1040	1644	985	444	475
514	398	492	110	421	815	1443	1395	71	837	754	620	1485	595	111	1486	357	1109	955	88	312	1308	652	1561	719	1271	504	1481	999	1100	809	1604	148	1008	400	833	1587	979	872	748	1140	713	307	91	944	596	932	1329	154	433
304	468	1338	539	981	1610	352	1634	33	239	677	1195	1112	949	585	290	1162	1431	1420	1143	1674	1247	1368	195	1186	469	99	70	419	685	1342	825	1484	1570	442	618	644	1091	1471	560	867	1274	764	1037	1125	892	1340	629	20	1514
625	296	863	1208	1424	969	923	17	326	1149	761	679	1048	95	1594	1483	163	588	1354	385	124	359	417	1616	776	799	1555	587	930	510	424	790	669	220	337	822	615	1598	1227	871	1379	1258	1421	964	1455	676	1489	942	1087	390
208	546	1541	1497	1546	1540	271	1307	1600	877	11	406	1002	1121	133	1613	288	315	543	443	1507	541	1294	608	168	1170	529	115	394	967	1356	959	1205	485	143	1582	165	299	729	428	1539	886	1434	78	1534	1392	1664	627	1086	465
478	632	1588	1549	457	697	1385	524	1501	425	1095	952	696	885	694	1253	1275	1172	314	178	1660	227	804	1236	1482	453	150	711	1438	890	166	85	1452	1499	1492	1111	1074	134	1113	264	951	30	1168	1315	1068	1058	1144	1119	251	55
1641	199	370	1667	463	272	693	1382	114	1370	447	1220	1390	924	284	634	1047	1106	107	286	397	1517	1191	1533	378	1138	473	1134	454	616	496	255	377	429	759	109	716	310	684	1135	550	27	243	100	1310	1257	287	1015	4	432
1652	630	891	998	960	700	422	1055	710	1532	1128	98	14	675	1371	1182	1554	1243	1465	1239	724	1527	916	1461	904	68	1627	687	1654	829	1463	15	1593	1416	316	1574	1146	493	765	843	732	794	57	1491	1021	613	911	1167	1553	1387
1260	900	238	508	538	917	966	1683	832	798	1210	1034	283	186	984	631	176	672	130	1457	1212	1190	813	648	229	1346	621	1001	177	16	920	191	1314	953	1518	860	190	156	1473	12	257	642	1608	1094	1459	1064	1244	547	174	51
1573	549	355	1372	412	1019	404	946	702	664	1449	1650	751	1442	1157	1005	853	1312	217	29	1265	1669	604	624	775	140	1014	1560	44	929	975	167	1169	353	819	487	535	1332	1200	281	1325	737	594	1564	909	221	526	252	1189	1336
760	592	1228	146	941	995	1011	873	1030	1041	494	628	382	1173	727	1204	459	1122	598	37	899	1685	1175	994	1672	1426	1246	1391	1403	591	392	474	1130	228	330	1464	681	1451	1671	1284	1222	379	123	36	1437	328	563	531	901	1053
1010	939	1528	545	1445	1595	1031	180	196	691	1556	855	690	527	384	1584	362	360	769	21	158	350	522	1361	1110	105	896	980	1072	811	1250	1475	1657	578	622	525	1201	548	1	1571	1388	207	161	285	1607	341	768	1027	750	1249
1251	990	1281	938	1017	1624	841	1520	416	555	1576	49	1529	411	69	486	1269	1522	141	1288	383	1656	1276	1164	803	1577	1411	948	218	1309	1038	1203	1075	1427	1256	1022	501	1214	489	289	1327	121	749	1129	1633	1154	1070	50	214	89
1197	943	1458	1591	1331	910	1069	164	619	894	364	1358	1364	516	1188	19	1316	865	348	1142	792	1242	947	162	1682	1115	1185	1681	1282	1293	1278	380	1550	169	476	880	481	956	309	1065	1219	808	204	1428	506	1116	1013	1548	540	371
637	739	1176	1625	369	1647	407	996	62	821	772	728	420	1363	347	293	367	74	440	1369	507	211	827	1477	1552	253	1429	805	1661	566	103	1076	530	678	22	230	263	1303	1519	623	1179	1137	812	1337	1317	1531	321	1353	302	327
864	1589	1160	602	1273	477	1099	160	862	576	518	0	836	626	721	1215	614	1636	816	958	513	982	763	988	834	1653	1521	297	740	48	704	1348	224	755	1237	1052	686	654	771	1544	401	1073	242	617	1171	1435	1662	346	10	991
738	683	410	758	26	182	611	1020	435	779	519	1283	1028	247	1615	276	418	233	1479	415	978	741	609	1193	1136	1161	1622	1374	1596	1147	1080	718	993	1466	1628	1343	1525	1402	1107	781	859	1320	270	570	329	517	452	874	674	1319
1373	1668	965	298	1380	471	192	1292	1586	1035	1297	38	482	1579	389	1085	636	1621	1194	788	268	1077	430	1264	1430	308	1673	791	234	1377	887	1440	1305	844	7	1444	1003	488	835	300	245	671	1196	13	1330	1408	1272	1324	194	921
1432	800	1415	895	1605	267	963	354	925	126	1378	1487	845	1279	1043	408	1108	1629	1413	279	1646	814	846	1530	1289	1096	1585	179	1405	1042	58	1102	1409	977	1032	132	907	1217	415	92	1199	1377	159	816	1528	479	35	803	1256	363
136	914	368	1435	1637	357	1469	958	1010	1464	689	236	100	1529	465	1208	1073	1168	491	156	324	40	1189	209	673	686	767	333	913	754	1139	1190	567	1222	1410	658	295	387	1335	274	1408	1175	1369	986	1592	1293	181	277	1084	1605
389	613	1273	813	997	1463	1303	262	1071	915	1022	157	393	190	547	1557	532	116	1125	762	700	1455	1571	904	254	616	597	1509	603	316	1371	1453	1350	292	1061	449	662	1256	1336	1548	1265	259	286	1149	1241	444	1271	1493	1104	1087
591	636	216	1536	1140	571	1491	1360	618	768	152	345	231	1197	151	20	1126	570	1609	1421	1422	1174	1112	693	1647	660	1306	1032	1497	1531	1604	860	1322	53	773	313	1462	47	493	1131	1036	743	961	309	539	1501	1247	1368	1158	744
1480	235	562	171	441	1679	339	1076	610	17	1110	1266	586	226	1321	795	708	456	1243	1156	1310	665	1291	1607	523	521	1200	604	786	431	517	1007	18	1467	233	1048	448	344	1375	142	1227	971	792	1122	506	519	584	599	1377	789
1221	1114	153	893	1664	1311	6	823	1290	1242	1234	1398	1490	755	952	886	185	869	1556	95	950	550	727	574	807	9	1650	1259	1096	545	413	1405	502	911	732	107	1671	169	147	832	1183	145	8	1610	970	1272	1052	535	445	548
1119	873	197	1024	840	188	39	336	1534	558	1361	878	868	615	1182	741	16	940	1302	127	546	684	608	920	1033	415	1500	643	687	1652	1646	1342	469	960	830	1179	488	1367	1621	826	939	229	785	15	434	194	1202	648	1153	892
1308	639	167	129	1624	1295	993	985	1411	1452	996	315	1120	290	1617	472	891	1676	854	526	1578	736	908	691	418	34	1020	1445	379	1307	103	1389	42	1657	705	30	1595	41	1328	1349	71	875	331	5	98	122	1103	45	1099	964
850	1600	1451	163	968	1674	27	1171	117	1107	902	589	641	1454	486	1473	1400	1496	1383	566	1111	1233	1082	1136	1298	364	713	524	587	50	1154	19	1201	942	1567	1656	1323	890	1401	1431	819	1419	1132	612	451	833	425	87	1649	692
219	663	1319	317	1620	193	776	63	1213	1129	1550	132	252	1632	416	672	298	621	112	1261	714	150	363	1584	737	777	1591	542	676	630	1541	973	828	213	847	983	84	380	575	659	479	865	1008	496	1042	430	633	1636	607	1207
1598	969	1058	898	718	943	1506	1186	972	1563	66	323	805	1449	1231	14	980	52	799	1395	82	733	1472	1074	1212	342	800	644	110	1582	205	647	582	240	439	568	318	925	191	1527	1238	1184	1603	484	435	945	697	1420	1170	1588
1615	1508	386	703	883	1106	471	1666	1682	934	1220	841	1347	211	1079	855	991	476	1051	56	406	690	358	956	239	48	611	1044	635	1439	1374	965	1376	1673	622	1430	1365	564	1039	1643	679	1278	769	489	443	537	1239	551	1625	32
108	1573	1038	864	1318	404	1123	620	650	1193	858	198	427	1003	146	1477	1520	365	426	412	683	184	694	853	362	1117	256	724	1653	884	93	1640	303	1669	1382	338	1412	1476	1297	666	682	168	917	1313	1670	1195	1159	1279	332	525
748	770	921	397	1091	653	90	831	989	552	750	44	490	896	1225	509	1060	72	787	1178	1642	281	1675	143	1511	337	179	1618	138	1554	125	2	1437	872	815	1063	930	269	312	113	1662	1093	1507	1628	245	1608	1148	1228	1498	266
172	392	916	1077	887	516	1583	207	1602	261	255	720	1684	988	1277	909	1460	1330	1253	1443	681	114	1570	779	1518	680	774	1519	1000	438	96	1128	306	675	1325	158	987	782	1599	624	1474	1021	1487	1177	1281	783	1115	1561	109	1002
1237	478	717	1101	1141	1590	263	257	1597	377	857	1315	834	0	1053	725	1299	161	1436	967	1216	120	809	1017	975	1424	1203	1144	264	401	1223	217	440	200	1353	1494	788	1191	223	866	846	1475	907	275	1192	802	1137	498	1585	1686
1423	640	356	1672	1479	1559	617	825	561	1276	862	411	210	1005	1356	1327	1138	326	1587	1655	1378	1164	922	1069	1152	311	1300	1206	371	808	279	511	1338	701	735	477	752	1568	839	976	1465	1415	501	1097	33	1622	67	1081	1080	835
354	580	820	196	453	370	189	549	1289	1614	214	126	1363	947	1011	1198	408	667	790	1068	1275	287	475	677	201	251	1100	1641	529	1553	1287	1292	1211	260	121	1205	977	670	924	1135	780	25	1244	632	1251	544	1041	1680	174	593
375	838	742	320	1635	58	1388	1245	999	497	325	938	1457	353	1023	442	753	829	349	664	46	228	195	836	1169	149	1577	141	215	500	1441	1515	64	957	388	1025	1399	1014	128	906	1418	1043	1345	396	1102	73	572	899	270	712
507	627	655	731	494	1305	596	1236	118	775	927	822	1660	1257	1209	1530	948	962	1428	1285	804	990	1301	543	187	998	955	334	1495	719	192	273	1286	65	1372	1523	536	979	669	7	918	1067	29	601	1031	391	1268	657	1018	706
992	85	335	59	1661	894	1565	115	373	288	51	1157	981	1631	995	926	594	165	278	154	1613	793	812	462	26	144	246	513	1059	637	24	1274	877	1681	1267	711	464	1333	1185	383	1549	1433	1551	81	619	560	244	1	1442	588
614	101	470	54	1581	499	1109	889	1589	183	609	1214	794	1095	70	508	1116	1001	510	928	1667	83	86	1317	437	629	903	88	1677	119	99	1142	487	249	280	818	106	1029	361	1088	556	605	28	867	1572	757	285	1296	272	293
1645	642	772	178	1181	638	557	1118	203	283	1075	1086	92	520	248	1440	579	581	1393	367	91	1351	941	994	900	1055	721	343	10	402	1387	186	1260	1638	221	1006	346	1083	1028	1121	814	131	1381	1623	1334	527	463	645	250	1270
1663	1324	1362	1314	881	139	457	852	935	80	160	1155	124	1558	1639	1230	300	398	781	1555	405	982	374	1355	515	1344	77	432	966	1016	384	944	123	104	885	1488	702	1312	1163	1249	1489	1525	423	289	1294	1348	1240	241	1304	1167
1403	399	455	746	803	1528	984	400	55	626	905	305	554	1145	1546	202	798	801	176	538	1470	265	328	137	4	598	1394	1108	859	1232	729	710	1264	1049	1064	302	625	1352	473	407	458	963	355	699	1047	1651	848	756	243	1562
656	1482	433	1339	1426	1533	1165	403	1194	1668	649	761	530	3	372	294	1215	1380	1392	1644	237	271	1535	1432	1288	102	871	314	31	1524	429	534	863	1343	505	454	222	43	514	1658	553	1359	225	1057	1146	1485	350	937	1626	1402
668	180	218	1526	726	459	1346	1166	1486	1678	573	199	1504	837	420	646	1255	360	563	1045	1357	949	674	68	600	1004	1448	816	1280	923	1630	1196	559	341	321	1665	267	1483	359	759	208	821	347	1633	912	845	1046	861	69	882
1560	946	1407	953	1062	21	1258	308	1250	722	36	709	695	12	851	422	466	238	1685	1517	220	38	1634	175	282	631	784	651	22	467	876	212	1540	450	1105	140	1406	771	1358	1492	11	707	856	1512	247	1172	1468	79	1593	1019
910	1188	1030	1542	1248	173	1481	1425	843	1092	951	901	1654	932	1150	204	177	13	849	1143	751	880	352	592	533	1070	1130	730	307	382	1616	1341	1537	1513	1013	1446	1009	329	232	159	1072	1478	1034	447	978	936	1147	410	234	111
291	94	1385	1316	1612	297	296	1429	428	390	1539	810	1521	483	1262	1450	1404	409	452	583	888	1461	378	602	555	414	1503	1254	230	678	242	1224	796	23	155	1229	1066	1037	811	424	766	310	1574	78	1552	148	1683	1282	1218	806
35	1219	1252	284	1416	135	105	268	954	715	590	749	481	1510	1204	1180	929	1586	1659	376	1596	585	1456	1127	492	417	1329	446	738	1499	817	319	474	522	734	528	1246	933	764	623	565	1187	1151	74	1619	1391	797	1438	740	628
1366	1384	1065	745	1331	503	576	1134	698	874	634	739	1466	541	49	688	763	1484	1516	1089	394	1284	895	89	1012	1035	1176	1611	1544	1396	164	1269	480	1594	879	421	1054	340	1161	1505	578	1629	460	716	1543	685	1627	330	62	1326
253	482	1545	1522	1566	1113	540	696	704	166	1078	461	1532	1050	577	1124	75	1015	959	1601	1580	1085	485	304	1427	1226	369	723	569	1447	1417	518	1309	1459	661	1576	1217	130	1337	1413	299	1027	824	827	133	531	134	974	495	1379
1332	37	1409	1364	1199	182	57	897	61	227	327	1040	1354	1547	1320	351	468	654	366	381	419	1434	1397	1564	258	1160	778	1210	870	791	919	765	842	1370	1386	60	1098	322	1026	1458	758	595	1606	1090	276	1094	931	1390	436	206
224	1235	1340	1502	1538	504	1514	1162	301	76	395	760	1373	671	728	1569	1173	1648	348	1263	97	170	385	1056	1579	1471	162	512	1575	1283	844	1444	1133	652	1414	747	606	1380	309	1247	1391	656	616	157	574	159	1381	1375	1505	302
606	24	1107	1012	1032	1278	1374	125	953	1294	1572	1363	1055	235	684	665	1193	461	642	841	1592	1518	1139	872	1020	178	277	1591	1097	509	611	1039	1546	967	879	1314	617	15	759	1543	223	460	1663	387	175	1108	173	570	1094	0
916	1062	1675	1425	1477	1254	1384	1566	1102	1423	1372	1371	1160	1209	1613	747	1170	57	1088	832	677	1072	1614	1490	1420	1080	1124	1434	1035	489	75	1350	1415	1644	632	685	131	1270	1460	23	1563	862	11	307	1611	955	866	778	21	1496
345	1229	901	1521	553	1017	74	1004	1551	1388	1446	1667	957	1036	1095	873	1048	1351	1171	438	850	1250	535	656	1488	546	1195	202	732	1114	29	493	1089	517	1679	667	1534	610	843	1251	279	1342	396	98	20	974	813	708	1027	1364
1578	1605	816	968	1378	842	1361	271	1492	66	1457	1360	777	1093	1624	267	1413	295	1110	5	1366	383	1471	1327	158	671	356	994	486	1067	584	304	1056	790	1010	655	228	394	151	1292	342	903	1368	196	189	113	728	106	469	1387
1151	1393	1448	945	410	207	1058	1500	1463	527	534	439	775	650	844	459	1607	119	77	744	1567	743	1465	807	327	197	1273	1417	433	700	447	1394	1283	174	1280	487	796	1286	563	543	969	1629	10	963	48	1658	620	19	1016	420
1660	501	1015	615	1046	1652	991	95	444	559	1473	679	85	1227	149	792	643	1347	360	1065	1651	1579	370	855	1628	724	1226	18	602	1385	1462	51	1544	305	720	224	187	482	446	306	141	1487	1289	767	578	55	552	752	538	840
1352	1661	1358	155	1143	1331	1307	518	40	152	899	1228	641	484	347	399	430	1441	1357	1597	569	835	1608	1127	86	524	674	450	364	1516	184	1633	390	525	472	1436	1346	1369	104	958	415	12	56	354	1264	1232	1452	522	1086	367
513	1399	572	127	490	586	1499	388	931	990	712	1192	936	400	467	137	1470	1615	177	164	37	60	309	46	869	102	404	139	500	673	265	245	924	54	407	395	711	1115	316	1450	1258	251	683	761	454	231	150	70	977	1096
133	798	588	181	193	929	783	1640	1476	1269	627	849	499	1507	1262	1616	664	547	646	577	733	285	1134	237	419	1183	1437	392	1326	1345	276	911	1101	1600	749	497	675	1485	1341	1598	414	1051	989	1564	1164	833	1030	145	498	1389
344	424	516	1260	311	979	1169	898	453	658	299	1159	1626	1395	1001	241	1631	264	253	751	1043	1576	1077	1323	416	562	1681	1322	1154	1118	1034	1076	950	138	1130	88	455	581	1664	1553	776	1403	199	764	938	785	1398	118	663	215
1144	211	300	1271	847	1475	946	1595	662	452	935	1219	1367	549	1215	190	689	800	329	956	188	348	3	1439	1336	982	1458	92	1204	1427	116	919	1136	1666	206	1429	594	1468	1656	1408	225	1461	1084	1111	58	1287	539	1561	702	1309
705	157	853	280	1673	1188	322	308	115	1411	1532	1038	386	432	714	162	612	431	942	1225	1064	1418	244	596	1397	986	580	710	156	218	1298	375	741	274	1530	1509	715	1007	1321	425	657	1025	1235	907	1625	510	1674	232	1525	1588
515	636	739	699	568	1621	256	856	1152	361	194	132	988	90	883	229	906	393	703	111	1524	303	779	1047	1370	1310	574	1519	880	1409	1199	89	203	742	1520	1053	1617	875	837	1356	978	1210	721	892	1276	478	1435	286	1312	567
1279	793	597	1421	1073	1299	1304	480	971	1632	719	1011	1196	878	1211	1240	542	1672	659	915	405	830	434	859	1622	63	1259	519	760	313	1113	381	1464	166	1005	1267	1381	176	1584	630	421	975	1373	1241	1315	1537	871	1568	591	26
1559	1129	25	380	1075	1033	67	366	1390	797	140	1601	1527	143	1116	1419	1013	1002	1008	1451	920	123	338	762	163	1662	382	260	944	324	1285	1505	337	1609	1433	68	1274	65	589	532	1137	668	1284	109	1506	1297	385	1333	628	653
1052	1380	540	654	1511	706	1138	820	1479	334	1555	791	1512	512	822	135	1542	981	999	283	144	845	970	281	179	690	545	870	983	1197	326	660	1233	884	1103	1218	198	508	154	770	418	1100	644	31	449	182	1453	595	205	831
934	851	1603	1234	1467	1404	1636	1296	1106	1105	888	992	1083	359	1018	100	1131	891	631	1562	1648	254	1587	1355	701	217	160	1060	834	1538	320	1173	458	247	45	402	1586	107	827	639	1514	1023	1104	860	1445	435	83	201	35	134
729	893	1522	1550	171	962	1009	69	1498	477	1040	576	1627	1194	727	1594	1081	852	678	1554	1630	1396	1682	1365	691	1288	1483	1392	242	172	707	1205	1683	293	613	1582	1523	1242	506	358	925	1263	618	442	1604	1257	343	1186	882	1207
349	108	1069	257	1316	966	1237	1677	554	1570	801	1266	809	571	422	923	362	368	258	243	153	1650	1552	1313	1343	1212	1474	287	272	357	269	823	1379	80	1513	64	87	292	626	398	220	651	1248	556	1481	629	1480	268	772	740
814	463	619	745	1059	1272	566	896	1401	773	1176	810	1261	91	507	1580	234	1438	864	1091	1478	640	71	1430	262	1440	874	815	475	377	894	1637	355	1208	73	353	782	811	1163	363	291	1526	735	1459	533	1639	881	325	1181	1528
718	146	1145	1635	2	537	1653	492	1182	227	1377	902	795	423	1220	1217	857	1575	315	270	249	1503	921	1618	587	1685	544	526	1119	411	585	1117	195	734	1424	409	28	1494	473	996	341	998	505	122	904	1495	723	1057	238	828
943	427	1123	1383	910	27	885	1282	310	754	120	1098	1376	1244	622	148	50	47	861	1026	1045	799	1087	645	1024	210	1422	1456	1178	1539	848	593	110	97	1670	757	997	564	328	1203	246	780	548	1502	1332	1231	1157	1668	1643	39
1090	666	1405	652	1239	1489	1125	918	314	212	376	335	261	693	598	748	457	1275	623	1426	930	575	688	877	755	99	1665	436	1014	1141	839	1158	528	1634	1599	1135	1560	1501	1659	1306	897	867	1531	13	696	121	802	725	637	495
483	1444	560	717	1290	616	180	609	350	1328	1303	695	1122	1049	1508	275	284	1305	1126	1222	319	1216	985	926	142	558	1354	786	1000	239	987	161	599	32	1153	114	443	1557	1121	573	1649	437	1140	200	1402	736	1620	1642	1202	1646
1443	294	1669	886	995	1320	1454	1156	1190	1671	784	819	1029	8	302	692	523	633	765	824	1070	289	466	697	927	412	682	768	183	352	536	496	371	250	1654	1245	1529	1068	167	373	255	1162	1179	1589	1407	1432	1493	1455	346	332
124	470	1	806	1037	1484	38	511	214	976	914	909	96	474	331	889	485	964	1359	426	30	1050	726	465	259	1243	494	1324	79	836	17	530	716	186	103	583	278	1041	635	1295	333	1213	1150	406	1504	233	312	550	1187	1066
4	984	1330	980	1657	82	738	1412	825	1577	608	541	1063	731	821	16	1329	1200	917	1602	803	1596	1491	1078	1112	236	846	1414	491	951	62	1319	959	829	1535	965	713	1449	1092	730	638	1590	1410	230	1256	84	709	789	1386	1340
226	1120	1174	972	440	1167	624	805	61	1548	669	1061	854	44	78	1338	462	1166	601	1230	503	1201	858	481	101	1517	794	1128	766	672	52	750	520	1302	949	417	1133	838	1165	961	33	781	1019	1317	1238	557	1031	1334	365	1339
222	502	1022	192	694	273	296	1311	1189	1249	941	698	445	323	582	1236	818	1028	1191	812	213	1147	105	756	389	973	1006	41	128	240	1003	1349	1416	49	947	1362	384	1547	555	1291	647	479	391	1612	448	940	1556	378	1565	165
1079	374	887	42	1172	129	14	722	1042	1574	1168	159	661	170	590	686	1149	1497	204	876	769	1175	676	948	551	351	603	1655	895	952	1684	1085	1482	788	1293	9	1686	1246	826	817	1510	1638	191	297	531	456	1308	1406	753	248
681	954	169	403	561	774	1071	464	758	76	1593	401	600	868	1540	1533	263	960	330	219	130	1472	1082	22	1300	746	1573	301	185	1676	397	221	1647	429	317	451	1099	1223	1206	922	912	1253	1541	168	1344	81	336	913	266	1155
1265	379	7	1536	476	208	937	1558	1382	1569	43	687	6	1645	939	252	112	787	1074	34	890	1549	900	514	59	1221	372	1583	1515	94	282	565	1431	468	290	932	288	625	369	488	1337	126	704	1109	1428	1021	321	737	604	1375
1044	1545	504	339	1054	408	1606	614	413	579	1442	1224	1581	670	147	1469	1198	1301	36	1466	1678	680	1281	1132	93	993	216	763	72	1177	1623	771	1680	649	1571	1142	1610	1348	905	808	1400	1391	865	298	1252	1255	592	1146	428	908
1268	1641	318	804	1447	1148	1619	1277	117	621	1180	1486	1184	471	340	1353	648	928	209	1325	441	605	53	1161	933	529	607	634	1214	136	1185	1318	1335	521	1247	1585	863	960	788	859	1564	1042	1431	1660	713	749	435	509	225	27