0,1
7	31	979	514	795	1309	955	212	126	511	1365	1017	915	619	373	858	305	695	1024	418	278	131	1195	145	1181	1090	1101	833	1190	27	1208	660	190	767	665	123	387	800	719	217	218	304	649	1291	1311	245	109	679	1287	56
74	702	16	1083	1154	228	125	963	866	339	839	102	1293	222	384	301	234	87	559	1112	233	1009	828	271	863	555	120	562	1184	1302	1126	366	1056	1340	709	1315	439	375	463	1245	1316	675	996	510	834	712	1214	1335	35	454
475	981	1269	803	479	961	370	603	643	143	452	1324	799	498	1251	962	529	67	1177	1125	507	48	1259	124	1034	976	721	1046	414	261	683	43	359	870	1321	994	567	1260	225	950	112	598	604	11	688	223	413	756	869	348
1109	75	564	1203	1337	358	520	203	589	539	1312	1069	411	483	1226	968	704	270	1264	707	625	1137	1175	1085	1277	1070	1012	693	431	437	860	267	1111	920	910	1062	1290	39	896	244	537	850	855	1234	616	307	482	179	142	1229
1319	354	202	965	846	341	445	450	878	758	699	332	872	1308	895	1045	900	708	1249	1079	1000	426	810	973	247	64	1143	521	298	1027	689	121	323	666	636	752	894	69	1361	29	139	171	1186	842	188	1172	1323	68	1207	1294
1025	775	1036	191	1121	471	1202	299	808	524	420	174	273	381	939	1183	1305	334	1118	691	617	60	822	326	104	329	442	738	1133	804	859	880	946	969	425	361	318	1261	22	964	1333	230	274	491	904	1001	151	1117	1173	172
1031	1	229	85	971	1040	372	383	1370	945	80	577	672	157	734	325	815	369	722	1182	365	1150	1029	177	882	36	1322	447	1153	24	494	481	1035	495	819	1145	1189	887	211	486	1080	580	1144	461	601	1174	798	943	987	194
52	857	417	781	700	1176	1360	582	763	1003	427	20	772	152	550	1130	264	711	41	703	1073	990	345	951	533	684	173	789	558	1279	1334	51	1297	1362	748	392	861	723	576	647	1246	1057	682	1330	528	30	204	1357	180	501
725	1178	911	995	843	1347	986	213	565	363	255	34	106	73	554	1114	1221	1152	618	1087	883	1192	1067	374	6	440	226	897	397	300	935	419	196	1228	1179	525	378	1081	876	1273	890	593	428	280	82	993	1247	879	668	573
1295	287	335	913	416	1188	1275	1016	518	1356	1223	958	907	646	1252	1314	908	1164	613	1132	37	685	1013	754	1304	1116	403	1058	591	115	1346	133	78	805	1155	153	903	768	399	95	284	816	441	611	633	844	492	512	421	155
1019	812	477	829	731	175	931	101	881	1199	1227	467	140	774	410	79	596	253	249	742	205	393	1084	88	242	1288	349	513	544	250	745	899	1238	1166	786	1354	1253	10	276	193	1105	612	504	820	1353	434	937	443	45	526
716	385	1053	1237	952	53	342	132	954	1018	1198	1100	195	948	1088	770	508	1280	658	147	953	1139	474	57	285	1008	197	138	23	1107	1135	1352	92	1301	809	163	1002	448	1044	531	1167	807	1284	1313	696	216	302	176	114	654
484	429	386	744	181	831	1194	277	794	292	1140	706	823	718	1200	1165	657	1219	1157	546	1263	905	9	835	337	1042	408	76	235	814	248	33	628	729	1231	240	1210	1049	988	1336	8	735	192	353	967	1327	444	294	1055	1222
487	1329	569	499	1212	49	622	12	922	730	1028	169	1142	548	585	496	430	841	782	259	530	1068	1201	252	458	930	602	1341	941	784	260	1122	322	94	1185	635	473	629	821	1254	705	1005	505	664	739	1351	924	1349	357	764
161	116	1051	1071	631	19	1148	485	263	1298	608	167	845	295	1128	423	751	584	549	321	100	776	592	1272	84	867	773	720	827	42	669	122	135	692	832	1134	578	547	571	293	1292	615	1271	726	315	99	590	1160	1120	779
415	237	1286	108	743	687	936	792	438	1242	673	698	1285	811	254	750	500	886	854	519	141	966	1225	769	183	517	614	1359	1026	568	1196	1235	545	638	639	572	778	379	1141	184	309	198	579	1343	262	817	1048	1102	906	532
220	838	398	389	997	159	47	609	1303	790	1082	166	1004	1156	1041	681	1345	891	623	1022	909	351	991	1268	874	1216	1151	456	536	791	992	65	186	588	460	1170	1282	788	272	893	980	311	28	1161	164	581	563	97	1197	1369
130	836	637	402	1030	367	96	352	489	1276	1256	224	802	303	824	873	663	1054	916	949	1061	1063	110	1217	21	170	344	1094	72	1123	449	215	388	1211	697	105	1236	840	1243	566	91	610	740	960	868	771	989	970	1052	243
853	156	317	1325	1064	1274	942	1158	538	940	912	199	1191	497	1358	86	1086	396	257	1213	849	282	231	236	457	621	462	884	957	1266	1115	407	1317	1262	238	1248	296	1007	470	1015	1169	999	466	1278	312	1220	932	1129	478	741
503	107	765	934	377	70	1050	933	1096	1014	390	424	1163	793	333	1215	435	1023	728	898	1230	641	862	1239	1241	118	336	154	1162	600	200	1250	1187	982	136	1093	984	50	864	626	753	1326	594	1366	241	757	1342	98	1307	1059
667	678	451	1108	583	83	983	1074	405	956	634	694	61	146	871	400	661	162	761	59	1011	306	3	316	759	1131	676	651	119	210	509	523	266	570	1232	129	279	522	81	926	888	14	469	178	947	620	1350	111	677	468
1038	214	1076	327	160	476	1364	26	1099	1300	182	1039	25	275	1124	901	1092	885	38	848	1089	1328	586	1193	382	465	343	1265	66	338	642	289	433	148	852	686	227	724	149	975	605	587	737	488	1104	659	1047	113	1257	1244
308	1338	265	320	560	851	63	889	144	219	1332	837	928	1283	650	58	1209	2	208	1339	599	938	251	391	541	1205	959	17	542	1218	1010	575	281	1113	1138	187	207	165	927	892	246	269	288	830	1060	394	701	977	297	1043
978	310	553	1136	291	632	1371	1306	787	918	644	714	1296	189	710	5	1171	925	515	826	432	453	847	362	1331	127	561	209	314	331	656	552	404	806	368	1066	902	117	493	324	556	0	1033	55	1310	1127	1320	455	595	1255
717	875	319	18	813	1110	350	46	168	674	944	340	221	1318	436	1368	627	998	258	137	330	376	1006	158	972	1204	32	150	777	103	347	551	540	727	516	929	1037	206	985	1367	877	412	328	648	346	680	1363	736	607	917
459	1072	506	1299	1106	923	355	1119	446	1091	534	766	422	380	201	671	128	1168	1020	401	1233	286	268	90	1065	464	1281	1258	921	1077	690	785	1267	1103	1075	797	535	914	640	713	557	818	865	747	313	749	232	364	185	62
480	732	780	624	662	746	597	1270	134	1021	655	856	783	360	290	1206	71	4	645	44	472	762	801	796	715	1159	1095	630	15	1240	1098	1355	760	606	919	406	1348	93	283	825	543	652	89	670	653	409	755	13	77	1078
974	1224	574	1146	54	395	239	356	371	502	40	490	256	1097	1032	733	1180	1147	1344	527	1149	1289	148	1112	1272	53	801	742	684	1154	424	298	1121	922	216	1338	1169	917	219	29	642	110	759	705	1308	404	174	994	722	1059
482	192	1196	455	374	333	1350	936	1330	346	559	998	737	97	958	824	878	719	1253	792	676	1312	895	281	88	135	309	147	1103	114	237	750	56	339	245	1092	618	429	431	1316	391	146	39	17	761	1227	1019	411	572	745
430	1083	276	365	760	1212	880	940	1301	1050	329	1237	1323	1120	286	670	923	42	458	1119	702	1140	960	639	962	4	1005	344	91	598	1104	238	251	666	1191	93	141	808	18	1280	916	921	937	470	1246	866	684	1240	522	564
651	1080	1102	1331	875	807	1238	709	1138	283	82	814	697	400	1248	100	1071	1058	605	109	606	424	825	294	840	783	3	652	113	945	1075	1047	859	1137	1217	1326	1222	7	918	601	69	922	599	1041	956	119	1001	1127	468	278
585	647	330	1096	64	179	787	483	831	1251	720	896	549	338	782	188	1336	133	510	132	516	235	660	588	421	98	1200	1205	1298	1132	1054	351	894	648	1128	1281	453	426	341	617	463	1192	734	706	1123	1125	1361	371	885	891
819	1090	1154	201	271	1288	537	168	407	96	367	253	397	128	968	345	1	864	1175	52	257	795	665	924	139	1310	870	110	823	741	419	420	280	851	301	1204	1111	1020	1052	931	790	535	525	1234	694	46	580	491	1165	548
1055	175	1203	279	20	1273	965	1057	644	166	408	1320	523	753	78	934	1148	160	488	754	433	579	925	176	399	1010	225	53	123	29	178	261	1354	1368	313	1184	538	555	1264	854	941	242	170	1244	942	423	868	1250	59	299
1060	1371	212	727	759	1033	287	721	1069	967	1285	222	1002	1276	791	835	293	392	349	577	1211	1163	157	444	775	1223	1061	888	1271	364	826	136	641	1290	1089	728	1207	156	1249	1024	969	422	718	274	1365	1141	705	71	72	288
486	76	418	544	655	578	413	1267	99	1352	1094	144	1322	1139	1317	454	290	634	1364	432	812	186	1325	131	861	951	1345	373	1007	353	762	543	799	328	817	1059	1065	961	1221	995	1370	700	379	1230	1017	77	384	1277	359	1161
60	973	193	1262	772	215	1006	1082	800	1157	1042	1349	710	786	1302	415	1108	668	547	498	198	863	930	163	129	811	1040	221	992	649	723	177	58	1188	1318	182	708	154	502	650	89	613	368	952	911	669	1167	1087	847	1064
1201	566	396	607	822	867	478	16	889	691	210	124	449	561	1261	332	589	788	265	389	117	621	672	1275	1088	688	1360	1068	461	990	358	946	529	489	1028	679	451	41	492	490	1351	565	410	105	376	456	1070	187	145	692
209	74	38	1299	890	711	476	914	839	1256	1000	1115	472	1053	335	362	902	1107	1284	1036	13	1303	1093	199	1259	272	1219	137	686	1168	49	304	127	592	240	1048	316	886	1077	19	1106	1252	1357	1151	172	398	730	101	1233	445
2	169	1324	355	484	765	385	323	771	1131	582	766	955	928	1266	774	905	1226	975	1172	239	427	1242	901	125	174	624	1311	348	996	1321	622	978	1027	234	1085	531	268	1171	1176	437	363	394	357	1307	1023	173	780	545	1009
809	494	1145	84	515	85	1294	1100	1319	963	707	416	751	231	696	604	1263	773	1158	513	659	748	122	1136	1003	30	850	140	1268	1369	446	1208	32	1355	1343	120	1278	562	1282	871	1333	153	369	14	553	521	509	781	350	1283
1156	1025	1086	462	554	1179	1152	1338	747	325	879	610	980	994	185	948	752	289	674	87	390	1363	1116	742	974	106	785	920	459	1190	567	155	50	171	938	130	987	526	518	207	441	1243	657	583	1286	602	1034	266	733	300
517	73	662	1153	1174	530	1353	1193	929	227	161	228	1021	519	957	1022	933	756	828	1164	872	999	695	935	51	713	1315	550	258	815	1218	524	103	1228	722	985	681	1178	466	1293	1241	699	609	1185	1197	1258	246	587	434	857
412	1270	505	0	35	1029	950	1339	439	1143	343	80	440	306	405	372	1269	352	282	68	142	83	646	214	377	62	48	126	307	591	331	487	219	1181	162	764	1346	763	292	450	1247	104	402	143	1049	600	798	638	202	1291
501	195	380	991	495	1344	904	796	560	236	31	1279	630	1215	832	1199	704	926	573	1066	1206	499	541	9	26	739	849	1225	1098	511	327	877	636	575	740	1348	805	539	262	1297	616	1144	892	689	277	79	475	425	954	302
568	43	569	1067	1342	917	1081	469	387	834	121	65	900	5	729	452	447	15	1254	625	25	881	206	1084	1051	1046	1134	45	997	675	776	1260	845	1142	479	735	1112	504	324	1045	481	1347	1313	1239	552	860	1202	1306	75	802
229	1182	1015	259	1044	640	295	467	584	749	244	803	715	865	633	586	1149	164	438	619	1274	664	1016	714	1366	507	233	906	319	685	1304	717	542	556	571	642	746	150	570	167	1166	90	1101	594	1265	375	1121	690	536	897
181	693	907	789	382	27	1231	1295	213	1011	793	1099	159	311	744	520	191	12	217	347	1308	312	629	216	211	821	1327	112	134	623	457	1038	197	284	1305	912	898	33	1133	712	603	769	944	1356	959	1209	473	264	658	993
1037	1109	115	54	731	830	862	1039	1110	986	406	503	611	770	1130	726	876	724	386	915	620	1146	1129	342	1118	512	269	626	784	725	1229	574	273	404	263	596	767	738	631	8	118	558	1135	138	223	612	23	701	1018	1162
403	249	671	627	1289	858	797	37	988	804	1173	1341	255	395	1008	628	1117	448	108	837	1078	1095	297	1232	778	910	1245	1340	208	285	1073	165	1189	224	337	220	755	356	63	1105	983	779	477	989	1329	1296	260	1314	204	151
190	884	635	1076	909	94	305	184	645	506	1031	10	816	757	653	1214	964	275	1150	595	593	801	496	194	1035	893	1194	1004	736	943	252	899	443	953	846	971	1367	532	514	1358	414	913	1255	654	608	6	67	241	47	534
794	768	682	11	1224	1030	61	1126	1091	838	24	508	1362	970	409	1169	981	40	116	298	320	464	254	1359	248	1183	939	81	1328	1122	86	366	903	250	291	326	678	36	848	806	758	856	205	546	882	442	310	540	267	152
1014	1235	855	1287	732	148	230	460	203	528	1074	1300	949	1309	1177	360	614	158	919	703	687	843	334	493	827	908	887	370	315	557	637	590	873	1198	833	1180	1032	576	1063	1170	1187	1236	1079	947	1043	656	1216	966	551	401
149	361	661	1155	189	716	1026	1072	381	1012	932	1210	836	869	581	55	354	218	317	874	500	615	417	597	1113	497	322	1160	810	383	1335	527	314	984	1332	698	95	303	270	842	321	435	829	1186	474	480	663	465	243	92
976	180	683	318	107	1334	22	844	1272	1114	336	818	1292	972	743	1220	471	28	66	340	813	70	200	1337	1013	643	673	982	232	436	1062	563	226	196	820	680	1097	841	44	977	34	21	247	57	632	1124	378	183	777	296
852	428	1213	533	111	677	927	667	256	1159	308	1257	979	102	1147	853	883	388	485	1195	1056	393	695	1258	1146	56	961	989	1008	1285	723	950	1004	1334	468	925	674	1094	43	196	1320	884	1363	267	449	1152	1314	81	161	591
592	363	877	382	1187	1325	316	263	917	1255	66	645	1138	1239	374	410	1033	648	1238	1150	433	1031	1336	607	931	222	84	1057	482	51	1328	331	358	809	1218	234	838	388	423	326	767	798	1219	439	194	425	1036	1351	18	1267
901	572	1149	1041	1098	432	790	947	632	982	839	757	1234	245	676	857	216	149	1136	1083	841	663	1203	1327	394	47	265	650	766	799	820	890	1103	387	223	861	463	535	610	156	46	528	717	1299	337	707	145	310	812	944
1073	985	108	851	500	876	481	657	507	462	889	362	1290	746	567	405	1028	596	627	966	1039	1048	791	833	1311	67	330	1167	601	793	896	775	927	1206	577	252	424	1121	1128	1130	1279	703	1310	958	1023	1047	175	1151	79	681
558	585	581	1224	826	1074	546	170	429	783	1200	28	722	121	1268	967	1022	452	1061	1188	620	1034	691	320	123	378	991	1209	785	879	989	1281	1362	929	1156	778	276	784	1109	1232	523	165	923	1133	103	554	1214	680	1366	188
1355	448	94	614	965	471	1352	390	1050	752	570	1242	1292	702	63	1371	1274	1248	1322	1254	544	980	385	68	993	418	813	881	1148	827	85	692	1370	1216	64	745	667	239	209	751	97	1304	122	1125	670	871	419	1070	824	1161
1123	318	814	120	1079	399	32	863	83	136	734	71	203	1249	82	1046	1301	987	1155	760	288	1237	139	456	1166	128	750	90	1063	904	1016	9	1263	23	1003	898	215	294	747	867	491	376	738	1108	183	195	625	759	537	583
894	1044	100	1099	422	167	1042	496	349	1012	357	7	125	952	1124	807	129	797	939	437	487	693	1142	916	714	686	1179	191	893	186	461	701	154	347	205	852	1064	996	353	341	1154	649	1222	792	261	854	1252	1043	1007	1278
1344	1051	552	81	910	961	1359	1208	874	414	1347	77	70	451	808	1062	115	1273	116	899	604	372	126	640	1253	1157	325	891	427	219	1331	1196	992	106	1233	1221	1210	144	13	302	1084	177	1185	1089	1277	522	1259	1306	748	143
749	837	309	289	864	322	556	872	834	441	472	1059	392	856	1341	883	1132	597	605	555	988	1332	72	33	908	794	55	727	502	858	217	842	447	1019	1283	159	351	941	1364	178	984	845	509	1015	334	101	163	710	301	1250
1320	416	1205	700	1045	506	994	926	1197	258	1226	1235	192	40	1317	590	764	725	403	127	997	1020	227	259	199	395	1318	321	1129	58	756	277	1131	972	1286	304	1116	467	765	501	1127	485	473	697	327	413	140	576	160	536
762	786	542	1146	521	1091	636	1309	755	641	348	677	964	563	1054	780	450	529	24	1227	489	688	208	1296	240	435	235	446	470	464	104	285	1092	360	1271	133	512	373	633	1213	42	661	465	369	1363	1032	732	30	142	455
1346	1258	1177	846	478	575	819	242	744	664	444	1112	626	354	1126	761	168	162	238	962	805	1049	924	312	164	147	986	401	95	408	1180	381	1282	811	1291	224	365	421	280	229	674	895	930	12	1120	1010	1302	39	1316	1367
132	214	655	185	654	264	673	658	611	96	278	1144	875	1119	292	137	232	1199	1319	380	135	1303	1275	181	562	690	953	687	158	1173	291	1289	445	38	1193	615	34	584	678	56	598	1025	352	853	699	742	1349	588	1313	796
286	514	1284	1159	86	831	922	1298	27	806	925	642	336	57	979	1096	1077	262	493	1169	1225	769	92	1297	270	49	375	848	119	672	150	504	1021	480	781	741	1360	1231	1285	295	803	8	359	505	903	520	1315	782	975	1056
221	14	308	912	709	1118	513	1087	1337	1354	959	647	484	915	1094	1220	1088	669	1075	844	713	257	1076	560	157	328	1256	866	110	1067	1165	80	50	936	279	255	1260	579	1171	960	956	1293	772	1270	268	494	1143	488	74	969
371	1217	541	1207	582	696	91	830	1340	519	954	595	254	246	207	370	1368	342	511	1353	543	534	483	233	612	1029	343	458	1018	213	260	1153	868	396	957	269	660	1350	204	547	508	878	724	608	37	666	946	928	652	202
1183	949	873	409	1300	477	93	161	62	712	319	1276	1145	377	510	498	293	171	442	466	737	659	449	196	415	117	526	578	1184	228	346	698	1223	580	267	1170	272	850	938	1324	356	763	568	1329	970	743	716	638	1229	324
88	1069	971	383	111	303	397	527	566	1071	1060	43	69	1348	933	932	622	1189	155	65	1097	1052	366	282	391	1147	298	823	355	1005	1141	431	307	825	1191	885	5	1105	1305	10	368	548	955	1137	78	646	1113	603	1194	870
1326	218	921	379	241	829	249	942	41	998	564	1333	1160	804	736	53	1013	606	705	516	1102	3	1257	840	999	711	114	715	651	720	1198	1192	61	1215	198	1086	855	400	1243	978	900	243	338	586	317	902	290	1110	469	389
613	44	1026	721	983	443	1168	968	206	1107	166	934	1081	54	1176	665	193	76	315	430	525	73	869	237	138	1080	1134	384	974	1135	735	1272	1014	574	281	305	411	884	1000	1321	662	777	776	434	920	99	599	911	180	273
1115	888	1038	1266	810	459	1211	220	1201	668	16	880	909	1024	211	1245	634	770	977	976	847	474	22	393	935	768	617	244	1365	407	1122	1323	15	182	1040	1308	1053	1178	723	1244	897	533	1082	59	335	412	1001	266	75	169
314	802	1058	284	816	495	428	176	815	499	102	300	173	630	1066	859	29	629	1334	118	818	1065	105	1261	913	565	297	532	758	937	531	675	1269	438	589	718	1104	31	1195	789	146	60	417	231	1265	832	4	1358	754	1246
708	995	1140	990	148	719	1009	404	914	1163	287	36	694	1175	0	283	621	951	274	1251	1357	828	639	643	1280	540	87	795	1236	6	329	594	492	907	226	48	862	1330	367	350	538	656	835	179	945	200	731	906	940	113
420	600	559	549	201	52	618	1190	740	963	460	1008	1338	1287	210	950	981	882	19	271	296	323	212	256	1072	1312	25	774	453	1361	728	98	21	45	486	821	860	1139	1174	1164	1264	250	1181	726	1068	704	1241	550	89	1356
1100	1011	616	299	190	1186	518	539	1106	440	333	247	490	684	1343	1228	524	1204	551	788	476	1090	457	172	569	1172	454	1162	571	561	887	1085	251	623	20	892	573	436	843	339	345	130	11	1202	1078	733	779	1037	517	1158
557	107	1117	729	187	1002	644	225	1314	426	197	730	689	1111	1342	253	530	361	475	141	26	773	184	787	822	1295	628	1345	1262	1035	679	948	230	865	311	313	248	587	1230	1152	189	1004	1030	631	849	918	905	739	332	593
515	545	340	131	1095	174	1055	695	402	124	17	1335	817	801	1369	943	503	706	109	236	406	468	624	800	35	1247	364	591	152	886	619	1114	1	1017	112	685	653	973	497	553	602	753	1294	1093	275	151	153	836	771	386
1212	134	344	671	306	609	635	1240	683	2	1006	479	919	1027	398	1288	1182	1339	682	1307	1101	637	407	929	610	1284	755	77	998	91	728	680	176	1223	819	769	533	1328	567	518	78	882	671	421	1174	47	333	719	838	645
201	255	192	1355	1160	867	94	665	1120	547	1091	803	470	793	1062	1088	1194	610	177	585	55	404	1050	598	225	555	1300	1348	993	464	132	1164	1204	28	708	212	770	349	332	427	425	79	140	907	528	1013	26	546	309	626
1266	369	267	368	119	265	938	936	193	1144	526	838	961	1327	1362	386	277	997	36	128	1195	166	879	287	131	84	556	1183	648	276	778	1092	129	181	64	1111	686	491	1054	194	927	1072	463	874	1012	1312	762	975	273	1055
253	505	1273	352	157	542	108	760	937	458	896	1176	839	533	764	210	672	53	1250	19	65	932	775	627	692	655	1288	1340	303	1297	562	183	755	893	559	195	1230	243	466	376	146	1219	440	1041	754	1274	794	409	1099	1035
134	1011	553	170	506	1031	575	484	114	664	445	211	1061	344	1069	176	461	765	385	185	74	1159	1281	164	1239	523	1351	607	318	541	726	1036	395	137	976	777	275	1275	948	781	115	1108	290	221	1232	1067	261	712	75	661
30	1078	1287	945	1043	640	1350	710	1086	58	144	1117	149	557	1252	1128	508	785	832	1320	669	986	1089	614	876	538	1170	589	988	550	949	1325	539	77	1185	915	172	286	1192	884	233	990	1212	624	1132	1233	748	1227	469	213
780	294	750	1118	324	841	263	612	649	197	902	836	738	1189	1	231	126	808	1279	403	875	880	501	923	659	100	1285	855	1139	1225	1007	182	1254	1131	877	347	1096	1248	1129	595	1241	1123	297	52	377	1210	314	8	1161	1292
341	104	1354	311	145	870	698	472	957	251	1000	1207	411	1100	417	520	1218	926	1025	809	537	1004	426	703	831	54	561	512	599	3	14	727	1246	619	746	605	130	1070	223	1334	858	1242	356	888	552	1168	83	237	434	828
351	1145	85	1057	590	856	1166	946	646	1066	1319	1342	885	889	651	1272	756	1341	861	638	355	435	241	283	135	1333	169	1338	622	329	1261	1022	1205	1149	1137	974	486	1293	246	532	204	357	1318	666	653	1203	361	979	327	694
1330	716	302	840	262	27	1324	260	419	1238	1106	278	420	1198	1222	32	527	982	892	878	1155	602	894	336	88	151	1276	46	196	392	971	481	1251	887	1110	1270	307	229	848	289	337	835	947	1152	1304	580	1130	1133	962	1181
1098	342	737	1295	227	1074	567	1016	44	903	783	1095	359	1277	190	1337	1044	625	34	1359	795	641	818	680	235	415	847	345	148	218	478	771	833	540	860	1214	857	560	214	1313	465	205	6	603	331	597	898	316	600	742
782	973	298	18	548	1307	1021	71	191	280	942	998	647	1112	645	601	138	660	1357	812	1138	1264	711	677	1048	1361	200	761	801	696	1029	4	730	1052	959	846	272	41	1231	1303	851	1184	1197	489	616	829	1298	1075	999	757
928	985	747	325	576	454	387	78	22	685	62	1094	1038	111	916	984	551	955	1073	779	1122	258	515	800	509	504	482	758	977	1104	371	1346	662	245	1114	924	925	657	972	784	45	700	519	1154	35	1326	652	167	1090	228
1358	480	120	1343	859	994	66	769	1369	918	398	517	449	628	951	1084	161	503	1033	1269	921	471	1051	69	396	346	815	992	498	219	1301	849	431	1235	1028	102	292	905	752	733	1317	24	1236	421	125	578	1065	524	468	1127
49	73	300	1237	1267	629	613	354	759	1289	807	507	611	1126	1283	922	5	362	317	442	101	1008	718	574	1175	654	477	823	380	1265	374	1215	650	689	954	1299	198	702	745	1321	668	1049	1199	455	554	511	285	23	206	621
596	186	153	544	536	268	701	328	187	266	1278	1268	1182	584	284	891	1271	908	499	244	1309	175	259	271	714	920	644	1039	274	432	63	397	1178	1079	1223	173	895	1135	917	279	389	1259	579	304	215	224	1165	379	1136	156
495	143	1190	965	312	70	1141	453	674	391	565	163	1335	393	950	319	87	1102	59	1040	697	38	217	1006	234	1322	749	658	744	1345	433	60	900	1020	1302	725	430	207	1316	256	1119	418	81	492	179	162	31	1370	248	683
788	1058	399	751	728	301	663	1310	871	802	632	1249	912	1228	1064	98	97	1247	61	410	103	872	487	906	609	208	158	1180	935	1024	850	497	1344	406	457	588	475	571	1187	1023	29	390	180	367	490	428	141	819	1085	1005
774	1332	1077	1034	530	1134	408	1226	1002	320	96	1115	452	1148	582	1188	792	1296	1308	360	805	637	1193	121	820	695	881	456	188	485	776	382	953	216	1003	447	1196	222	1018	970	366	1027	931	1262	563	373	502	572	620	821
1083	407	883	326	1150	1113	42	1001	952	67	1206	136	943	830	152	586	1290	414	451	1026	1121	995	545	882	587	165	105	956	699	564	569	543	687	1053	333	822	1172	768	862	110	370	412	168	673	753	338	291	615	1014	873
269	117	904	1103	1179	476	142	798	1331	960	934	448	1356	270	693	282	707	413	47	681	1019	93	980	238	593	1162	886	1105	1209	17	591	1030	1015	1365	1201	732	209	90	1352	1156	1010	109	623	37	159	890	978	1076	853	642
824	604	315	688	13	322	1082	1211	930	1063	459	86	864	1360	720	968	845	437	518	865	1151	558	1349	343	729	1253	705	0	401	573	264	1142	1124	15	11	450	897	636	10	310	39	843	814	488	1306	656	1068	1200	789	734
1291	1224	178	786	51	330	1217	122	252	239	531	639	174	1174	9	1167	1153	422	1243	868	1339	1042	296	363	375	797	56	1163	127	676	787	7	1101	667	514	68	1109	987	493	202	308	80	364	494	72	983	678	1244	1256	670
150	133	1173	1080	353	230	16	901	592	731	910	1286	790	305	535	834	510	534	1143	1255	1328	1093	739	281	631	313	1140	608	2	1171	1323	378	1158	721	1280	958	236	1336	20	12	570	549	724	124	1056	813	991	513	869	816
423	1363	438	460	439	715	76	722	1097	933	139	1147	772	796	106	704	1368	719	1009	706	1169	806	1294	321	635	82	254	691	741	1157	340	1229	388	155	964	1329	365	1353	1245	963	1107	717	763	966	735	1071	1260	811	288	424
1257	996	483	1045	358	939	634	171	335	467	913	1364	479	568	240	766	826	1186	496	199	740	1311	43	709	473	154	57	630	837	1208	525	842	810	1125	1060	1221	348	713	827	844	242	967	1282	1191	48	799	723	91	295	107
306	118	436	863	1314	444	989	299	1216	852	189	767	804	441	594	1263	462	1017	293	1367	40	381	1315	339	25	226	679	402	429	618	1087	123	617	940	1032	690	350	112	33	743	1037	372	384	416	969	529	1305	89	394	911
919	1202	909	446	1059	474	99	566	825	1177	1284	247	773	736	581	203	1213	232	854	1366	1081	250	405	160	633	95	1116	606	1234	1371	1046	334	500	184	92	521	147	817	929	113	516	1258	583	866	1146	1347	50	522	1047	21
643	257	944	1220	1240	383	981	249	675	443	941	914	684	116	671	791	323	899	682	220	400	577	1368	729	786	1227	724	546	1066	886	791	181	72	647	1330	549	334	297	46	1352	121	988	310	1155	1110	732	693	725	1280	561
1138	1096	1150	32	87	29	429	594	1046	757	149	464	1269	262	521	891	1123	473	1216	1049	753	442	1061	19	958	495	1177	1189	27	597	604	682	1001	758	430	1303	993	800	44	328	723	642	780	310	796	424	550	850	250	1074
95	1018	30	296	826	119	1093	710	833	1259	324	617	1062	240	385	71	1365	944	499	560	940	622	99	1237	397	1132	16	992	1077	620	518	1037	1339	979	474	1364	469	1344	1248	303	457	337	913	658	1210	950	777	1292	508	351
174	626	166	956	719	1301	603	1164	575	953	319	1279	809	1085	1227	203	1243	263	305	840	933	842	392	58	1154	706	1213	1271	703	452	1340	113	486	209	1345	1117	1013	675	108	688	694	226	453	1273	581	349	8	756	627	49
551	1327	381	196	399	998	497	238	788	610	230	427	975	681	126	273	522	359	290	1250	406	941	1104	417	769	1103	714	661	1198	201	1067	534	686	187	506	22	687	471	164	744	580	120	544	1325	1144	526	158	925	415	28
1176	633	256	102	458	1025	379	1040	677	1047	647	264	514	346	366	576	835	1370	205	1043	217	621	1107	1361	678	1089	964	12	847	1165	935	409	1200	1265	1151	1241	970	722	1204	1214	11	616	1080	646	245	698	537	1137	936	645
614	17	751	605	1057	934	536	222	884	247	221	23	1170	784	930	1253	322	1114	373	188	989	570	1359	1363	1232	1254	446	670	285	561	478	827	309	10	1203	194	601	822	375	821	799	111	35	797	883	1145	206	848	803	705
297	1202	220	881	353	152	924	402	945	131	1143	1251	531	403	300	1218	243	1286	444	684	432	638	41	110	364	1291	47	1242	439	423	1297	68	982	330	1215	1169	905	618	844	792	762	1130	825	491	132	31	895	117	901	304
299	249	277	635	225	178	159	1052	1196	712	906	145	0	598	569	1362	1358	987	543	613	1252	772	183	651	477	689	929	268	754	864	728	962	812	868	690	1162	82	887	435	151	1004	996	1329	466	1045	229	1199	611	1086	985
520	874	5	333	1320	370	59	949	1195	348	732	134	952	283	467	89	136	1357	843	74	227	395	1278	932	704	1006	198	1212	1350	425	1341	731	1014	360	911	602	828	479	1009	115	460	160	715	504	63	893	488	555	669	942
128	1264	928	724	838	13	472	961	498	15	167	630	175	1197	1187	445	591	1263	529	302	1190	951	1035	519	1113	254	873	727	1191	870	52	1272	481	51	691	1305	639	665	419	341	977	92	1180	562	468	104	295	785	542	1330
329	179	396	1221	573	144	232	1054	168	708	702	1005	450	530	1338	184	554	449	804	668	235	1317	380	50	398	93	275	314	266	1106	1262	811	94	1354	1353	733	1312	808	340	1071	766	565	801	239	584	386	216	805	695	70
191	1110	679	878	3	971	1118	1028	1367	1238	358	404	456	742	165	590	781	538	48	1315	507	81	995	984	607	1078	342	214	517	412	140	1155	192	860	1050	1355	718	344	215	1332	1076	1019	463	700	1127	421	568	298	26	482
557	172	896	1257	362	889	327	1090	793	1156	997	1083	967	1188	433	1017	1153	410	1240	269	921	271	599	1023	1116	500	643	612	1295	877	1030	121	994	652	978	1185	367	155	332	748	1298	46	1026	709	1179	789	1261	18	1318	834
765	1163	1094	1211	244	1304	57	845	67	535	286	862	374	648	854	908	683	917	246	157	1109	615	965	154	182	711	383	739	1065	786	1300	815	1020	1351	867	36	237	1024	653	609	210	1255	73	1178	973	141	408	197	259	260
608	523	501	1220	361	831	368	43	426	431	193	916	634	65	289	1079	1183	1124	1283	937	1260	334	459	587	487	441	287	880	841	1058	1326	1147	513	306	1108	1042	422	1207	1038	1309	969	717	436	991	1181	663	292	623	820	447
773	1235	356	783	1233	37	224	146	782	98	654	1209	577	420	920	326	909	596	1246	1322	202	387	1347	347	1121	55	897	1119	470	707	571	528	451	363	743	147	1142	1287	388	1173	545	251	1149	1091	1120	4	354	795	384	391
454	832	736	181	1056	274	133	378	511	83	171	716	278	1135	1021	284	1160	156	62	336	749	875	787	976	1159	922	462	966	135	839	1084	776	281	88	829	636	574	434	401	1234	288	527	236	1313	588	1360	345	794	308	186
1266	750	1012	177	818	129	1324	105	981	489	1102	582	1146	33	1310	153	476	204	101	416	38	1366	414	807	746	1258	1201	510	1290	943	857	990	830	853	114	1167	405	1136	1274	331	1128	1010	1182	72	1161	122	1075	1231	512	876
257	1343	218	938	320	879	150	248	726	894	1356	823	972	7	1334	130	494	1276	1288	593	253	525	1131	255	1158	1308	968	720	851	1036	25	1088	693	1055	858	265	1281	1225	541	697	212	540	294	1000	866	903	988	1230	1053	1316
923	40	96	393	223	437	509	1157	955	667	721	1228	927	931	123	619	1	90	1141	810	558	1323	1133	173	549	1229	267	382	1112	438	418	692	980	583	312	492	1349	1223	861	664	730	902	242	1069	228	578	45	34	890	1249
553	960	759	1097	1219	390	1032	814	231	118	763	1267	1289	1285	75	631	959	1193	211	1217	595	1280	440	369	66	279	547	650	948	180	662	54	1139	307	676	1270	939	1063	1134	872	208	1299	957	1099	559	1224	1337	316	552	556
533	624	737	1331	885	84	768	1306	919	1194	199	774	666	579	1284	103	2	671	1275	80	701	1002	1007	869	207	1064	637	1244	1293	673	6	904	483	1152	865	1027	176	261	163	1016	836	954	912	600	1307	524	280	1101	1039	325
699	1059	1148	1192	1068	276	389	1335	484	846	293	480	376	585	674	413	649	1073	1352	778	1346	1095	852	1171	14	24	69	42	586	301	200	1268	1082	1371	567	1368	1140	713	888	1003	109	318	791	775	1328	106	926	60	1239	1031
741	428	490	311	443	411	1034	407	680	241	539	61	628	760	317	21	85	606	1041	394	170	189	855	899	1172	837	291	76	107	1206	819	313	39	190	142	252	856	641	566	475	1100	1022	355	234	779	1186	78	1321	448	816
640	589	947	339	657	806	907	1033	738	849	1247	859	516	9	357	1319	882	185	548	963	219	100	1333	1125	1092	461	64	1015	148	1072	502	632	270	1236	1066	465	1098	764	377	1226	729	127	1342	124	496	233	1060	139	79	999
656	350	898	1245	1256	546	1208	1174	1105	734	629	871	1048	335	213	745	918	352	813	655	1044	371	572	365	20	116	696	169	455	1175	747	863	143	1126	725	338	195	1129	1205	125	161	752	1294	644	1311	272	91	672	771	315
1314	323	515	485	1296	1008	1111	1070	97	817	1087	1222	321	343	659	138	1277	986	660	162	282	790	112	1282	798	685	802	53	1302	503	974	755	258	1168	86	564	1081	767	137	900	1184	1011	77	910	625	1122	914	400	983	824
1336	563	735	1166	946	886	915	1029	892	770	493	1348	1051	1369	532	740	372	1115	761	505	56	592	188	1112	312	35	178	413	370	788	848	841	1250	265	1308	867	463	76	983	177	884	563	1117	846	1213	1143	1069	1326	1182	391
123	767	539	153	54	81	754	318	39	969	1281	1300	751	941	487	891	402	1000	1168	1224	1110	838	14	1056	741	149	1208	462	523	427	253	1061	1167	138	231	1103	42	495	925	107	609	328	384	658	667	420	946	587	80	512
327	901	611	723	1177	798	320	1198	1085	698	483	1268	1161	21	370	388	536	131	93	1135	377	286	647	215	1073	242	646	745	452	358	922	630	1019	519	581	876	845	293	596	303	182	225	26	1194	78	1087	950	145	608	1047
576	705	150	1156	315	853	208	724	1352	594	1336	809	927	1195	279	840	1202	727	1182	1057	68	960	604	712	955	943	1148	726	521	1233	1271	615	223	324	290	688	356	651	803	46	552	626	1228	828	781	97	201	958	1050	1146
374	229	32	238	237	1193	819	361	695	1339	645	644	639	62	653	555	417	892	1080	591	1276	226	2	896	508	677	728	822	957	832	1234	240	460	166	1112	559	4	683	181	261	179	731	30	830	992	1240	833	602	720	481
921	1366	691	70	855	75	783	1227	864	255	839	488	144	401	110	1314	1128	589	1010	1323	341	818	424	344	423	665	875	409	305	759	915	1247	1107	1210	275	1114	793	558	50	917	1023	1133	1242	898	1164	719	642	1257	772	895
518	111	545	422	386	810	708	135	416	877	967	619	528	654	1312	497	203	889	851	1130	482	568	1191	1238	363	578	1278	909	159	1060	750	137	535	729	1263	577	51	132	414	689	871	1079	190	1298	1211	71	209	1029	676	116
61	920	295	1189	33	537	843	368	812	63	725	551	911	914	1334	1178	395	905	1043	785	1219	448	357	632	887	1162	679	1082	1066	213	595	29	534	779	718	241	1214	31	1270	1363	1025	786	1152	1282	1204	755	176	353	1230	820
972	160	846	456	613	1289	20	548	544	477	1084	924	1316	272	823	964	100	57	451	178	934	484	918	635	648	134	865	734	749	706	713	885	48	163	36	805	1119	1188	1046	251	546	549	1118	709	447	1269	9	372	762	267
399	1026	1095	400	796	894	937	141	916	1325	53	1044	40	1259	740	1232	1122	899	5	498	592	986	1244	618	471	1371	684	157	502	696	1313	761	780	756	58	926	390	227	836	52	1157	971	1009	1098	283	22	270	854	999	202
1324	1365	493	140	120	516	10	1070	567	880	1089	1344	1340	1304	147	90	514	1092	396	737	317	659	1291	1293	297	185	966	656	935	881	113	553	996	23	197	1222	381	1215	340	1239	732	890	603	211	391	669	127	1285	1292	526
701	932	359	1081	119	897	643	234	291	379	1106	987	529	1166	397	175	601	852	1354	778	1109	1180	463	268	672	109	151	777	198	252	82	784	1004	1274	342	335	1160	610	747	136	385	774	1279	1252	1261	1006	1199	1235	1337	313
350	735	1273	496	442	1329	879	944	1036	520	312	449	479	1034	269	524	1124	148	1151	8	6	1341	768	106	598	1229	37	470	858	133	517	1115	575	349	1022	210	1185	1172	874	459	276	169	431	883	373	389	1153	66	339	1283
440	393	738	979	869	249	1138	475	1155	824	923	347	86	906	1054	538	12	1074	872	76	862	1013	45	975	622	1171	1267	453	326	392	928	257	1131	1260	164	1350	782	1218	380	1356	1213	623	982	1248	1223	455	998	893	821	1150
139	976	541	1024	1368	634	566	1287	1134	1203	527	1174	1121	457	114	1104	1139	333	287	1361	1102	802	550	945	27	250	25	636	1014	47	1197	888	319	217	991	1321	436	863	465	85	981	736	717	204	621	582	835	522	951	807
1093	1040	189	908	525	256	834	1067	1101	232	1031	1015	1369	362	792	590	375	1099	633	192	84	321	748	1035	947	329	963	605	844	1108	15	1027	1310	791	1012	666	432	405	560	827	766	556	263	13	41	714	73	156	19	474
721	330	172	124	258	629	953	311	1100	49	753	310	571	1349	1186	450	690	507	702	1088	415	44	978	787	264	433	162	1212	480	1077	244	443	907	817	1225	829	403	912	801	746	1226	94	183	125	788	1221	382	1303	1318	56
280	616	770	299	1002	212	980	3	866	59	870	1143	687	515	580	773	562	1264	973	88	1327	117	103	421	861	1250	271	43	130	625	543	351	579	1042	165	607	760	1020	1342	60	1216	376	336	1173	1355	983	1184	685	352	18
744	563	1071	281	170	599	547	360	638	956	301	1201	1076	485	503	565	1308	473	954	1338	1256	355	34	612	1038	11	826	158	235	265	65	671	308	464	230	569	354	478	965	1348	1192	1335	847	561	1326	199	808	429	584	1129
387	716	674	24	513	650	233	627	1309	542	83	572	314	1370	952	1032	1170	776	219	693	540	1272	1265	146	637	682	1136	248	294	1065	995	288	1343	694	697	466	1142	1209	367	1330	1288	1154	1206	837	930	1295	87	882	1367	984
152	707	902	1241	752	345	1200	700	292	873	435	710	813	860	800	1237	334	407	939	1302	143	1021	154	1196	1078	664	673	108	96	1097	446	936	1317	1266	1	1307	445	1048	868	790	222	570	413	970	913	574	900	504	764	1105
573	186	338	1091	102	1333	206	325	55	733	509	631	606	112	167	657	977	428	1243	1017	187	1357	993	1063	989	678	444	461	1165	588	1347	703	848	1181	266	323	1319	533	467	469	254	1190	1254	933	532	1159	1126	35	99	1064
1149	1345	296	859	0	1028	903	668	1051	557	994	968	1253	1255	1011	101	842	79	1086	816	441	617	168	239	1144	661	1055	472	743	1030	343	491	1090	1328	510	948	406	486	184	938	194	89	730	1315	277	1052	1062	1251	554	1364
1111	221	758	200	1301	419	655	856	418	371	1158	1125	74	997	620	366	77	742	789	1005	64	884	246	1169	641	494	1175	129	811	804	985	236	228	383	649	180	1275	1141	680	1362	174	1008	220	171	624	614	1163	126	173	1299
765	298	365	196	307	1127	628	207	531	699	962	118	468	739	825	332	284	1296	378	942	974	1183	675	92	850	663	795	331	439	1094	394	398	564	426	929	910	505	1037	1284	931	1041	364	28	1305	1116	681	1220	195	300	476
1001	1072	1280	1286	369	1096	662	670	260	16	121	919	1246	1258	1058	990	722	692	430	155	1123	1145	1113	214	346	322	285	593	511	282	1358	205	91	1068	771	128	1045	438	878	600	316	95	961	1003	1147	806	309	1236	959	841
1249	1205	105	142	412	711	273	814	434	794	949	501	1053	247	1297	660	72	797	243	799	1353	1018	104	1059	640	289	337	1007	1217	585	506	490	1117	597	499	410	245	218	904	348	1069	454	115	583	306	1306	1245	302	161	1320
500	1322	1360	886	224	489	867	98	404	686	1311	177	769	586	1083	17	492	763	940	1179	1262	458	1140	1016	188	69	1137	304	1332	278	652	1331	831	1132	849	262	757	1359	1176	259	7	1120	191	216	1039	38	1049	437	775	425
193	815	122	1187	1207	408	1277	1346	715	1290	1075	1294	988	857	530	411	1351	1033	704	1231	274	67	390	219	140	21	1016	312	479	305	659	529	142	255	462	1200	877	1281	16	759	791	1021	755	361	315	1020	134	456	985	266
458	906	876	399	213	640	647	1181	975	581	345	277	606	712	1180	376	112	460	689	184	1360	1352	1285	1184	259	557	67	127	992	318	1095	102	962	466	1356	936	77	139	175	28	449	80	1090	439	1031	1033	97	1286	323	231
1104	342	822	742	909	719	1156	1235	101	43	451	45	1039	356	891	340	46	295	824	1322	868	131	701	197	56	929	39	708	324	450	920	785	1144	212	1230	1148	767	1091	941	1223	219	950	480	358	716	1266	206	826	722	582
431	892	875	1072	597	205	673	365	1123	441	462	669	1121	888	41	1133	610	87	1369	757	1273	338	344	216	543	747	24	171	317	766	433	5	325	1272	919	1014	886	976	532	215	1145	813	688	273	1342	1068	1016	577	275	497
1024	65	904	593	797	391	1034	696	35	562	291	714	159	375	147	244	116	335	1040	793	1048	144	203	1066	983	373	258	79	514	680	1151	129	363	1282	142	1338	72	1051	319	612	911	565	93	153	1224	66	1278	448	928	1150
730	135	398	1204	854	185	966	1206	1364	503	1327	1258	893	1197	795	402	905	927	973	974	953	1011	1203	59	599	32	183	53	801	1182	193	1168	655	1296	1319	1248	18	521	1293	777	915	306	1053	1262	934	1336	1359	877	8	567
809	765	990	427	930	52	994	54	202	870	790	136	170	1295	856	1131	468	999	1065	1186	96	409	528	1337	1083	574	274	235	1283	699	879	1228	1152	343	498	94	1115	490	423	1329	884	81	968	1026	1260	848	322	509	63	658
237	1225	1241	1288	559	586	955	551	223	731	627	1339	542	1347	554	282	266	1129	311	778	1160	1308	25	1198	393	584	1333	1208	292	1116	1185	553	1321	667	1106	632	1062	1324	339	1021	42	940	885	128	960	262	695	137	1173	794
1229	9	1149	1081	815	786	1098	240	120	1205	34	248	1294	1239	715	2	414	110	851	1174	71	1267	847	587	1087	83	510	1088	957	665	88	1280	635	1350	881	1089	1275	413	933	479	1268	1061	148	923	1092	1030	1041	511	748	495
201	1216	374	91	84	710	537	154	579	372	952	446	434	843	971	500	33	239	536	799	1201	386	1154	73	290	717	1353	280	883	1159	1317	195	544	99	1279	752	618	173	872	313	1086	902	442	1047	867	381	638	1075	1341	1127
426	1004	1314	692	853	1214	437	117	806	20	784	780	296	596	351	746	917	773	483	849	1233	1343	249	645	583	95	438	1170	1029	163	1307	301	1165	1097	502	675	1289	572	646	1141	75	492	424	278	157	220	337	512	1082	1222
912	445	359	1009	882	1281	662	475	666	1226	111	984	720	970	208	1128	271	796	558	11	1284	546	1193	787	890	315	443	1318	633	529	115	1191	552	485	650	743	840	299	428	729	1046	1012	980	575	465	478	774	1332	735	1269
871	1254	580	1006	967	818	1345	453	534	866	644	972	1243	1050	166	1297	1094	1135	898	641	134	455	997	1357	1067	1211	869	607	1025	1363	724	1078	679	251	55	744	199	108	1105	463	272	64	114	998	447	400	515	873	802	118
168	250	989	571	284	23	660	852	286	1017	900	378	649	181	307	1330	942	1313	419	1242	754	366	1276	616	643	725	723	456	377	429	109	1253	946	600	1358	914	949	550	1316	659	100	916	125	1291	700	810	287	172	4	1175
682	461	155	1265	1264	761	1370	107	1036	243	829	31	523	653	804	1122	687	608	861	1027	541	1008	1245	1325	1140	417	832	1070	246	823	830	1118	143	294	556	68	469	1177	1103	388	987	15	1169	995	316	1110	333	1130	1331	188
150	1365	113	152	499	385	1346	831	759	857	850	238	508	538	320	783	1335	283	1305	186	631	833	820	255	726	798	178	672	130	1236	736	703	648	951	954	524	229	621	209	979	1220	842	16	1303	191	924	1018	899	236	200
432	189	436	156	256	12	969	642	70	613	663	709	1261	491	1366	305	174	1010	1045	629	549	1290	484	1274	590	412	564	1022	404	878	702	664	1143	1057	1044	751	1132	133	639	745	210	394	897	217	903	1101	858	1231	961	604
1256	405	775	1001	1153	1056	595	1146	1348	1060	167	145	336	353	288	932	487	310	535	1232	176	652	770	281	762	705	1312	560	937	422	1259	1038	61	825	331	221	370	526	1000	470	165	569	1005	760	592	1124	146	697	6	17
494	628	657	685	395	382	149	727	913	588	459	98	598	615	37	594	1074	1227	151	361	1167	1049	959	222	1023	931	589	591	392	474	106	228	1306	330	698	1069	764	681	656	1059	1218	260	198	379	123	269	36	908	668	328
1298	531	901	29	1249	860	711	1302	918	545	92	1247	1195	180	196	691	1142	855	690	782	1292	527	444	1117	384	1271	362	713	360	769	21	158	1109	522	985	1058	86	105	896	986	811	1250	1079	504	1210	578	1163	525	177	548
585	1368	1	1155	1015	1019	1361	357	207	161	1007	1187	341	768	3	750	225	227	332	257	390	352	938	1215	254	625	841	561	1112	416	819	555	676	839	1158	49	1120	411	69	486	1200	1137	1114	622	734	1344	141	264	383	1209
252	1270	803	1351	334	948	218	285	14	1221	51	387	78	1334	1126	1071	501	397	190	489	289	661	303	121	749	1194	50	214	89	943	1064	910	1320	619	894	364	516	19	865	1304	792	947	1310	380	1157	169	476	880	481	1301
1299	808	204	506	1013	1134	1371	1237	637	1362	1190	369	407	996	62	821	772	728	1277	347	293	367	74	440	507	211	827	1161	1138	253	805	566	103	1076	530	678	22	230	263	1287	623	812	321	302	327	864	1166	602	477	1099
160	862	1244	518	0	836	626	721	1328	1202	1263	958	513	982	763	1238	834	1355	297	740	48	704	224	755	1052	686	654	771	401	1073	242	1234	1213	346	10	991	738	683	410	758	26	182	611	1020	1251	779	519	1028	247	1183
276	418	233	415	978	741	609	1136	1189	1172	1354	1080	718	993	1315	1326	781	859	1323	570	329	517	452	874	674	965	298	471	192	1035	38	482	389	1085	636	1252	788	268	1077	430	308	791	234	887	844	7	1003	488	835	300
245	671	1196	13	194	921	800	895	267	963	354	925	126	845	1043	408	1108	279	814	846	1096	179	1042	58	1102	977	1309	132	907	1199	403	1217	1240	326	617	539	1311	371	1367	464	944	605	454	533	576	119	563	1171	573	520
226	435	1188	817	1300	350	624	164	935	737	1054	40	349	816	630	1037	241	396	1179	425	140	1340	1162	261	837	922	807	420	1212	1139	312	82	693	138	406	90	707	1111	964	124	355	496	945	828	981	677	1093	85	1246	309
314	956	1119	733	348	467	706	76	1178	1032	162	756	651	694	634	1192	27	1063	1100	568	1257	753	1125	270	620	789	1107	601	614	368	473	493	457	421	232	1055	187	122	1113	889	1164	939	472	684	926	1084	776	60	44	1002
1349	1255	47	603	1147	1207	863	30	838	732	265	1219	739	304	104	57	547	988	670	505	1176	540	354	294	349	1135	1181	120	1160	191	7	1227	885	999	61	78	839	621	299	880	1114	1166	899	1159	8	1273	106	684	1048	426
1180	50	791	98	744	728	1025	522	199	480	967	820	1179	1	1030	225	1235	1283	548	835	526	953	684	107	510	500	1057	651	1164	34	1278	980	1200	1348	1335	516	737	904	948	893	209	1357	894	701	695	1189	1023	1173	336	677
282	590	977	723	207	1226	646	1008	734	339	190	692	1304	959	756	505	767	764	969	108	27	55	795	793	145	359	115	248	1134	243	532	1233	777	1312	214	1271	804	593	1253	851	788	762	746	916	1239	221	266	1100	191	293
644	343	924	1181	1270	530	827	772	1177	722	63	1218	826	1290	872	928	288	729	848	921	1282	99	198	541	985	576	1015	295	689	141	217	451	871	1128	1326	632	486	1351	92	932	400	601	128	676	406	986	745	418	363	979
147	840	604	1371	408	427	785	698	1040	1360	837	1154	629	562	250	908	1111	1082	617	459	345	497	1088	573	213	312	33	579	836	920	328	509	616	930	587	377	834	354	597	898	1079	433	278	1101	271	1288	739	466	59	469
437	18	1063	104	51	993	608	998	880	1153	158	181	956	443	702	0	371	320	382	1333	344	1241	1330	755	1300	455	1361	388	571	923	364	886	891	1143	1002	1336	144	77	709	1232	329	626	277	1183	300	69	114	519	954	735
1009	263	117	1044	680	269	628	325	829	647	719	710	774	12	1206	935	1175	391	1146	38	210	721	546	1174	946	143	139	22	463	358	887	596	726	1171	831	605	560	462	375	1142	422	507	1141	775	951	6	1199	101	852	659
988	1094	938	1091	1065	361	1120	614	620	21	1363	465	1126	907	409	1074	1317	1337	1071	159	48	805	1168	123	1121	1257	1139	428	832	915	292	943	297	1029	474	556	298	458	238	374	456	71	234	815	1248	52	867	642	578	350
230	511	1269	1327	1035	983	155	205	1160	1251	1013	635	535	1010	310	857	491	148	905	1087	564	841	854	922	35	195	24	1151	284	15	135	105	268	705	78	675	275	401	1217	957	963	440	287	751	1291	648	1356	1187	718	672
1247	187	1302	407	1184	1267	429	1273	319	438	1201	859	1095	715	1262	1319	1020	53	163	431	570	559	471	990	1274	1127	228	102	1138	1306	342	1194	1298	360	41	1170	1338	1260	1296	838	412	110	875	1240	122	324	550	442	1272	1308
176	865	341	634	411	65	394	817	260	1329	1060	506	11	152	552	1119	520	866	164	245	537	367	212	1207	882	623	807	1285	1229	592	1358	1131	1169	1112	85	1166	803	460	800	286	658	173	39	528	424	1264	934	931	699	1130
302	761	760	9	498	517	1347	28	184	241	192	1018	1343	461	508	897	100	720	543	819	1152	485	304	403	1135	824	423	393	944	1244	656	1099	130	313	1022	299	1281	133	621	613	730	355	1303	37	960	340	175	1295	976	925
227	685	16	330	523	663	351	468	577	995	808	619	1046	1078	732	1276	743	913	1243	825	945	691	2	434	66	662	1114	776	1176	206	224	855	316	478	514	1362	1051	742	1006	749	395	349	545	1245	1149	239	97	170	1048	1050
1284	447	162	630	714	259	420	109	390	606	1275	1325	759	1047	879	757	911	347	671	682	80	1311	1066	1042	524	1081	811	134	1004	352	512	724	862	704	220	917	95	1073	1156	273	353	14	665	1334	188	281	885	955	1368	311
362	501	146	1103	172	542	435	70	7	68	8	3	276	296	697	43	1076	572	874	910	111	914	869	448	850	237	1324	992	1205	873	185	40	1158	1224	903	787	1349	950	1026	257	1031	809	941	633	694	1147	74	982	1364	670
1354	1136	1230	232	584	203	270	1055	679	654	197	196	627	936	551	464	906	553	539	949	892	215	1191	303	778	790	521	256	1256	67	495	1110	258	1328	174	1254	419	768	235	847	45	631	786	818	1061	167	290	171	346	76
396	763	72	846	487	940	452	30	189	1309	1108	253	849	180	1069	89	62	1072	216	492	357	574	1289	489	183	1367	1028	575	625	527	1098	643	1297	681	975	229	1195	327	454	640	555	168	1107	262	1345	17	49	1124	322	779
204	317	926	1342	752	638	54	417	736	798	252	609	4	140	186	901	1315	416	1287	845	961	748	23	858	369	1301	1350	991	94	321	504	801	828	1045	536	599	740	711	1246	533	971	194	780	582	1075	799	218	1007	770	86
1370	823	558	436	294	211	31	1000	1059	1280	138	222	773	380	538	251	372	1058	607	1038	387	1084	1090	1070	473	563	1227	1005	1165	595	868	1286	927	883	981	586	594	472	430	839	878	208	75	970	1353	513	32	26	479	1214
962	1332	771	843	83	1237	696	753	972	1220	267	984	649	1116	223	1208	334	782	1106	136	687	131	1185	402	833	1203	929	600	581	1039	987	652	244	645	717	338	1097	1144	912	806	1077	1221	201	496	1190	1204	272	414	1331	36
884	557	151	1001	603	899	707	639	968	246	598	653	1293	1322	1202	1263	1316	44	1157	1068	1014	379	125	1236	856	1307	57	113	91	1231	415	413	306	822	895	515	1234	610	502	939	529	25	1096	120	157	381	966	909	432	518
1252	1365	655	1277	264	441	1225	747	754	690	254	1122	46	1137	784	499	490	842	166	200	585	1089	1369	713	612	283	591	449	366	1034	1299	1172	20	82	1346	1125	383	853	1219	561	1321	589	622	1323	386	153	373	712	741	318
1359	1085	467	410	255	602	1320	624	90	1133	1036	1314	219	398	766	1294	421	389	326	1155	1145	1339	1027	1159	58	503	678	1167	1162	289	242	1118	1113	307	274	1016	933	813	1215	112	1043	121	1117	331	126	1123	1062	588	860	193
150	1093	1104	56	1083	309	978	476	674	1056	540	161	481	450	657	488	733	178	1261	900	119	84	426	494	958	378	106	1033	1196	392	1064	368	404	5	477	202	890	1021	291	457	156	750	247	792	1213	1238	453	567	439	1193
154	1011	1310	727	554	236	405	1305	1053	1318	42	493	731	688	1150	769	1352	47	802	137	445	81	335	1209	664	738	1037	997	1161	877	399	165	29	93	994	1223	686	781	1198	231	1222	333	1054	1266	937	1017	483	226	19	580
1242	10	370	61	716	1344	1105	261	129	611	812	1109	1086	127	706	249	142	1129	565	73	1163	397	999	636	444	301	889	525	1197	1024	88	1032	337	124	1258	669	844	534	618	425	568	475	1355	650	700	149	64	794	952	1210
942	1212	384	1268	1092	1228	660	888	1192	1259	1052	385	861	1049	566	1188	348	1255	973	1080	583	160	797	305	947	169	919	964	1366	233	1249	661	547	708	725	615	1132	1340	1216	783	1003	1140	1341	1115	177	182	1102	13	1186	332
484	60	103	308	179	1182	116	693	796	314	549	531	965	765	365	1279	356	673	996	810	87	974	683	323	132	1211	1265	1019	821	667	265	96	544	637	376	789	918	876	816	703	814	1292	279	989	902	1250	863	1313	240	870
118	470	666	446	285	668	1041	569	1148	896	280	1178	830	1012	315	641	881	79	864	1067	482	758	771	852	1258	534	555	278	1205	831	183	157	1279	631	742	1240	599	151	1015	1124	587	773	731	137	432	921	451	1113	411	686