0,1
767	964	1671	754	904	1403	369	577	910	1042	278	1215	1475	244	1518	312	97	835	359	471	1740	418	1529	1538	857	1739	35	869	174	1341	896	879	562	730	1318	1751	1486	874	615	968	1358	1685	1699	880	1614	108	1610	414	1165	723
452	619	1721	657	1301	123	845	1074	510	784	1422	361	939	1674	1153	994	973	1662	1306	832	299	1063	1469	1193	613	69	895	217	621	37	301	738	36	130	115	27	846	1132	60	1655	1487	1702	774	1198	1242	1678	384	1587	31	1496
1259	74	348	202	941	567	366	329	573	1156	841	1062	1246	211	24	1398	1405	48	1616	616	883	267	1311	1244	1347	230	1470	64	1067	1247	1	102	383	1114	273	555	318	345	1249	1141	372	344	435	718	1658	539	1437	233	1640	1563
1558	1205	1195	1252	963	1465	1253	1117	1284	1420	863	1456	1200	1680	821	1217	707	1502	248	142	518	1572	979	512	120	417	1676	897	131	428	1532	426	803	691	403	808	339	11	1331	270	604	1203	220	470	1460	1682	1425	1321	1449	1128
936	191	1034	475	1665	734	981	1732	188	1320	729	56	1207	1126	1022	1708	1339	695	1707	1268	588	1191	507	454	763	67	491	1438	798	125	1499	1434	915	631	571	494	750	1450	1053	1411	922	1641	212	143	1002	126	1196	1701	529	1081
1599	317	637	225	1367	96	1172	1457	827	1497	34	1185	1710	1079	1346	1007	1666	87	980	1179	1654	379	667	1163	1379	440	1337	533	1297	593	1459	1144	576	601	589	524	1630	1643	958	1617	773	638	85	1649	598	800	1263	1049	1080	1162
458	1577	1648	1216	1448	449	1744	1418	649	705	930	1605	264	1410	894	203	337	481	693	1241	110	1511	1359	700	307	1176	1657	133	858	564	1525	1667	661	1690	1046	1276	976	7	1551	1197	1031	326	218	1123	1540	423	906	1138	1155	1112
689	842	109	1694	171	1611	1124	722	1392	1269	450	1524	146	1619	234	145	153	1054	1235	721	1292	949	1507	756	1151	1005	986	1523	1474	16	1498	304	1323	1586	1601	618	1656	731	75	1012	1553	1631	708	29	1555	789	392	1583	886	1515
334	654	614	916	1446	558	190	1589	984	1166	274	1441	321	375	679	697	898	720	1175	463	820	528	1582	903	1131	427	544	336	960	1000	815	367	73	1018	725	1009	39	669	1430	758	1152	866	1632	112	945	1673	1491	1158	28	1686
1727	668	1580	1309	990	1008	1221	775	413	1378	1295	118	1013	860	1481	1735	761	124	332	1086	1443	303	175	596	643	370	1717	323	1068	636	354	663	839	997	1737	935	872	833	298	1352	1439	245	1714	94	829	633	398	43	565	772
247	228	1645	854	47	1064	1342	194	68	666	1019	920	617	1414	1592	1543	887	795	537	1703	486	1090	261	1642	222	1256	942	591	794	1328	1490	1484	992	608	1330	1286	822	840	1255	33	1227	1600	1059	1423	1549	421	501	223	489	966
781	692	1646	1035	831	769	1308	899	764	78	179	1559	704	719	900	1030	121	72	483	1145	823	1302	579	799	1188	1541	612	1178	891	819	1416	1202	1495	1262	1394	744	1273	1219	970	1519	965	932	1069	1109	1748	325	1720	139	271	953
948	1531	1404	1512	1051	828	660	1517	1181	1041	445	387	742	1618	305	1201	559	3	1476	991	1085	1493	447	1672	572	685	104	363	861	1029	955	1504	1157	1712	1189	1218	805	1565	1688	703	786	532	870	855	22	164	739	1725	1415	1622
381	957	1335	151	514	461	802	1099	365	1644	172	1628	1401	229	1026	1111	1426	1319	779	80	1408	438	157	1278	186	684	1186	1190	859	1304	961	1266	177	962	1056	1377	817	1174	850	838	1260	1399	907	341	1509	1506	482	843	824	498
431	699	1171	940	300	1716	946	282	358	1307	706	52	778	1349	1638	1129	1738	467	1734	411	678	1402	924	373	20	152	1659	1695	41	1092	1353	1322	1248	811	1604	280	495	173	1148	1573	550	439	51	1544	425	999	752	224	1082	294
625	538	1076	76	890	30	204	1733	180	647	672	420	199	1272	122	496	525	1661	213	1534	1108	255	546	106	893	776	844	1548	1516	688	1595	1211	954	1212	374	6	1214	226	397	437	419	196	520	378	1365	1160	603	442	989	792
82	521	881	1122	1693	1048	951	909	500	287	335	1625	416	1014	1261	169	876	751	1711	1133	1324	1044	1669	511	788	1567	1316	793	1016	240	658	1593	1574	1055	479	987	982	1700	1232	590	1590	235	665	1231	236	399	95	284	441	809
554	1264	492	1591	155	1293	1350	477	1150	1557	505	1571	1239	101	215	748	1556	140	1137	582	1298	410	79	996	253	1626	249	1116	205	1380	393	1327	1118	88	242	1183	1584	782	349	513	1058	250	99	1057	243	1435	1473	735	1274	1003
1464	1730	611	1594	10	276	193	1651	1015	504	1290	952	116	434	1354	443	45	1025	745	526	237	385	1332	1570	1187	53	563	342	132	1251	1177	1192	682	995	1391	810	195	873	1245	1357	1282	683	1373	141	1431	508	905	1040	580	1093
816	1234	1084	147	238	1407	474	908	1679	57	285	1285	197	884	138	646	23	566	812	1436	933	1726	92	1395	712	135	1750	163	1104	1184	1281	448	1173	1427	531	687	1220	1505	1355	1668	1083	1087	1633	1598	1684	216	302	176	114	1536
484	609	429	386	315	1501	181	65	1050	277	262	292	1442	1102	1094	1115	1101	882	696	1100	871	1472	12	1634	1546	711	1463	675	1254	716	9	408	1317	628	42	1561	8	1428	1088	741	868	192	353	1689	444	1208	1334	487	569	499
49	622	1036	1061	1303	1736	548	585	912	430	545	259	807	530	1370	1348	170	702	252	911	1238	602	1709	1338	971	260	322	867	635	473	629	351	709	931	1453	83	664	457	1360	357	254	161	1351	19	1452	485	263	1650	167	295
584	549	969	100	1277	592	84	519	456	1500	768	578	547	1139	1140	293	1613	726	1466	804	1143	415	1636	770	743	1199	988	1602	1161	673	698	1363	1257	1670	993	1164	913	183	517	834	878	983	1300	568	950	1513	1568	639	184	309
198	1424	1167	1369	1747	1226	389	1575	814	159	1071	790	166	1283	1462	1329	681	610	623	1296	1455	1288	1045	1542	536	791	594	1089	460	1482	272	200	311	1052	1467	581	1023	1121	937	1017	1749	1154	836	402	1305	1120	352	1621	1597	943
1432	1333	1371	1637	1134	21	1194	1096	1663	1004	388	1535	105	1313	91	740	771	626	1560	853	156	1343	967	466	1243	1508	1223	1024	497	86	396	257	1537	849	231	462	1603	1608	1521	407	1028	1585	296	1480	1624	478	1001	503	107	765
934	377	70	1105	1326	390	424	1213	333	728	641	862	1265	1576	1142	154	1468	600	1724	1503	136	50	864	753	1385	1588	241	757	1433	98	1564	451	1609	583	1107	405	956	634	694	61	1170	400	162	59	1011	306	1027	316	759	1429
676	1070	651	119	210	509	523	1471	266	570	1562	129	279	522	81	926	888	14	469	178	947	1314	620	1723	111	677	1135	468	1461	1038	214	1581	327	160	476	1742	26	1623	1653	182	1039	25	275	1479	901	1382	1073	885	38	848
1375	1696	586	1510	382	465	343	1612	1336	1607	66	1229	338	1250	642	289	433	148	852	1325	686	227	724	149	1236	975	1125	1745	1310	605	587	1356	737	488	1396	659	1047	1386	113	1413	1579	308	1705	265	320	1389	560	1683	1209	851
63	889	144	219	1698	837	928	1629	650	58	1533	2	208	1706	599	938	251	391	1299	1372	1130	541	1528	959	1222	17	542	1691	1010	575	281	1376	1280	1113	1620	1383	187	207	165	1312	927	892	246	269	288	830	1182	1275	1060	394
701	977	297	1043	978	310	553	1291	1136	291	632	1315	1639	1660	787	918	644	714	1647	189	710	1271	5	1635	925	1169	1228	515	1384	1421	826	1340	432	453	847	362	1230	1697	127	561	209	314	1447	331	656	552	404	806	368	1225
1066	902	1412	117	493	1294	324	556	0	1033	55	1664	1127	1677	455	595	1596	717	875	319	1409	1743	1458	18	813	1400	1718	1210	1110	350	1527	46	168	674	944	340	221	1675	436	1483	1722	1514	627	998	1530	258	137	330	376	1006
1478	158	972	1204	1545	32	150	1287	777	103	347	551	540	1374	727	516	929	1037	1237	1489	206	985	1746	1566	877	1279	412	328	648	346	1451	1606	680	1741	736	607	917	1445	1494	459	1397	1072	1728	506	1652	1106	923	355	1119	446
1091	534	766	422	380	201	1381	671	128	1168	1020	401	1233	286	1522	268	90	1065	464	1361	1440	1627	1258	1390	921	1077	690	785	1267	1103	1075	1550	1362	1364	797	1539	535	914	640	713	557	818	865	747	313	749	1578	232	364	1615
185	1526	62	480	732	780	624	1547	662	746	597	1270	134	1021	655	856	1485	783	360	290	1206	1388	1687	71	4	645	44	472	762	1492	801	796	715	1159	1454	1681	1419	1729	1095	630	1488	1704	15	1417	1240	1098	1692	1731	760	606
919	406	1719	93	1554	283	825	543	1345	652	89	670	1366	653	1406	409	755	13	1477	77	1078	1715	1713	974	1224	1569	574	1146	1387	1368	54	395	239	356	1552	371	1444	502	40	490	256	1097	1032	1520	733	1180	1147	1393	1344	527
1149	1289	1178	1662	1214	188	689	390	936	499	495	1679	1066	1161	1323	1658	365	1111	237	1672	966	1165	711	410	172	929	1525	1157	1042	246	617	944	1082	791	1262	781	1004	1255	626	1195	1712	1039	1531	145	767	494	536	1228	705	1386
1288	570	146	899	1235	856	516	1497	1558	1697	1728	483	1471	1701	1065	903	1021	688	1377	1143	953	1449	1640	1681	776	867	1650	1367	801	1460	555	749	1070	816	683	1408	620	524	143	1036	22	1707	1213	155	792	1025	406	1172	1535	1374
1459	1433	1651	365	986	1080	216	632	835	346	658	1417	612	1282	761	370	814	1719	1040	885	381	553	562	1012	810	468	719	909	1610	436	1751	586	622	1236	967	1045	826	270	1495	1359	197	1532	1689	1687	1056	54	1014	1567	116	605
1557	125	205	602	764	959	1150	1303	1259	412	646	450	803	1636	1171	1424	919	1688	1353	739	873	1091	1389	1502	1069	548	378	580	881	1730	1009	876	577	998	892	1321	1243	85	1302	88	1678	1134	1168	1594	1371	611	189	929	1050	709
1119	1436	29	15	869	1165	597	1658	1617	704	982	1477	908	676	686	159	1560	1291	1478	855	795	43	147	254	339	141	543	396	1698	1525	1361	1620	185	430	1346	738	1633	842	1663	123	977	423	1486	1311	1272	1138	958	1088	1735	97
1030	1052	1442	1500	839	911	1265	1122	497	951	1294	793	518	972	809	1480	647	1368	916	1530	1104	9	488	660	58	673	368	115	1390	246	1057	970	1588	1241	1319	46	1487	1307	181	424	162	1584	1176	1383	1058	593	1190	1727	623	1283
166	603	1163	20	1330	1711	1339	103	245	890	1174	289	1000	677	722	283	1684	1323	1743	994	1714	229	1732	0	382	845	1464	1271	1440	286	1748	1447	1445	136	325	1413	300	1285	482	527	1715	202	1602	392	536	765	1228	502	294	1542
1156	595	850	260	1496	344	1296	1700	1685	824	1324	1686	639	1086	459	413	1256	1469	1409	418	514	511	712	398	1145	330	1448	1154	1503	1221	1184	894	1572	1415	633	912	1619	376	45	860	1094	924	264	321	1101	644	974	614	37	805
53	768	464	546	1534	900	705	667	503	105	107	276	142	1629	1493	773	327	95	529	227	718	1212	1490	679	1092	697	733	218	832	987	274	889	1465	1299	965	291	23	1329	884	1450	1345	379	672	609	1504	1276	1623	1007	1047	1467
1664	807	1194	1127	414	1463	1018	1634	273	1248	235	607	1111	1246	1551	1624	877	1434	893	386	206	279	1233	1173	1507	1112	1646	1528	89	1275	584	1468	117	525	789	1322	1548	130	1105	240	1004	1739	1631	1546	515	554	284	131	963	360
1443	841	645	866	121	1665	207	1279	404	433	420	700	550	960	290	470	638	1033	1079	1695	1606	1725	853	42	90	1749	1044	366	1737	1360	10	1170	727	1446	888	1479	1423	176	257	753	1300	135	1293	1656	693	233	969	1225	1089	83
1565	449	1281	897	1003	28	333	547	1066	1116	937	655	1580	619	1653	549	566	532	1198	1073	1290	484	16	1189	1625	1153	1152	474	750	222	372	133	1263	493	1710	1204	40	393	190	314	966	94	559	862	599	880	537	271	126	1095
76	1208	201	1599	690	1160	322	1162	1669	954	491	422	389	1387	837	1593	1267	194	71	714	1414	261	535	589	1451	1511	640	1110	1476	439	98	212	306	980	137	1644	80	338	852	435	600	310	767	1306	453	1386	955	373	60	1494
1077	925	57	608	1218	1559	932	630	957	74	311	581	991	192	1001	69	1060	454	304	1430	828	1744	1023	1096	1185	666	1193	1581	1452	790	1421	784	1675	797	1682	989	698	238	1251	1224	307	224	829	1217	843	223	1527	785	275	1343
1736	219	161	48	1399	1027	1673	847	1011	984	12	1238	11	1354	758	1147	708	467	1006	941	171	1332	1441	1252	711	1411	452	1363	1621	865	846	242	132	606	1222	1269	887	1598	1429	715	1239	831	1183	1671	695	1188	1203	928	1139	1242
285	1020	440	725	1569	66	762	1039	1053	1515	995	388	939	1137	475	1159	1592	854	1280	732	1049	1375	921	1249	1151	402	931	331	351	110	328	760	231	102	73	505	1470	1654	766	91	990	47	857	723	1131	618	237	590	1373	1226
774	882	1506	1397	1425	557	1333	1517	374	68	1662	707	1384	1405	129	1358	1133	24	1182	1683	1298	432	1545	1611	303	571	228	177	375	808	293	1708	615	895	772	742	463	817	631	347	394	1144	1262	883	696	621	183	498	1229	592
1614	1552	1612	1337	1308	822	744	1210	796	334	1579	277	1209	1180	1674	1114	653	213	179	1431	1042	943	99	508	1041	299	4	1395	1364	1616	443	329	1509	114	544	316	918	494	168	787	879	1157	736	726	262	1357	1326	1115	1207	1637
1120	821	1351	579	930	485	251	1029	624	1289	1426	234	1103	266	397	1370	457	1067	35	747	836	1609	152	1554	244	170	492	281	1734	961	1492	735	1391	1075	1325	364	1618	594	576	1124	1244	3	1455	1483	1547	1381	770	1747	106	538
148	551	411	204	63	341	1369	17	78	1590	1305	574	247	50	8	1158	447	950	1626	149	731	1388	1746	361	1564	1416	1261	1456	1705	337	685	1601	1603	1512	1043	1543	643	1401	164	1627	1024	1327	1273	408	1055	481	978	358	1649	1531
250	934	92	692	109	336	165	517	318	51	1641	96	510	1679	840	1315	172	175	914	1310	1205	7	898	1519	417	1	113	1117	737	780	815	309	703	139	1270	1709	298	441	1334	1167	1659	1458	39	775	448	861	752	1660	1428	477
263	988	156	409	1106	1121	59	910	1148	1141	195	1501	985	1128	1379	1268	320	243	1643	1404	1015	534	659	827	154	575	86	400	151	1600	542	1331	1090	288	806	1087	390	1745	500	1028	1540	1378	253	783	1135	489	1712	1304	1738	1398
410	349	1010	804	461	1541	706	849	823	1240	345	1676	572	1444	1046	981	1175	1575	1059	802	180	52	948	902	1438	1475	1016	1097	480	1132	756	1550	1666	1731	1576	601	757	1462	1034	252	1063	567	26	945	1516	1722	93	18	938	1596
188	25	763	1237	150	1741	1568	1216	1657	1726	1437	798	1630	1201	1192	56	1716	813	628	664	1366	383	769	278	1350	1670	1482	1072	1227	1200	407	1453	426	62	1561	144	1740	1556	1284	649	82	1362	1013	530	626	1277	479	501	391	512
872	1336	36	926	675	1466	1230	77	1562	1529	415	1199	1706	1591	100	1522	1022	1068	596	670	858	625	812	387	1544	1155	1297	585	258	509	421	301	1365	1274	1031	1521	1093	717	915	158	75	232	1474	1604	255	119	1574	634	191	1427
297	979	64	523	1318	671	55	1724	1647	308	343	754	1076	1232	21	935	779	236	1432	874	419	1457	610	942	471	499	428	469	654	405	1179	118	875	217	1667	1491	458	962	1704	565	1692	669	539	713	438	1582	1639	680	636	1292
1295	825	541	128	920	1583	564	522	138	1605	1638	651	210	1720	265	657	710	178	1017	359	1129	1126	437	1215	1347	558	326	315	1419	687	788	13	1061	72	1510	678	870	1098	1223	507	1454	896	352	401	1102	1245	1071	160	1702	975
280	1206	907	1002	187	296	1526	371	1177	741	225	799	635	1202	111	1472	1344	1573	526	1694	399	759	1266	682	650	1108	944	1187	701	1083	811	1286	1608	724	1026	1186	460	287	295	531	734	627	1348	313	1181	104	1317	1385	1563	455
1312	771	211	157	844	1514	533	324	1394	302	913	648	1723	429	833	1118	367	1234	668	1655	1435	1484	395	1632	917	1585	786	356	1352	1257	561	486	583	1597	1100	684	720	348	520	1549	1123	1481	642	656	200	256	540	403	1314	933
1713	241	1082	1064	186	1729	1038	65	1520	456	173	1032	353	1473	794	694	745	1489	317	663	1231	1718	1615	1693	1538	1403	1051	431	563	384	1048	490	871	1356	1084	1742	193	781	215	1253	1247	1571	444	79	312	1320	999	1402	1195	1439
830	1125	1499	1169	971	198	478	5	163	641	1407	1142	221	1254	369	689	1406	578	182	506	1178	38	61	1113	743	1392	292	87	552	1380	425	1622	598	1220	1420	1587	652	528	209	124	1607	819	332	167	1316	777	901	495	629	946
699	1250	820	108	1485	1668	1382	1219	1513	674	451	41	1661	940	617	1400	968	208	1211	145	556	1062	604	1505	740	476	1136	465	269	466	81	472	140	1613	335	362	1553	1589	184	226	1376	1037	616	904	863	1342	681	1717	67	730
199	1680	272	1035	1161	588	33	1008	1140	49	1328	127	1652	936	662	838	1264	560	1410	1340	927	992	248	34	19	947	305	996	1690	1313	282	1196	1422	513	101	1677	1672	702	267	569	445	2	169	1166	355	1005	1508	800	1396	385
923	748	983	323	1107	380	1648	249	27	746	319	354	377	1595	1721	504	1523	1278	239	427	1309	259	1149	755	868	1645	174	1696	573	582	1372	751	473	70	1146	134	997	1699	1258	220	1555	268	973	1488	859	848	818	1191	1635	1461
949	363	1418	1642	886	357	1301	905	342	1197	1355	922	545	1099	1260	1518	1703	6	84	691	1539	1109	721	1498	1214	340	1335	716	613	1570	416	1524	1733	851	1255	1287	1628	30	214	591	1537	956	1750	434	122	1412	1078	891	1054	568
1164	661	1341	782	442	952	1691	446	864	203	32	637	112	1081	120	31	1586	993	1338	1566	878	196	665	153	1393	14	1577	906	521	976	964	1533	487	729	350	791	778	230	1085	1536	519	462	728	1578	1019	496	1074	44	587	834
1349	1130	1388	605	374	546	310	66	1478	827	1518	1165	757	84	991	447	1411	523	555	347	767	924	692	640	239	968	149	1689	1423	353	410	1502	1220	1499	1545	18	1134	263	1308	1020	946	1732	1216	330	1115	1472	1069	1047	1204	833
657	854	288	541	481	619	1242	552	942	1594	523	333	959	1514	603	420	1657	1685	166	756	616	1442	174	987	1639	1392	855	104	1469	297	1204	1542	843	97	480	1113	347	78	353	259	1656	532	366	1455	1286	1470	378	827	907	100
1624	767	1038	389	915	653	77	202	1315	29	1216	148	727	613	606	811	128	954	1747	16	1198	1138	1408	1654	1306	246	623	551	66	637	779	625	1559	949	712	1727	1745	1619	1068	1262	645	136	1285	1075	464	1372	713	1025	1101	1610
1070	617	1475	615	946	669	1693	1410	1052	1004	143	639	655	1378	342	544	1704	584	1441	1016	782	1732	397	1516	956	229	1587	1022	778	721	1163	1225	1302	1440	273	640	1668	1737	997	1001	952	1383	355	671	576	1417	1676	1503	680	529
1275	717	1558	1352	1071	1246	1510	335	984	349	1437	702	884	696	1421	940	1686	1368	986	1504	913	1645	604	1058	1217	935	799	711	86	837	519	507	1043	583	193	873	438	592	910	898	437	1130	1089	286	368	76	245	235	515	31
302	950	785	39	1489	769	477	1010	1535	1083	1203	938	1350	1104	324	276	1450	1003	558	1681	632	1277	1224	470	303	788	572	1247	125	1091	499	1149	1029	1627	953	1751	1344	332	1094	652	106	63	1521	201	622	748	1583	442	705	1428
1722	568	112	33	810	955	274	1193	1162	1427	178	87	35	270	607	158	1466	54	719	1520	1364	974	224	1647	1135	838	408	1477	1388	546	160	1584	95	1480	1002	1090	362	900	211	327	1116	701	918	1229	1532	575	530	1655	71	388
518	1708	1076	1260	1218	1249	115	1474	620	722	1154	738	920	391	1230	734	390	1649	1746	1467	116	818	1586	1295	84	1166	1589	1422	875	1214	296	914	745	1127	1279	599	1448	91	780	421	591	1369	567	321	1238	847	1486	533	140	47
196	1208	19	1056	1074	354	829	1433	1554	1121	755	1308	871	693	1729	656	1008	314	1672	1499	587	65	627	600	934	1595	1390	716	1107	980	1391	684	753	1339	53	490	1460	1160	412	896	610	527	1087	272	176	1709	687	1696	1662	191
1502	1307	747	81	548	579	921	121	1476	1689	578	18	982	1165	1515	1036	4	329	1459	605	377	1574	482	226	1546	439	1199	159	631	181	1490	505	589	695	998	1051	1108	678	1274	1367	1660	1700	683	593	462	943	422	1578	1618	1463
1500	200	1636	1736	858	124	11	588	1575	20	545	1331	1040	715	1491	1167	232	44	1622	496	1702	1625	257	1601	436	729	1734	419	237	258	828	807	1573	1327	723	1572	1405	117	886	418	216	977	283	369	661	1612	1140	1360	293	337
749	901	234	539	1599	936	1064	222	501	825	1680	24	1125	113	710	1314	1525	167	122	151	1357	1326	360	208	521	190	1509	1471	187	1661	1644	1675	114	766	1653	25	618	691	1403	1419	1635	1170	1044	1495	228	130	1505	1136	61	905
49	307	493	1313	475	1468	1543	1473	1041	1151	1733	147	1248	1472	306	396	2	860	859	152	1033	881	1567	239	1588	975	685	1017	9	256	937	1522	516	326	659	761	1172	1609	520	26	856	96	1065	1332	1034	265	15	862	741	524
562	1462	865	1566	262	118	70	373	1688	919	595	770	1725	498	1014	730	1728	459	1651	98	21	407	123	1425	413	781	1447	1106	37	1047	1072	665	586	1395	1617	1309	119	744	750	352	1215	278	36	1374	280	1664	169	1366	1349	621
358	1	173	1544	1602	1665	1361	213	765	1682	189	318	85	139	833	1192	183	1434	550	981	1240	484	928	526	145	429	330	1377	522	948	762	1406	1393	692	922	874	1608	1363	194	776	295	563	968	1194	673	916	448	1673	367	511
815	1311	32	888	841	269	577	426	904	1079	375	1150	489	1015	967	1142	893	322	1735	1719	233	985	1236	775	357	880	1281	793	1316	1690	1232	1119	1239	42	1456	845	1255	380	663	1329	1555	1045	285	214	478	1342	1132	444	885	802
809	531	495	642	787	844	171	1195	1179	689	341	60	51	1507	686	1404	1158	742	218	1415	244	1570	22	1615	958	988	706	133	1114	812	1506	361	1565	292	676	1537	1028	821	1100	1373	794	110	155	487	1616	1453	1006	1717	1411	58
172	48	1346	1479	764	931	1067	798	275	933	392	737	601	1184	805	1096	760	1730	883	1340	1187	1200	1540	814	1099	1143	1526	699	500	75	1552	1548	1529	343	319	1109	455	212	203	1128	624	1088	248	1718	1621	569	466	752	638	370
708	1400	1270	365	186	41	38	646	135	1669	675	433	1547	1384	1560	1261	1396	338	1243	537	823	703	1347	1133	743	336	731	127	494	1271	674	889	1283	427	1630	1297	945	1579	970	1061	1359	1674	142	227	323	1082	864	808	471	1454
602	400	467	899	215	461	1692	912	351	1706	74	7	157	1310	909	491	503	1153	1175	1174	758	291	857	1144	508	452	1409	879	1585	50	1445	1492	348	993	570	56	129	512	868	662	1716	969	1219	549	1102	1191	431	1607	649	1420
1423	255	1714	1379	1018	1312	740	1536	371	1513	1273	443	243	1637	768	728	92	976	479	1508	1012	1527	334	1631	261	1381	960	1738	1081	132	1429	1085	754	1209	1703	1328	1538	700	364	1152	428	150	416	861	732	559	724	1290	1026	1093
1207	1252	1098	941	209	660	1348	1282	1576	1356	1478	1743	694	1638	474	62	923	131	771	832	1633	67	720	385	1066	1593	30	1603	399	1186	162	681	446	161	1115	1721	1206	206	902	109	538	1118	1320	641	1298	453	1264	1032	1336	264
1620	1053	836	989	504	52	528	250	328	83	853	718	1092	1303	1571	1330	1659	596	1598	1401	411	947	1353	870	1035	381	46	198	1120	1524	105	1235	1481	556	263	144	103	612	1161	331	425	897	204	210	1233	1484	1449	72	773	926
1562	1345	1080	1679	1748	1458	146	1643	1256	917	1020	819	231	1212	1563	165	772	536	866	0	1591	991	1223	1062	1284	668	79	310	1341	882	401	725	925	1623	1658	878	1334	247	108	465	1426	320	598	299	356	1333	1671	677	1213	1059
965	1317	43	1181	472	835	1171	137	1699	979	1145	6	8	784	1666	894	1435	1694	486	795	1461	386	1545	1210	774	463	1485	441	892	1337	1148	509	249	1325	972	542	1157	432	182	1642	1498	1055	929	346	580	1288	1069	73	395	394
1060	1251	316	405	670	1054	284	1596	312	1139	1354	398	1517	791	733	1292	1253	1304	1254	927	308	1057	1564	826	961	1301	1697	1050	831	1577	1457	188	707	983	851	597	630	94	800	1407	1399	804	1650	1375	1294	384	565	294	99	1465
345	1289	939	311	990	1023	23	803	1124	614	1365	1319	1629	34	636	824	962	57	1146	1222	1698	315	1265	230	951	456	1221	1483	225	1030	1276	1413	736	1387	1695	1111	90	817	197	1553	1412	1159	45	777	932	840	1432	1712	555	1011
382	28	1402	1137	1013	783	1156	1568	543	1628	1701	1580	1155	1245	1670	726	867	930	1272	1141	1027	111	1626	647	850	502	704	1551	635	304	658	1592	154	1305	891	1005	271	350	1268	1569	1431	1487	1205	978	1482	1512	963	1169	179	13
435	457	1749	973	629	806	1519	1604	1493	325	698	473	1557	254	709	305	410	251	445	430	266	1362	1533	887	1173	1231	739	192	1077	547	1726	513	590	12	813	1267	1335	177	1710	363	1451	1178	514	185	1678	594	393	1496	688	281
82	1556	240	1414	1324	1351	848	1134	1049	1296	374	205	1269	1358	1197	1541	1667	890	282	1042	217	1021	1318	786	80	93	469	1715	510	164	1452	1123	1641	1188	822	797	126	633	1371	863	651	1380	1046	1103	582	1720	644	1549	574	1713
839	1244	1266	1293	253	1634	1511	1182	1739	1168	1550	608	1663	403	1750	10	1258	344	447	340	298	1007	1019	763	634	1228	751	846	996	1488	424	1597	650	359	792	313	17	1300	1397	107	561	1073	697	1539	372	585	1147	1600	1742	1590
449	609	3	564	560	1280	1000	1523	682	999	14	1190	1724	483	1370	1376	223	221	27	1424	1241	1394	1189	287	1740	842	1259	1084	1731	402	872	554	816	1705	611	180	301	1464	383	690	796	414	476	1338	1129	1606	387	1226	141	1180
1389	339	1418	1177	1086	134	101	460	1299	1430	1677	1741	309	175	1534	195	238	40	1176	666	1648	55	1582	895	1398	88	488	1323	497	566	184	735	1183	1744	679	1355	540	908	789	1497	876	1531	571	1614	440	1211	1439	746	236	1640
220	648	1321	924	553	5	1037	199	260	1263	156	242	1436	458	643	1237	120	1110	149	207	971	1196	168	406	995	1416	667	535	138	957	1227	759	906	1122	1343	1201	654	1723	317	1278	1494	1287	1039	1164	992	1131	581	454	820	664
849	290	1063	557	1009	485	1438	468	163	852	1031	534	757	1117	1711	525	964	417	1382	672	801	830	59	450	1105	1386	1291	252	790	1234	415	1443	1611	68	1687	1613	1220	241	1707	492	944	1257	573	268	1048	1250	869	277	170	64
1528	1126	628	1444	267	1684	409	404	1632	1605	1385	1518	1078	379	219	89	1322	1024	1446	153	1095	1185	903	911	1683	1112	506	434	626	1530	1501	279	376	300	1097	102	966	1581	451	423	1652	1202	994	289	834	877	69	1561	1691	1646
714	517	1677	265	1074	739	175	204	46	1417	907	710	1206	152	103	1218	1001	827	919	1688	1178	606	861	1620	809	1456	723	411	605	396	1509	542	725	70	1359	124	253	1514	1355	902	1575	1383	706	1415	1546	660	1200	1331	1444	565
912	827	328	1673	1411	1169	1684	1629	1542	1430	245	1481	1506	1689	196	1551	805	1676	1007	324	832	230	1239	633	131	780	1216	30	971	262	1539	406	1145	848	542	152	1168	1467	446	1191	1685	82	179	203	1073	302	1686	677	1658	733
521	724	362	1204	174	568	1550	1227	264	1253	873	1236	830	528	386	22	473	1380	1477	464	358	1360	1237	643	742	597	795	1561	1156	569	1617	340	1420	474	690	1061	460	751	27	240	89	349	1244	1502	1317	1091	346	897	843	1554
975	1357	479	290	800	1582	1001	1449	175	1525	327	1214	719	198	561	1187	209	1421	851	1591	63	1134	1666	1338	1642	1021	0	714	1645	1466	1259	360	412	444	982	1709	555	1006	1463	786	522	711	1462	535	860	1327	52	1200	762	1159
126	1644	1238	232	588	380	1320	481	364	616	1012	557	965	807	844	1304	495	402	1478	110	1155	104	1285	379	1710	1390	1665	478	19	1401	794	820	1638	862	748	499	801	94	1313	876	890	598	1111	1652	1626	1245	1084	482	1374	1394
429	716	935	582	501	612	1612	1575	1074	792	1746	1324	874	1738	392	878	47	1439	1563	29	1054	1211	681	1527	398	1601	1082	1451	1404	1412	543	477	749	1693	297	1407	950	1516	102	647	249	933	235	50	1223	584	995	678	1386	165
285	1047	166	417	1508	1104	1366	978	1064	665	1288	523	1264	834	1333	1716	1268	1740	1526	463	1066	1229	1150	1635	1743	875	433	178	1286	562	1339	310	1254	132	1078	1181	668	1347	605	1732	913	909	140	1348	576	1479	777	753	1030	172
1093	947	108	370	1698	1513	220	397	1298	1705	721	951	445	1529	1133	383	373	1729	551	87	1297	1727	964	1058	160	121	653	1605	1501	1433	1578	1447	145	530	375	841	765	1428	864	599	997	18	1201	1015	319	1343	351	469	410	1188
158	1184	1483	1618	1536	712	1429	67	1171	471	693	188	136	538	431	1597	246	1530	157	1517	1639	430	1379	833	1199	486	1105	1038	727	940	1295	658	710	571	1087	51	1032	1004	237	1102	536	304	426	610	706	1573	1222	783	1726	1302
250	934	421	141	853	1533	260	1088	1136	1648	1000	1431	988	1471	1334	1706	368	1131	43	216	887	1013	193	1544	1057	797	1677	992	1672	809	399	442	277	1692	787	117	1251	334	1669	458	776	441	287	781	1209	1018	1138	1596	544	306
921	374	1414	682	1103	1270	534	1060	436	266	731	903	1385	1452	111	1454	1469	736	507	488	1370	1608	1075	985	1144	967	577	1592	224	1660	146	601	98	1450	560	1437	1556	1052	1166	590	614	289	720	1622	409	1662	330	1070	554	989
387	622	1493	1354	1730	55	120	508	470	1044	59	1749	888	1523	147	518	785	1594	1543	1128	804	1113	1742	354	384	1158	1723	960	181	1719	902	1576	702	83	1661	1559	284	1655	62	854	1274	1505	866	1720	634	135	708	1151	1491	88
434	401	1737	1415	1341	1372	1062	1101	345	1273	186	1071	177	1232	105	489	838	1741	1537	872	1448	1321	1458	968	416	38	1106	1715	1118	510	1046	1680	114	405	788	1217	331	1546	1193	72	869	1276	1162	257	763	218	1495	320	1319	248
1512	639	850	1079	130	494	930	1271	525	255	1406	636	1520	826	1310	1524	972	541	212	1436	1263	942	980	1037	744	96	1496	223	437	1656	1261	689	123	1735	1	90	1736	558	1041	822	173	549	1221	382	931	1589	1299	583	312	492
1130	1507	1377	1314	1349	45	1456	1558	390	231	1289	1028	1045	1122	75	631	1610	211	1096	1583	440	1564	1140	279	31	1531	1308	784	726	1027	54	427	1180	991	229	425	739	222	1521	1123	1511	993	450	825	1602	697	208	348	1275	1739
1368	1699	511	122	899	513	858	1267	552	556	533	1646	945	309	1252	1532	449	1099	1330	602	723	937	1659	199	1213	180	1042	103	679	99	846	669	1438	671	1460	278	661	80	981	701	456	895	896	1545	1212	637	1410	1002	333	840
959	1683	759	128	857	3	531	268	176	483	1567	1395	796	600	292	46	1203	1389	774	1362	1734	884	325	1328	35	948	695	922	1465	815	389	1595	484	1009	650	814	1194	293	691	1712	376	381	620	623	353	585	674	870	1243	413
1231	649	1294	1094	627	778	307	71	891	1615	1356	69	1147	586	1369	276	200	823	1098	133	58	1443	1548	1731	939	1375	1107	1514	835	713	1195	1509	1391	1129	894	109	318	791	1667	750	957	1010	1056	106	134	1127	1427	1670	944	1255
7	707	215	197	741	192	428	1152	316	311	1566	1599	10	407	757	1256	241	1600	1555	1351	491	628	760	952	1230	1364	85	1651	168	943	606	773	344	452	607	1413	958	332	1165	1631	170	189	1687	1135	1120	336	1246	1528	1422	928
1278	107	819	313	39	923	190	1025	142	1696	252	1257	856	641	566	167	475	286	662	574	76	630	355	234	779	206	1287	955	1553	78	1671	1069	448	816	640	589	1164	1695	298	305	842	339	1190	806	226	1614	953	1242	849	210
1005	859	516	9	357	1067	882	1048	1141	673	963	1674	1426	1708	100	144	1504	705	101	1688	595	68	461	64	308	1003	217	148	48	341	502	1210	1247	1065	1279	1301	1219	1494	377	1397	729	1416	1350	828	1178	127	764	1637	1332	1724
1226	692	1323	233	36	1124	79	999	1540	656	350	898	1353	1604	1016	1284	184	150	81	734	629	871	1569	24	335	213	745	918	1215	1432	1340	371	572	1568	20	1518	1486	169	455	747	863	143	1619	338	1574	125	1249	1399	1326	1490
91	672	1747	315	1063	323	1581	485	1008	1744	817	1153	343	1400	1702	986	660	162	1306	790	1624	798	685	1174	1547	503	974	755	1132	86	564	1081	1137	1266	900	1623	77	1476	625	1125	400	983	824	563	735	946	886	915	1358	892
770	493	1051	1108	532	1632	372	1329	1446	56	592	243	1114	603	1139	1077	1110	1461	924	670	837	42	1043	1482	139	914	61	962	865	182	810	457	258	13	342	977	1269	1117	1697	97	66	1392	1020	275	1418	1383	1205	1703	295	1121
998	570	490	321	1197	966	500	201	391	808	411	1072	1510	732	1036	451	326	644	1024	1142	746	1189	53	655	802	545	537	1488	1435	1233	845	1234	515	1307	244	657	1175	115	596	23	1185	459	225	904	1653	367	1445	1663	1119	976
1033	359	467	1557	1228	388	1402	1722	34	1100	632	1634	40	651	435	1679	1560	1034	420	1381	25	1691	247	1538	1552	635	408	1157	615	1440	1587	529	129	254	1170	1472	1031	938	1675	954	1315	626	738	728	8	613	291	270	1248	161
1280	1198	149	758	743	973	680	1365	1316	314	648	1040	487	294	1453	92	137	256	95	1258	1176	253	1468	1076	654	877	1751	575	754	1149	652	906	1570	722	1388	273	868	1497	1260	1196	423	272	1718	1487	49	514	608	709	1225	418
1173	465	1484	941	1083	17	282	718	1503	1607	1650	261	573	1654	228	238	11	956	730	1571	1745	476	1613	1359	979	717	1700	1277	1519	761	1584	1312	1713	1296	520	12	1116	905	263	1717	1384	527	812	472	581	1733	767	1499	1109	578
580	1126	1455	1424	347	356	1023	704	1029	496	1500	414	267	517	21	404	1148	1207	772	301	1405	303	236	684	565	1474	936	737	1492	1620	159	74	567	925	1300	1423	990	65	546	280	645	829	1707	1309	283	163	687	1593	1621	752
659	885	698	462	183	447	1059	1097	1039	1387	1668	296	1470	1305	422	288	676	73	1355	799	831	1616	424	151	694	1206	1459	60	1590	57	194	961	1640	766	396	756	540	1409	2	70	395	14	1183	1161	593	118	505	155	153	1585
908	847	987	1241	609	1318	1485	195	204	879	1035	1346	1678	1572	116	44	239	498	509	839	1019	361	1442	663	1382	506	1633	1068	1290	26	1022	119	1541	1050	1598	1208	696	1367	1627	793	1291	1750	124	1562	996	617	393	251	1345	466
1293	667	1235	1694	1055	642	1588	1498	1393	164	512	1283	604	1408	1154	1080	700	1026	1464	1292	1220	1701	703	363	265	683	5	1115	1179	269	686	818	84	259	1336	1095	1473	33	1489	1282	1049	688	1535	926	591	207	675	1172	1534	274
366	28	1192	1398	646	852	1218	524	1630	803	911	880	1090	191	369	1378	443	1311	365	1748	432	1017	1014	949	1457	1434	378	1335	881	1325	113	1609	41	1641	789	468	1711	317	187	438	768	1396	37	202	1146	1515	1352	385	901	1160
539	929	322	1681	221	439	666	1186	917	1182	1337	1342	1143	1089	907	1441	32	415	782	1721	154	1636	550	1011	112	547	1580	1303	619	1371	553	969	740	910	1240	1579	920	1086	453	994	813	970	861	811	1265	1202	624	855	1092	1344
715	1725	1085	867	337	156	1272	1682	419	579	1586	171	821	1728	611	504	1419	775	587	664	638	1444	1281	1331	219	1250	526	403	1363	352	621	893	1690	6	497	1704	1373	1647	394	1376	883	769	1643	919	1625	1606	1425	1480	916	559
1167	1603	138	984	299	519	1475	185	548	618	93	329	480	1565	1112	1361	1177	300	699	1549	1403	725	227	454	932	1611	1417	927	1224	271	1577	205	1649	242	15	1628	836	1163	889	1053	214	1664	4	1322	1714	1262	594	771	1657	16
281	1522	546	593	1617	891	678	669	76	1344	374	75	1244	761	490	1729	639	1492	1142	1169	1636	929	705	368	606	719	1547	1611	1406	1540	1053	1033	563	982	335	1159	666	1521	1481	1705	142	1382	1157	1277	1706	510	1067	848	806	1300
1733	827	132	889	396	21	626	451	107	924	1629	786	838	1070	1316	1508	1370	1203	1174	584	1522	1318	1033	1738	1310	544	1099	290	1416	1605	1516	413	1181	519	514	1436	453	1551	1146	857	390	912	1385	370	1656	1164	746	598	407	589
700	267	1399	864	1184	1515	488	1632	1056	42	558	1352	1586	386	785	1597	713	336	1376	1430	1185	852	759	1714	108	874	770	636	1162	664	152	1665	1701	358	31	305	729	1324	875	609	1580	755	1175	883	1411	666	271	1630	1240	881
1705	334	1102	1590	1013	981	1425	642	684	315	1538	509	1698	328	545	1408	635	1693	1103	427	529	685	1301	341	573	738	435	1309	1545	1105	345	1087	182	422	768	199	1725	26	1423	32	1450	1135	571	819	70	1555	1344	80	1193	2
400	1129	1012	720	123	340	952	363	1091	547	1490	592	726	391	576	724	1695	976	745	1121	158	1565	25	53	1608	379	1029	1177	324	145	580	353	433	1108	1273	1115	1633	52	582	978	839	1151	1313	256	1159	111	1374	261	1359	1719
1261	1512	409	1010	153	1323	1093	1535	845	1391	830	1700	1155	1499	677	1065	608	1002	980	1661	965	744	54	899	671	1390	1419	478	1165	599	860	1681	185	1228	131	1550	941	303	1604	223	947	317	659	1238	203	792	1214	934	1063	1441
130	1209	1060	822	630	1219	657	181	240	1315	1726	93	648	872	1357	1622	411	1479	1483	1272	701	1533	596	647	270	748	736	1462	43	81	1308	452	708	935	898	1044	1739	286	1707	157	690	1322	921	13	777	14	705	615	749	824
1579	591	253	937	526	1201	1375	706	1258	487	762	654	1064	1575	1139	473	1092	275	1398	894	812	1677	1523	1089	311	1498	176	301	138	969	750	1631	446	1190	36	60	1149	361	68	401	702	150	1594	1160	1514	999	552	1751	751	1686
356	979	1641	1006	1547	549	957	237	1687	986	1257	1497	163	448	1568	1731	1270	553	30	471	295	1153	1421	1101	725	1327	834	229	144	869	456	1130	1204	862	1461	1708	1722	493	504	665	601	78	481	351	231	802	1298	279	696	793
297	1216	1281	90	39	166	1282	326	1639	1074	734	318	495	1447	1679	1076	149	656	939	1592	718	1307	1078	320	581	987	966	23	1296	208	1465	162	1229	1485	760	255	1199	781	1317	1602	1294	217	877	1019	1321	835	516	761	428	704
1694	215	179	1088	1320	992	1491	518	766	498	1366	227	1031	1050	712	1000	853	1213	388	381	1221	551	1196	1472	798	735	1277	201	843	281	1200	368	1233	424	1143	567	754	1207	1588	1438	946	958	1460	160	97	1279	1048	717	1036	293
1090	536	1434	1347	1379	1286	866	242	1218	1032	578	258	187	1373	846	512	885	1543	555	1504	1553	159	895	1407	891	851	1571	20	1487	46	1299	377	1648	882	460	1225	1163	477	1335	972	299	238	50	421	691	930	88	1264	667	695
62	1242	915	1384	1180	287	502	1263	1232	1712	817	953	858	1636	1635	1507	556	833	865	1432	727	225	1188	76	4	1183	1326	1584	916	12	780	445	888	1110	226	840	1255	1749	241	900	75	327	482	1254	1589	1562	423	1526	643	110
577	357	546	523	325	909	49	1393	1554	1144	1274	925	1413	248	562	1563	807	719	192	1445	1361	1291	1081	1035	1341	484	135	689	1020	774	1325	991	1552	778	291	1098	610	893	1627	1057	1653	737	503	483	594	1046	274	1054	137	5
139	51	996	1009	190	1674	1095	71	209	1662	905	417	116	374	61	333	1559	384	1433	288	399	33	1426	658	395	604	779	344	1158	63	213	964	890	1133	1541	805	1256	651	1038	414	1616	1566	1676	787	603	521	47	1395	1080	1292
29	280	355	1644	632	1106	1505	1241	1351	543	58	1660	863	679	1439	73	402	688	820	154	1004	672	613	1529	522	432	416	1356	1386	420	1340	783	728	837	1360	595	1511	272	1314	100	57	1624	178	1237	197	219	1748	1061	134	1022
165	408	945	48	1509	548	212	1042	855	251	926	1646	232	447	1283	568	9	372	960	810	1168	1601	497	528	141	1577	525	1710	880	1443	40	954	1517	1582	1446	1172	975	1202	462	534	1478	34	1546	67	1603	669	1382	984	756	950
1593	570	801	1476	1134	1531	1492	1047	1618	1489	283	22	782	170	202	1709	211	140	120	871	10	956	1226	508	367	1732	1682	147	602	1667	1649	405	829	1727	1663	809	1265	1066	1617	113	127	387	535	709	1248	1392	1302	1305	1690	1234
1017	1496	818	639	1664	1342	1336	1675	359	119	86	234	803	676	1591	1104	1503	397	673	764	175	1014	1333	1034	653	982	1711	1152	1428	1518	565	918	463	268	1671	1444	927	109	772	1643	539	828	836	151	1556	198	252	1420	82	611
1156	102	1620	342	335	537	1640	973	515	1026	1128	136	385	1148	983	1389	1609	1619	1252	206	605	1540	682	1585	951	693	313	350	1212	683	1138	1167	906	998	645	496	442	920	922	1716	559	265	1372	1469	1332	520	1380	312	1750	1355
449	479	1330	269	524	1268	148	1482	8	6	1442	1637	1082	732	189	106	587	1464	1578	37	470	380	646	796	133	517	1437	1454	808	575	349	1287	741	210	83	911	1251	791	870	250	1680	887	459	276	169	917	644	431	1077	1227
373	631	618	1288	389	1486	66	716	339	1650	1109	440	1300	619	393	1544	560	1365	1354	249	1670	1339	1085	475	1729	1186	146	347	233	1024	1086	538	1527	1435	1740	1683	767	1015	112	45	114	622	740	392	733	1259	914	257	634	1539
1387	164	901	1466	627	623	1614	1440	1570	455	1235	117	1142	541	1623	1250	955	566	784	527	1124	944	457	172	876	907	1666	943	873	415	550	27	723	1742	1071	1537	821	319	1481	436	1215	465	1131	85	1471	204	698	621	1358	1027
1337	1253	1371	731	1111	1260	362	590	375	633	84	896	321	1043	308	329	928	15	94	606	1208	263	747	1525	41	1456	714	1097	156	19	474	721	932	330	124	629	1278	1418	1073	753	310	1745	450	1280	507	44	1396	1161	264	971
823	832	480	244	443	1668	1573	1191	844	897	403	1350	1493	1118	183	125	788	923	382	892	56	616	338	3	59	847	967	1473	687	773	1363	1303	1549	1112	1455	103	1703	1484	861	1067	1561	625	579	1338	1189	607	1735	1084	376	1510
1628	1369	854	352	908	18	563	1377	1194	995	913	360	638	186	1192	485	879	1688	1613	1558	1400	612	11	826	1182	235	65	464	230	569	1023	354	1285	1744	1645	561	55	1223	429	674	24	513	650	1689	542	1107	572	314	1542	902
1328	1388	776	1243	540	1634	1170	637	1463	294	1125	1304	1736	694	1021	697	466	1244	1040	1717	1737	1488	963	87	1329	1	1730	707	1119	752	1306	292	710	813	800	1587	1381	143	1178	1448	1724	96	1166	936	1699	1415	1457	1025	1122	1536
868	790	222	970	574	1346	1210	1569	1126	1459	1230	1079	1136	167	977	1211	993	1367	989	678	444	1401	1206	461	1692	588	1743	703	848	1519	266	323	1410	533	467	469	254	1528	1702	933	532	1495	1452	1100	35	99	1368	1362	1197	1353
1247	1741	296	859	0	1312	1028	903	1195	668	1051	557	1114	994	968	1747	1269	1612	1011	101	842	79	1150	1402	816	441	1271	617	168	239	1474	661	1169	1055	1319	1348	472	1275	743	1030	343	1220	491	1173	1154	1697	1734	1713	510	1157
948	1297	406	486	184	938	194	89	730	1696	277	1284	1052	1266	1062	1548	554	530	1431	221	758	200	1467	419	655	856	418	1405	371	1494	1424	1451	74	1397	997	620	1403	366	77	742	789	1005	64	1412	884	1720	246	1267	1506	1289
641	494	1513	129	811	1141	804	985	236	228	383	649	180	1638	1564	680	988	174	1404	1276	1008	220	1414	171	624	614	1721	1343	126	173	1621	765	298	1364	1198	365	196	1224	307	1658	1127	628	207	1171	531	699	962	1231	118	468
739	825	332	284	1598	378	942	974	1521	675	92	850	1718	663	795	331	439	1094	394	398	564	426	929	910	505	1037	1652	931	1041	364	28	1642	1684	1222	1116	681	1567	195	300	1458	476	1607	1001	1072	1239	1647	1655	369	1096	662
670	260	1576	16	121	919	1600	1678	1058	990	722	1394	1246	692	1470	430	155	1123	1145	1113	214	346	1417	322	285	593	1468	511	282	715	1599	205	91	1068	771	128	1045	438	1429	878	600	1345	316	95	1501	961	1003	1147	806	1295
309	1236	1606	959	841	1249	1422	1205	1651	105	142	412	711	273	814	434	794	1311	949	501	1626	1053	247	1574	1475	1672	1557	660	72	797	243	799	1187	1018	104	1409	1059	640	289	337	1007	1596	1520	1534	1217	1746	585	506	490	1117
597	1728	499	410	1349	245	218	1524	1293	904	348	1657	1069	454	115	583	306	1685	1625	1477	1583	1245	302	1334	161	1704	500	1706	1615	1075	1673	886	224	1383	489	867	1427	98	404	686	1691	177	1502	769	586	1083	17	1406	492	763
940	1179	1611	1378	1262	458	1140	1016	1532	188	69	1137	304	1723	1449	1610	278	652	1669	1480	1331	1500	1581	831	1132	849	262	757	1290	1453	1176	259	7	1595	1120	191	216	1659	1560	1654	1039	38	1049	437	775	425	1530	1715	193	1572
815	122	765	1241	197	1502	585	982	815	734	398	1028	1594	927	1083	1125	120	1561	181	582	1368	1547	692	375	991	1512	1201	589	718	167	1405	1589	1576	59	165	1076	1435	1123	16	448	63	748	1064	1470	1284	1191	1524	238	386	1255
354	285	342	1583	1061	43	1733	1391	639	61	1156	1428	427	317	456	1301	801	1336	1505	1043	495	241	1072	1706	1384	577	899	540	690	367	408	160	1344	198	555	157	271	80	824	1477	766	108	1678	603	1213	1065	1503	16	79	1183
159	1127	275	925	1116	441	1522	578	1133	1521	1315	1386	152	450	1534	734	1169	425	933	1056	662	655	1175	989	605	1317	802	1005	1452	717	1029	28	1536	1410	187	906	622	1262	1062	1107	991	1219	353	1011	1218	1445	1093	1492	591	1362
40	233	125	1074	336	200	443	189	12	750	531	760	897	1195	598	196	1039	920	1050	528	1589	59	365	965	258	1210	474	735	102	1285	490	1658	527	1118	18	869	593	1591	1585	1159	1478	1457	954	1113	148	331	186	1059	1028	1308
1112	1241	375	637	2	1569	994	768	1705	597	557	609	1140	1333	1661	1458	131	708	1146	455	245	1427	819	1686	1363	976	1382	3	1153	787	67	880	556	1613	1635	1745	475	1042	882	1684	1748	1482	165	842	587	1549	328	1623	136	23
815	1081	1455	1555	1737	1502	1221	985	1166	1380	516	183	1355	635	289	1109	431	1515	1080	887	1406	1282	1258	588	1513	574	486	433	221	307	269	7	6	500	694	250	783	955	938	545	726	789	1320	859	278	1667	267	249	1474	333
984	849	126	203	712	1111	420	733	1716	230	1729	1314	227	205	268	394	77	1566	149	75	943	1008	831	1746	1440	128	1019	153	1483	1004	582	197	1662	257	1703	60	520	959	872	572	1089	1422	436	346	858	256	1673	1426	534	1552
335	1144	119	147	970	714	440	1340	1126	415	876	266	807	1392	207	1279	0	552	178	999	736	931	988	461	322	1198	879	1252	1027	740	217	518	853	482	1556	1232	723	1671	1704	259	313	314	1578	1611	788	1616	1651	1532	65	42
294	1538	1091	1654	451	1408	434	392	324	715	1352	1720	1517	1291	32	568	1573	393	810	523	387	270	1656	1743	1186	835	660	1045	1550	926	910	1337	487	64	226	104	856	1476	1330	1626	946	1223	1100	862	923	563	211	161	997	41
1250	213	1576	332	1269	338	209	745	1303	826	405	795	874	254	510	584	1190	1349	941	868	1075	1342	1575	682	1203	1593	663	376	1366	1657	462	919	542	231	1751	1356	509	151	409	1226	138	1129	212	968	253	1227	299	1007	1530	964
1655	38	1473	1621	1546	1023	1400	1461	180	1711	763	1044	1006	202	619	701	146	1709	922	993	547	1064	1222	703	1516	1584	979	304	325	177	1288	1637	1182	1571	667	410	892	386	1097	742	558	932	1470	777	1373	1719	1106	191	1685	1163
1361	604	529	158	1374	1650	838	580	175	756	1201	503	1727	201	930	1647	850	526	1034	483	722	1351	820	772	1101	123	302	1713	688	1086	798	340	1197	99	665	1437	1286	111	491	1217	244	1058	404	368	1525	889	350	1105	1548	895
321	204	806	1631	638	1244	833	1682	414	1108	762	686	1438	752	1253	1348	793	1346	1398	1207	1211	1675	818	1401	551	1413	34	168	1518	1293	602	1067	348	52	718	1289	958	1151	808	1526	91	1617	1122	857	566	318	564	1560	1128	1327
978	470	1233	169	1312	1694	695	86	1659	983	56	247	1388	1649	830	1319	1436	430	371	1090	949	442	1669	1048	1524	1364	96	702	1231	1636	746	35	656	1394	673	612	1353	192	216	569	479	1628	780	575	581	1691	607	83	396	1199
472	915	210	600	1110	260	512	1124	17	1603	828	1239	1641	361	1358	219	837	650	1622	235	489	90	71	741	37	1693	1082	771	1399	836	940	1247	1627	522	1579	725	1643	1298	511	1676	691	974	176	379	74	936	1150	620	1103	444
625	464	1297	950	1178	1715	1152	867	499	1098	97	167	1025	1136	124	586	164	458	757	947	1026	437	753	689	380	330	1432	129	549	1420	1742	553	1672	117	785	942	1609	585	1260	1376	206	1582	1360	72	506	1610	232	1551	1160	1405
413	8	229	1459	559	1570	1689	113	359	707	1739	1036	1268	172	1052	179	975	236	579	921	1271	181	373	416	237	1599	573	1284	1664	1429	1114	1387	406	617	389	1597	1396	990	996	1397	76	31	364	1164	1104	1444	670	1073	185	399
1697	685	1242	914	163	1554	144	814	706	273	344	345	1648	54	592	1237	913	174	709	782	905	1463	1417	1032	1638	1013	282	1528	184	1653	1731	1612	648	10	699	992	1559	653	1563	626	1272	908	407	784	1096	112	972	1666	738	554
803	1049	388	1491	1460	967	901	692	50	1723	291	1071	194	610	5	1040	248	683	928	939	1717	139	279	1264	398	774	909	1371	46	82	69	944	49	1302	659	1290	1325	47	170	137	1263	1229	225	145	704	1037	971	973	633	372
358	280	66	514	1083	1749	1506	713	1433	140	654	116	1698	1077	903	535	1141	532	106	1707	374	817	1309	888	705	631	214	87	727	1367	666	58	871	1125	1068	1359	1423	645	347	1200	1447	1670	343	1681	308	48	459	423	902	969
1016	1454	646	1629	1668	1240	1145	1157	1069	651	1070	934	865	1514	1600	1245	319	596	614	395	505	1596	1699	356	677	1345	1161	1389	1014	36	1020	1214	1695	898	481	1343	805	1481	39	1419	1747	618	1435	1558	1725	1372	93	1147	576	385
1732	1625	105	1411	1248	589	51	1335	1415	468	497	1236	381	664	1273	1012	796	488	1451	1024	162	513	446	1130	44	1472	1395	769	1416	339	855	720	661	643	1329	878	477	624	171	1581	594	773	730	89	369	1033	832	995	141	127
1018	870	1606	45	517	907	94	1063	1490	698	1224	1311	29	1527	770	351	222	1407	1255	363	748	1679	883	737	1138	731	402	1567	848	1639	1545	498	1633	21	303	744	1403	1009	743	92	875	548	1225	861	1495	1375	1381	565	467	480
1294	852	696	1209	24	1453	1370	1350	1162	418	982	155	403	1379	1022	854	1486	1265	118	301	1464	1561	1121	844	839	492	816	1535	1640	1283	1259	334	681	561	448	320	1601	101	1208	355	1304	1734	533	1188	1278	599	265	1497	658	366
647	962	525	445	623	1249	1228	1155	1087	937	215	276	543	1230	536	1665	1468	452	823	1425	261	1079	306	1261	877	1634	1496	426	122	156	419	539	502	81	1562	1620	1462	1730	1488	1368	1243	851	1206	1171	1602	628	1326	1051	1630	292
1168	1564	1299	360	981	641	1017	521	590	142	840	1002	300	341	1117	1177	834	382	918	1305	135	786	544	1365	485	435	1537	1287	1450	193	1442	1300	945	13	571	800	439	53	1181	1120	1708	1054	1504	515	438	1501	305	1000	501	507
277	1076	110	1529	1078	583	1234	1194	562	1173	1466	1193	1307	1001	1484	866	242	680	391	1605	298	323	1652	1690	1154	274	747	188	460	1275	1475	1257	1341	295	1369	103	606	1099	73	775	1701	668	417	1256	1030	537	63	1487	466	847
1119	349	896	1465	1313	223	821	961	1332	173	33	1557	1084	739	1306	778	22	311	84	601	1216	25	1393	567	476	1431	779	1592	1316	1712	1471	1180	1607	1310	767	11	953	1402	1066	657	1347	640	797	935	262	449	776	649	121	1053
1324	929	424	9	246	484	1508	240	120	1519	546	1512	1446	827	864	1134	421	1377	927	1714	1095	315	754	1750	1254	595	1135	263	357	1680	88	312	1642	652	228	719	132	504	465	1663	809	881	1172	1533	400	62	1498	1421	1619	1115
1469	811	154	1644	884	1	1094	352	1031	1057	239	1604	1038	390	290	283	1404	792	1724	1354	252	1165	195	190	469	1123	70	1185	825	1046	1507	644	893	1646	1235	560	846	764	1158	1092	629	912	20	1010	721	296	863	894	636	1041
326	115	761	679	1577	95	329	678	1187	1594	1735	1148	1383	1692	799	182	1499	1448	790	669	220	337	822	615	674	519	957	1553	1494	987	676	1334	1414	208	1614	845	401	1295	1204	143	1035	1430	1586	1321	133	986	1741	288	1339	1467
1184	541	956	608	1598	751	1139	1418	841	1541	1509	1660	1102	1189	1323	729	428	1281	886	1500	78	1378	749	1568	627	1489	478	632	1296	457	697	1544	524	781	1449	952	885	1170	860	813	1338	1574	218	1251	804	530	453	1531	150	711
1060	309	890	166	85	621	327	812	1702	1683	1615	134	1687	1479	264	951	30	130	234	1385	1608	1590	1328	1744	1202	1434	1696	251	55	671	1215	199	1132	370	948	463	272	693	1088	1738	114	383	447	1424	1539	1246	412	1142	1192	1274
1510	980	1595	924	284	634	1047	1674	107	286	397	1003	1587	642	755	378	1456	1205	1726	1331	473	1277	1718	1443	454	1280	1390	1543	616	496	1292	255	1480	377	429	759	109	716	310	1624	684	1276	1220	1721	1572	550	27	243	100	611
1149	1520	1728	1191	873	287	1196	1015	4	432	1700	1485	1179	19	630	1688	1322	1131	1540	891	1267	998	960	700	422	1055	1547	1677	710	1439	224	1710	1632	98	1238	1565	14	675	1143	963	384	26	1441	1085	293	1270	281	724	1645	297
1167	916	1318	728	1580	904	68	1493	791	687	471	829	1542	1412	411	15	570	362	316	1511	1357	1722	1740	1266	493	1212	765	843	1174	732	794	57	1137	1176	1523	1409	1021	1588	1618	613	911	672	758	977	1736	494	900	238	508	538
917	966	1339	855	1652	940	115	1667	358	108	639	672	663	620	535	466	1304	339	184	634	921	359	1357	1482	50	515	1743	730	957	209	312	1641	500	559	1157	269	1008	1592	278	1731	1693	1006	1681	1194	522	1474	1078	293	248	107
448	574	1030	580	724	74	322	239	433	576	665	704	741	1687	731	1570	34	432	1678	912	548	1659	41	995	575	61	800	1077	1168	1249	964	256	1555	136	1750	945	1391	775	736	1478	241	1005	293	1342	959	532	1007	726	625	50
1283	1025	1685	1265	1654	681	1390	217	1688	558	1194	1001	965	1033	1066	891	330	988	297	1596	920	1130	1315	443	517	998	1485	1275	543	636	1382	1577	1705	1579	1620	586	1734	66	1037	477	1248	1510	1696	378	1340	1415	1056	617	499	1140
828	460	1648	153	1172	434	1742	1417	1039	1710	405	407	339	1003	946	855	922	1303	1212	958	754	1113	62	42	20	342	1527	157	846	934	1188	356	366	1348	1468	568	1464	1176	1321	799	291	493	362	481	1568	872	289	1174	1071	1586
229	1683	1573	40	368	496	1431	235	1148	240	642	917	1675	762	1612	145	1117	526	738	1215	1057	225	418	436	277	1043	278	49	696	989	924	264	183	274	1588	475	660	1458	1702	1290	1749	1436	8	591	1264	86	100	1202	494	727
329	299	692	1156	1324	182	254	1175	657	1250	895	1611	193	935	415	286	1569	1088	742	227	535	1374	426	1730	1035	142	680	257	54	1100	417	1448	524	1349	1050	840	1261	1087	469	904	1491	473	814	1543	585	1429	766	176	1160	502
631	1419	189	610	528	24	1593	1199	1108	271	500	1442	737	1203	1368	602	1715	747	1062	1502	231	94	1733	815	1740	284	350	1146	196	1746	992	1367	5	336	1080	3	1528	1414	779	1134	151	1585	1235	721	467	1411	820	745	728	236
1494	351	888	1538	167	1614	682	1451	1074	137	979	1020	294	684	551	1400	1650	734	1166	616	931	247	135	92	1122	1482	170	861	77	1736	1498	848	1153	1663	1389	1184	824	1362	552	219	1363	645	1674	565	213	412	195	377	28	813
1096	822	1191	534	1251	1682	1279	308	248	1236	208	1456	663	35	506	1606	1475	1628	697	1722	1483	1487	634	733	1398	943	550	359	650	1422	272	287	622	138	1533	414	758	1550	79	1747	547	1126	1133	652	700	1295	80	869	18	474
771	987	1132	148	201	495	852	1015	816	981	292	638	1507	994	947	1242	1238	162	333	1452	276	1608	929	131	1660	110	1360	1124	1438	1325	1063	1743	765	1721	1727	1681	206	973	328	1484	1691	1694	1578	27	1233	429	909	837	1651	1387
966	420	884	400	750	1718	615	597	898	163	1700	757	901	441	1041	1147	802	265	505	243	850	1210	584	1711	570	521	1287	1111	335	321	262	1141	1653	587	1195	1532	1426	209	1002	1418	425	729	1564	834	1519	589	1181	539	173	1272
923	1341	545	1649	1276	1138	1316	969	1459	590	1218	644	851	1490	177	447	69	746	1358	598	949	1244	1583	1511	808	1690	769	154	612	1505	313	1289	1179	1060	1640	1298	1463	421	1159	143	826	1024	790	778	316	701	990	1273	91	1364
1598	1729	1615	1713	890	688	1209	150	683	902	346	529	827	571	112	1243	1152	977	259	1006	952	618	488	1083	863	411	152	1192	155	332	991	613	210	666	708	883	258	801	260	1164	1227	1259	188	1253	1054	1515	662	668	823	253
940	30	983	1582	604	791	1454	458	1070	1139	751	370	1333	194	125	161	768	1065	1558	1627	1386	1016	843	833	722	1300	1677	1032	1559	296	787	1462	1040	845	1339	281	1369	1737	489	1493	130	1350	1332	507	116	1465	373	980	985	641
1549	1223	685	1421	449	463	866	1229	1392	140	1064	1245	1230	386	713	51	1258	1044	839	1621	717	1661	879	646	789	1013	393	847	658	1668	889	337	324	1388	17	1744	379	1634	122	1384	803	1385	1739	881	811	882	11	770	1553	451
124	1343	1617	171	1610	156	821	1381	1629	997	1548	1642	1544	978	1021	1580	984	1131	1310	1437	158	1395	797	1094	1282	14	531	327	740	1151	976	1701	1516	486	1098	1626	439	1637	1239	1034	184	982	1052	47	1183	567	230	1560	1556	348
139	419	12	868	1520	1278	916	648	1177	714	856	387	1214	1355	1402	1187	13	468	907	1069	1171	68	654	710	1119	577	599	743	974	376	1540	1404	1101	203	399	1529	6	549	1120	858	118	1271	1200	1416	1180	1410	533	647	221	1237
413	1636	123	1630	686	1406	530	1293	776	967	166	315	1330	1092	1356	440	756	198	43	16	397	601	390	147	1317	1004	103	555	237	519	1204	1286	1575	1639	476	709	1322	224	353	1492	1161	290	1266	364	1667	1017	886	428	76	1517
190	1347	1058	573	234	1481	796	1461	971	825	961	1344	181	285	1623	620	273	1476	341	466	1726	1042	1616	773	1079	1699	1086	1206	608	1226	218	564	4	885	345	1446	1563	444	1572	126	1698	233	1345	1247	546	309	661	169	672	53
557	676	1647	1712	1046	559	1221	111	375	1433	874	307	607	774	304	674	159	344	127	780	55	1357	82	689	453	357	363	678	1595	416	1084	783	1105	763	1638	120	275	785	160	1457	197	1719	1115	1112	1018	38	71	538	295	1592
537	1231	36	873	781	1409	216	1232	314	792	566	643	795	1449	471	1607	1500	691	786	1689	389	1256	1027	541	45	354	200	603	1525	1472	317	1427	581	2	312	583	1670	323	1512	310	514	1704	921	491	970	749	690	1143	1473	999
653	464	226	1019	809	897	1724	1440	798	623	185	1163	1217	95	129	1366	1554	1127	544	9	480	1240	1114	914	659	755	175	1337	107	252	937	915	15	1375	1469	1072	956	39	1723	972	944	1594	1503	1277	349	1443	744	639	1351	968
908	503	523	900	1123	472	919	1370	1319	626	1604	1031	527	431	1590	1658	706	1326	1109	562	1396	113	679	836	305	1434	1697	1294	1601	456	730	244	705	582	105	1571	1068	831	630	880	1420	84	1708	1735	1546	554	134	542	817	459
1561	22	442	1509	1095	1591	893	331	355	1745	963	98	699	810	445	1308	1201	606	865	675	1106	1051	777	117	222	1047	1309	656	374	830	635	698	403	1263	1444	1673	673	1093	1731	1076	957	19	1252	1053	1128	1173	1073	1361	1652	1118
871	1186	932	609	578	772	1504	87	1541	1193	829	1716	63	515	132	1581	298	1439	930	1136	199	875	1376	1513	1686	1599	819	1645	1514	1327	465	380	261	1205	540	430	250	1655	479	715	782	849	651	1090	1255	1038	1644	52	1576	1257
497	1129	1296	569	245	732	205	31	1430	938	318	191	1228	1662	484	435	1603	1158	621	282	1613	457	1497	104	1641	1049	1103	211	402	707	58	1695	633	1011	75	1618	56	406	492	358	1022	842	48	1328	867	485	520	720	424	1338
1566	384	1274	1557	1671	1432	242	204	1170	1383	1408	1301	1023	37	504	301	1045	32	812	108	1725	1009	404	1197	57	1196	1428	996	941	78	1222	805	427	1707	146	446	864	394	365	611	1403	1208	174	1000	878	398	1280	1738	454	388
93	561	870	303	1121	340	338	1547	1665	1413	168	718	748	1320	1036	97	1346	1574	1496	525	369	381	1155	1522	90	347	383	725	44	490	1609	102	1365	509	72	739	1666	1495	1081	1305	951	1676	1167	876	950	899	179	853	1162	1099
1149	1026	1732	1589	807	1535	806	192	955	269	1336	687	1137	592	1631	702	1269	1085	1116	1055	703	1467	266	694	172	913	392	510	343	1602	887	516	207	905	767	838	1285	255	933	1450	212	1692	1536	1335	975	1453	283	1102	1672	114
862	409	1741	1600	455	1632	141	835	438	693	1470	954	96	306	1486	1182	450	1012	1508	382	624	1107	1089	1643	1565	478	461	109	1706	1067	752	1445	1306	716	1425	1323	263	1281	1679	1401	422	121	0	178	1597	1185	579	1526	1189	832
1318	1144	1530	101	942	1680	1423	1622	1288	401	1091	1241	1224	1405	1489	223	1480	1751	1441	1619	860	1299	1379	1709	695	498	1393	910	640	1380	385	628	1190	1748	1304	1292	953	1435	1234	319	841	326	906	1154	1331	927	892	649	1656	367
1479	311	10	788	202	371	279	511	632	735	1501	288	764	1270	1059	501	33	410	67	186	1353	133	1378	518	1220	1477	939	1394	1213	759	220	214	1150	1291	1714	1267	408	667	1471	854	925	1311	1499	677	1225	251	671	986	962	595
1097	522	1371	761	1284	1145	1157	1537	670	187	25	553	180	859	844	1198	593	960	857	1399	320	60	1082	232	1552	1703	1521	325	1646	268	1377	238	1466	753	911	1373	664	46	228	1219	1562	149	723	1165	215	1524	1334	64	896	1664
1412	1135	1717	128	452	1352	396	1329	73	572	712	270	1531	627	936	655	1728	21	596	1246	1142	1635	395	1372	164	1657	1669	1254	1061	804	784	1587	1567	1211	894	334	719	1216	1297	267	65	352	1008	89	536	1684	669	7	918	1605
29	948	993	1625	1447	391	563	1720	482	85	1359	59	760	1539	115	1397	1312	1075	1424	1624	560	926	594	165	1302	1178	1354	793	462	26	144	246	513	1307	637	1048	600	877	360	711	1488	1474	302	1407	1010	23	1506	81	1014	619
1584	1268	1	588	614	1125	470	1078	1542	1523	1104	483	1207	1633	372	794	1551	70	508	300	1534	928	1460	83	1110	1262	437	629	1518	903	88	512	119	99	423	487	249	1260	1455	1313	1693	280	818	1314	106	1029	1169	361	1545	1028
556	605	1689	135	1616	3	15	1728	1084	65	1296	265	57	736	1199	484	898	884	1129	851	1359	875	1171	1037	1633	1121	661	271	1336	446	1225	840	844	1268	1102	748	619	1281	1203	715	905	343	1026	768	1590	203	1663	562	553	1444
934	8	1013	1712	1089	1656	1076	1665	1433	83	216	1441	790	354	490	1296	151	1580	346	1660	373	1046	1600	112	1158	1478	1642	1666	1576	578	1335	87	628	636	841	217	17	1041	44	509	1730	463	846	1080	670	1416	924	1070	1360	740
783	1093	551	1746	601	191	1610	1333	1573	949	1557	1741	1345	1361	1513	1604	98	1206	257	1165	758	1710	1733	622	132	1362	388	988	983	1059	238	1446	1292	1257	911	1638	299	918	499	868	1574	82	1250	1319	750	1113	701	194	1533	476
1587	308	1057	85	598	1271	1161	714	1422	1497	1744	1526	117	1548	1699	1150	1675	1694	441	482	22	278	333	907	748	1322	969	1054	1197	283	1248	491	1354	137	755	536	1094	1467	1097	485	462	1231	1621	1400	1149	946	1244	235	458	712
1350	32	1688	1348	1216	1179	761	569	1262	726	827	27	970	1295	1071	352	1734	637	1374	348	1403	643	253	1245	1708	1237	1693	38	248	1570	1439	1659	1368	460	957	1435	100	793	1366	370	1114	965	1211	797	455	680	395	952	1205	850
807	429	397	1330	617	1750	122	795	252	1222	9	465	1301	18	599	607	589	1183	193	1204	1160	1717	971	443	603	141	860	837	147	905	1293	169	1103	1472	608	1387	1209	796	974	420	866	288	469	1172	886	451	1579	1553	656	1432
1466	1063	105	1125	1331	131	518	963	910	170	1207	1589	784	972	1588	1493	1420	1095	984	878	276	1747	1571	495	739	332	30	774	1143	251	1302	1482	357	967	1282	1272	258	1167	516	91	1148	564	1105	166	1546	318	525	543	1210	1214
54	552	973	164	1188	1724	448	556	1299	533	702	28	1711	1014	1751	773	202	459	1098	61	673	1451	1740	782	104	1514	125	1727	695	842	936	1592	360	277	1001	1486	86	1523	960	1321	1720	1661	58	1224	124	210	1144	801	406	174
1026	1128	1641	1654	724	367	351	1651	472	1261	1230	787	1193	776	1355	1323	364	1338	102	314	527	1060	1618	937	1391	241	221	583	884	74	1208	883	385	1448	66	447	1603	502	1706	1215	708	1258	356	780	417	94	467	553	1673	1672
1392	160	738	716	15	1719	400	1709	320	1226	223	1728	561	187	329	1510	835	580	1099	498	1019	1045	1229	1586	1173	239	431	1052	781	36	687	1016	915	1385	323	1006	57	1484	1498	950	1444	24	1585	855	450	767	1662	1100	493	1096
51	1525	1418	675	1594	345	1349	1085	301	48	197	659	152	1117	650	881	167	1644	699	1608	396	1566	857	631	1123	1725	1395	1437	484	1042	1476	222	1068	1457	540	471	1342	1637	903	1648	386	316	305	20	286	966	306	1545	674	1622
977	747	1151	1538	614	114	418	272	1309	19	270	1462	733	296	995	838	986	1223	698	226	1242	1317	399	1008	1459	809	404	1221	682	1061	1686	1347	172	816	95	593	1541	867	779	1290	1313	1163	428	605	1562	1703	897	1012	383	819
1612	1049	136	1329	1668	541	572	1632	192	256	107	1483	113	1181	557	69	504	1537	786	219	1701	42	1102	693	906	668	666	1646	1286	615	1038	123	1722	1495	21	671	648	1062	457	84	546	808	439	715	517	1624	1341	1182	703	982
1227	1072	1577	1198	236	1252	825	1044	1487	254	186	764	759	1489	818	249	255	1745	0	1137	1277	1192	1554	440	1273	294	634	1707	259	929	513	1276	212	1351	1426	1559	184	900	1396	514	624	667	1664	436	1199	1077	1115	1532	1010	408
944	642	999	544	562	479	1171	859	195	1236	492	150	1463	848	1028	1593	271	664	1430	741	766	424	307	1324	224	427	189	263	1521	1596	1039	1373	1413	620	1275	547	209	632	145	751	655	1022	1316	1582	1139	1254	1590	228	989	201
1249	684	50	1031	1133	619	101	287	350	1527	891	71	1011	955	1088	515	1614	154	861	309	291	679	1162	1217	832	1029	1460	1434	956	343	1359	925	200	626	40	1524	1691	979	1716	847	948	1091	233	1135	1436	874	1069	1267	769	1365
1051	269	483	574	273	349	330	639	1025	389	284	1130	501	426	464	432	108	10	1450	63	879	23	592	1578	1058	1086	461	1558	794	1408	548	1377	227	267	785	411	341	1304	419	1092	1021	831	1602	1609	1241	470	678	1187	377	663
1529	1265	1281	1285	56	46	1081	303	566	629	1544	262	1259	336	196	921	817	359	1419	1180	763	1496	79	1369	486	1053	638	487	35	1423	1174	1079	725	2	1384	1291	1737	719	1507	1630	677	1380	162	211	1288	297	721	1189	41	762
268	806	877	1470	803	1253	1511	1238	60	1220	1549	836	11	1166	771	683	565	1213	523	1535	1240	522	250	1175	1671	591	207	312	438	661	1431	1043	298	1334	1417	29	709	178	92	594	1247	275	898	456	968	1311	585	1067	549	1397
1155	858	1289	1075	1358	1551	765	134	917	1297	292	940	1035	1191	873	1007	604	697	1696	609	1134	696	1202	1552	1318	1287	78	47	1015	382	1407	1024	810	279	1375	64	325	1453	1657	887	295	93	1047	188	1411	1743	1547	245	1109	923
744	1264	1300	812	220	446	932	1650	987	1536	1118	281	606	728	814	791	729	1633	317	1567	1627	1474	1748	1168	1616	839	265	1399	691	665	1682	1142	975	870	1343	129	445	232	872	390	930	1465	425	707	524	1412	1736	882	384	862
1048	489	1266	1663	77	161	175	1184	366	437	1120	1631	735	1606	822	1233	120	953	1636	1591	1119	173	405	1715	1371	1639	1645	500	478	521	935	75	1491	1	1129	757	1023	1037	535	126	139	444	213	669	1268	1676	1169	531	1004	586
913	1679	319	584	148	342	720	1017	1454	1508	55	340	1132	534	282	1328	1284	171	1136	488	945	12	1036	890	1101	230	1731	610	853	199	922	106	289	168	328	1697	1520	1090	1018	1194	322	815	355	5	177	1605	407	496	310	627
158	1468	651	559	70	1732	1196	962	951	394	824	1383	1518	1742	376	1122	466	1034	1677	1170	1141	753	1005	1598	718	433	844	1667	119	829	1678	344	454	1219	942	529	1595	422	1714	116	710	885	1539	1670	723	997	1626	507	1337	1438
892	1389	1561	904	792	430	149	1723	777	845	266	1572	689	347	497	1569	1480	358	1653	1528	413	998	646	72	519	1386	933	1704	1427	902	943	1503	1263	1601	1428	1352	570	362	800	1298	1516	563	1680	959	1177	736	875	1306	1499	1473
852	745	1492	567	402	304	856	1030	142	1445	573	155	387	13	713	247	327	1228	954	1064	1401	1176	180	409	183	146	919	612	1255	749	1040	1629	215	833	658	926	1339	1110	1628	1424	88	1278	993	1394	775	1658	214	1500	526	1246
1388	941	571	616	416	381	1522	331	1084	3	1726	893	916	1002	378	127	1443	1121	828	1106	876	909	1738	813	372	1111	371	133	264	1560	410	1201	676	37	821	558	880	896	379	1126	705	1583	1540	1269	742	1078	1315	1303	994	7
1674	246	823	231	662	582	1124	1157	415	1509	1501	181	869	1378	1617	734	538	1340	731	727	996	96	1260	688	1584	1490	285	414	237	1056	392	1107	1108	788	1367	1690	1464	633	118	575	1033	165	363	398	623	991	588	657	1376	1517
311	1687	453	811	1479	1146	14	369	928	368	234	1357	1542	901	315	138	1381	1112	1364	39	704	711	1469	135	365	630	754	1239	1000	1235	300	834	1225	863	1153	403	1326	452	1534	1634	1308	700	851	976	481	190	1506	1692	1232	1353
1477	985	1212	1372	840	577	1027	1414	1032	1647	1684	854	686	1379	732	978	505	1519	1116	789	1749	602	1065	685	1140	939	243	802	43	555	1440	206	240	1083	204	889	1485	843	1471	225	159	335	1082	1185	539	778	176	1515	1635	468
1735	672	730	865	743	1073	157	1382	961	899	280	1488	1346	981	1332	596	115	434	581	1363	473	992	722	1410	1456	980	1186	1530	1455	1370	412	1563	128	1461	244	1104	1475	908	1721	1494	1164	820	156	218	520	375	1581	274	1421	76
1649	321	756	1449	480	1597	1550	1154	59	510	80	1256	1681	1393	826	611	1683	641	1555	532	1050	849	568	1620	1280	1251	560	361	1218	1156	45	90	293	229	576	393	1020	380	111	4	1327	1718	423	931	503	888	1243	1705	1356	805
89	203	1127	130	62	73	635	1131	475	799	649	597	1655	618	494	690	947	1502	1195	1310	864	1565	1312	1055	121	645	1074	261	1504	640	1009	1138	1398	746	1568	768	302	1003	242	6	798	1279	542	53	1203	1429	1344	1458	1599	938
477	530	692	752	681	1087	647	1543	1698	313	1314	1405	590	1190	871	927	537	1531	1685	1200	290	964	421	1625	1505	920	16	587	1512	1611	1615	26	34	914	110	25	1404	1234	1669	67	1390	33	1619	140	81	737	1325	143	1481	97
1447	1145	1623	374	153	1147	338	958	1700	163	717	1406	260	1695	324	1607	1713	337	579	49	68	1283	65	1689	1613	1556	401	103	109	1739	550	1409	353	1652	653	1294	52	1564	654	830	1425	760	706	772	621	1452	1643	334	208	1729
600	512	625	1159	391	1640	185	1307	804	144	435	511	1305	179	990	545	528	554	1152	326	660	1274	613	652	198	508	1178	770	1442	1270	644	31	449	182	1066	595	205	912	894	1575	1702	442	339	1402	1320	694	1415	895	1336	99
474	506	390	338	287	725	1387	1663	450	492	1173	22	1705	707	220	430	694	1563	743	479	1606	924	845	1048	684	1290	772	1704	1520	656	1687	499	421	1150	68	586	1308	836	1257	241	900	276	1112	735	960	1247	1556	1230	1712	1415
1177	1546	847	247	454	609	800	920	724	482	137	1661	1718	1064	1148	1176	348	1163	1474	1511	1347	1646	974	576	869	1203	108	298	1582	870	260	1525	1069	1360	4	728	676	665	1711	632	85	40	471	915	1640	1562	548	1174	36	975
1422	1581	334	1157	759	846	19	1401	898	586	1454	1508	1371	1340	1329	392	687	1369	666	752	859	222	1324	895	861	934	1648	210	782	1624	438	443	272	170	1598	1706	613	778	581	1447	583	1688	923	165	1185	378	1475	1569	266	511
416	1051	1214	1256	1170	1608	1414	476	1278	781	127	297	461	1440	947	645	1715	693	1486	978	117	1134	288	1282	1709	1453	293	240	1723	1747	70	464	1748	646	1138	53	1327	166	941	1524	1059	590	1597	1180	523	60	88	679	89	872
1139	1296	835	265	1404	1018	153	1642	1549	397	1612	421	886	211	191	1306	213	931	791	1393	540	1492	1043	553	606	1270	773	264	851	1315	1260	1286	237	551	1636	1222	711	629	1008	741	446	686	499	1664	1166	111	706	1218	1242	516
731	735	396	905	1389	71	1628	1027	787	322	644	1584	336	1494	0	598	33	181	1476	1479	692	1037	490	315	767	410	1564	967	125	950	1155	1241	1464	1168	480	602	721	46	204	1346	1162	142	1579	1685	270	858	445	1554	34	65
1355	649	282	725	1435	1626	1548	360	569	79	408	134	559	938	1350	998	1694	200	1066	1737	1427	657	311	539	506	956	1146	709	674	1042	563	1445	1142	935	840	285	639	435	626	400	1308	965	95	494	936	796	1228	945	774	1365
914	1639	1254	350	1244	685	929	183	41	359	591	888	1352	524	234	433	973	160	38	118	1097	922	1600	27	546	510	1537	909	1039	1388	299	1577	1030	949	171	12	221	101	992	926	1112	1302	69	1455	1472	1083	91	826	1468	937
44	758	1588	1073	1522	1151	333	691	823	1079	660	225	1499	235	901	301	1061	208	983	1234	1332	607	269	1684	58	814	1257	99	1660	512	505	1285	1143	1314	159	217	1426	93	700	854	1005	502	957	1038	1178	1619	1415	1733	389	1657
698	568	405	1478	423	1099	924	1399	534	641	1116	279	161	1243	667	485	168	1111	238	116	587	1485	1601	1263	1141	572	1368	997	1571	130	1317	1725	809	862	107	1261	303	1119	600	955	969	86	1086	1517	1729	430	109	1437	891	1225
176	151	1289	453	987	1550	547	212	178	769	515	1274	1461	1068	1504	852	1028	152	631	1128	917	455	554	1000	302	670	1507	605	189	465	1604	460	943	1076	177	963	1033	1122	1053	1363	681	615	175	73	274	884	284	487	1199	944
673	432	1730	1220	1638	614	1101	680	426	701	1484	749	1656	188	610	921	1466	393	1465	2	1313	1209	361	344	1418	689	1048	1602	1558	1137	702	112	1057	1149	1487	737	1007	789	1295	418	149	232	1641	479	593	1627	968	1071	549	831
642	531	542	611	932	103	954	55	927	1103	1379	1710	306	812	1708	16	1583	1300	448	874	1362	994	624	207	1004	462	1700	366	527	256	1523	407	1015	1406	1198	1191	1496	875	784	289	906	201	21	228	495	659	684	1691	716	714
337	1276	339	1123	794	1652	1036	307	1140	518	1567	250	1740	1491	1629	431	24	28	474	354	726	881	1658	401	254	989	447	341	1617	368	984	810	1599	184	442	775	1585	1175	1331	1735	1653	1513	1161	525	678	1580	67	1683	1541	429
308	1668	463	1566	257	1412	1701	317	1058	717	616	813	508	1615	1349	636	1514	1345	1544	565	136	1607	530	173	52	1380	574	1670	1183	255	904	1147	1237	1129	1621	138	1370	541	1441	17	1173	1526	596	1250	484	294	1574	1460	503	14
535	312	1304	543	652	575	1480	1677	560	1679	880	1532	57	493	1109	939	280	1210	365	373	1229	144	564	1160	1502	1338	8	839	187	532	231	1197	1316	1458	1292	1510	1512	1535	1110	1330	193	241	1394	3	1264	1384	582	120	452	441
788	1634	1212	155	62	239	179	1265	1482	9	828	816	1633	918	1373	1074	696	1625	1736	1131	1171	1367	1446	961	771	1358	1432	457	1084	1159	1568	492	621	638	960	444	1153	792	124	1226	883	1280	1301	1125	1551	830	1318	186	1614	996
1235	829	11	51	753	570	459	1417	707	205	1032	1267	907	1594	215	795	1675	571	1186	894	1150	913	472	695	355	756	90	148	1741	424	1637	873	1728	739	1127	131	104	45	310	1538	346	1259	1145	214	390	740	287	806	504	253
1335	182	871	807	1382	412	1622	1712	1428	1630	986	352	1534	842	268	1483	385	838	925	1232	229	1211	801	440	242	1060	324	132	1500	158	1190	343	1686	403	946	754	879	78	1663	1742	1591	146	856	514	115	1407	1006	1516	1430	988
295	330	850	87	790	1164	439	258	1104	478	323	887	1022	47	1188	296	483	1075	1518	620	761	1413	1040	815	381	123	899	1019	1570	1470	1425	6	411	1687	1732	1189	999	630	1236	374	893	437	1216	1303	276	1419	327	1490	42	1107
1298	1320	1029	1409	1565	595	1473	1749	1351	1193	1065	197	162	1094	661	669	1305	1206	1529	1451	867	1072	1561	1635	56	83	363	300	1697	203	1284	903	537	1459	819	1098	1563	896	417	747	468	1606	627	278	192	908	1266	1031	734	428
1092	1613	599	578	824	802	863	1093	436	39	1665	1672	1527	1251	10	1655	372	1501	751	1012	573	402	1392	1714	1410	928	1421	1424	469	1374	1247	25	1498	536	154	434	1692	1067	1593	1611	1444	1105	1586	1644	1738	764	1456	216	1130	1481
1025	1269	765	172	755	820	1438	951	720	664	458	1321	362	1673	1184	1108	277	1258	1055	704	677	145	612	517	762	729	1595	425	1056	1676	263	244	625	933	1467	798	114	690	577	399	1312	273	1070	1341	1077	855	545	220	449	325
456	1024	1348	1493	658	1325	497	1326	566	1405	246	567	1322	526	351	1719	1277	821	394	558	715	976	507	1002	736	477	522	719	1035	386	37	409	1309	1023	1713	349	1431	1245	1489	619	49	1450	59	825	1662	1547	1750	1080	275	1291
1395	356	1531	451	730	1121	760	1034	1344	892	35	618	1087	415	1240	1	1590	970	1047	50	799	699	1169	1152	1745	1088	1126	722	1381	379	1223	163	1443	1727	1319	466	1011	61	1202	1179	991	198	1674	1293	1249	804	347	1342	1720	190
561	63	805	916	977	544	1195	1650	420	121	335	793	865	357	68	1054	156	1703	1533	209	1255	890	592	910	783	959	1081	76	1623	1207	748	836	1328	473	1669	223	1698	227	1213	48	1311	1449	990	1096	74	1294	675	1085	958	29
340	1165	1559	785	290	167	520	81	1020	1215	1645	233	808	1248	849	1063	338	1366	375	1592	1078	1026	66	18	23	1283	1477	1192	194	1167	608	1448	948	1158	15	328	1013	80	1702	635	866	672	1052	174	1333	371	1273	1275	376	140
1471	557	1272	912	853	584	844	1434	940	703	1003	309	663	326	1343	1552	318	1696	777	1726	20	1457	603	199	617	919	236	413	1115	952	1682	1279	1488	1253	345	766	157	1238	1530	897	75	718	467	1050	84	1095	1239	1231	538	594
622	496	1609	1560	1699	262	1721	708	22	604	634	251	1009	139	97	1497	1751	147	332	1423	319	1045	772	1299	43	848	1376	1361	1716	837	320	1204	727	628	1100	1618	1463	1200	733	643	1403	1233	329	1090	811	219	822	776	185	1469
13	1521	993	1356	1439	966	653	1132	694	304	1021	911	1739	757	1082	1114	1297	501	1337	1391	218	196	1194	105	697	1587	1731	971	889	226	1505	732	128	470	651	1271	1287	637	1205	82	1375	1722	1400	1016	1589	395	1610	1390	1416	1120
648	1495	1323	1503	305	1433	1704	1578	259	32	647	738	202	321	243	419	1252	1705	384	588	1667	745	261	364	1689	283	1106	981	281	1288	902	286	1576	868	743	1187	1420	1117	1671	1557	98	930	786	1017	342	550	654	94	780	1573
1744	313	353	387	248	864	450	314	1196	900	1707	1385	1616	77	513	1102	133	763	1539	1654	519	252	818	1596	817	1528	1643	224	585	370	491	841	129	1690	267	1364	388	1208	552	1678	292	72	985	1506	1307	779	533	1135	1124	406
206	655	1262	723	5	556	1605	876	475	1572	1536	1046	982	1620	26	106	414	623	1136	1268	953	860	1452	143	803	230	964	1436	834	972	100	750	1520	650	1717	1746	827	1398	1651	31	180	885	1695	481	1543	1387	579	331	980	1693
1603	1230	110	682	1281	1681	580	528	1014	169	833	746	1246	119	141	1553	1540	1062	597	1290	1545	1408	489	1221	1219	500	488	688	529	369	382	555	1743	1217	1734	249	1336	1383	383	979	1666	857	1632	1156	122	1377	1402	1429	1310	589
245	1649	1334	845	942	135	195	1182	1041	291	843	712	398	633	92	1378	271	710	1118	1575	882	1647	1089	164	391	1010	1227	367	640	1556	113	1353	662	1172	1359	30	1201	427	1001	521	150	380	316	1509	768	671	995	486	1442	562
713	878	1724	1680	377	126	877	1044	744	102	509	742	1144	1357	1397	668	422	358	1462	797	1396	1091	656	1181	1133	1631	1154	1339	96	1555	601	705	404	1113	1411	1049	64	1354	1372	1542	962	770	1515	1224	1659	1519	832	7	498	1386
54	683	541	171	883	504	519	1478	2	371	1245	1674	405	533	407	73	525	443	149	1061	1554	750	1497	1462	1237	1233	529	1083	508	513	146	48	1693	437	666	29	297	1089	1519	715	669	1604	74	1745	263	206	1249	380	307	1151
1094	1239	876	1184	686	718	60	1034	1163	1451	53	1251	100	407	1292	1169	1699	126	552	259	1080	1461	1697	1279	1016	307	1624	210	831	1606	960	260	1306	1576	838	505	1365	1289	1041	1457	225	148	1560	1498	1648	812	761	69	1570	108
1030	545	1386	732	466	276	1115	802	1062	1203	240	1473	735	1321	1257	1733	1363	1324	668	550	1620	872	1513	924	945	1691	200	1400	319	1369	709	1291	1337	195	347	1240	168	1191	27	994	1305	867	1660	1436	1205	160	415	878	1666	1188
730	1028	458	523	515	318	218	328	1260	771	430	840	674	427	1261	492	181	1351	416	413	331	398	3	1645	704	766	320	966	1325	266	724	504	104	915	1342	1117	1106	549	491	373	1637	146	1199	929	809	1112	1126	1723	113	1734
490	16	1187	1	1750	1529	1569	1161	1720	164	258	806	1013	898	931	836	1628	1579	1402	1059	372	102	1525	333	179	835	847	748	368	1108	935	451	540	860	1627	1600	533	149	798	345	448	1065	1496	59	1368	1651	737	740	1237	1066
811	968	949	478	1164	1277	583	1213	1646	707	1002	1087	921	783	476	952	242	758	382	689	428	1641	1676	943	17	591	646	442	90	220	1304	1063	75	384	638	370	769	1356	907	1010	293	1172	1731	1458	21	1302	866	1671	375	531
1151	517	1664	481	708	944	1389	941	23	827	839	602	1355	1491	301	856	1385	997	738	1443	435	255	819	1232	1638	1175	1704	716	130	20	639	321	1521	1543	1017	521	654	1701	1690	1262	728	274	1429	821	1293	417	1252	641	167	1248
1278	563	1572	1689	865	1001	565	611	751	99	773	344	777	1315	566	1399	358	383	1740	816	946	136	717	488	431	1052	986	524	1183	1630	58	446	670	1474	1562	989	158	338	22	408	1663	1089	271	1322	1470	1565	1418	985	310	192
1076	1526	1594	169	409	1412	400	1656	1471	1493	1241	1467	116	905	535	1501	1500	33	1527	1209	306	1685	1265	863	1737	120	111	65	184	969	788	913	1403	1078	166	177	115	1037	958	253	698	1535	13	696	657	1596	884	196	138	380
824	1420	438	239	1195	736	1404	1524	379	1728	392	402	1409	555	445	667	1506	978	1296	1020	118	403	1510	1592	1744	1068	633	1658	281	628	1464	1340	1012	497	1423	35	1544	677	269	754	883	790	297	804	526	927	1504	1716	191	1623
580	335	920	1281	1286	1201	1575	653	784	1328	621	273	782	692	1616	579	805	932	1125	1636	1235	900	302	275	1571	343	1310	55	1668	406	829	967	522	70	1745	1738	1360	1552	257	869	1181	352	1347	1011	1542	441	679	101	251	1551
1244	1323	843	1113	323	826	1131	389	518	600	190	1027	987	7	1168	626	376	1153	506	664	1243	665	460	1266	228	1468	1695	1625	371	593	1597	1346	171	1703	546	585	1202	1383	999	1631	752	1414	1116	904	744	54	1508	330	879	1238
690	1735	444	487	1702	993	1568	647	682	745	899	509	1005	1488	1653	767	1171	1064	810	117	206	197	122	1678	581	1326	63	1382	1308	1025	536	959	502	845	1193	1682	41	133	1387	157	710	800	1019	909	286	1492	351	1233	984	324
185	38	541	79	660	486	619	529	597	1177	722	1192	864	268	1505	214	388	390	1124	1598	1300	1751	1538	1283	135	1561	1178	342	140	756	1082	613	530	366	693	477	317	911	1657	991	296	1654	94	642	1024	934	1224	432	764	1179
527	981	571	1212	499	396	1070	1134	238	623	198	1071	1553	503	532	1478	1617	234	68	1208	278	789	84	131	107	449	537	339	88	71	1271	277	1008	1180	1006	1353	1345	558	617	1338	1599	1104	6	1480	1667	91	875	360	109	11
1742	1319	1519	304	684	1061	18	976	1375	1132	144	1380	1487	1317	1502	612	265	513	1288	484	1046	1227	245	1165	5	377	862	1736	1218	1712	1673	424	1354	1435	97	649	85	871	1045	560	1484	241	1097	1051	1137	14	1167	1194	1268	980
493	1726	739	1098	1490	26	774	604	1081	1105	233	557	1634	1149	224	1236	584	172	121	1022	52	1384	1247	720	462	1459	1189	92	494	1359	1393	1439	775	961	212	539	1608	1454	830	43	785	56	1430	1060	289	1531	250	853	1230	61
697	780	1267	880	125	965	1377	161	1593	1545	743	1432	1739	314	423	547	76	561	1405	1537	1299	857	188	1138	1054	340	498	1647	703	232	230	468	1101	534	66	1541	817	1415	447	1348	463	620	1111	1743	750	47	141	105	298	1426
1295	796	1455	586	434	759	1050	1176	1226	128	1221	877	1143	205	174	405	1559	1398	559	731	1309	294	1079	316	1146	355	1741	209	249	1214	1096	1507	137	45	456	1284	483	1512	885	1724	443	1157	1489	1514	542	1007	395	1635	31	1408
1058	1449	1713	846	341	974	1479	953	685	143	1122	1693	25	842	374	955	859	1344	1370	938	1518	1532	971	1714	691	1659	1156	889	221	763	393	1558	1118	452	1450	1401	1130	501	312	1528	849	1438	1730	219	1200	236	922	729	77	10
681	787	1433	983	124	650	765	1014	1023	62	1123	594	1669	520	1431	803	252	381	1273	1584	1333	1694	1534	1100	902	1447	74	1085	469	193	548	1644	1042	820	48	329	1196	480	34	465	727	508	1056	516	675	1580	425	1339	1407	1602
29	666	208	213	8	145	454	615	433	850	950	861	1367	119	83	106	419	1578	1092	568	1452	51	46	1410	288	1747	1198	995	1421	1121	1095	96	1717	1626	1255	622	1642	365	833	635	1727	1546	194	313	1103	895	203	1495	848	643
562	237	1469	1144	1228	510	308	2	1049	608	1394	1362	957	1120	1556	1686	893	1486	640	470	956	1343	714	747	457	290	1391	933	572	637	299	1303	1009	24	1155	544	1035	1581	1585	713	1072	975	36	1083	72	630	295	1683	1604	947
40	165	467	114	672	1428	1186	1482	903	753	1350	459	1047	851	1536	246	1540	1275	418	661	1563	305	1381	421	500	1655	823	254	1364	1253	1133	918	1419	1335	1282	1442	1649	1373	982	1077	1416	1031	349	854	1358	1015	1036	1640	453	791
937	749	595	285	1152	1274	363	1166	1114	139	939	822	1460	176	1145	1574	651	1174	1662	401	832	625	1511	204	44	814	1366	1725	609	596	910	73	325	247	1692	1705	357	1698	663	1472	186	1661	669	57	760	1621	1055	397	1159	1220
1448	772	1590	1258	1509	673	1462	49	1119	1285	1425	1603	855	1589	1086	1632	1417	1466	601	1456	1437	762	1422	1582	1494	553	1614	474	216	1465	795	471	715	757	725	852	1043	315	1038	1246	719	801	369	482	1732	1357	1392	1140	926	1497
683	153	450	87	39	129	618	695	1573	201	828	132	189	734	1749	1711	1217	1044	439	1290	894	1485	624	519	1250	1700	1223	901	525	1141	291	551	1619	792	346	699	348	988	217	1331	528	1670	1207	1665	1601	808	440	103	1441	687
127	1139	15	1372	554	573	1477	1463	1397	1000	694	1029	1327	1003	411	1612	569	815	1219	243	1618	0	142	606	173	1629	1211	1075	479	1269	472	1522	1173	645	702	1613	1091	420	648	1231	1520	538	556	1312	436	211	1090	1554	42	656
912	1523	1588	587	711	332	1307	688	858	1334	404	1440	412	280	86	1605	1577	897	426	1298	1708	1245	908	422	429	98	1567	1706	495	793	1547	543	825	797	891	81	778	1684	473	616	28	1210	632	367	1374	1445	95	215	1222	1615
512	489	1652	1564	455	881	1378	178	1332	354	180	588	1053	723	32	1483	1710	1390	1129	1675	350	1158	147	50	64	574	80	110	1533	461	112	671	410	662	923	919	156	262	9	1215	1074	1147	925	222	599	475	627	1709	1128	336
1517	1639	322	326	37	364	659	150	1088	807	1427	1107	1610	1475	629	1249	1057	700	963	917	706	385	1411	1329	1650	231	1679	170	1677	270	676	1503	972	1229	1371	387	970	1424	610	248	1069	928	284	631	1039	399	1566	378	605	163
887	906	303	1748	261	1301	813	1021	1084	1287	235	1516	514	1729	1033	705	768	578	1135	511	1607	733	199	954	634	776	636	1721	575	1696	1270	1680	464	1311	658	207	746	394	1395	1314	287	1320	244	818	1379	82	892	742	712	614
1341	948	292	589	1162	1530	964	874	4	89	680	592	786	279	590	1746	1073	1264	1672	741	979	644	844	264	1206	337	1276	1549	1330	1032	873	1297	1109	1197	123	267	93	1026	1263	1555	361	1154	576	607	577	1376	152	1225	1102	334
19	1688	1048	1256	936	1067	1110	309	1515	886	391	940	1591	1093	834	841	990	227	655	781	1160	327	359	1413	755	890	603	888	1388	1611	1681	992	154	1674	914	1336	598	226	78	362	1182	1718	652	1349	998	779	977	1190	183	570
1242	300	1170	1687	1719	1722	564	414	726	1204	996	155	496	1406	882	1136	1099	182	151	223	256	1234	721	1352	437	1127	1294	799	1587	283	272	1586	1018	794	770	1396	175	1040	1539	916	1446	386	1318	282	1481	1216	582	311	1453	1622
162	263	1583	134	930	951	837	868	896	1633	1444	678	67	1313	12	973	870	1476	1254	1609	567	1185	187	1557	356	1148	507	1316	1595	202	1150	229	1715	1142	1434	1499	1272	1643	962	942	1707	1280	1004	1361	701	159	30	485	1548	353
1550	1259	816	452	1204	859	1269	126	1507	1347	853	1239	1418	967	395	1219	1620	1681	697	1634	1447	714	943	728	180	437	785	969	159	1560	24	317	412	1248	915	225	204	393	724	968	1699	270	1084	61	872	512	1254	235	68	1533
1410	1265	1562	577	202	598	1478	863	1544	1747	1285	1144	80	1339	719	1670	913	1336	389	1318	477	616	709	1062	784	837	772	1224	95	650	1177	1183	283	925	731	464	1638	763	1484	960	323	1445	1187	235	1725	56	342	1351	488	0
1180	1113	1193	1443	1600	532	937	1233	676	1554	1243	183	885	809	546	527	376	417	600	672	1307	943	1704	1705	101	1212	1631	920	1702	285	1033	770	1574	1195	537	5	452	6	117	140	223	333	735	182	736	1728	142	1494	290	1211
1338	359	1520	168	1696	1525	964	619	320	680	922	1537	843	234	431	122	1077	144	1653	198	106	12	20	306	1007	1353	1612	737	15	1106	1090	1662	579	583	1289	1103	187	282	825	1325	1269	990	817	877	1731	845	350	1359	272	455
1295	88	1340	1405	1216	1608	1179	1735	1493	1076	512	666	13	1500	257	1110	335	818	940	86	37	1282	1617	1399	538	83	957	524	988	733	1146	157	297	1173	1584	997	662	968	1598	1249	1498	462	1162	1714	1117	432	806	1709	1362	443
1527	903	743	671	210	1679	798	1629	191	1726	498	1283	1619	1129	1514	507	225	615	887	658	373	444	518	448	113	991	1147	889	1639	141	252	262	1048	864	1695	1575	1550	1100	665	405	880	476	352	669	261	390	24	410	1683	1001
121	1101	249	631	1492	1515	1255	367	166	1387	1438	1658	1569	1621	368	839	291	4	1388	1561	646	1524	233	950	380	1418	1287	1673	375	1361	681	1567	1189	245	118	1226	668	645	575	312	1333	1341	1678	848	1011	844	1064	94	1327	1070
353	787	1740	381	747	491	1159	595	888	1058	587	1350	480	1169	1290	486	1371	1322	753	813	910	497	1342	1075	621	1235	526	1004	1444	882	484	146	800	1506	868	1651	1378	1508	288	194	679	1743	129	278	942	346	831	620	36	1435
812	92	870	1311	677	564	483	1328	1228	1256	369	560	388	51	1010	955	1721	1641	1499	1230	1457	1069	1154	767	1737	752	853	1171	854	1213	447	1644	229	983	217	916	264	1593	135	1580	1586	1694	123	1003	982	212	659	1675	1546	785
203	155	1191	993	686	437	1050	954	1401	199	1421	1242	258	1636	496	470	608	453	98	10	1671	1199	890	1262	1397	211	790	551	971	502	1666	1280	642	998	545	1172	781	947	1130	1047	1661	67	1041	159	1276	1088	1669	289	1437	624
788	68	1633	533	481	832	1305	1541	1005	3	1247	734	349	1599	586	1581	708	243	337	830	240	1343	177	1373	1497	280	1046	409	1628	231	197	1355	644	1079	463	171	1588	185	1693	1326	1685	1155	423	1547	60	1135	860	938	1201	1056
492	391	698	1456	858	1215	569	1084	705	204	1446	894	1558	1414	336	1018	1533	186	1587	718	414	371	627	57	1466	1182	1054	354	465	723	1347	358	1426	641	378	881	133	1082	1127	936	275	1096	590	1412	606	1214	856	1646	145	744
1198	1059	1723	874	8	1234	311	1706	1536	912	143	1609	1450	435	963	755	19	1627	674	1448	908	886	362	189	176	1647	132	1034	161	534	838	1534	618	1368	944	43	147	29	1555	697	1419	1623	581	1278	878	684	1207	107	1153	531
714	732	632	1549	1078	63	696	138	294	727	184	237	835	332	594	1712	248	1348	766	1288	1465	1143	418	895	298	1566	457	1061	1736	64	1650	628	100	1686	820	584	127	1447	578	79	1133	1516	442	188	1626	630	276	979	1013	1194
16	932	536	1239	1334	131	792	1275	1417	1509	1396	521	361	1605	246	279	1253	1037	1734	1749	989	222	712	1413	827	692	422	1656	612	758	1677	779	89	1416	974	924	962	1648	1717	1738	449	84	1620	977	1301	1393	629	1501	804	635
116	1384	1102	1294	1739	605	1306	1672	547	207	1548	1504	604	1297	1618	82	567	1411	509	816	506	1136	987	40	154	446	557	601	489	377	456	657	72	995	382	953	467	826	869	1539	196	1460	981	1370	472	230	441	1530	273	1116
1424	1573	33	226	1452	1210	919	420	1512	150	411	1585	1680	751	941	1190	305	271	59	1477	596	609	77	1453	852	1415	503	475	128	625	1248	1563	516	1105	224	1507	1358	1697	1031	1715	592	1257	236	386	163	1713	607	1430	1356	905
1676	344	568	789	1505	1157	156	715	1429	397	1120	1428	45	445	1066	1521	745	663	765	572	1402	1454	292	561	678	956	915	1469	761	1422	1503	871	114	1570	1043	1175	242	927	96	933	1559	549	436	929	356	1087	1035	111	1710	1624
637	1674	655	254	1093	1664	175	91	1314	322	274	815	1236	1123	148	1487	1473	1688	1122	314	450	1572	811	379	104	1316	1303	1221	1274	1345	149	1518	1597	58	299	338	1479	687	1578	1556	514	108	892	923	408	341	1060	267	1197	776
1112	205	750	1434	295	53	1332	1363	324	1385	471	589	802	1166	347	647	42	797	97	1654	469	181	774	1354	1529	1109	1200	277	17	693	195	269	768	1425	1442	1006	1708	208	1375	429	791	879	413	1360	1335	1381	1238	965	1431	1027
