0,1
1728	359	339	174	1158	1503	869	1328	195	96	1290	824	589	1799	531	277	1318	1791	423	1216	1422	1019	1487	1573	248	36	1413	130	1083	115	344	954	435	725	844	1583	842	35	1588	1093	1474	67	10	427	1646	1276	1535	267	1277	370
846	1706	1635	772	1112	1355	1805	211	1442	775	1243	332	566	94	778	593	1626	318	1549	1069	491	1367	691	1418	369	1226	1831	596	1350	1049	1752	930	1143	315	337	1725	97	1846	384	1391	120	1150	274	1347	803	1574	449	1490	976	1148
1041	802	1711	217	31	108	1022	1247	37	609	518	866	968	1434	970	191	1863	1710	348	345	700	617	1067	375	798	666	1126	1002	1565	1609	1694	1323	176	1443	1700	1207	996	60	1482	1590	1512	621	1655	608	805	1324	1763	29	636	143
731	660	1601	1342	1630	939	299	1394	591	854	966	163	463	233	1837	212	604	1297	1424	426	123	230	64	1693	202	1868	1670	1803	342	1317	1221	841	367	512	661	1650	961	1587	1246	1796	882	1346	1770	794	69	1741	1343	1659	1242	1301
1758	835	1218	1570	1842	764	27	1737	1420	317	1450	1005	1179	1664	484	334	1824	1040	598	1614	1174	74	821	898	752	614	1056	1738	245	1009	692	47	601	56	24	372	48	1743	720	1714	758	738	1278	887	1322	418	705	880	1162	1438
1007	1	102	756	935	1673	1399	417	1524	270	663	567	1584	1534	863	244	631	1437	839	817	831	612	1857	1402	220	142	1665	994	1441	304	881	936	1473	68	1600	429	379	1122	1046	1518	1133	225	278	1825	739	131	1653	1212	1668	1637
11	1335	916	471	528	28	1777	1783	1537	667	767	1705	1719	1026	494	458	1809	188	845	312	876	558	1164	1115	1161	329	1560	819	588	524	883	571	125	1871	703	112	1643	1452	1616	1380	955	1521	973	1671	126	475	1586	1712	510	986
34	799	273	1571	1840	301	1245	990	1268	1699	1427	1688	87	565	893	1455	1787	1285	1311	833	1195	1000	1082	1508	618	428	900	860	1369	945	696	1881	1835	1155	1771	981	1145	894	643	85	684	1742	693	1546	454	1875	1254	1563	1363	1253
507	1334	470	579	1553	537	1556	336	383	1050	808	1090	450	816	1453	1051	440	385	1732	1012	708	1286	1830	264	779	243	203	850	669	1404	564	124	110	562	1542	730	307	366	689	555	398	133	991	654	1509	638	904	811	1516	414
1604	1415	1704	1603	1076	7	1672	906	529	326	218	637	1241	1847	539	1628	1215	1465	361	1211	1882	633	392	1042	879	109	999	171	577	1591	403	838	1499	1684	1769	769	940	146	1326	1234	234	145	153	1298	563	1199	481	1396	1703	613
1460	1852	1176	1099	890	657	452	823	1081	1644	1114	16	948	1153	822	619	1851	75	1191	1642	1676	773	1660	1198	1031	45	1274	190	1551	1200	1775	321	761	734	963	1785	1426	611	786	1720	949	1780	1564	1063	576	942	73	685	39	1696
1802	1468	1608	1160	941	1416	1724	1480	1016	1203	896	413	118	1548	857	1866	1129	1555	303	175	1848	323	1055	354	1219	1352	922	962	298	1870	1257	43	1515	228	247	1288	1104	1448	194	695	679	237	1811	1645	1631	114	1003	697	840	1621
1832	486	895	1172	261	828	222	1359	1053	1795	707	920	1470	1661	1767	1085	1408	533	810	1436	474	951	1284	544	1358	33	1108	1173	1139	1062	181	421	501	223	489	23	1256	573	1088	800	1634	750	1786	960	1510	1414	1373	615	1744	78
179	1680	815	832	1061	616	1721	121	72	781	483	1235	952	1378	1131	1068	827	1579	1117	1633	1157	1790	1760	946	774	1853	1296	1612	1843	1502	861	872	754	216	1639	1788	1138	729	1300	1861	325	735	139	271	147	580	1652	1679	886	721
957	784	1807	1558	1273	1544	445	1144	387	909	1745	305	1295	559	668	3	1475	1084	1167	1610	649	447	984	572	1594	104	363	795	829	1562	1623	953	1292	1472	744	1313	932	1686	1178	1249	907	532	1772	1214	22	164	855	1605	742	1717
1348	1746	381	1035	1109	151	514	461	1687	1559	365	1773	172	1531	513	229	1102	1197	1624	1538	1365	1425	1810	80	1517	1048	438	157	965	186	1266	763	924	1283	992	1410	1064	1371	722	177	197	1572	1272	870	719	1265	982	1185	1761	1231
1034	341	1111	1625	482	1074	723	1429	1304	498	704	431	699	1341	1259	300	874	276	282	358	1543	706	52	718	899	980	1766	1217	820	1869	467	1716	411	678	1511	1208	373	20	1801	152	1774	1377	776	1181	41	1175	1459	1428	1351	1525
1731	280	495	173	1238	1845	550	439	1513	51	1305	425	1196	1086	871	224	1784	1163	294	625	538	1156	76	1507	30	204	1864	180	647	672	420	1321	199	997	122	496	525	1375	213	1054	1638	1192	255	546	106	1030	897	1456	1669	1044
688	1189	1332	238	1307	374	6	1309	226	859	397	1407	789	437	419	196	964	843	520	378	1471	1794	1151	603	442	1797	792	82	521	1018	1506	1528	1128	1333	1269	500	287	335	1349	416	1094	995	169	1193	751	1841	1561	1430	891	1124
1829	1798	511	788	1726	349	793	1817	240	658	1718	1014	1357	915	858	479	1092	1079	1058	1330	590	1469	235	665	1329	236	399	95	284	1838	441	809	554	1232	492	1152	1327	155	1398	1757	477	1823	1392	505	1080	1339	101	215	748	1677
979	140	1227	903	1025	582	1403	987	410	79	302	253	1753	249	1202	205	1486	393	1808	1205	958	88	242	1116	1708	910	989	782	250	99	1137	1690	1379	193	1592	1201	504	1261	1059	116	434	443	745	526	1691	53	132	1171	682	873
1331	1008	683	1479	141	508	905	1015	1166	1674	1186	908	57	285	1750	884	1013	138	646	1493	812	933	92	1496	712	135	1303	1187	448	1264	687	1316	1461	1697	1589	1568	1657	386	1620	65	1532	262	292	1636	1177	1220	1183	1029	12	1762
1667	711	1577	675	1618	716	9	408	1100	1423	1057	628	42	1682	1263	1101	8	1540	1395	741	868	192	353	1818	444	1302	1747	487	569	499	49	622	1036	1141	1640	1599	548	585	912	430	545	259	807	530	1476	1813	170	702	252	911
1338	602	1839	1867	971	260	322	867	1118	635	473	629	351	709	931	1087	1567	83	664	457	1466	357	254	161	1140	1457	19	1695	485	263	1779	167	295	584	549	969	100	1382	592	84	1184	519	456	1619	1858	1505	768	578	547	1467
1602	293	1740	726	1123	1617	804	1463	415	1764	1132	770	743	1293	988	1729	1252	673	698	1353	1190	1308	1678	993	1165	1255	913	183	517	834	878	983	1405	568	950	1727	1337	639	184	309	198	1319	1749	1431	1500	1320	1244	389	1593	814
159	1071	790	166	1800	1576	1435	681	610	623	1401	1856	1878	1045	1663	536	791	594	1089	1759	460	1597	272	200	311	1052	1581	1188	581	1023	1121	937	1017	1880	1154	836	402	1411	1120	352	1748	1723	1248	943	1385	1439	1647	1765	1134	21
1194	1096	1792	1239	1004	388	1656	105	1815	91	740	771	626	1814	1755	853	156	1281	1449	967	466	1879	1627	1223	1024	497	86	1251	396	257	1658	849	1306	231	1260	462	1730	1735	1519	407	1028	1262	1709	296	1595	1751	1464	1282	478	1001
503	107	765	934	377	70	1105	1432	390	424	1213	333	1596	728	641	862	1370	1698	1142	1360	154	1582	600	1855	1622	136	50	864	753	1491	1611	241	757	1675	98	1685	451	1736	583	1107	405	956	634	694	61	1170	400	162	59	1011
306	1027	316	759	1541	676	1354	1070	651	119	210	509	523	1585	266	570	1683	129	279	522	81	926	888	14	469	178	947	1314	620	1854	111	677	1135	468	1606	1038	214	1462	327	160	476	1873	26	1497	1782	182	1039	25	275	1533
901	1819	1073	885	38	848	1481	1821	586	1629	382	465	343	1739	1336	1734	66	1229	338	1250	642	289	433	148	852	1325	686	227	724	149	1236	975	1125	1876	1310	605	587	1356	737	488	1504	659	1433	1047	1386	113	1523	1702	308	1834
265	1778	320	1389	560	1812	1209	1446	851	63	889	144	219	1827	837	928	1756	650	1484	58	1654	2	208	1836	599	938	1501	251	391	1529	1299	1372	1130	541	1649	959	1222	17	542	1666	1010	575	281	1376	1280	1113	1865	1383	187	207
165	1312	927	892	246	269	1662	288	830	1182	1275	1536	1060	394	701	977	297	1043	978	310	553	1291	1136	291	632	1315	1768	1789	787	918	644	714	1776	189	710	1271	5	1598	925	1169	1495	1228	515	1384	1421	826	1340	432	453	1557
847	362	1230	1826	127	561	1575	209	314	1447	331	656	552	404	806	1498	368	1641	1225	1066	902	1412	117	493	1294	324	556	0	1033	55	1793	1127	1806	455	595	1722	1820	717	875	319	1409	1580	1874	1458	18	813	1400	1849	1210	1110
350	1527	46	168	674	944	340	221	1804	436	1483	1844	1514	627	998	1530	258	137	330	376	1006	1478	158	972	1204	1545	32	150	1287	777	103	347	551	540	1374	727	516	929	1037	1237	1489	206	1689	985	1877	1566	877	1279	412	328
648	1607	346	1451	1733	680	1872	736	1707	607	917	1445	1494	1651	459	1397	1072	1859	506	1613	1781	1106	923	355	1119	446	1091	1632	534	766	422	380	201	1381	671	128	1168	1020	401	1233	286	1522	268	90	1065	464	1361	1440	1754	1258
1390	921	1077	690	785	1267	1103	1075	1550	1648	1362	1364	797	1539	535	914	640	1701	713	557	818	865	747	313	749	1578	232	364	1615	185	1526	62	480	732	780	624	1547	662	746	597	1270	134	1021	655	856	1485	783	360	290	1206
1388	1816	71	4	645	44	472	762	1492	801	796	715	1159	1454	1681	1419	1860	1095	630	1488	1833	15	1417	1240	1098	1692	1862	760	606	919	406	1850	93	1554	283	1828	825	543	1345	652	89	670	1822	1366	653	1406	409	755	13	1477
77	1078	1715	1713	974	1224	1569	574	1146	1387	1368	54	395	239	356	1552	371	1444	502	40	490	256	1097	1032	1520	733	1180	1147	1393	1344	527	1149	1289	858	892	1088	137	172	1348	1382	917	898	914	1130	466	1634	1630	1628	1122	1175
1272	155	943	1535	1349	903	925	1259	204	853	1095	1844	378	31	608	1759	1794	842	1134	450	1446	550	723	1012	446	270	582	1168	1593	1621	676	266	1050	135	1553	1190	81	980	1756	381	666	1451	66	1829	1067	953	755	1103	416	1359
58	1119	344	248	141	29	483	1143	1133	106	1015	590	1799	1343	1241	883	1490	673	514	1000	1274	140	330	765	1287	1008	9	807	941	189	1705	1147	166	170	653	1437	1509	827	686	1442	368	1688	959	1533	1845	1315	828	1853	848	1651
1789	445	51	1192	1687	1738	90	185	998	683	1710	196	932	987	592	1476	1189	1788	1364	1811	413	1230	300	364	370	1049	1228	1106	1345	1410	168	1748	1236	1383	404	983	1549	1097	511	1444	1318	436	1609	97	725	1073	1474	1111	1716	640
851	1783	452	679	767	1069	1640	3	911	1508	1165	1121	339	449	1638	430	1176	536	1105	695	1131	839	1301	1094	247	1153	850	1623	693	606	860	951	950	291	464	1387	916	1112	1775	1114	1109	1135	162	1019	482	294	775	91	1702	1615
181	441	1214	877	267	1725	1079	1368	555	1696	366	487	1325	1053	319	298	95	1523	4	409	1664	521	615	1504	559	560	1205	566	197	1390	960	1405	398	414	1295	1681	420	1164	1757	973	1334	600	570	1360	1507	884	1782	704	740	1208
1310	984	1805	1863	254	1311	845	1802	1453	443	382	328	869	954	546	1393	1487	1128	577	1728	1717	1755	736	1772	30	772	1243	515	1735	1625	518	1443	457	790	603	817	822	1768	488	1577	978	1077	1499	1052	985	1810	1519	244	1786	1006
1600	164	1823	708	1232	1465	645	1101	1647	733	325	924	156	904	748	1855	977	177	470	1363	591	1825	1556	235	1819	1557	691	961	681	1561	214	1374	1386	1540	10	37	1054	1586	1555	342	1491	363	963	260	497	22	838	1714	768	116
1024	885	709	1712	770	412	1567	655	1852	1524	974	1584	1531	661	584	1634	1273	246	690	427	149	831	727	1661	1204	900	283	346	1816	175	1225	762	672	852	1020	1264	67	1595	1693	937	1758	1663	751	1336	609	1682	529	599	865	286
146	54	573	68	1642	139	921	125	1154	1765	887	1704	205	1162	1573	1159	376	1157	85	658	143	203	1635	1296	1646	1419	347	516	121	468	20	791	477	1372	894	284	1678	15	17	1182	293	1790	1689	289	341	957	88	216	1848	147
423	1282	1832	1397	327	46	1520	1711	123	637	1692	1753	970	1739	527	1249	621	1044	1330	1299	994	1614	1525	774	1004	1641	731	644	714	502	1475	1639	263	1479	1194	1770	459	809	1355	1203	1003	1218	1806	159	0	982	1148	1014	692	43
616	1087	1654	355	612	889	1429	553	854	1840	472	1285	218	593	1522	821	1498	1511	70	365	1854	1858	1292	1242	766	417	1007	908	1306	1018	622	792	613	103	660	83	1579	1193	1244	115	1722	406	1560	1580	524	867	1743	569	1723	605
749	952	1815	101	1096	1471	532	1144	245	1763	1074	1570	1156	492	1529	632	1036	136	630	132	1583	1207	1649	1677	662	120	229	176	1780	1543	1300	964	1328	318	892	862	891	1099	1021	259	1434	543	1047	202	1224	909	1833	503	1870	995
1582	1043	784	912	1737	843	392	1715	1550	801	1438	1198	1035	1463	619	1275	1632	1835	785	1357	1127	726	1482	207	1814	1552	761	1412	1132	1477	1656	620	1752	1145	881	758	718	1070	45	362	611	1313	1331	396	433	264	1795	321	1166	554
1138	1822	549	99	53	290	476	1824	335	1183	846	1361	1633	105	107	276	142	1851	354	607	832	227	320	989	448	1029	1341	1042	614	274	1620	969	1	1631	1562	23	1381	1670	379	1184	897	732	1574	677	1288	1644	1124	835	760	273
967	1750	1217	418	1326	1459	1537	424	711	547	1506	281	1332	386	206	279	1494	179	269	1709	89	855	1039	508	1821	117	805	1055	579	130	588	240	1452	242	738	866	131	230	360	1791	589	1873	1167	789	810	719	824	841	1414	914
1394	1327	134	14	42	1428	602	834	1152	1110	562	1252	548	1030	1767	688	257	1774	647	1685	1340	1222	233	1624	776	1337	595	1539	525	1749	28	333	1839	1277	169	753	997	282	1547	955	750	1880	1378	1354	873	580	1267	814	1480	1185
7	484	16	1619	1435	990	1740	1422	474	1104	624	222	372	133	1170	493	32	1532	1057	40	698	393	190	314	172	1239	94	793	1672	646	639	623	1650	1161	918	1850	537	271	126	1578	1009	76	888	1472	201	1321	1820	747	385	1309
1433	1515	859	322	1212	329	1210	491	808	1056	422	966	638	1303	389	1726	494	1559	1616	587	1563	194	837	1448	1648	71	700	475	773	1694	1488	261	535	1362	1385	1872	597	972	1581	397	707	931	1830	439	98	212	306	586	1060	137
1862	1592	80	338	432	435	919	310	1588	1817	1876	453	1058	1879	829	373	60	857	1458	1691	1350	57	735	928	1151	49	323	958	517	74	311	581	1518	1269	1449	192	1237	69	1409	454	304	1481	1140	1255	1534	1139	826	1346	856	1307
1011	1117	1590	1478	1213	633	1754	1859	1843	1882	340	498	840	1066	949	1864	1706	1776	238	1137	880	1510	307	224	1701	1141	1503	1708	223	1742	465	1078	275	667	864	1229	1668	965	1645	764	219	161	48	697	906	1358	1424	1263	1856	1371
1528	1251	1235	12	1527	11	262	895	1089	1606	1001	1122	729	467	1787	1425	715	1033	171	705	1868	39	1544	1265	1040	388	1268	929	712	1065	1150	1146	1023	1566	1175	1432	1248	1460	795	899	739	993	1246	1404	285	1373	1348	440	986	930
402	1603	1091	722	1329	1160	1721	1801	1291	1423	1541	1596	1280	1497	331	351	110	876	1090	231	102	73	505	1455	1464	1174	1396	47	1158	618	237	1700	818	886	1172	1322	1719	557	1878	374	545	1351	1467	847	129	816	1690	1086	24	1377
1605	890	1302	778	303	939	571	228	375	797	742	463	631	394	803	696	1298	183	1516	272	377	1659	1454	744	1496	796	334	1088	277	1495	1457	1045	1370	213	1777	408	1729	299	1413	1734	1812	1865	114	544	316	174	787	1171	1430	868
1276	1080	1612	568	1379	1838	485	251	361	1293	234	1216	1703	879	358	35	836	746	152	882	350	1120	1418	1793	239	594	576	893	1027	1718	44	1261	538	148	551	411	63	1041	78	1618	574	50	8	447	250	1173	1727	92	337	685
1399	643	1741	1188	1324	1679	1501	481	934	1116	109	336	165	1283	268	96	510	927	1085	1196	1199	1461	898	1803	1025	1369	113	1683	737	780	991	815	309	703	1163	1391	1401	1289	1809	1279	861	752	1686	1773	988	1180	1197	59	910	1622
195	1818	1842	243	1233	1744	534	659	154	575	86	1130	1209	400	151	923	542	1587	1308	1221	288	1860	1861	806	1335	390	496	500	1028	1764	1713	1680	253	1075	783	1398	489	112	1617	1611	1333	1630	410	349	1010	804	461	1200	1294	1037
706	849	1201	823	1530	345	1342	572	1792	1046	981	1800	947	1059	802	180	52	948	902	1785	1731	1016	1602	1347	480	1657	1262	1395	756	199	782	1005	305	601	757	1813	1034	252	1063	1092	567	26	945	1877	1542	665	93	18	1366	938
1869	188	25	763	1526	1115	150	1240	1319	462	1751	1502	905	996	1784	1427	1730	798	1707	1486	1473	56	1797	721	1256	813	1629	628	664	1699	1375	383	769	278	1627	226	1837	1072	1554	1736	1514	1484	407	1653	1270	426	62	127	144	1284
519	1227	33	1585	649	82	1695	1367	1013	1469	530	626	1576	1278	479	501	391	1238	512	1416	872	1658	36	1867	926	675	1846	1720	1456	1517	77	1760	466	415	1483	956	1271	2	100	604	1022	1365	1389	1068	596	670	858	1575	625	812
387	863	1155	1684	585	258	509	421	301	1698	1572	1031	1062	1281	1093	717	915	1226	158	1558	1260	75	232	1828	1107	255	1344	119	19	634	191	1290	1769	1771	297	1545	979	64	523	1636	671	55	1732	1191	1450	308	343	754	1076	1521
21	935	779	236	1778	874	419	1807	610	942	471	499	428	1779	469	654	405	1179	1417	1440	118	875	217	6	1849	458	962	442	1466	565	1675	669	1489	539	713	438	1766	220	1339	680	636	1597	1601	825	541	1304	128	920	513	1431
564	522	138	380	1258	1512	651	210	1305	878	265	657	710	178	1323	1017	359	1546	1129	1126	437	1215	1673	558	326	1411	315	1761	687	1538	1628	788	13	1061	72	1871	678	870	1098	1505	1866	1223	507	1804	1536	896	1421	352	401	1102
1447	1245	1297	1071	160	1665	1415	1436	1571	1513	975	1470	1492	280	1206	907	1002	187	296	1468	1136	371	1177	741	225	799	1589	635	1565	1202	111	1826	1655	1669	1384	34	526	122	399	1353	759	1626	1266	682	650	1108	944	1187	701	1083
811	1286	27	1445	724	1798	1026	1186	460	287	295	531	1548	1671	734	627	1674	1426	313	1181	104	1662	1317	1724	936	455	1312	1462	771	1388	211	157	844	1834	1831	1598	1875	1796	533	324	1733	1564	302	913	648	153	429	833	1118	367
1234	668	357	1781	1408	1762	1607	395	473	917	1376	1808	716	786	356	1352	1257	561	486	583	1608	800	1100	1637	684	720	348	520	730	1123	1836	642	656	200	256	540	1676	403	1314	933	1081	241	1082	1064	186	976	1038	1667	65	1881
456	173	1032	353	1827	1500	794	694	745	1847	317	663	1231	1569	1338	1441	504	434	184	1403	1051	431	1493	563	1613	384	1048	490	871	1356	1084	728	193	1568	781	215	1253	1247	992	1610	444	79	312	1320	999	1697	1402	1195	1439	830
1747	1125	1857	1169	971	198	478	5	1643	163	641	1407	1142	221	1591	1254	369	689	1594	1406	578	182	1666	506	1178	38	61	1113	743	1392	292	1604	87	552	1380	425	1149	598	1220	1420	702	652	1551	1660	528	209	1746	124	249	819
332	167	1316	777	901	495	629	946	1841	699	1599	1250	820	108	1485	84	1382	1219	1652	1874	674	451	41	922	940	617	1400	968	208	1211	145	556	1745	944	1647	330	1659	1861	972	224	463	258	1862	191	1295	999	1413	1629	636	1224
726	396	1189	1463	728	1280	1755	607	1075	798	1654	807	874	519	41	1293	324	1679	1791	1555	373	650	100	1184	665	1716	1185	822	1457	1871	412	589	366	1599	1169	886	267	1334	811	993	355	1496	843	149	567	1140	1601	115	368	802
880	1335	1114	1877	71	1658	1015	246	389	1594	1377	128	1710	200	689	756	482	1001	944	77	1838	1388	349	625	1285	1516	687	578	1096	551	1603	1036	579	928	140	1512	1142	801	1007	245	1064	955	148	539	201	253	914	1009	1305	219
391	1402	1301	459	958	584	572	506	865	741	632	104	507	639	1514	437	448	66	1703	1435	325	586	1600	131	701	134	317	1498	582	982	1544	1367	913	1332	967	1099	278	1722	936	1811	58	1044	739	5	1456	290	1526	673	417	1398
619	1618	779	714	166	1094	724	243	1160	905	1566	571	842	1490	1617	518	1307	1876	1547	298	477	84	752	1303	765	591	1702	1493	1438	762	1381	1835	1598	24	1869	332	1552	820	1070	1370	223	727	362	910	266	1623	705	1774	1629	1108
1389	1689	1762	164	229	468	380	78	788	1826	1572	713	273	1631	255	1651	1206	1113	1170	1144	156	143	1754	1118	1173	527	480	1806	1748	1781	1316	272	14	992	135	1847	845	1348	1742	1740	421	1734	790	1112	1422	785	285	1515	1226	185
1849	297	1472	1744	1630	1346	1230	859	237	1471	937	1017	1362	1052	434	344	631	533	414	1213	397	1745	828	544	888	1399	782	1244	553	1465	794	1329	1294	1109	347	1424	1330	1827	1799	1417	744	588	1353	342	97	377	158	1079	1066	1788
735	873	1756	29	180	141	655	1751	1492	454	515	407	360	837	1132	1047	280	610	1208	125	390	121	541	1178	1772	1660	1354	805	900	750	485	1282	1592	1153	895	546	862	1832	1579	626	1103	941	1721	1557	67	498	136	1677	1183	540
1391	781	442	470	1324	1117	1561	1405	1297	1517	667	31	1604	492	431	464	1314	916	561	1373	370	168	1284	241	1241	291	1556	430	1289	269	1003	1625	775	142	1128	757	403	270	574	1325	1290	637	169	1268	1152	856	238	81	1446	867
1817	1571	1394	809	279	821	209	445	710	1101	935	1874	640	678	1400	1271	1107	1396	1606	1365	176	1171	1749	531	1518	1005	1162	86	352	1525	208	333	832	1511	1260	1760	1028	1328	1421	940	576	1628	193	1610	1624	1850	61	1775	1251	87
212	251	1161	1087	1510	1810	1040	1247	1430	1154	1802	620	1819	1317	923	53	39	1559	560	799	729	1653	1278	1449	748	1191	1302	1615	653	508	871	1816	1682	235	1477	1175	1454	1619	974	1500	810	605	274	1568	1201	1198	646	997	1717	1540
252	1133	1326	966	259	998	526	174	609	922	207	1127	422	1771	793	18	1507	868	363	375	825	876	54	829	601	1666	127	1022	1383	995	523	1190	1033	514	1581	719	286	787	657	202	1088	1753	466	1466	999	276	1824	1612	683	881
622	887	1372	327	56	353	575	1229	590	16	173	1627	1818	211	1632	535	510	191	534	1879	1860	1708	1239	69	181	1192	911	592	1038	1823	769	378	604	1475	669	786	1735	716	376	20	497	12	570	1882	970	32	861	415	1374	815
438	846	439	76	907	1851	702	1345	139	721	440	106	1562	1095	557	789	1657	841	1442	82	1460	268	133	340	648	388	1296	1211	776	1840	664	213	1467	1214	1264	1523	1589	47	696	288	933	1220	1401	1426	1782	358	634	171	335	1541
1384	547	460	1668	505	568	1870	1451	1766	496	1419	1331	755	1767	1179	1670	1115	1210	1795	1533	1662	499	1852	1534	1167	908	1143	1476	692	1104	224	1459	1506	1029	302	1217	91	1209	107	306	1131	436	731	1258	1025	1288	1683	950	1253	1093
1193	1168	1413	410	1014	827	1474	943	1085	760	834	339	1200	1049	226	679	1053	745	1083	618	63	123	617	1669	1843	1789	545	980	112	33	869	1437	838	1121	1042	408	529	520	1232	1074	89	1718	435	178	1486	599	35	474	1633	1726
1864	1371	153	462	260	1225	1844	780	1002	813	1333	303	476	919	1355	818	1825	1719	847	160	918	95	1205	606	938	1458	628	723	1690	1686	334	457	500	1216	968	521	839	1499	1102	234	583	525	122	751	558	1675	1531	522	1410	949
21	1479	987	651	1793	893	1448	1695	675	458	443	1299	1626	1046	684	116	671	1256	323	1194	1433	220	1043	577	833	1259	296	1360	1697	1621	1542	1484	1558	1081	603	351	1207	96	372	1077	942	321	172	126	17	1693	652	1792	1455	196
1730	19	1041	1473	481	354	587	1434	946	615	150	1086	1105	722	387	371	1026	374	645	988	1560	314	1275	59	1098	1821	65	1634	1862	1089	709	860	1376	730	676	1613	654	1485	1397	424	548	1673	1797	1006	875	1291	1481	1308	1642	1051
420	1361	428	1671	688	517	254	1292	1270	1359	3	1698	1215	1820	593	1387	256	1586	633	1770	1591	1696	1097	530	1061	1659	816	1320	1262	4	329	1034	1779	889	1150	111	1180	1385	952	1363	159	562	693	659	1110	26	400	1491	1596	1595
872	1149	1855	1164	1733	258	666	585	976	934	1019	661	1364	915	490	449	712	1616	92	1769	124	11	896	88	532	1263	1090	1714	1254	450	1508	232	44	680	981	1416	1875	257	13	948	1585	1573	419	1204	770	1423	717	1257	1704	1286
1000	1172	1828	117	564	418	216	963	283	369	1100	1202	1641	1404	293	337	1306	912	1550	1747	884	1411	1528	222	501	1645	49	113	1123	48	1337	1092	167	151	1068	1218	740	1018	1461	190	1248	187	1773	858	114	1382	1713	1073	1505	25
904	1563	1727	1535	711	1687	1071	228	130	552	1519	877	623	461	854	898	307	493	1796	581	475	447	1120	1274	393	300	616	147	1801	600	627	2	1731	1197	1647	1010	613	1122	152	1488	1462	40	996	239	1309	1439	1255	9	1412	1834
1648	1495	516	326	242	60	1524	1058	715	1765	1021	1378	1736	1497	1235	154	685	1489	945	265	1310	931	15	1338	1351	1266	698	524	1608	686	262	118	70	699	1705	1812	404	920	1311	595	986	1688	734	1602	1836	1295	98	767	1045	1147
706	906	93	413	1478	1590	37	1186	594	812	1878	119	478	848	1313	656	1743	36	753	27	695	883	1681	621	1	1135	1224	1415	1636	473	738	1223	189	318	85	1163	1406	183	1569	691	550	1445	1787	484	1532	921	145	429	330	192
1420	1273	638	1432	749	903	890	194	704	295	766	563	1352	367	778	511	1880	1056	1336	975	901	426	969	1386	761	1527	489	1712	1664	1427	1644	322	747	102	1261	1720	233	635	357	1366	1652	338	1548	1016	1024	1187	42	1469	385	1008
663	304	1815	1158	1503	214	1343	1403	444	1369	1031	1674	495	642	1319	1339	978	1195	953	763	1711	341	1084	51	287	885	708	1663	742	218	855	244	1318	22	1431	1780	1450	1866	1199	361	195	292	977	1482	1298	110	155	487	120	1858
179	1578	205	1082	1196	1072	1392	1649	764	1408	1539	844	275	433	392	737	427	1228	1701	365	796	814	1379	1580	75	282	1165	402	343	319	1656	455	1236	203	1622	624	1841	248	644	1125	850	569	1583	954	1829	186	1065	38	1856	672
956	1764	1842	1643	1212	984	537	985	823	703	1678	743	336	1597	494	1830	674	1845	1861	1545	1418	566	1012	1349	1587	1520	227	959	1347	864	808	471	1277	602	467	899	215	573	1393	1375	409	74	7	157	1620	909	491	503	1684	758
1315	857	1646	452	879	806	50	1570	697	348	1785	129	512	662	1724	1752	549	1129	1076	199	649	217	1279	1243	301	1395	483	1833	1267	768	1116	1440	479	682	1468	1553	1358	759	261	513	960	451	1635	132	1188	1554	754	1004	383	700
364	1067	1174	416	732	559	1758	1480	1567	1729	1807	1709	1746	660	1203	488	80	289	694	1341	62	1881	771	1614	1091	720	1757	1530	1784	643	30	924	399	1661	162	681	446	1464	161	1605	1429	1699	1728	206	902	109	538	1181	1868	1027
641	1327	1863	453	1706	1822	1032	1342	271	264	971	1513	836	989	504	1798	1425	52	528	250	1166	328	1831	83	853	718	1564	1637	55	658	852	1576	596	236	101	1737	411	1130	947	973	870	1035	381	46	198	1611	1063	1546	105	1778
746	1428	556	263	144	1452	103	612	1667	331	1839	1252	425	897	204	1549	1494	210	1776	1300	792	1138	379	72	773	1249	1368	926	1344	309	1323	68	1080	1106	1837	1242	1814	423	1136	1537	146	1575	1761	1119	1738	1813	1607	1151	917	1020
1237	819	231	1739	175	165	772	1846	536	866	0	554	991	1504	1759	1219	1062	1804	1238	668	79	310	1865	882	401	1312	1577	725	925	1521	406	1522	163	878	1529	1565	891	247	108	465	1638	469	1593	320	598	299	356	1873	830	677
1790	1059	965	1321	930	43	1694	1304	472	835	1680	137	1272	64	1470	979	1145	6	1487	8	1848	784	964	1245	894	797	1048	486	795	608	386	1037	1732	774	463	313	1283	441	1783	892	1436	1227	350	1148	509	249	502	972	1685	542
1157	432	182	1039	1584	994	1055	929	346	1800	580	1853	1650	1069	73	1483	395	1407	394	1060	1805	1246	316	1501	1538	405	670	1054	284	863	312	1139	629	1691	1350	398	1240	1723	1234	221	1715	791	733	1857	1808	1768	1233	1872	1536	1794
1809	1803	927	308	1588	1551	1057	1409	611	826	1543	1672	961	1867	277	1050	831	1655	1444	647	1182	1356	188	1453	707	1509	983	851	597	630	94	1380	800	1281	1134	1582	1574	281	1390	1692	1741	804	1725	849	1231	1859	384	565	1414	294
1786	99	10	1676	345	1854	1443	939	311	990	1665	1322	1023	23	803	1750	1124	614	305	1141	957	34	636	824	962	57	1441	1146	1222	170	315	1265	1640	230	951	456	1221	1777	359	1447	225	1030	1276	690	736	177	1502	1639	1250	1111
90	1340	817	197	1177	1269	1159	45	777	932	840	1287	1078	555	1011	382	1700	28	1609	1763	240	1137	1013	783	1156	1707	1176	543	138	1126	184	1155	1357	1755	1654	170	675	351	1644	209	1194	721	826	1694	582	522	121	1240	537	549
1580	43	576	854	967	364	618	375	297	1395	206	217	1835	1756	664	1190	1642	786	1344	668	242	675	1013	1846	638	337	73	1600	348	651	959	1120	1488	1628	469	87	1083	1045	1574	187	1429	534	1808	501	458	226	254	645	758	1281
1289	1861	521	1416	1219	1594	491	154	1601	1412	166	1176	1459	661	712	1542	1607	783	969	334	1358	1591	49	256	1845	1737	1648	878	158	658	742	617	1682	303	1786	1109	1815	174	285	1697	812	354	99	1465	1195	1076	479	1837	1160	843
1349	648	877	1665	102	1803	682	147	1047	733	1276	1294	809	1762	1566	1314	1640	119	1443	300	27	1091	240	332	1860	464	1660	1403	596	853	486	956	917	822	1514	1433	1164	120	149	1167	1784	1386	1466	1312	866	1616	1305	249	1130	1141
1009	684	1397	667	943	1858	1279	857	718	839	573	1533	1402	360	353	934	653	1178	560	654	580	1496	1180	1540	1650	1767	1224	28	807	1189	1621	1704	665	1063	1411	113	940	1608	613	874	341	1627	1389	1700	762	175	44	1114	1213	1771
1556	432	304	938	710	1193	1528	1058	232	995	1079	1251	1238	399	727	1169	392	1584	72	968	1664	23	1721	117	370	1732	1641	1570	631	1477	1663	349	1147	1530	17	1353	1287	811	1673	1107	1042	1317	1619	698	932	1716	145	561	1202	1801
263	594	1757	1687	19	1547	1525	1010	1350	893	442	454	1474	1599	35	1272	961	29	453	1419	1825	146	30	1150	749	975	237	1137	1321	446	1536	602	151	1545	1269	1259	883	845	1301	708	732	1035	1742	626	95	1404	795	536	153	1695
1214	1409	1435	164	1804	283	1094	748	756	1183	459	16	622	973	1232	588	495	209	1406	1680	1311	444	1075	1447	1532	8	452	715	881	1037	74	1090	1030	945	305	230	1745	302	1559	835	1810	1053	71	416	395	351	702	1054	788	520
402	121	1723	970	1582	1369	706	1320	1240	1382	544	550	976	1256	964	1283	695	992	415	826	531	1612	908	1155	32	909	374	409	1593	193	757	1318	1293	1638	598	506	273	1413	1730	1876	238	220	1670	562	57	972	504	905	262	1118
739	781	1691	425	581	597	723	769	222	1453	776	894	1595	1128	707	700	916	714	1656	1589	982	63	906	784	1038	509	1187	1407	196	1367	601	1785	1327	844	1735	1384	1774	1203	820	1823	519	825	1850	418	1630	229	804	1851	1243	397
1880	794	1460	473	1879	1501	1005	205	58	1485	1113	1103	477	1632	1370	1019	1373	1444	47	1036	33	406	385	923	467	1049	1750	633	554	498	1284	1422	903	1869	583	1872	1182	542	133	569	1268	1323	462	373	1802	711	994	901	369	1324
172	1046	40	381	1506	639	1874	1454	565	614	108	884	526	111	880	605	716	328	264	488	1797	1400	864	1376	290	1106	1765	1696	1882	478	310	834	126	1707	1362	472	476	765	319	847	1457	1635	1334	1662	743	1134	22	1093	296	188
203	474	1575	1145	1383	440	571	1080	284	875	245	1503	1462	1871	1796	979	439	530	1274	862	724	960	250	704	1484	1012	359	951	379	12	1526	1681	331	10	1135	65	1112	1512	518	591	1782	1295	1674	1799	529	1235	324	833	1124	499
952	705	1544	1378	247	221	1074	1537	218	537	41	427	1684	726	309	62	1631	1645	1156	1769	1539	1620	322	777	543	194	131	167	466	513	522	1143	686	1546	1417	1236	1420	45	623	1341	1179	1834	1499	941	913	646	429	181	1392	1587
753	792	1056	346	1563	152	1099	423	1149	643	1629	299	269	677	922	1831	1198	1040	1163	1286	366	110	1342	1758	1351	1233	627	435	1102	68	991	330	1596	1688	930	410	1561	1833	1535	1550	92	773	132	31	1408	1651	642	1440	1678	403
1319	277	1875	178	159	1780	1573	731	709	829	1763	1636	0	1427	1492	965	514	551	1469	1119	887	942	1218	430	830	183	244	508	417	831	1588	1649	268	1553	873	1225	1078	691	1760	210	1775	82	1830	1740	848	1144	1571	1024	1052	1273
1050	950	1508	610	382	1579	1424	336	1675	5	1061	333	1724	1826	59	681	384	1702	1131	868	134	1717	89	424	136	1313	1210	1733	227	1828	1385	1479	361	497	555	198	460	1498	320	1611	1138	993	1387	1822	135	832	118	115	1244	160
1423	575	1705	1028	936	669	1285	128	1655	1148	1516	1267	471	1615	1018	15	679	687	1657	1623	558	445	1004	1654	1854	772	1372	867	988	766	1711	105	38	52	1633	1288	481	51	1788	231	1396	419	604	949	468	104	1863	1690	1165	582
329	179	396	1603	1764	144	744	327	168	1116	450	1197	1747	184	1401	449	1857	246	1252	634	235	703	1194	380	616	50	1000	398	93	587	780	1264	841	1847	785	314	1731	266	1446	1127	1001	928	1270	94	803	985	720	1812	1345	306
1712	1753	1602	340	98	751	1644	1748	782	549	584	1597	1524	1254	1201	239	1781	821	386	216	274	1814	141	815	70	191	797	1451	1709	870	1686	3	1456	590	754	897	1308	1523	1139	1151	1838	1458	1023	935	1549	1626	358	404	933	456
818	1162	621	895	1464	611	165	1328	989	678	717	647	528	538	48	1715	507	1719	81	978	1101	1777	312	1505	1065	1829	607	214	517	412	140	630	722	636	1522	192	1442	1497	405	1752	1606	690	344	879	215	689	1560	746	1558	891
719	1414	1739	1436	1337	463	1793	1032	800	1431	1471	652	421	568	1720	298	26	981	1463	990	482	1071	1776	1577	557	1132	129	635	911	362	620	1393	1852	383	840	1306	1450	850	433	1335	1140	1136	858	694	271	599	1199	1878	1832	431
1592	1290	612	510	971	523	1557	827	367	155	1583	447	1856	46	1014	1330	1787	18	1207	1749	1848	1394	1211	67	535	286	287	1766	1380	157	1212	615	1304	1181	1821	1263	683	1171	1877	595	1021	204	36	1338	796	997	1689	609	828	1326
1646	1097	1548	1309	408	197	259	260	608	1708	920	889	1461	368	1067	728	426	1089	289	1773	1415	1554	1468	799	789	1470	1371	958	805	1343	860	487	441	1220	1867	527	1265	422	1502	1297	1006	1491	436	1551	663	292	1495	838	347	1170
1231	37	224	451	1754	577	420	326	1085	801	1770	921	937	842	1727	793	202	387	55	470	363	251	1473	1859	929	545	1359	223	1261	4	1881	896	736	1271	1478	378	511	83	171	278	1866	156	1086	787	1519	1298	1025	1639	1159	1398
1227	281	996	88	574	434	401	1026	288	236	1713	1779	345	308	186	750	1379	177	1153	1729	1683	489	1088	1307	1057	1425	1500	1177	1228	101	1062	414	1445	1783	1185	1772	730	114	1529	1534	1666	1472	763	1552	1096	1521	122	944	512	876
257	1262	1242	150	1363	248	953	1154	823	1480	7	1806	130	494	1668	593	253	525	255	1518	1864	851	1017	1728	25	1426	693	1108	265	1676	1609	541	697	212	540	294	1449	861	1672	1455	987	1842	1410	96	393	1247	437	1517	955	721
1354	927	931	123	619	1	90	1494	1677	173	1482	267	438	692	980	492	1653	902	1266	1104	228	578	1069	34	890	553	759	390	1605	814	1255	1142	1658	1685	75	1568	211	1598	1841	279	1055	547	650	948	180	662	54	1490	307	676
1794	1617	939	1246	1541	1489	1133	1743	872	1346	208	1622	1698	957	1439	559	1146	1565	1430	1746	316	1280	552	556	533	624	737	1738	1555	1333	885	1173	84	768	1509	1452	919	1569	199	774	666	579	1223	1204	1679	103	1123	1084	2	671
1667	1734	80	701	1002	1007	1543	1315	869	207	1064	637	1634	1357	1692	673	6	904	483	1152	1511	1820	1027	1292	176	261	163	1016	836	954	912	600	1316	1706	524	280	1441	1291	1039	325	699	1059	1504	1567	1068	276	389	1744	484	1325
846	293	480	376	1405	1377	585	674	413	649	1073	1768	778	1755	1331	1095	852	1538	14	24	69	1813	586	301	1300	200	1481	1659	1157	1082	1792	1229	1778	567	1789	1249	1493	713	888	1391	1003	1188	1206	109	318	791	775	1374	1701	106
926	1158	60	1585	1610	1031	1239	1855	741	1805	428	1870	1340	311	443	411	1034	407	680	241	539	1818	1515	628	760	317	21	85	1192	606	1368	1476	1041	1209	1868	1475	394	170	189	855	899	1172	1811	1671	291	1278	1448	76	107	1586
819	313	39	1258	190	1237	142	252	1428	856	641	566	1191	475	1310	1100	1839	355	234	779	1230	1275	1186	78	1726	448	816	640	589	947	1322	1329	339	657	806	1250	907	1033	738	849	1234	1759	859	516	9	357	1722	882	1843	548
963	219	1572	100	1741	1347	1125	1418	1092	461	64	1332	1015	1257	1241	148	1072	1365	502	632	270	1624	1066	465	1098	764	377	1226	729	1736	127	1751	124	1432	496	233	1060	1816	79	999	1703	656	350	898	1245	1647	546	1853	1174	1105
734	629	871	1048	335	213	745	918	352	813	655	1044	1661	371	572	365	20	116	696	169	1625	1360	1761	455	1175	747	863	143	1126	725	338	1510	195	1129	1205	125	161	1513	752	1576	1693	1836	644	1710	272	91	672	771	315	1714
323	515	485	1296	1008	1111	1070	1798	817	1087	1222	1590	1873	343	659	138	1375	1277	986	660	1390	1438	162	1364	282	1669	790	112	1282	798	685	802	53	1614	1302	503	1604	974	755	1824	1486	1168	86	1483	564	1081	1844	137	900	1184
1011	77	910	625	1122	1817	400	983	1399	1637	1531	1618	1862	1643	824	1336	563	1437	735	1166	946	1487	886	915	1029	1694	892	770	1581	493	1348	1051	1790	1578	532	740	1613	372	1115	761	505	56	592	1366	1253	243	1562	1299	1800	603
1840	1303	1161	1355	1077	1216	1110	767	924	670	1260	837	1527	42	1043	688	139	914	61	962	865	182	810	457	258	1215	1196	1361	13	342	1381	1795	1421	977	1217	11	1434	1117	1352	1022	97	66	1725	185	1807	1020	1865	275	1809	356
1652	1791	1200	1208	1564	1221	925	1388	1827	388	1507	984	1467	295	1121	1248	1520	998	1356	570	490	1339	1849	321	1819	225	966	1699	500	201	1718	391	808	42	811	75	1637	867	1566	1025	120	977	1806	23	1238	32	839	447	211	639
1319	226	1348	1066	185	1617	1103	1505	73	32	130	1819	1322	1583	461	1513	1565	1704	1649	1648	966	1536	888	948	1043	53	1533	87	1427	1866	1045	1425	790	1207	698	103	1355	1161	689	1261	549	177	1156	1435	211	360	749	1239	619	692
951	1320	1283	615	774	296	134	1251	493	1681	1446	1558	1531	714	1719	1754	1410	1084	804	1375	1489	196	630	1750	307	30	1835	847	1405	361	1506	532	1019	1077	1404	1797	542	1518	1631	586	1053	1198	1285	1353	59	666	46	592	1663	1468
1598	1534	1257	1286	284	1683	842	872	347	617	589	1742	306	1701	652	1114	253	364	200	1795	1025	375	28	1680	1324	51	768	40	1861	962	1868	938	707	443	1714	440	1523	1290	1048	1859	722	256	1442	583	1381	316	715	736	1554	1430
1042	99	1741	1865	255	318	1021	734	14	545	11	1111	1783	428	877	824	1063	1461	728	618	701	975	650	1083	1470	968	521	1460	833	1802	1623	1738	78	1512	936	400	1195	647	1408	1383	1872	798	1145	221	75	949	1121	568	39	1331
1247	122	1336	740	957	168	383	174	332	1476	989	1878	1841	1679	1576	1209	1834	1858	1712	806	1347	270	489	1062	389	826	1295	1467	868	526	1871	1450	1367	1382	800	1203	1270	285	161	718	680	153	1047	1214	1645	1745	754	912	793	1015
220	441	1016	1220	406	934	1674	218	1734	72	184	1176	509	269	273	1387	1654	1119	411	451	1294	777	1517	1483	1607	1620	1284	1666	145	657	48	1271	1806	856	1454	432	1555	1501	1438	279	1174	1587	925	413	42	329	173	435	808	321
1093	448	1784	131	841	1122	881	851	1197	1029	453	510	41	456	606	1073	80	1078	1628	879	921	4	260	66	157	1707	1058	1540	236	738	1095	1211	132	508	685	446	835	1562	1169	941	1352	795	1828	1225	789	1611	1790	1792	1761	1566
1736	345	1700	852	1656	213	1799	945	376	1146	67	859	1619	566	605	742	202	518	1499	110	314	1705	1708	721	1508	827	33	757	540	1086	705	1321	1777	1279	679	1657	1205	1722	288	21	149	1167	467	1634	1516	1136	390	1008	68	1732
1344	1477	582	219	1171	1538	900	331	1104	248	1242	1757	955	1644	1190	1434	794	907	648	1177	267	315	1358	215	484	1622	142	1593	1455	1437	910	622	458	126	125	1035	1877	1655	694	171	681	1762	1699	643	696	151	1542	1218	1224	504
1632	1026	662	160	778	1266	206	1316	996	283	305	986	1303	629	837	1326	1796	1693	940	1837	1605	593	1825	1664	596	455	438	1875	1698	1219	1130	1206	1049	1573	1647	1263	249	1420	799	519	750	1349	474	1027	92	280	1621	984	1229	1328
511	558	544	1068	976	1415	1113	578	965	1011	1604	1350	1160	367	1457	1280	970	407	667	1766	886	1050	150	452	1867	766	1729	1702	1578	1768	785	719	286	1778	687	579	1831	999	1403	1459	1102	263	874	1416	1389	543	1221	340	918	1125
1849	857	302	1608	1159	896	1728	1359	1017	1227	1574	1577	756	31	646	973	162	1216	1010	1120	706	1414	822	268	1612	1694	1406	204	1475	575	1310	821	616	416	636	1204	1361	320	303	1124	1758	815	391	1624	909	118	1603	1240	1638	1493
1633	1149	19	1713	486	1061	423	1371	588	531	1595	353	1013	580	358	338	76	981	240	825	1301	433	85	1065	576	763	1452	894	839	1465	1148	109	1527	737	1759	1525	1862	465	1126	865	1661	158	308	786	208	1407	180	182	417	322
1814	1582	1616	843	1147	514	1618	875	759	1365	1711	633	499	601	105	1278	917	107	902	437	1641	1372	1575	426	1364	952	1260	814	802	61	791	690	840	1233	1552	402	341	287	1564	165	1695	1394	412	1020	290	613	1342	1636	264	1412
1568	552	784	972	695	24	123	1672	748	1601	574	937	23	885	343	1076	916	1110	183	710	1132	262	755	834	1117	783	113	1087	1254	1522	535	1472	1024	223	1822	354	1770	1318	1528	1497	1546	1682	70	1327	553	1800	419	1131	767	805
1640	434	1602	1157	980	1481	641	1791	1370	1079	1706	1354	1275	1014	229	987	581	571	1739	1469	294	79	897	1253	602	661	557	1606	932	848	1007	54	152	684	1771	1571	1377	1287	1033	1627	664	1667	1850	770	1596	1252	1823	870	853	591
1586	65	1268	995	564	635	1725	1384	101	864	1882	436	36	817	363	1678	831	1482	1256	644	930	377	26	1473	1059	882	554	703	505	735	1811	257	191	394	1480	871	1788	1610	228	468	762	1561	744	261	878	924	533	1471	1127	1368
47	1332	1023	538	144	1385	1360	50	628	1241	812	620	1755	1306	108	1338	1000	1210	422	819	1107	356	1143	15	1687	1366	1376	541	1614	1154	599	577	1135	1804	717	495	17	1870	765	403	1069	1289	803	1529	1217	1258	1202	654	1056	502
1152	1001	1044	328	1245	1492	116	1600	1735	1401	227	781	1676	1684	1390	1055	317	849	1422	1409	1356	1857	1180	1262	547	1816	933	1449	427	424	1613	1677	1776	1821	167	430	1673	199	1724	797	181	1697	327	876	866	13	82	1181	699	1223
1530	1651	478	25	1393	1191	1495	1584	319	1357	780	334	567	1746	1094	1212	823	942	481	1671	914	1820	1763	1334	175	217	1299	863	230	1343	378	450	573	1585	671	899	1579	1547	415	1860	164	906	203	1144	351	487	239	1109	276	752
1433	1444	1273	1462	1162	352	512	1843	8	536	243	300	1504	548	1543	369	1423	623	1812	1330	832	1863	1432	488	1313	43	259	1269	913	1002	569	844	637	1686	1703	1238	225	1752	1646	1478	555	1200	473	1182	974	35	272	2	275	713
880	1419	379	991	444	1274	56	111	626	405	237	1715	1380	425	60	1685	711	1445	1479	1108	1314	309	1520	1642	129	745	1447	401	1267	1688	1496	855	0	52	1549	1005	625	81	861	1787	516	1051	1325	645	665	1853	1733	1317	700	271
404	1526	1716	960	244	1264	746	1854	627	289	346	1054	1511	1170	387	1255	1723	760	370	1808	1036	1652	708	642	1118	959	241	214	1515	324	1400	93	445	649	1	1710	247	1339	1696	1155	867	1153	1453	469	887	429	890	498	1718	470
1004	1067	1105	1581	179	1560	1232	1500	1749	336	669	1551	1082	409	1037	1009	1038	163	1463	845	1625	1514	585	301	1399	1168	1553	1881	983	439	386	464	858	299	1690	104	787	310	1637	668	1340	311	1142	176	1498	138	1818	677	1291	1805
362	1880	1305	1060	1092	743	1183	7	1869	374	1302	660	634	463	1379	1846	919	563	1090	1810	810	98	1187	1277	967	1329	44	771	621	396	1309	295	712	1259	656	958	1813	1298	471	1397	1378	1341	612	77	205	1184	1335	963	1448	904
368	985	231	992	117	1675	297	292	90	551	166	326	337	97	946	1392	1040	482	562	475	1488	1173	982	1830	392	1774	506	1803	1186	74	365	1817	1116	600	1451	1775	729	1096	761	1192	442	1855	1151	1485	1431	727	1590	990	758	371
381	513	1570	373	492	1369	186	388	466	139	1215	212	1760	201	281	584	258	1773	1727	889	1101	1474	1847	895	1643	609	1653	291	1836	372	293	485	1373	431	820	751	1756	242	1297	1424	1282	187	608	598	1246	1490	529	1539	1510	1436
457	1840	560	1569	207	16	159	198	89	88	1709	988	850	691	20	1519	1070	1443	490	460	611	898	235	94	477	1502	901	1780	1323	997	1018	720	1744	238	561	1074	421	155	659	1196	1112	1833	830	926	1772	62	1507	927	570	1845
1484	1193	1311	304	1164	1842	1747	702	1041	1864	556	1081	678	1276	1098	1597	1249	1751	1509	1100	1028	971	1345	1650	1807	12	1660	497	84	1250	1726	1128	530	1265	838	1793	1099	1691	1351	1764	915	1769	572	726	773	1134	928	939	357	704
546	686	764	523	325	1801	49	869	3	121	507	398	1743	1272	500	674	730	1689	655	1178	192	323	96	27	462	1781	1748	733	135	1550	1665	670	141	1580	1779	1208	1658	1315	1740	607	610	1786	1798	410	747	1639	503	483	813	1591
594	210	274	961	137	5	954	1163	1075	1852	597	854	190	1185	1228	71	209	527	1441	1140	1398	1085	333	998	943	724	1879	384	807	1717	1312	399	1057	418	658	395	604	1659	344	964	1730	63	1237	1213	539	330	18	1080	651	112
414	1848	1179	1524	1668	603	731	1545	1071	194	550	725	1824	29	1304	355	1428	632	1386	1402	1537	753	38	905	1567	58	348	1753	779	792	775	1615	1097	1426	688	1034	935	788	816	154	1413	1731	672	1388	522	1456	1440	233	472	420
892	860	1556	91	873	1844	1188	595	1737	1296	883	22	100	57	614	178	224	197	979	1243	929	193	1141	1158	862	195	1720	1189	408	1544	1072	675	1572	1236	977	769	251	1721	1337	1609	232	447	170	1592	9	1396	64	1692	944	382
55	1521	1006	528	1165	1535	525	69	565	1794	1064	524	1244	1115	956	246	1362	517	115	1486	534	1150	34	1829	245	1091	6	697	1874	1839	994	1876	95	1594	801	739	124	1588	1231	1281	1838	1826	1307	1046	782	1194	931	1226	188	923
1235	140	120	393	10	953	148	1089	1532	1391	1031	1248	147	1626	397	1039	908	1429	829	454	809	846	114	978	1439	1137	127	1411	1559	709	631	893	491	222	1464	1201	1052	1166	1851	1785	818	639	922	1139	663	254	216	359	1003	119
86	234	891	676	1123	1789	1308	1421	673	1199	1417	1557	45	653	741	494	1827	1012	480	1395	1418	1589	947	1809	1487	1292	590	884	1374	1133	772	638	1563	828	836	903	1175	1333	1222	252	1782	1106	1635	1346	102	1458	342	335	537	716
515	146	156	136	385	1288	1873	1129	501	776	1230	1629	476	682	128	479	693	313	350	1662	1022	683	172	339	1669	496	1466	950	920	969	278	559	265	1856	277	520	624	312	1630	449	1503	266	1293	1548	1138	1172	298	1032	1030	1088
640	723	732	189	106	587	1363	282	37	1494	380	1670	993	796	133	1541	366	811	1832	1599	349	143	1765	1234	83	911	1767	1815	250	1491	459	1300	169	1223	1816	1329	1335	665	606	1419	490	1534	462	1814	1241	1701	1510	387	1539	635
207	777	678	1793	1492	747	1756	415	1852	535	159	930	501	1244	795	485	1804	799	1308	1351	230	146	1194	1723	885	155	16	1687	810	1454	993	469	1633	312	1686	635	905	363	1258	189	1555	1392	1065	1626	465	347	630	1323	1662	1255
833	467	147	1319	1219	245	1873	263	1801	1570	317	802	597	7	904	209	1390	1859	770	1224	1781	1179	1460	919	574	779	1265	1202	1671	1877	1603	1359	826	771	1704	997	612	406	92	871	591	1518	1045	491	1161	1553	1749	394	1343	1358
498	688	460	1648	210	1737	1241	50	638	1119	1621	1534	513	881	1329	1646	1732	304	1233	372	145	281	914	299	1222	502	115	1815	672	1612	1507	1042	619	1406	1397	1785	1418	1182	550	1156	1072	1702	1748	1594	1509	224	1364	520	1350	1027
1743	1334	34	1377	473	1300	1226	1882	966	1245	590	1012	130	170	1277	685	1309	1692	434	1356	558	592	1579	1531	1102	858	1322	1337	1802	1499	659	334	1458	71	252	755	1747	311	1651	1289	1425	1771	964	1478	1159	11	296	297	658	213
1589	1866	511	576	1797	1312	1513	1427	459	1017	538	530	1464	23	505	1143	1007	933	1831	784	1354	1758	895	1247	602	24	1393	411	1471	899	199	1192	1391	533	1203	1429	1776	1548	1251	1650	80	1514	1215	2	324	585	55	358	870	1508
1482	984	128	1519	1160	936	960	275	251	409	401	1799	1105	1864	1302	257	1690	1051	74	1652	893	967	1307	1210	1409	1709	194	509	259	1790	22	184	433	735	1293	1033	479	393	223	1693	270	1361	136	175	695	1164	593	1572	617	860
691	1777	140	1211	454	205	1001	729	294	1367	1506	819	639	527	1587	838	1430	1443	1476	1360	195	878	508	246	1026	1428	171	402	1284	1770	1879	1292	977	608	1868	1598	1074	938	375	306	310	441	443	1066	528	1628	1453	120	1140	1744
1432	143	264	463	1036	1254	1697	1763	944	422	983	1765	880	1081	1578	412	794	947	407	283	1854	768	1008	1828	797	20	865	82	1446	1388	1257	1163	540	524	383	713	1136	94	49	1719	77	1335	738	788	1126	923	1130	1415	557	883
1584	428	1746	636	131	1576	1166	979	698	1843	560	702	1659	1639	1663	269	1129	351	946	339	12	1158	1670	1134	902	1069	1734	1715	806	389	336	578	326	1556	1767	803	614	879	191	913	839	1529	772	1189	354	875	58	166	1853	1411
725	1817	1605	242	133	1407	518	785	307	1730	1566	897	1201	1123	238	1280	1450	1206	1059	1724	1565	86	1317	1320	1661	1775	1047	1378	710	1810	239	1685	1064	1480	554	1379	1118	1456	76	109	715	193	258	1562	1040	408	69	1365	1760	994
651	552	1242	59	1085	466	476	681	1353	970	852	161	1457	830	481	1073	488	178	1076	1436	119	84	426	494	1382	848	829	937	1336	40	1542	1552	5	477	202	291	669	156	891	787	1328	1103	1401	1860	1551	1154	236	1816	555	1727
174	1355	570	462	975	1772	47	827	248	587	1596	707	680	325	1068	931	165	331	29	93	1440	1000	176	633	1839	1127	1273	273	1675	649	445	588	1324	442	1703	760	1149	580	418	1212	1500	918	370	61	81	1475	884	85	1306	1400
249	1048	1712	1568	565	1101	1452	139	1837	1030	1567	1050	456	1684	1398	1112	1121	1745	8	746	1132	1525	757	1381	618	761	568	1483	734	1055	1067	1174	1751	629	1511	915	384	68	663	953	487	1152	235	28	1844	1357	25	1619	1057	1444
832	56	1268	1616	939	1842	1318	1493	536	169	1221	973	1004	233	1871	1232	547	451	892	1420	321	108	1630	1079	959	1107	91	1481	950	78	1504	954	332	1735	1104	103	308	1862	1015	1580	1477	701	906	314	731	1620	748	1006	804	356
1614	388	1721	683	1592	874	815	335	972	1301	1090	1820	1294	1841	1474	1370	1550	1433	1819	952	1494	1520	268	775	987	289	240	118	1753	670	1539	1459	1462	1313	935	1094	1290	573	1728	1146	1009	1028	1139	1642	711	154	315	1725	641	79
1270	1031	1341	496	471	816	903	696	455	523	724	425	1833	1696	1498	1537	814	684	1608	1505	1014	1625	480	1653	1442	279	1295	1533	1861	801	1523	1056	1733	365	1380	515	163	762	221	1527	1298	769	690	622	1667	346	1314	561	228	148
405	655	1263	1832	958	300	1821	1615	667	1791	1020	63	1416	1585	563	1084	43	87	1558	349	21	854	1419	1848	1829	1782	1826	564	1665	1695	1003	821	231	18	1223	1445	1736	689	1479	102	385	823	796	1262	654	676	1231	486	106	818
1773	355	643	1698	1199	650	1647	1867	1274	627	1441	1448	1325	196	70	1617	186	1220	1754	834	180	995	1124	805	132	1286	1487	1657	712	222	1640	1176	1729	1794	1299	1543	448	1638	1109	986	753	1113	615	559	548	33	606	577	1168	1375
673	265	1863	1469	1632	1303	867	1372	653	6	1296	1669	917	1676	1021	1473	598	1373	1645	1216	1571	1044	1865	386	898	786	1689	907	978	1711	1311	399	951	1266	836	285	138	584	845	367	1155	1352	439	526	46	1607	1180	100	53	1634
1417	640	342	204	162	745	1087	516	255	990	1808	1091	759	1438	1282	549	203	1447	1285	1252	1344	1569	503	586	1366	126	1524	125	1330	1806	1246	1272	1601	272	1395	517	1787	226	227	1510	837	435	963	474	200	739	1722	440	374	10
1013	957	67	693	992	1	1190	692	1546	1213	1622	403	89	732	1544	1502	763	1291	1764	1315	198	14	104	1581	1172	1368	778	1339	1183	764	1281	1439	840	969	1399	1256	642	1099	1786	1825	123	1779	27	868	1197	920	1497	1248	825	323
1331	1249	1822	575	714	949	1655	1823	1874	112	545	1002	135	1726	1547	212	1564	149	1824	398	773	1389	943	1093	1805	1495	644	1421	541	851	1582	1678	736	1451	187	1207	620	160	1184	877	808	1060	60	1346	1053	1363	645	211	1541	234
583	704	1526	599	1092	1682	1484	722	188	241	1830	1814	1088	247	88	705	1371	1752	1394	1720	436	0	96	1624	1054	793	1768	333	955	813	153	75	337	1052	1485	1836	896	1716	1807	1269	157	1869	1278	1668	484	1288	1449	1681	706	1142
824	254	1606	800	1396	603	1488	780	95	278	328	1623	1083	361	621	1181	1135	709	660	493	1238	4	1465	809	64	250	863	500	152	926	1157	1063	1038	1111	173	271	431	1333	1627	495	1759	507	1310	1384	1618	1512	1422	1611	1517	1813
665	1486	624	276	1700	1783	1847	782	556	3	1005	756	1857	124	492	1688	687	604	446	167	758	392	1077	1437	607	911	72	267	1467	1100	344	183	989	1455	1472	378	1516	185	1071	341	429	379	716	737	519	733	1348	843	262	1188
31	290	1227	1010	542	37	790	420	728	1150	1538	32	767	117	1595	742	727	353	1229	280	661	682	589	30	1173	475	453	846	1332	873	295	1673	39	450	44	1177	208	461	1089	197	668	1600	497	572	1078	1117	1664	968	424	1116
206	888	562	256	582	1540	1138	857	48	1858	631	1521	1171	1658	1496	292	625	652	266	357	1849	646	719	410	274	1024	656	798	417	1082	1788	551	19	322	1106	110	924	686	718	217	730	534	327	675	1604	1264	1283	313	1338	567
284	427	605	329	65	42	662	890	107	1062	1086	319	927	1041	1741	1431	752	886	305	1340	544	129	1522	201	1218	856	531	1827	1011	1468	387	1876	1405	1043	999	1717	1835	1845	1574	1151	338	1872	214	1178	1304	1250	1128	390	525	1297
1463	1811	1461	1019	741	1235	1185	288	41	277	1237	1305	844	613	1362	1691	909	182	490	282	1586	1175	766	776	1613	1267	45	634	141	380	1762	360	596	376	421	381	1075	1049	916	743	831	539	1635	151	921	261	1162	1710	1236	569
253	1532	73	1035	521	287	38	610	700	965	1742	529	1204	127	1196	510	369	51	991	482	1739	976	1170	1108	1757	835	1769	1563	66	36	1349	177	1097	1855	114	1714	1434	225	1410	121	350	1577	220	1878	1386	452	318	1275	532	595
303	1528	158	366	1643	1413	1225	1641	932	243	750	866	514	302	218	1708	483	1809	1287	1699	1870	1412	887	1147	1326	740	1195	609	1046	1209	340	811	962	362	99	894	1875	703	1796	666	219	981	1554	1778	111	1515	382	244	864	1070
637	922	404	699	368	822	1167	137	1374	928	720	98	150	940	1680	1602	648	632	1345	1228	144	657	1279	216	438	1034	1750	414	543	1856	1766	765	468	1718	229	820	457	872	1145	1560	1369	419	869	1545	862	105	594	1800	1795	345
908	1575	934	1414	1058	664	168	1376	571	1037	352	348	52	1850	900	841	853	1679	1706	1387	945	628	566	674	1792	478	1115	910	1666	1016	1629	1784	134	948	1774	1590	1342	1588	1402	90	447	1408	470	13	679	1193	1022	1327	293	807
1214	1110	774	791	432	708	1424	1880	849	1080	1271	1489	611	57	996	601	1321	912	430	371	697	925	749	726	237	1740	395	1466	1217	1165	1683	1029	1120	1561	301	1133	1838	35	512	400	723	721	101	1636	850	9	192	1240	956	1593
1503	694	616	861	1881	1599	792	1780	581	26	1631	83	396	1316	472	1559	889	1234	600	1755	1018	1834	298	828	260	1536	929	626	17	1039	847	1208	1423	1840	1385	1144	1243	1677	744	1674	998	316	1259	489	812	1114	1095	1761	1061	1530
377	1205	1656	751	901	859	982	1122	1818	783	781	1125	1426	522	671	1812	116	988	941	1490	1535	1187	1701	677	1200	985	1403	1098	190	842	647	1644	142	444	1649	1738	464	537	1694	122	717	15	1549	1707	499	1491	971	97	1191	364
1186	1148	1610	164	458	113	423	62	437	1846	1713	1404	330	1169	980	961	1153	1573	1789	1276	1383	553	215	1141	1557	343	286	1609	1660	320	1230	1705	546	1096	817	1023	506	397	232	855	309	1239	1025	413	1032	1253	54	1583	1131	1591
1137	974	359	1731	1637	1501	391	882	172	789	942	754	179	449	1260	579	1198	1347	181	1803	373	876	416	1798	1261	623	1851	1597	1435	1654	1672	1470	504	152	353	316	145	1148	1164	1783	1132	1762	683	799	42	636	524	368	517	1786
1593	451	1724	1017	482	111	1434	1249	776	452	27	1335	975	1408	1378	725	1522	51	1063	1031	1265	1560	245	1454	1732	582	1782	148	322	1802	106	1492	413	1420	863	917	1014	645	783	1665	1725	711	1042	959	1740	569	1682	636	561	811
1614	835	1510	958	1223	1317	1392	842	254	955	1535	25	669	1067	89	207	807	1044	339	731	538	1088	773	1007	135	677	233	665	737	1669	1477	1478	1253	1703	1108	302	1199	1868	877	309	256	1473	1310	54	1217	608	1168	490	494	1155
1054	443	1052	897	1372	364	307	1800	1451	1531	648	38	159	1594	1605	602	987	1829	977	1617	813	952	264	1851	1507	1718	601	1098	98	419	718	624	721	1029	1410	1133	1783	55	315	1585	1466	1845	1012	995	1577	1334	469	203	828	705
1080	1259	1503	1825	183	851	1671	366	1165	39	1523	1283	189	1702	746	400	377	421	833	1267	983	282	227	361	1604	212	1752	1181	1809	802	19	535	1077	726	373	740	1662	891	1082	1198	1461	511	1424	1123	1842	359	47	1865	1320	1655
1872	88	1128	748	1748	1848	799	1547	470	1828	130	1338	1131	234	1206	434	751	274	184	878	1365	363	1278	1584	1254	898	61	1750	1786	1419	1212	1807	637	430	714	229	720	1495	574	81	818	558	1844	1061	23	782	1333	1260	1852	781
1188	474	1072	1003	870	303	1242	1113	175	6	325	1337	1823	892	1768	1163	442	1055	1091	1581	899	1804	1023	679	340	1119	1643	192	1817	1073	597	526	1086	1857	1661	1374	986	1482	1092	200	408	1262	1504	330	352	1062	1861	355	168	1469
1860	1241	346	1696	157	1406	1367	758	1644	834	1106	632	466	35	867	1874	1524	1300	1761	1838	297	298	1026	1511	1315	353	464	1286	318	840	1769	942	1437	1146	83	1152	1545	460	1704	1045	1537	695	1238	791	666	397	856	1706	1342	1739
869	562	174	827	1881	1489	1488	433	932	1749	9	1591	1850	492	1578	1636	1794	1391	826	116	1427	963	335	1179	577	195	1801	882	607	1822	1501	551	1078	336	1139	1856	512	1576	502	119	1799	631	1556	1751	429	524	879	950	1157	1209
332	484	1149	1303	1100	258	744	980	719	431	498	998	1074	868	197	555	929	333	532	678	1390	127	1226	1610	1540	145	1287	385	1539	1854	772	480	1124	618	699	1481	1024	1582	1377	1660	768	1323	625	219	46	29	518	348	1487	789
1064	843	1030	1039	1274	360	473	1397	1354	1095	1491	1597	1541	1778	1499	930	349	105	160	446	1369	1129	1627	763	542	40	158	564	1327	887	1138	853	923	1494	382	403	1719	1438	547	655	1066	1068	351	1542	410	1648	941	208	345	1680
1789	1480	97	984	831	554	1509	837	24	72	1183	1021	60	1621	292	291	656	617	270	1239	1816	204	1875	257	1246	1402	20	1022	1726	371	844	584	1611	1853	1790	1587	395	765	872	527	701	476	497	1306	1570	583	1650	924	1126	1880
504	1150	101	133	836	1170	1843	706	1549	1141	1723	306	1151	1412	10	383	847	1081	1502	164	1046	450	605	1416	804	501	96	590	1027	1018	1079	201	733	288	1180	144	1566	548	981	1256	1625	1811	1525	1729	416	1606	187	1532	1352	1685
362	849	1210	417	1269	1462	1443	1145	1396	1313	449	262	1037	1839	780	1298	1204	334	161	816	1464	797	437	1205	1350	1200	1399	412	1546	1596	909	108	1252	957	537	1526	1318	585	703	861	63	1766	453	598	1607	1049	1674	589	4	850
1529	1741	1222	1569	327	642	71	947	1656	1715	1311	1208	422	1583	680	165	1826	171	845	142	91	177	974	515	321	994	1846	707	971	1759	45	570	572	109	1225	623	1862	284	70	275	1722	716	809	1051	1423	1633	1211	905	927	1431
178	557	888	1336	1144	1867	821	121	125	1404	182	1453	396	566	486	1273	316	954	82	1796	409	1219	1432	1302	338	862	276	1711	1384	595	907	1047	717	935	503	824	1353	539	1642	42	739	1121	1608	1795	1673	913	553	1551	1110	1785
586	1707	1326	226	224	1158	616	633	544	1043	643	489	407	1497	278	169	1417	946	347	301	1444	1771	1001	1791	425	424	240	217	1493	1820	242	1762	131	962	848	1869	1450	439	1530	1185	1460	1677	513	911	250	1519	415	659	841	1646
859	883	1220	621	1016	354	1319	1324	1230	522	508	1623	1738	873	1186	1085	579	499	916	1544	530	1879	211	603	375	662	114	852	517	1858	1609	710	93	823	1743	384	904	1657	992	324	920	1382	440	1189	795	1870	1232	672	814	69
753	304	1635	1195	1659	1127	1533	1664	540	398	1356	1517	1465	271	1815	1050	1506	661	1742	880	639	418	32	1574	243	344	1393	1405	1285	525	1380	479	491	1134	1174	953	626	323	990	1678	16	1737	1398	1687	771	874	1094	961	1263	1221
95	137	1233	936	358	14	1831	1552	1202	1618	668	1279	1855	1132	1425	1005	1065	684	1059	1717	496	76	1288	727	1765	1271	1373	124	545	1486	99	1830	940	712	742	1813	1386	138	136	1670	1194	702	894	495	1512	1745	1381	1841	1683	1251
423	1291	519	1536	1567	1235	1710	1735	1878	903	1295	1792	104	1754	1383	1020	1244	1779	729	1137	49	1764	57	754	914	56	839	778	1797	1691	1436	1679	279	267	1006	931	885	236	1418	1463	514	1701	1040	1819	1010	1087	1632	693	1135	600
919	1197	448	918	1289	1261	1573	1716	790	1672	966	166	767	676	21	1229	64	314	594	272	787	293	239	94	1793	886	1484	819	1798	299	890	1401	1787	683	1248	1305	606	1772	1348	113	934	386	115	1602	1784	1117	1294	368	541	1837
1770	414	405	237	1479	1808	820	428	247	573	949	477	1653	1666	1447	1521	1452	1588	337	1565	1777	1159	1863	752	1649	1713	126	1557	1153	902	1058	812	1781	810	1728	246	948	1236	510	762	188	2	67	296	1413	68	87	1	1446	1407
1096	1172	921	66	1403	289	785	85	205	41	232	1284	1470	43	989	1116	1568	471	110	1668	311	1280	1435	305	107	991	1629	263	100	342	1309	1191	1882	800	1057	266	1307	999	609	988	1876	1332	1275	610	1586	908	1528	694	17	465
1415	900	1176	193	379	37	444	273	180	281	190	312	815	1362	1308	1379	235	724	1190	1187	664	1518	30	1483	1290	1033	1806	761	1114	320	1471	1422	692	925	378	568	1814	521	300	1343	1277	1314	1490	50	770	319	1257	365	1580	146
34	1599	248	1268	369	218	22	578	120	613	945	1250	1690	268	1090	793	1534	686	1032	128	1109	59	1237	1693	563	687	567	766	1008	1034	1554	858	671	1389	261	1041	896	864	593	1321	1457	806	985	745	392	481	1351	760	536	1731
1760	550	546	1296	910	277	11	893	435	78	123	283	1048	1575	153	196	350	1075	735	1810	801	1684	690	926	709	533	1120	1835	1720	310	1227	979	1192	1292	1458	968	1515	615	438	1441	1371	244	1169	1805	1281	571	1873	388	286	798
74	1689	803	393	1160	1084	367	1694	641	191	238	1325	280	5	58	1346	506	1433	132	675	825	194	1699	741	1474	394	225	457	588	0	1025	1196	1513	1349	1475	79	728	808	1561	1154	1101	1035	1216	1508	1631	777	80	1756	1231	241
287	901	62	426	1628	12	216	1832	1193	1177	612	1448	1358	155	832	663	500	1615	575	889	764	1498	1009	528	688	646	915	970	1658	151	1647	681	77	1543	523	1834	1654	1344	1218	1255	176	881	86	139	1011	552	475	938	1394	1264
1112	462	214	993	743	1301	376	459	1363	1328	732	943	467	657	53	1840	634	698	1485	1171	269	1468	1166	390	456	402	792	1871	1877	1329	838	1207	906	1514	1558	202	997	1430	822	1339	436	1360	769	1496	1619	1161	8	1214	1366	356
1282	84	90	1821	581	1548	228	1426	1400	493	48	372	1681	1182	172	855	1368	1663	654	638	1228	162	134	1247	556	1714	26	33	170	1297	794	1361	650	13	1456	445	1459	1213	1753	1304	750	1175	1688	1118	640	1601	1376	1472	757	951
1439	944	937	689	1624	1559	154	432	876	1013	1375	231	611	516	1849	1224	406	1709	1626	704	779	1589	3	628	1550	221	1652	576	1455	1555	1125	265	92	374	1414	696	102	329	1442	1600	156	1103	167	1299	1071	117	1803	817	649	1859
1590	774	294	1553	543	181	391	1053	978	326	198	1322	1622	1776	973	1421	458	647	604	559	534	1775	884	73	249	630	1105	1258	565	427	399	381	1730	185	996	1467	1243	1736	700	1613	357	223	1744	1763	1866	213	967	1612	28	1266
52	1316	1634	65	1637	505	1757	1102	1712	1004	308	1272	1592	507	895	1571	179	1616	173	1387	1620	251	487	343	1708	1364	199	1812	1774	871	1355	730	784	1428	1440	1388	1162	1036	829	1429	1142	591	1385	1827	1330	549	1130	1148	1651	1104
1147	18	1767	580	1347	660	713	1156	1099	620	1645	1733	1755	389	1341	972	1000	560	1359	1357	220	1097	928	1705	1667	1293	1527	622	1111	222	1562	1240	15	455	1270	206	140	1505	328	1747	1028	697	846	960	472	1563	1698	1520	736	295
255	420	857	1836	1675	483	1697	969	1002	1700	163	1331	441	215	1758	635	722	755	830	1516	141	36	1773	1122	1345	531	653	1107	670	461	209	1019	738	1818	1449	478	1500	186	644	1015	380	1167	685	404	468	331	1276	1143	982	1864
1203	1245	401	723	658	1140	1234	290	1201	447	956	1093	1639	1686	786	230	592	1572	112	147	1083	520	587	1595	788	682	715	964	599	1676	1564	734	341	1780	1312	253	75	1847	1630	1178	509	619	596	1395	875	866	796	313	370	691
1038	860	854	1476	1089	775	749	454	1173	1445	317	143	629	103	1164	118	1069	1727	1340	651	673	627	1598	252	1538	708	1824	1076	1115	1070	805	933	1603	485	667	31	912	463	1833	1695	756	1788	1215	965	747	129	674	122	1184	150
922	1056	7	1692	1370	759	976	1640	529	1579	939	1721	387	1641	1746	1136	44	149	1409	259	260	1060	614	1638	652	1411	488	1734	210	285	865	411	152	1875	1576	235	1319	699	1369	1476	258	192	408	810	1329	1110	973	935	670	216
1783	1334	1547	509	800	1694	549	445	746	1080	345	32	241	1203	1508	1517	1649	967	326	1257	1360	517	217	836	357	458	1825	1648	403	1016	859	757	552	743	1298	812	1332	1580	474	1150	954	419	1174	1882	1055	1338	1854	821	1595	1087
1231	1206	1680	57	251	411	702	1630	713	744	476	1017	1604	637	293	190	776	1112	486	35	1325	1200	1324	1810	1673	1109	497	1592	1546	31	664	754	625	1256	1803	671	755	1457	436	349	134	1073	1285	210	1356	174	176	1519	84	358
463	880	1214	369	1153	148	1006	454	143	1188	1192	784	1171	1463	1159	657	63	242	1002	405	498	1518	1740	109	1465	481	1124	1021	1054	1310	125	14	249	1618	532	535	223	121	1024	797	1114	999	175	22	371	521	1070	986	1177	623
1026	331	1469	960	1433	47	646	1410	951	1432	351	83	1037	1226	1672	1199	707	81	716	782	1321	472	1259	1540	110	682	597	1505	120	624	900	1830	1379	1110	1421	698	1607	1092	1669	479	1211	895	1525	1866	992	1557	1516	40	961	1838
167	847	449	950	878	1477	765	1296	163	1265	1471	725	450	1224	911	939	370	1754	1568	1180	1331	1436	257	873	444	144	1121	346	300	1369	1714	1288	692	1264	1406	393	1330	407	703	428	1872	1431	188	1407	1157	314	1404	1061	574	1276
700	291	810	1560	1346	1047	327	688	1534	605	1255	1576	708	1133	1434	636	387	1584	1656	492	119	687	528	59	557	1392	325	1050	1597	990	938	957	1855	1339	381	1710	508	1871	205	1449	263	302	567	875	1068	179	987	1081	1559	909
1254	488	554	318	510	287	1620	280	146	1511	1196	96	1639	270	1684	141	1202	1550	766	68	579	1328	1308	989	505	112	1513	1730	1271	1249	247	1198	457	1390	1191	555	781	1005	709	412	885	220	207	1440	36	732	778	629	1814	1461
397	915	1483	1570	1696	892	828	1347	1721	788	905	675	1650	652	201	1277	90	37	493	1480	460	80	462	1454	54	337	1563	219	735	1852	239	1354	402	767	15	209	1048	1521	846	1313	1539	1383	1215	409	841	1146	897	1304	818	866
1598	1359	377	1806	1335	274	1600	138	225	62	380	1152	27	1122	430	1022	224	1626	1860	936	1452	1003	1624	588	343	1698	786	1076	1165	238	856	799	865	1712	1685	162	347	1679	1317	354	1742	943	332	1864	1796	386	764	933	1645	1444
294	137	984	1011	136	1616	1272	769	1768	1204	131	1475	434	1467	1128	1143	1370	1299	626	773	367	1695	712	1086	1205	602	1780	632	240	78	232	1579	964	338	513	339	147	1343	601	1494	491	1543	1774	762	1374	1706	123	1422	475	71
958	392	1295	1718	279	1765	1031	621	1384	526	1007	437	237	672	613	1462	1697	1506	1145	1693	1290	1741	1363	1286	24	1139	94	1808	970	376	1170	531	844	724	171	1314	199	352	1418	1554	467	1599	145	1778	1794	1635	180	1613	927	1381
1046	740	694	309	1632	501	20	1232	906	1686	1352	1409	1707	1578	230	495	255	323	399	1351	1430	1303	383	570	647	1344	1111	642	0	591	204	948	1799	1566	1248	1302	186	660	571	156	608	1118	537	1273	440	1065	28	154	1623	1868
1835	1836	1260	5	1772	796	260	1756	451	259	1485	1438	584	833	1493	1634	1857	1779	529	1184	1757	1102	1349	1417	714	250	819	1236	572	30	645	389	538	734	573	60	1764	1487	1723	468	1095	418	673	816	264	731	461	1628	596	1001
780	1428	979	304	341	1071	320	1420	1156	1107	1163	465	1136	883	768	105	494	334	689	378	995	160	1269	1844	1364	1090	1377	994	1228	863	658	548	824	980	690	628	422	115	882	102	1748	471	547	1761	650	1726	1341	1873	452	727
798	1482	1638	1790	356	46	1278	1512	161	565	1009	43	88	1342	1725	1657	1137	896	1230	1770	1603	335	1389	26	1425	1567	1691	1731	1262	456	473	1355	1385	1753	86	748	1447	729	677	1382	901	99	1848	221	524	1704	1297	808	104	1292
840	108	1426	306	1752	1820	654	599	1876	1333	1194	129	669	1776	49	874	1185	1247	1348	25	891	1225	1307	55	168	101	815	1067	329	761	916	1713	1096	206	1739	1270	1674	1162	1039	1059	1306	1045	831	1279	1250	373	520	1125	1193	1181
1051	553	1123	1606	56	857	1827	202	482	1451	502	1455	1056	956	485	1010	1822	920	1542	1484	1867	1821	92	1773	1300	1878	353	683	860	842	416	1197	877	1608	760	1222	1486	1041	113	1439	770	234	1601	1587	684	749	236	33	289	1715
1019	1186	365	1251	737	1503	328	38	1874	1728	1415	1875	1141	1585	1450	1594	1267	91	1633	208	487	455	233	355	592	1727	1275	879	886	1289	869	295	1460	1593	231	937	1241	568	1219	1498	226	1610	1414	414	640	1553	792	651	1287	1320
1646	1187	396	435	227	966	184	1172	1411	1733	919	1793	606	932	985	1240	544	252	490	1164	998	1142	379	1762	934	1253	1879	1524	1361	1274	982	1316	1030	609	212	845	1075	97	1574	1515	1	519	1815	269	1625	736	1291	126	733	459
173	1843	1577	1596	6	1148	805	870	945	1442	1033	359	1413	1229	1758	1659	779	1474	1729	1724	1661	75	620	561	1258	826	704	1179	777	1151	612	1737	1619	1842	308	963	1311	282	1396	384	814	1405	902	1132	649	1750	1705	1703	563	667
1423	1212	192	610	1243	253	1416	433	1387	996	564	285	1736	406	1847	1115	1015	582	1195	336	619	710	1074	971	362	653	1281	1846	1099	1818	4	272	858	829	1178	1552	1069	1408	1545	1117	1665	1583	722	1642	1448	876	1371	721	1138	1023
189	1833	1437	884	1089	1419	1458	1217	1572	132	696	1063	1859	51	663	922	258	697	1771	211	972	1079	1541	541	1837	944	1549	991	408	1429	1235	1699	903	1828	423	427	29	87	1666	504	415	140	912	1161	1209	968	1401	785	928	644
947	545	661	1004	366	254	1792	638	977	1523	1135	1319	382	719	1036	543	388	98	1751	432	745	348	1658	556	21	1826	685	303	622	1869	1008	1504	1237	594	569	1456	283	595	1399	988	1551	1078	551	44	1060	1711	469	1747	1777	372
1819	1701	981	244	1491	834	1565	1787	536	1362	771	1840	8	615	484	1032	124	374	1719	666	1841	997	1809	368	720	1468	639	439	1481	790	1766	316	1688	1183	855	1147	72	763	593	1797	1210	1479	1839	333	313	271	470	1816	1158	952
1507	1263	478	424	1093	864	691	52	1555	1368	195	1134	1305	872	1617	67	319	79	1218	1072	18	600	267	837	17	483	401	1502	275	1028	759	1564	1091	693	503	1561	775	1345	1865	728	803	1018	1040	533	566	1034	315	1066	1113	530
1106	1681	1394	813	1216	1880	127	946	1175	715	116	913	1802	750	1083	809	925	298	1127	506	1785	614	158	1569	1492	1268	585	921	1509	1367	795	330	100	583	949	1012	1558	926	1053	1760	838	1529	723	676	214	1667	1044	850	804	200
1734	1160	835	1029	1670	194	527	273	1144	1636	1466	604	364	34	993	216	511	425	634	19	1025	668	1213	822	1722	149	1535	117	853	1861	1472	1788	413	296	679	1470	1353	1119	395	1611	1104	169	290	1687	464	633	429	1052	898	1834
1531	1412	1678	1077	70	1388	881	607	311	1676	1233	575	1749	1062	978	1824	751	973	752	577	1098	1427	12	1402	1131	394	1845	1038	1631	1735	827	1088	1326	1201	680	1376	442	266	301	1745	1647	717	165	975	268	839	918	1805	1609	256
1309	1514	630	1084	2	1129	706	587	1223	793	904	182	1602	1522	930	1064	1000	213	747	1791	1664	1544	1329	1881	1242	1293	106	1489	11	281	197	245	1853	1221	1478	299	1391	1538	443	82	152	500	1811	1208	1459	851	1573	1746	1621	817
191	178	390	278	832	1612	64	410	730	635	1220	1280	1759	151	578	741	1668	1767	1692	887	539	1082	135	974	523	1813	404	1588	1105	1653	1732	1140	1207	1043	914	1717	852	711	811	1614	1189	1690	534	1424	888	861	421	618	1870	890
1744	843	1441	61	324	1784	1318	3	1473	1671	1350	39	76	1116	114	235	1496	830	1443	559	1640	1282	1533	507	13	1395	85	515	41	562	177	448	1166	1856	400	1476	758	466	297	871	1027	262	166	453	1155	1398	391	363	1283	1365
203	153	705	229	1526	1662	107	1294	1643	1581	1176	1190	662	196	1863	1862	1445	1497	1763	1775	1798	783	546	164	480	1571	496	1532	1629	1801	1804	953	155	589	942	1261	1832	276	93	965	1372	1464	45	187	446	1644	848	441	598	1562
1490	1789	288	1393	385	246	1812	586	1358	431	361	807	756	823	1548	1244	801	1829	1499	1675	185	1495	1386	1340	1337	321	1527	1530	1154	1782	1094	550	1702	718	23	931	976	929	1651	1849	277	868	1103	514	95	69	1582	1831	265	894
350	641	917	1683	420	292	802	631	1716	489	1652	1795	1709	122	849	1641	9	248	522	342	1042	1327	1315	1108	820	193	590	867	581	157	899	1100	1677	558	1252	1357	659	1227	1858	681	1720	228	935	1323	525	1605	1488	417	772	1373
1823	130	322	1520	627	617	65	789	643	53	111	1168	170	924	576	1403	1500	1378	1366	1020	518	340	1627	794	1708	1266	218	611	1246	738	261	310	1014	1743	1336	1800	181	1400	183	1637	1817	1786	360	542	1781	1446	580	1575	128	215
910	1755	1312	317	701	48	825	655	10	603	286	1058	656	678	962	908	940	1397	983	222	50	1877	42	1239	1284	1590	648	854	726	1700	1173	198	312	1556	1807	7	862	77	1586	540	499	512	1615	889	1035	243	1738	893	560	1380
344	1085	284	307	806	426	739	616	907	89	1149	1013	150	477	742	674	787	1851	438	1510	1301	1536	665	1622	103	1120	305	774	58	695	1660	1435	1234	73	955	1453	1663	1130	969	686	1589	1655	1057	1689	1537	1654	1375	1322	1167	923
1101	139	941	516	699	159	16	1169	118	1126	1850	791	959	1591	1769	1528	133	1238	753	1245	375	172	1501	74	447	142	1097	1182	398	1049	66	670	1682	1296	36	1793	679	881	563	1723	1478	1316	85	1446	1535	1450	1725	741	915	1776
1432	404	508	1656	1114	664	1065	1332	296	1089	1039	650	651	1549	29	1768	1480	121	384	377	432	403	499	1469	73	275	1249	1834	1490	957	1508	1045	1361	1214	493	1741	1281	1358	383	1041	1043	1867	548	1858	260	382	1268	303	1783	1763
1733	830	1483	1574	1019	302	393	718	555	143	598	1623	395	48	234	126	1784	1588	468	626	1092	682	1595	1474	1149	792	1223	997	171	607	36	509	1097	77	264	146	1241	1739	881	1455	300	1471	1516	417	746	567	1291	679	422	736
3	1753	405	1368	1408	1673	1278	1252	1378	1621	429	1657	512	1543	869	1680	496	877	1264	902	926	134	885	356	211	439	1641	1228	123	88	1012	717	927	771	741	1841	149	437	1501	882	973	17	998	1096	856	1029	1663	1819	330	581
498	1356	879	1111	240	1318	1728	727	1431	1668	254	1554	1649	322	502	124	1627	1055	1754	853	76	327	305	974	1620	1532	1596	1505	1074	1344	1645	1687	1667	263	1058	385	960	609	525	590	307	669	438	1832	804	1105	1030	1751	160	1527
1437	1498	313	115	1811	1051	1839	999	419	1086	120	1370	104	19	1643	1581	1396	14	1196	167	972	578	1221	1388	1083	1831	706	1351	1653	849	611	723	1353	1729	704	764	1132	1298	1139	1263	554	1726	588	1130	1528	1036	675	1404	1553	1193
565	1600	1270	905	1826	2	630	358	711	837	1669	340	541	1178	1846	795	1661	628	1650	1198	436	433	489	1742	407	412	1773	1692	1662	79	1800	571	366	217	982	1766	25	434	47	770	380	283	110	1007	1304	952	873	261	880	965
1622	1251	1550	979	1331	1685	1796	1142	1129	1078	1427	975	1265	1201	648	1749	769	949	859	1698	450	1337	1018	1237	587	528	1224	510	783	401	1061	368	1151	1413	1560	857	692	321	1655	1557	1608	886	369	713	655	360	154	1534	267	1874
371	1280	443	272	893	793	800	1462	876	1336	971	1330	244	934	1311	1693	677	1578	1266	903	7	809	245	1255	320	96	1423	901	1752	392	1420	16	1113	177	277	169	707	897	359	1038	1302	751	513	666	1820	1719	338	82	922	1514
597	147	1470	637	187	1416	458	1494	748	1212	816	1425	1552	1082	1044	1429	920	1805	1804	529	1143	469	1155	1848	1167	963	333	1855	1548	1133	1397	1624	1457	663	1117	223	398	765	730	1789	92	1577	219	627	174	823	1099	451	343	715
605	1808	1737	1123	386	981	621	423	559	91	560	1639	1609	1382	1714	293	299	504	1284	1218	1046	215	347	632	1365	872	348	987	94	629	45	1024	435	1026	1192	933	225	1319	533	984	1014	165	1865	1320	172	107	1593	1107	1816	1735
207	545	955	463	1118	1369	1373	252	74	206	826	1756	1316	1136	680	915	866	1613	1008	1478	51	1775	962	1205	1154	1770	1085	591	1104	592	1211	700	1652	1032	1403	911	323	1164	1072	192	996	1862	490	64	1701	1830	586	1053	1422	1321
1131	1497	484	213	1048	833	532	1138	118	1079	144	623	1071	1857	734	719	1511	346	1286	473	1681	1882	1017	601	1174	216	821	757	1204	142	870	1477	530	1603	908	762	1327	1419	863	1203	1433	1880	535	750	1463	589	1141	287	1248	1605
744	179	570	1824	1177	1823	1299	659	402	1187	364	471	812	166	69	889	1152	993	0	1873	959	805	413	667	1357	465	1275	1524	1555	440	1459	1256	462	1774	90	549	325	1561	1583	1134	1842	1507	789	374	731	1028	257	1240	99	200
523	1538	1852	1179	798	103	59	507	615	847	618	726	130	1601	89	1394	10	131	1308	1827	749	552	595	1664	878	344	1359	1191	1080	1095	1637	238	1614	1418	739	1530	753	178	941	1597	1389	617	1352	1777	1576	24	317	475	1454	418
220	486	355	253	1487	50	1877	1232	183	1797	1849	1717	1871	1517	1625	9	542	1599	52	1190	546	1580	939	108	337	855	573	687	1231	485	950	1182	193	1759	1876	204	1175	1446	840	162	1417	759	527	1512	843	1738	148	63	1878	1054
1536	1618	633	1005	1628	467	1300	1602	101	389	600	1428	1764	946	84	291	456	1709	874	785	1176	596	447	638	932	1484	224	1087	1022	1772	683	774	237	1064	30	1634	1542	117	163	883	479	921	1245	315	199	1702	1500	250	1476	180
1705	702	309	1481	919	1658	1169	1807	1109	782	658	1531	12	197	1716	894	336	339	839	228	640	604	564	1488	1509	1521	1492	269	1758	329	1594	1722	1238	1269	1489	1540	862	813	1282	1163	827	912	316	232	977	1579	1678	1090	441	1740
242	1464	1847	1869	1817	1381	768	1112	255	517	1875	1496	722	773	487	558	599	1186	13	1468	1140	776	1326	1780	740	1435	328	452	190	775	818	341	647	222	1377	1747	1145	725	427	345	1341	1520	191	610	935	1727	1633	415	1762	1195
652	948	1703	1421	1056	1860	505	20	1217	1438	925	1617	1610	376	824	1881	1782	308	1340	1778	991	23	1479	737	787	425	864	522	671	416	786	46	1398	1767	387	851	634	170	951	21	152	1392	497	1037	60	314	703	976	954	184
943	370	1233	1444	1604	361	488	1215	270	867	907	831	373	989	1390	1864	1757	241	619	209	728	631	72	790	940	1049	518	396	906	1006	1526	1121	214	218	1110	1062	503	685	1236	1792	158	318	1073	1103	930	1706	580	1050	720	39
521	449	298	1515	1317	78	71	698	1731	491	735	372	1372	890	836	1244	1235	1745	334	1279	967	1529	1452	1851	1147	1713	150	229	819	516	1366	140	1699	274	1794	1482	929	1672	944	105	1267	1616	97	844	820	780	1781	350	1342	1787
281	938	1405	531	1426	988	1744	1160	1002	1587	35	1199	111	613	1016	1591	1843	688	1021	660	1523	1859	1387	1475	576	448	577	662	738	1346	1338	778	1125	1434	1746	846	1242	568	1412	709	547	1442	1290	1863	306	994	18	1411	884	1695
258	157	788	569	1031	992	256	1066	1612	173	85	1001	1460	113	289	1854	1034	1513	1293	674	1315	1589	1810	1607	391	129	139	1313	135	1822	109	426	1879	1297	32	834	1243	478	1572	761	1226	444	390	1465	1292	1401	1410	811	195	1375
1793	460	1025	1386	928	747	732	622	379	301	1499	1409	1630	1220	1571	1	842	1406	643	1000	1052	481	815	1380	1734	1010	766	249	1033	835	1795	122	1684	461	760	1720	42	424	817	67	1449	295	1676	1660	5	845	603	742	1364	756
848	678	175	1339	1258	132	1122	1246	57	1522	342	686	1347	182	990	1027	514	1210	1861	83	1206	1776	1828	1119	1287	231	1493	31	1666	594	953	282	1261	694	40	566	1202	681	1077	1219	235	1285	755	892	1632	1067	1254	1063	185	1162
551	653	1200	259	1544	1732	1128	654	324	176	538	1718	673	520	665	1400	492	980	1844	697	1760	1156	1414	1769	1730	1791	1771	202	1015	1424	1059	1825	1450	1700	276	1171	1098	93	506	114	464	822	1355	56	445	968	288	1585	1829	1615
352	1402	351	969	292	1124	1466	1260	710	1566	1710	331	714	186	1696	4	1853	500	898	233	442	1257	646	155	37	668	1170	641	1651	11	1611	1537	900	895	381	1362	1194	1545	758	1686	1259	1189	362	1647	95	1312	1447	420	49	1563
1273	1084	1047	1393	153	354	910	294	1076	691	606	357	1547	1272	1253	312	1088	1035	1126	1629	945	1150	1108	1453	1101	1004	156	421	15	472	887	1383	495	133	236	1349	1081	480	55	194	1276	574	1642	285	227	1665	137	1679	246	284
1790	22	1458	1168	1590	608	1213	81	278	1582	127	414	797	814	1755	1539	1354	1721	602	1765	986	544	563	1670	1870	1360	914	636	1371	1564	1533	428	1225	1172	712	1158	556	850	271	917	743	767	501	1102	1441	832	1271	1165	1648	459
672	1697	8	534	1294	841	1592	1451	116	624	80	1683	406	1573	1541	1222	1736	1277	676	931	1495	476	1343	1350	168	1473	1310	477	947	1813	1207	1654	125	1635	1569	693	290	28	363	1711	1185	119	1798	888	620	1856	539	1106	1227	705
937	1229	1598	961	1677	151	1399	409	860	457	801	1743	1671	616	1329	128	247	70	745	612	1391	550	1866	26	1283	446	1234	1724	1525	1042	1430	251	772	585	1184	825	431	875	909	1786	378	635	537	1247	966	794	455	1606	639	1674
1565	53	904	58	1568	1379	891	1704	1872	1707	198	1070	33	65	1376	1209	1750	353	1057	138	1415	1850	164	1556	942	159	1289	729	1100	1631	1814	593	721	106	1069	203	1546	754	98	38	803	1148	1461	100	411	1239	208	1115	1690	645
699	1708	511	1009	196	326	310	1208	262	1395	1157	1868	1626	1295	1367	1567	958	388	1333	1806	1183	1586	806	1384	625	189	54	201	6	1691	408	1646	410	1440	239	397	978	1506	562	995	1288	913	1159	1570	1166	1075	557	1323	335	1502
1013	1374	311	367	141	777	1688	583	808	1137	656	1638	644	540	543	87	1801	1309	1173	136	871	708	1659	956	181	273	453	61	1761	1689	27	1504	1467	248	1443	1146	1161	1328	1116	1448	1127	807	1558	279	375	1694	1644	858	1584	983
1551	474	1180	483	102	286	1197	561	1003	62	802	75	1518	68	1094	642	1135	1324	854	964	243	161	733	918	536	1439	1472	188	1023	1821	1715	1363	936	44	430	230	466	1619	1748	519	924	553	112	695	34	1723	1785	791	649	1818
400	1837	1120	1306	1188	690	1303	828	349	779	1640	145	1836	1815	268	572	297	454	1060	1835	1436	1181	1725	684	210	265	1491	1779	661	280	1230	829	1812	752	43	614	1407	205	494	799	670	394	1068	1322	1335	781	796	724	1305	1802
1274	1385	865	1519	1809	304	1712	1485	1091	868	916	1486	784	1307	524	584	399	1675	226	1301	515	1788	41	657	701	716	923	1803	212	896	319	1833	1216	86	689	1020	1040	1348	1838	763	66	266	852	838	221	1456	1144	1535	575	1559
970	482	1636	1575	985	1153	332	1325	1345	810	1510	861	899	1840	1334	1799	582	1314	696	1503	365	579	1011	1445	1682	1262	470	1562	1250	1845	1296	1093	526	1315	545	75	331	1808	307	210	343	108	400	1059	469	1421	1465	660	417	1774
724	429	59	642	1031	1243	1770	714	657	707	1766	143	1121	728	177	5	305	1362	1705	1332	1648	1818	1104	219	959	1203	1026	765	351	242	624	1763	601	1640	462	917	310	61	1096	881	443	1707	1474	414	334	782	1409	1412	619	1387
24	1297	1403	1123	616	1260	444	1711	1334	566	1170	1514	381	668	1748	1553	1554	890	1599	142	1848	1443	391	16	1632	744	27	1861	1620	886	819	56	1139	301	581	1081	513	981	306	883	1441	888	1587	1000	1118	372	966	297	1347	1481
602	1586	182	1765	1180	892	180	356	1867	840	780	1626	1747	594	1792	743	1459	1853	1382	1823	820	326	419	249	107	1760	770	264	359	1282	283	1411	1016	77	591	333	1108	1771	710	1363	1194	1206	1236	1229	1532	1233	440	775	1208	1631
68	1237	1293	181	446	1621	764	0	694	252	317	448	1500	1641	71	750	288	1261	1568	1773	1408	525	307	1726	271	1386	1674	109	1404	644	1269	424	1087	137	748	846	72	1356	225	691	1168	162	1733	1126	1059	124	223	1226	929	452
139	1010	1350	1169	1588	1276	1054	1283	140	860	340	1525	600	1204	1130	520	273	1451	1860	1160	604	831	941	964	1327	1274	1552	1085	1029	1737	1572	1612	704	1050	1212	1702	1458	1082	583	614	1862	1051	1465	1433	512	978	163	936	784	1318
159	1124	1508	994	681	651	133	313	172	673	851	617	274	1374	1062	951	454	291	126	267	118	1103	144	573	1565	52	1871	849	435	1014	1391	204	151	400	505	73	1252	95	63	368	1662	1467	427	558	586	60	763	954	802	282
912	207	1255	1751	919	1680	999	1676	1364	1314	1328	239	1017	1326	1307	76	801	382	482	528	149	1268	62	235	250	1850	25	626	1089	1292	1197	342	432	864	1265	1569	1604	693	279	1420	1877	1777	1839	1101	1595	1045	795	1179	102	1200
112	1486	699	1041	1259	1491	1394	1859	759	1570	1009	1630	1800	789	563	972	1013	1832	458	1787	442	154	1281	715	1313	493	1032	1266	608	416	1695	270	545	300	486	1102	762	932	409	1665	455	1301	872	1111	837	1369	1845	1241	335	829
1686	278	1533	123	841	629	148	1308	934	1647	309	970	1149	571	153	685	1113	1746	106	1555	1349	200	1063	1044	1181	853	186	1672	1027	1852	393	365	55	1322	405	258	1571	1002	813	1078	366	1426	739	160	1744	46	412	1396	294	1012
35	1484	908	925	1598	1164	1193	1559	1117	1826	854	1697	1741	1390	1806	653	1550	1684	587	1366	438	1764	1646	749	187	1873	418	1083	471	815	962	1432	654	989	183	755	135	885	395	1053	1479	198	345	610	1866	859	1540	606	781	779
1703	1202	552	722	1798	684	2	1342	1046	1772	1819	202	1119	1714	489	792	254	1585	241	447	1756	687	1802	355	696	1339	354	179	641	1056	1635	390	87	1438	130	494	910	217	625	703	1854	378	574	319	352	1365	1716	266	1092	431
285	1210	1730	570	437	576	1156	1562	1575	1750	747	81	337	1591	1490	1681	1844	1470	585	664	360	1299	316	1499	1694	6	1774	388	1536	648	1011	1047	1689	982	1735	1637	1122	1419	1874	652	290	499	1538	1100	1340	768	1610	742	1833	949
492	376	145	322	265	1367	635	1003	1199	350	1654	1024	161	1653	1216	995	961	975	1291	1652	308	732	314	906	1715	20	328	518	1277	1596	43	939	1414	192	1395	920	1150	800	793	1329	196	918	911	1290	926	1561	1504	346	1343	915
812	298	1455	1178	1622	1539	1211	880	1456	11	45	1388	676	327	1251	485	977	1666	399	1161	347	1649	582	470	1876	1306	1376	1544	968	421	1406	683	203	165	490	933	1127	1273	1147	1483	1563	909	788	1761	404	1780	753	1207	811	1154
1781	900	1593	865	1669	1097	1372	1370	1732	269	320	1074	1496	330	122	1505	13	1019	1531	1422	1037	785	433	289	1727	1512	659	991	1184	120	969	516	420	1783	1177	336	331	766	1205	729	1072	152	1592	1417	1673	1837	343	216	1320	85
262	1222	1683	457	127	804	1235	1670	718	524	588	1566	363	953	1325	496	1435	1084	592	1573	407	830	1469	1316	472	705	590	852	931	1519	439	845	1776	943	1341	425	1675	1166	349	1373	672	147	1030	1526	955	1667	1138	1176	556	1336
832	1602	190	19	1502	737	632	1285	565	674	1185	628	1392	1882	686	1137	79	1835	1275	456	362	1418	634	945	29	500	1337	4	1515	1296	189	697	474	1736	882	1225	921	430	1231	1217	666	1629	1246	957	542	738	560	950	170	1810
473	34	844	1385	720	1057	1298	1779	17	1476	1842	1302	338	1878	1509	224	228	214	1004	869	1767	176	523	218	599	1219	315	121	1174	1790	1527	1086	93	584	1201	1144	716	620	1116	509	234	40	296	373	1323	559	357	712	971	268
238	1754	760	514	332	280	1472	51	1214	1449	535	1023	740	1464	1864	47	1033	777	870	1279	101	597	201	1397	640	1107	1581	98	175	1383	460	459	1836	105	1762	967	1112	940	1534	169	913	1088	1001	903	935	546	1728	569	1606	723
1706	887	895	1303	1227	1834	778	695	898	100	741	1624	166	1	894	475	1506	243	1463	1786	1284	1578	907	816	1039	132	1048	711	615	1494	1304	1242	263	825	1416	923	1788	1870	1319	1069	658	1399	612	324	578	9	37	244	1784	847
1239	818	1264	531	1698	49	379	675	772	193	893	575	21	1247	1238	1300	1545	1055	1530	1146	1295	401	835	1731	168	1625	97	1769	891	1755	1708	1191	397	410	312	1529	554	86	1517	540	503	532	821	1492	1289	367	1616	1614	374	423
1799	938	1071	536	1551	1220	1354	1729	1361	993	1820	292	730	464	1008	146	1501	603	406	1434	1453	1650	344	1415	497	212	74	1528	1162	927	14	1267	873	1440	1601	7	38	1192	1447	321	1357	1079	643	1035	1135	1223	1423	302	1321	1875
797	386	1699	1129	965	1209	36	64	834	1114	104	1377	539	1405	916	1256	184	1664	823	761	453	1677	1311	836	1460	996	481	1843	185	1717	537	1312	69	803	28	199	1315	1457	988	23	861	8	976	754	783	261	1163	529	441	1513
1678	1099	463	1597	838	1186	1688	1346	339	22	1576	1607	1378	90	1167	205	623	1172	630	613	1384	1431	736	1487	897	618	42	930	403	1829	385	3	70	1253	1018	702	637	1263	1240	1073	1782	751	1437	325	293	1679	32	1330	1618	986
491	510	607	246	1682	1613	1628	1134	91	191	655	633	1603	709	128	1589	117	855	622	131	901	1600	609	1721	110	415	850	1075	596	1468	992	417	1250	680	1808	480	164	1503	1857	1811	550	1270	1446	942	1324	822	1590	1495	1182	114
1183	937	791	568	113	706	1379	671	504	867	451	445	65	1428	1066	1234	1827	1080	194	116	984	1196	1510	1132	719	839	318	31	660	1254	1425	1644	67	875	1065	1338	1846	721	303	1358	1651	682	979	1696	1230	1305	348	1718	519	1159
96	734	1445	1136	477	1634	227	18	677	1657	1627	799	1258	240	134	375	155	1623	1824	1507	1805	1564	295	1248	1061	555	136	468	377	708	549	1393	1743	1389	1410	690	1739	661	1778	1221	1615	1352	551	158	1402	922	605	380	1537	534
1710	1659	488	26	1158	595	1775	1125	713	858	1489	735	1439	1821	236	1195	1523	1076	522	1742	1140	1380	230	215	1413	733	1478	1493	1655	80	1855	1421	1608	1398	1401	786	370	577	383	1215	1725	896	1740	1543	547	1043	1077	57	1345	848
1333	1549	980	275	1331	1286	311	1344	108	1557	1232	756	1840	1021	1444	914	745	1617	530	1128	465	1288	1120	631	259	572	281	1795	188	774	889	1224	947	1803	1173	1317	1712	53	1828	88	1547	329	758	1709	1638	1022	731	1809	1381	1131
387	1752	1497	1244	253	521	222	358	10	871	726	1142	862	15	260	639	1745	178	361	1700	561	1015	1642	1701	1262	1157	1488	541	884	767	396	54	1759	1535	868	1070	209	1091	1863	394	507	1145	1348	287	670	245	1724	827	231	985
1872	277	389	1335	286	1436	638	1645	796	392	1692	1816	1068	1430	484	1605	526	1155	701	1518	1034	1812	567	1758	138	364	229	426	752	66	1511	501	167	479	89	1668	543	757	1609	580	805	1849	1448	1198	1749	1309	369	878	833	436
1584	208	662	1188	255	1619	1704	467	790	973	1560	304	1807	1815	647	1257	963	843	1482	1738	538	828	1038	1879	1052	450	1594	863	1671	384	1171	667	1353	1838	810	434	1822	1294	1658	1036	879	506	649	1175	115	807	1825	1095	413	679
1355	1583	678	645	787	928	1466	50	1580	129	1228	562	299	1280	1351	195	1152	806	1611	1427	353	944	502	798	1785	1189	82	1148	171	1541	1213	689	948	1661	206	1520	1042	1851	1090	1471	877	1067	826	422	1485	808	1461	511	1106	1454
842	1375	1841	251	1516	1025	1633	856	1028	1548	866	924	627	665	1310	402	1109	1272	1868	39	1656	1477	272	824	1660	1524	1881	408	902	1687	276	1797	1558	1165	1789	248	197	564	553	725	221	226	899	1020	141	1498	1040	1796	1719	237
663	1817	593	1663	1639	232	515	1690	1636	1831	1720	646	1006	717	1058	1869	1218	669	776	483	1556	469	998	589	1049	1693	173	75	33	1475	1407	814	946	990	1153	1574	579	698	1278	1360	461	952	12	1858	41	1110	527	1847	220	1005
621	1801	257	1400	974	1791	1793	1271	213	476	1577	1722	700	1064	1245	1794	323	773	958	1880	1187	1865	411	1368	544	44	727	1713	1249	92	1442	247	809	256	983	1060	557	1546	598	548	1450	371	905	1287	1480	156	1115	817	1105	341
1814	498	1579	284	99	495	478	650	1098	84	960	125	1643	1830	1542	1567	876	1804	1151	1143	771	211	48	987	157	1768	83	1094	1757	1190	1753	1685	997	517	794	1007	611	769	1452	428	857	210	956	688	904	1521	1582	1691	1424	1473
103	1429	746	1522	1856	1371	1723	636	1093	119	398	1734	1133	466	874	533	449	508	1141	30	78	58	150	233	487	111	1813	1462	94	692	656	174	1359	1626	187	641	1830	142	653	1457	95	527	121	122	369	632	680	335	1109	885
609	1374	988	1815	1747	1732	556	1268	1165	451	954	1078	516	1787	1201	1075	301	678	284	423	1533	1007	1404	901	1538	114	1862	456	1345	500	1763	189	895	1678	1134	172	270	1115	684	1860	540	1874	1249	1140	1270	1009	65	788	1054	1399
1239	171	695	1334	377	1016	833	764	620	1031	1402	1848	1357	463	579	1354	1192	320	923	1689	959	119	1799	1766	1550	910	289	221	728	293	1173	380	1208	204	1018	57	857	1570	732	679	1362	878	1701	490	1103	660	654	112	392	398
1335	825	995	252	774	127	67	1740	1010	892	1299	465	1636	468	1654	748	1549	744	1407	472	1288	51	369	481	212	1037	53	1106	400	328	32	1764	1274	1232	1634	48	420	73	1070	145	16	1150	1469	1029	1380	1301	1153	1124	1418	508
25	880	1499	1762	1568	1013	105	590	1457	1434	1792	327	1043	1036	1662	1258	149	1590	1257	121	547	1220	1743	282	1001	443	1015	52	259	427	325	820	1788	1734	1482	1454	962	1847	1265	1739	1560	1397	951	663	1331	1650	1741	1614	1826	1613
1602	592	141	1493	1497	489	477	601	1284	1419	479	1111	1653	470	308	353	102	329	1222	1795	1475	688	1086	1752	1668	1603	1346	1240	1041	1818	670	909	1286	914	1641	1737	621	763	143	1448	1177	996	1565	922	749	1804	589	378	643	1074
920	639	1463	1709	1597	613	326	1321	1786	1073	502	523	54	272	623	840	424	906	1494	907	290	2	1411	715	1440	859	598	297	1413	766	1702	1479	1350	1618	883	341	245	1435	250	144	1541	1584	1586	1185	1146	1840	1297	174	1324	884
1255	546	926	1866	671	1644	411	593	1673	723	1635	161	466	998	902	97	1100	1467	979	1067	753	664	253	733	309	1424	1291	1243	1530	1657	215	549	1304	402	1725	965	771	739	1322	1581	755	943	1577	885	738	1426	410	964	1175	865
1745	1554	1738	1782	279	1735	1624	1318	747	1000	1163	1802	167	1507	1548	826	1849	1174	1213	632	217	562	154	821	269	366	957	1250	240	617	584	583	853	737	1445	38	59	1750	1161	702	1665	527	1052	1064	752	807	1476	1779	1748	142
1141	1460	1391	694	805	360	1066	89	330	1114	1761	1508	1733	1056	1032	564	399	314	1667	854	900	659	961	1433	1491	577	1040	495	1487	534	1511	1	1033	1186	919	1145	255	1676	912	690	346	1005	1097	483	793	1283	1180	976	1794	1655
415	408	982	1664	1760	1526	729	918	347	932	1131	58	1839	797	1156	62	1693	55	582	1753	222	1658	1656	904	439	1770	838	930	1207	1594	713	1535	1060	537	100	992	1305	459	1704	98	525	1680	258	84	956	77	1383	866	92	636
846	1217	1384	1118	576	745	604	50	274	1372	991	1522	303	1046	1330	847	711	461	457	1084	432	1154	1537	1082	1289	1816	1681	610	1813	1388	78	1450	1315	1143	82	1415	812	110	1627	832	1857	1571	1558	413	1312	1378	186	565	1310	544
1364	1877	1344	1477	817	70	553	160	1698	56	446	1194	1696	1757	757	157	1809	1630	934	298	606	1659	710	783	1107	1811	1555	8	1808	543	362	772	692	1281	1832	436	1068	1553	316	1801	608	1789	1683	115	30	905	1495	830	1532	351
1803	249	239	1844	123	1720	1164	304	1660	874	386	765	1593	319	14	1504	798	348	1169	1212	1428	1293	375	1465	1513	1481	555	1596	1126	1721	841	665	1230	469	241	1368	1287	1092	68	1812	1348	908	80	1320	349	1489	1672	939	31	889
263	1014	393	776	467	1536	1127	1774	1649	128	1836	1700	1589	1455	1139	1639	762	496	416	1817	288	1248	1295	359	1307	226	754	1607	462	1059	494	646	11	357	596	578	125	1706	1632	335	691	1605	27	1093	471	806	1480	311	6	1088
169	1697	539	1229	1196	1130	822	363	1564	192	1626	1651	1360	843	1024	730	1072	1472	1502	113	1582	497	370	406	1880	1112	368	1311	336	1488	1228	1427	261	541	1575	1333	1160	1765	318	23	1703	1306	973	1190	339	137	1868	93	1691	1356
928	251	1685	1057	1716	650	1144	896	220	1531	1556	1438	200	1358	1492	1451	1464	401	248	1340	1353	1882	435	1710	559	856	1420	129	132	587	603	746	1486	803	1089	139	1049	1278	1834	594	1020	1622	1588	879	1339	758	519	414	1485	1260
234	1746	1267	1195	151	383	1643	648	176	993	1829	897	722	1369	542	191	512	3	0	551	381	1205	1405	823	19	430	15	1663	1277	696	1772	1595	1447	1166	1573	72	422	1011	1827	1727	75	1308	294	861	1496	1393	569	1864	588	1006
661	1003	1373	931	1623	1759	211	552	1233	340	1132	1370	1152	1403	486	1090	1690	981	1328	1778	560	818	334	652	1171	1352	1869	1524	781	1474	852	1620	262	808	1449	232	985	1392	235	1781	1300	657	1598	175	707	942	1342	292	1498	886
1266	789	1705	1371	126	236	675	667	701	1557	726	644	599	395	493	26	1122	972	76	1209	1319	1583	1214	109	1280	792	1133	1871	464	566	1246	1612	1606	717	517	510	155	104	1172	108	480	1025	1645	1881	153	1867	1235	816	966	1155
522	1870	1754	1414	795	1851	1394	1756	1561	478	686	1038	434	1825	915	860	278	1063	1382	1223	229	1714	485	1349	1629	1099	352	1094	585	1820	1713	1058	1355	937	372	1157	1529	1376	365	1065	1731	935	440	1500	631	1456	1688	1098	265	561
