2,1
277	264	441	443	240	417	475	175	513	230	262	78	541	12	349	191	329	252	567	280	518	64	197	237	229	183	510	529	27	45	587	462	303	57	519	501	35	173	589	43	326	575	102	497	494	233	612	438	372	336
418	629	311	261	222	601	426	181	605	293	411	217	658	52	514	546	7	351	386	271	379	172	274	333	433	425	403	188	548	33	595	399	549	375	594	220	299	302	448	6	353	152	532	163	131	92	469	236	539	483
358	282	31	622	192	22	323	610	531	561	296	608	228	171	463	142	284	476	238	553	157	190	556	169	161	24	560	407	65	76	650	576	478	16	603	195	307	69	635	451	97	317	592	68	682	223	257	253	405	488
34	47	550	424	374	273	110	473	651	555	571	445	565	449	84	105	489	72	276	656	176	647	231	100	278	254	235	487	428	648	665	272	193	679	194	437	196	450	343	471	115	402	140	1	133	667	602	109	116	334
396	167	211	151	624	218	572	486	126	259	298	613	153	56	327	410	389	107	599	121	70	295	507	304	511	616	598	435	429	643	141	179	60	517	322	91	292	94	242	398	118	80	154	477	88	657	203	499	309	136
452	638	50	96	114	244	260	666	570	440	241	245	414	98	215	367	166	381	623	83	660	563	61	146	345	285	249	59	466	562	378	164	525	139	119	585	210	11	456	266	387	28	129	279	10	81	341	460	619	108
305	668	659	569	505	419	111	442	14	214	160	675	26	439	184	99	620	384	25	627	582	354	590	479	370	636	383	639	509	481	312	159	37	66	205	586	226	130	289	458	681	301	174	227	467	149	212	101	677	287
584	644	75	332	225	500	147	23	113	392	558	308	646	683	177	680	365	155	566	593	38	361	669	628	609	170	491	339	652	377	457	485	219	248	325	596	138	58	162	2	208	250	604	87	431	391	580	447	348	199
106	29	522	537	408	17	30	533	315	63	281	352	673	124	649	20	359	187	207	165	224	559	551	577	615	269	104	288	573	318	538	492	504	36	394	617	297	19	310	588	267	112	444	120	291	495	85	275	642	132
202	400	641	189	198	607	247	5	148	614	178	512	413	145	204	415	3	618	397	482	316	432	520	21	335	362	552	633	127	49	39	583	314	423	331	581	671	637	404	294	474	484	251	368	524	578	42	508	388	117
493	270	324	625	0	306	9	300	390	55	143	544	626	455	319	385	676	434	18	536	654	186	86	547	503	46	168	600	221	436	564	672	568	258	137	330	376	454	158	180	521	32	150	263	103	347	540	350	516	653
213	465	206	678	542	255	412	328	346	427	579	674	421	470	459	373	48	661	506	611	82	355	95	446	67	534	422	380	201	357	128	144	401	209	286	498	268	90	41	634	337	416	234	366	53	243	79	51	526	338
340	515	535	557	313	554	232	621	591	185	670	62	480	523	597	246	134	461	360	290	182	364	631	632	4	44	472	468	135	430	640	662	71	630	464	645	15	393	216	74	664	606	406	655	93	530	283	543	321	89
342	382	409	13	453	77	663	200	545	574	122	363	344	54	395	239	356	528	371	420	502	40	490	256	73	8	496	156	123	369	320	527	125	265	168	209	299	269	71	338	234	148	278	303	336	445	266	203	516	618
153	259	42	351	648	121	160	191	611	293	557	624	134	194	113	115	347	199	94	467	568	90	330	615	196	209	285	163	437	104	181	379	223	17	8	322	632	130	80	317	96	272	212	174	316	434	421	119	511	672
76	390	534	359	652	180	425	501	340	455	669	679	252	423	219	43	549	41	545	327	525	343	136	341	105	279	197	166	644	189	613	361	348	381	33	69	329	371	20	110	230	58	388	673	305	240	538	382	550	564
77	270	449	75	36	352	39	210	182	428	32	18	168	387	183	345	580	535	302	676	551	585	19	22	332	145	179	158	500	27	263	35	28	627	294	188	314	63	339	37	40	292	85	246	570	591	44	195	26	331
369	176	559	72	203	54	175	424	404	30	608	155	12	248	215	338	680	539	247	217	509	173	177	651	264	172	318	99	454	502	582	571	265	430	619	555	46	576	3	526	412	311	671	295	664	578	55	374	324	208
67	457	477	245	25	147	417	291	287	413	420	465	97	298	547	66	448	620	515	344	216	14	207	556	579	612	78	224	677	202	333	495	232	606	258	588	260	521	257	117	238	297	445	138	269	452	541	70	482	426
10	120	567	527	380	628	89	459	604	353	675	543	154	190	638	609	306	315	227	364	201	662	401	358	513	11	342	141	394	184	282	572	405	466	320	233	386	663	409	5	313	507	150	254	464	107	674	249	186	82
185	368	561	255	108	304	239	149	484	365	31	560	116	165	50	616	167	483	373	391	607	581	470	461	520	95	569	281	372	645	442	471	261	122	211	370	101	60	88	262	419	308	375	169	641	546	29	476	143	307
87	635	103	296	565	522	61	436	377	213	349	363	236	540	335	24	277	548	367	402	123	235	64	451	488	275	4	593	670	602	384	496	408	474	290	505	600	441	397	362	276	498	536	618	529	206	626	443	288	45
463	433	164	129	432	283	533	81	228	84	610	601	286	128	218	159	614	497	510	156	74	47	170	599	200	605	79	237	139	303	59	56	586	242	193	48	346	334	444	299	653	0	192	106	512	411	1	102	682	222
253	267	440	603	659	589	683	469	597	62	396	274	205	221	244	642	499	475	152	621	516	453	407	92	554	204	681	289	537	422	553	220	142	660	356	21	661	326	492	563	321	100	399	93	524	357	114	506	148	478
468	68	250	360	623	592	523	562	427	666	415	132	490	91	225	584	278	300	131	354	414	393	6	161	137	544	73	98	636	337	491	435	447	418	135	667	646	2	647	15	312	649	268	429	438	57	577	503	86	323
125	256	112	350	656	9	514	389	596	126	654	446	355	485	494	481	517	639	678	231	34	273	573	301	650	655	472	65	328	146	310	508	71	473	376	16	590	178	23	583	280	643	51	558	124	637	38	319	271	594
118	462	552	595	439	198	625	416	532	486	336	383	140	49	542	493	410	385	325	406	243	489	519	229	630	458	622	450	366	566	634	398	133	226	575	617	431	251	127	13	241	395	309	7	479	518	284	487	151	574
157	460	111	392	109	171	587	403	629	640	378	658	598	234	657	665	631	187	144	400	504	162	531	266	633	83	668	530	53	528	456	480	52	214	81	601	37	138	323	488	88	35	236	126	552	631	399	53	451	178
173	198	619	409	262	272	257	42	640	290	348	79	215	578	376	229	333	567	199	103	681	414	647	14	450	420	504	597	641	337	101	568	517	222	140	550	88	157	263	589	93	113	374	577	69	372	496	434	541	601
438	514	426	646	660	513	424	346	80	18	590	507	584	51	217	655	293	104	329	319	120	9	216	487	416	494	556	285	164	536	41	650	193	105	43	595	307	154	506	259	85	122	574	512	5	606	286	292	15	219
168	181	106	299	327	483	167	631	390	637	382	325	77	356	188	297	446	124	269	609	145	617	341	499	534	386	238	555	87	324	75	532	528	3	128	633	72	35	97	121	74	367	328	206	197	421	295	558	30	612
59	523	365	58	642	682	235	403	332	182	187	380	129	139	264	126	27	481	25	672	357	503	195	12	253	516	56	117	53	112	134	607	234	225	351	281	398	395	185	91	1	176	472	462	538	201	406	522	663	202
227	236	422	150	99	349	441	130	339	274	364	279	405	26	0	13	400	29	449	475	460	479	338	554	17	581	591	602	445	570	649	84	237	623	119	539	495	114	118	624	33	244	677	138	448	172	223	598	23	519
302	540	147	473	65	159	115	127	239	261	160	37	301	451	605	457	466	455	350	68	651	616	143	404	108	284	300	137	418	266	440	508	618	427	411	49	165	265	620	110	342	179	358	443	553	359	306	505	652	210
535	575	231	634	151	562	430	615	537	52	313	510	611	94	432	486	276	133	7	654	335	207	304	410	141	419	208	345	275	548	309	161	368	83	469	289	169	194	371	439	260	132	224	252	258	470	214	62	20	679
369	278	204	142	454	96	76	509	571	63	543	488	373	526	377	413	47	560	282	608	170	511	489	6	680	61	456	658	518	579	24	661	431	588	255	389	40	280	116	298	402	408	659	610	585	242	458	657	490	81
582	251	320	82	98	86	363	580	245	397	391	379	250	241	648	583	166	629	330	228	566	671	246	344	205	211	60	592	476	412	310	683	675	667	461	267	326	152	524	343	71	209	544	220	415	148	230	666	203	16
50	437	564	643	287	360	614	530	464	158	213	407	191	355	599	4	175	603	331	478	670	477	668	249	396	375	370	315	492	45	125	78	515	394	109	459	630	273	31	572	546	156	399	468	362	8	529	64	39	177
146	163	212	525	549	639	531	19	144	192	305	11	392	401	149	644	312	288	131	604	2	48	381	186	636	632	613	665	317	627	500	645	283	89	497	322	136	383	527	673	425	626	586	95	303	270	321	435	353	162
474	480	465	243	347	92	664	318	107	542	676	467	447	248	90	444	336	502	669	268	557	587	471	28	66	340	547	70	662	565	366	433	232	436	38	563	226	656	493	73	482	44	34	21	247	57	334	678	621	378
352	183	296	428	189	593	533	111	256	594	135	308	233	354	102	123	388	485	171	32	393	100	559	385	46	323	314	311	178	36	174	221	55	674	600	573	491	277	561	576	484	155	638	153	361	417	552	628	291	521
423	384	622	498	10	387	196	429	67	254	551	569	200	54	180	218	190	635	545	442	596	294	316	271	653	184	22	240	453	520	501	463	452	625	383	298	507	309	291	662	93	201	373	270	235	661	371	367	673	400
463	282	636	465	307	574	651	541	157	415	530	207	229	107	276	118	70	178	2	37	194	97	683	83	526	104	490	79	101	550	143	653	159	348	629	406	331	105	31	269	34	246	527	598	319	128	206	679	261	81
147	640	371	120	313	265	394	340	387	474	412	436	38	100	245	515	220	87	95	646	519	372	65	628	501	670	471	439	134	140	182	498	202	289	558	167	638	249	294	351	360	435	503	279	359	190	16	30	657	569
422	327	547	401	632	108	475	641	124	135	488	473	42	637	382	427	46	90	338	9	342	399	615	255	290	674	516	6	127	624	454	561	470	672	15	499	76	583	142	366	577	146	310	407	189	40	433	512	126	346
133	302	493	166	75	396	553	413	483	559	240	528	136	627	205	23	41	85	254	20	554	464	36	603	513	314	613	352	643	160	278	292	626	420	326	633	54	536	379	385	552	389	325	593	548	597	267	443	322	311
506	647	222	248	620	596	49	452	482	5	74	55	218	398	466	654	192	568	69	286	562	491	264	89	576	586	201	353	58	668	88	60	402	487	555	19	121	138	617	280	339	257	622	72	330	181	434	616	57	650
414	43	509	380	544	440	571	429	619	479	155	300	219	161	48	592	521	117	446	12	301	442	450	217	403	565	560	171	193	645	606	29	525	368	664	545	451	437	430	132	94	98	485	28	362	53	549	355	283	227
658	11	524	137	27	384	551	582	594	315	66	374	363	595	392	444	652	458	599	418	169	453	634	388	333	621	502	514	274	242	110	328	564	416	543	102	405	425	233	495	365	484	618	673	122	47	424	158	497	237
508	306	376	529	271	71	456	45	212	208	660	33	578	671	556	335	129	304	200	511	24	116	115	131	393	459	303	589	228	630	375	460	293	103	285	260	230	492	119	347	291	428	210	354	533	184	539	183	404	378
80	196	272	377	287	73	604	232	343	284	334	344	494	277	308	21	231	141	523	213	179	610	531	99	609	299	607	256	432	84	329	649	114	32	316	518	168	275	476	77	224	214	262	467	540	356	662	612	56	677
557	259	67	573	251	581	614	623	579	266	397	675	367	457	587	639	235	324	234	152	431	244	370	170	281	350	546	386	332	223	0	130	505	364	239	82	64	381	123	438	3	198	419	680	486	258	44	591	663	148
566	411	204	63	468	341	357	17	600	445	296	62	247	50	8	317	681	537	174	149	520	644	361	478	538	337	323	241	164	648	588	408	605	481	358	580	472	250	92	109	336	165	517	318	611	268	96	510	61	172
175	225	7	145	417	1	113	309	139	297	203	298	441	667	631	163	608	448	563	477	263	156	409	678	383	59	391	153	195	504	469	522	584	320	243	209	186	534	154	575	86	106	185	400	585	151	542	635	197	288
78	226	656	390	423	496	500	4	659	211	253	51	144	489	112	421	373	187	369	236	655	111	410	349	461	532	176	270	13	676	177	455	345	602	572	312	22	14	507	35	180	535	661	52	215	642	273	669	480	162
238	426	199	305	625	601	666	10	252	39	68	449	567	26	321	590	221	665	93	18	682	188	25	91	150	216	295	462	173	191	570	447	125	395	345	387	31	252	598	236	508	301	482	526	468	296	411	133	643	457
24	648	263	170	492	538	103	84	30	352	202	64	149	521	653	92	142	646	213	125	96	546	384	320	355	373	23	578	394	573	255	438	260	466	237	97	489	505	424	160	224	433	291	599	241	164	595	401	240	471
80	410	576	416	85	328	626	100	181	491	67	307	399	33	437	63	493	154	419	566	673	554	168	14	470	58	600	563	273	243	504	670	265	638	597	269	198	183	343	259	378	327	516	312	612	547	360	449	586	487
136	217	161	500	524	65	43	583	147	7	258	535	55	621	297	422	622	617	379	51	393	631	658	5	641	46	382	458	325	330	78	319	91	411	625	663	558	555	321	371	285	385	346	608	290	94	537	541	596	72
362	574	139	654	413	616	175	268	235	369	445	542	132	318	74	659	513	34	590	133	536	619	234	463	447	193	302	245	166	295	508	195	585	442	257	550	607	73	101	594	294	540	676	529	62	407	481	155	116	390
423	9	645	506	570	99	292	143	465	556	655	120	222	18	42	203	482	156	16	282	403	232	252	395	122	593	409	208	79	397	22	530	501	334	286	300	119	531	630	342	341	32	383	603	81	587	254	308	418	145
519	613	211	293	129	559	298	667	177	68	459	314	326	579	358	121	372	356	176	450	633	56	102	317	460	335	185	279	289	29	520	117	575	288	272	629	105	421	118	668	53	490	278	246	669	560	50	532	651	602
647	464	324	551	392	598	95	609	146	60	231	672	523	280	4	171	614	173	511	196	496	660	368	432	477	207	389	86	135	287	338	36	182	564	488	365	562	274	611	266	316	127	549	548	303	167	517	199	28	522
557	412	381	329	137	304	404	126	169	277	615	420	226	441	674	367	514	350	656	144	507	179	204	244	605	662	635	113	665	47	37	451	10	15	201	52	106	425	414	75	210	215	498	623	370	456	606	525	271	296
618	431	374	256	455	467	305	25	262	209	443	494	565	657	677	637	45	309	348	115	353	561	408	150	140	643	429	165	157	250	366	212	640	83	214	44	192	502	38	89	509	123	76	301	476	104	577	190	435	679
680	543	405	518	27	82	440	568	473	247	472	582	580	194	12	180	632	48	276	675	66	457	172	333	323	233	57	148	454	138	644	49	681	495	628	218	299	461	0	111	20	110	571	380	627	61	664	220	436	331
339	345	130	163	533	446	178	400	54	221	377	267	13	589	107	93	187	225	426	197	261	624	87	253	347	361	475	642	26	184	354	584	238	11	230	434	311	313	248	206	128	322	189	6	332	515	545	340	131	71
174	31	483	402	124	620	17	601	428	415	636	485	109	236	406	552	468	650	223	364	152	90	526	1	376	112	357	486	497	553	480	678	69	275	151	153	386	391	188	134	344	306	661	2	479	581	3	398	264	158
315	283	77	544	539	200	19	666	499	359	41	430	186	336	242	227	427	229	474	448	363	205	249	469	510	284	239	592	683	610	159	281	682	70	108	114	503	21	567	40	572	388	141	337	59	8	591	604	191	484
35	527	452	649	439	478	528	98	534	351	453	216	219	634	417	88	512	462	349	396	639	310	588	387	652	444	569	228	270	162	671	375	39	251	670	67	179	18	43	5	662	601	66	47	113	410	580	204	343	388
61	427	92	74	257	190	338	329	182	668	66	315	350	157	377	529	447	609	490	582	143	441	209	262	433	191	293	513	526	19	413	183	671	357	586	4	590	29	438	658	84	678	640	198	528	265	505	116	512	216
456	75	142	108	484	341	472	200	539	518	596	585	189	349	258	125	662	503	337	320	11	147	95	137	332	428	633	114	496	231	119	673	112	418	560	336	405	44	169	550	51	375	109	426	244	214	549	600	630	130
286	636	532	397	567	208	212	270	58	578	8	65	193	345	21	675	63	151	271	30	76	408	224	393	487	520	442	580	85	381	303	552	32	444	355	46	515	424	306	36	91	174	128	305	316	38	527	679	246	118
498	333	206	483	129	431	23	378	576	100	538	436	215	34	577	56	641	604	660	232	104	302	430	499	565	6	368	87	90	425	453	466	127	247	45	9	222	72	561	481	43	248	323	502	390	160	113	295	457	171
478	588	311	411	559	509	77	250	33	542	597	50	133	398	354	318	395	111	682	510	296	464	459	403	188	489	115	230	399	146	683	521	371	554	351	307	623	348	237	634	657	291	325	20	181	401	547	625	617	669
407	474	145	179	321	655	446	620	228	117	347	41	564	664	508	543	259	197	410	648	429	533	437	649	266	607	465	531	366	283	192	53	666	227	1	78	12	243	124	416	343	479	2	386	555	278	439	391	176	273
281	82	463	240	312	612	661	25	272	205	245	249	173	670	18	680	462	480	274	626	353	449	482	342	562	435	643	164	310	285	126	598	475	139	22	369	70	16	593	132	455	380	327	629	524	269	253	540	469	158
476	647	96	558	162	452	10	389	344	500	599	603	251	122	204	106	522	334	103	79	541	511	653	621	67	359	388	261	313	17	461	276	373	548	385	49	185	443	280	372	613	123	516	606	97	3	136	650	646	48
256	155	421	83	584	14	166	616	346	352	676	221	27	400	217	601	370	556	165	37	31	287	551	330	235	60	610	402	150	225	360	42	194	304	579	467	180	493	632	301	255	486	619	471	284	553	432	314	105	519
387	572	202	384	141	523	365	339	394	611	602	62	134	101	665	530	460	99	275	615	568	618	309	175	195	121	238	40	651	154	294	308	663	55	574	497	383	374	605	491	488	299	288	595	184	628	367	159	322	167
340	331	627	396	583	654	631	507	563	131	135	440	187	570	667	544	674	297	5	13	645	260	239	156	242	412	458	213	120	86	672	207	172	168	406	392	535	138	203	98	319	177	639	254	470	263	15	140	107	454
290	39	485	414	468	163	7	534	93	652	642	417	358	59	450	81	362	589	252	210	415	419	68	575	677	241	591	492	233	681	268	24	226	277	170	64	504	614	420	267	409	404	581	361	635	659	379	219	89	298
0	656	153	71	161	88	608	434	506	477	279	376	300	73	102	557	451	423	178	289	69	537	622	517	186	569	80	28	223	536	335	637	592	292	546	494	201	364	644	317	571	57	525	545	473	199	324	144	566	229
52	152	594	234	638	264	422	94	326	54	363	110	448	501	624	587	35	236	148	382	282	47	149	218	220	26	495	196	211	356	445	573	328	514	524	33	623	482	627	125	492	53	515	360	380	607	414	28	394	398
576	471	388	501	464	5	84	277	651	156	195	320	629	529	346	537	215	338	38	404	499	290	41	146	362	466	311	108	71	456	175	570	135	423	200	469	120	386	508	141	395	316	550	341	125	138	326	399	104	308
29	426	497	389	44	411	413	157	333	531	414	355	28	353	134	602	344	681	243	604	190	363	590	98	632	132	366	496	642	131	274	649	488	185	280	472	169	148	88	415	282	336	128	100	143	658	214	507	182	319
574	618	285	27	165	370	70	584	621	42	177	115	204	121	519	396	259	241	24	578	589	67	269	452	360	601	208	664	140	221	523	52	198	31	246	409	218	557	94	272	114	378	427	103	465	180	117	136	644	142
30	78	291	14	672	566	398	93	253	81	663	611	603	79	347	406	479	352	549	317	343	638	379	509	377	130	245	553	627	176	448	66	279	440	434	546	86	328	487	77	375	653	97	655	337	683	263	513	580	552
193	0	569	90	61	624	460	87	533	15	475	369	671	318	459	188	498	62	518	53	39	403	349	357	526	46	635	238	677	144	412	439	233	261	327	418	528	235	244	222	382	217	300	524	610	380	490	463	391	74
109	575	422	309	252	492	431	682	609	273	174	361	660	368	628	652	18	425	449	397	75	54	110	127	55	164	275	7	11	297	527	489	331	450	68	307	286	563	202	152	543	276	72	166	467	322	662	385	430	442
506	643	16	80	173	219	278	305	470	163	364	541	572	461	536	191	675	667	345	453	579	181	158	656	356	119	650	407	597	419	617	390	421	551	612	209	514	445	670	324	20	12	58	37	212	124	32	373	367	304
392	504	76	588	647	473	281	608	437	186	139	376	539	284	106	493	170	1	207	596	45	639	145	301	294	600	515	85	491	432	268	586	645	179	229	133	485	636	620	168	155	51	582	225	267	213	289	679	365	478
468	83	205	270	251	262	223	482	47	486	417	288	264	149	547	206	532	568	654	358	230	622	567	171	335	248	401	534	678	668	56	240	646	625	592	199	228	540	342	43	454	151	154	637	544	236	325	606	561	451
330	298	101	36	648	231	348	201	480	315	332	242	237	224	455	105	510	48	287	302	211	447	505	295	107	306	118	438	436	595	69	444	477	299	192	340	545	255	641	626	266	82	239	484	538	616	410	293	10	619
483	40	669	591	674	91	339	137	25	226	167	359	402	429	63	123	8	350	271	112	33	623	598	665	416	408	520	535	393	89	394	435	178	446	35	474	631	153	462	260	247	556	203	303	476	657	232	583	57	250
605	160	95	560	210	22	334	457	500	184	92	521	599	113	516	234	525	122	558	571	50	522	676	21	257	607	640	383	249	458	443	581	116	323	220	614	577	594	554	296	310	381	162	6	2	351	194	96	372	147
321	172	126	17	64	405	559	196	312	19	187	481	354	587	673	615	150	613	60	387	371	49	374	13	564	314	634	59	512	34	65	99	161	227	441	503	424	548	183	565	216	292	265	420	428	517	254	73	197	3
313	511	680	593	573	256	633	189	283	502	9	530	495	4	329	384	630	111	159	562	659	129	26	400	542	555	23	433	258	666	585	102	661	494	661	382	659	500	170	588	434	323	548	295	226	28	79	157	630	469
13	67	676	356	304	157	255	53	175	429	174	308	551	300	159	540	187	621	638	164	550	459	529	17	492	415	218	408	398	176	602	266	574	64	331	226	362	158	302	419	389	612	278	314	385	293	588	629	552	586
615	73	590	237	111	24	318	643	378	185	445	167	282	70	396	466	673	476	452	192	663	496	507	653	91	422	204	611	395	597	575	402	648	82	595	79	49	95	295	118	412	315	548	270	432	411	580	148	114	206
324	599	191	152	183	383	5	649	369	484	96	678	366	250	43	483	469	93	115	456	86	249	99	116	253	578	472	464	372	19	503	436	296	127	562	361	553	516	420	209	168	409	662	470	10	42	56	444	491	112
90	326	490	437	579	166	360	212	222	12	11	377	577	332	659	15	203	121	573	60	181	27	567	138	321	338	268	348	154	394	327	14	194	547	7	571	669	526	506	299	410	630	619	213	269	433	2	103	462	217
277	647	264	581	390	133	343	283	559	563	626	247	546	554	312	558	241	227	124	322	137	44	434	427	102	524	561	84	232	265	215	165	97	100	683	339	522	285	374	447	76	257	18	46	406	301	493	208	350	297
342	207	531	289	334	236	228	23	306	71	416	477	479	210	199	242	497	453	78	606	33	480	650	423	589	364	316	670	21	179	98	430	367	407	623	85	609	72	252	178	195	155	418	3	328	240	458	149	391	455
392	275	373	421	593	171	35	534	55	600	426	83	52	47	273	514	292	45	682	610	57	439	6	172	51	163	655	225	69	230	414	677	344	365	510	330	109	305	29	256	244	358	28	263	145	363	518	592	37	87
380	325	467	216	560	508	319	25	229	538	633	26	625	180	425	359	500	569	142	106	565	570	371	140	376	81	499	603	384	16	679	94	537	525	368	349	354	666	153	388	656	200	156	528	303	77	624	443	594	660
635	568	449	636	123	511	126	274	189	428	523	404	413	405	644	337	39	566	346	92	30	451	485	555	214	487	104	375	221	311	309	294	513	170	379	186	62	238	66	107	61	604	298	279	307	651	89	515	564	494
596	386	352	675	196	601	0	533	182	288	162	122	74	646	141	642	665	616	448	527	608	193	681	261	173	290	657	260	576	254	262	169	335	618	501	401	519	541	245	535	475	128	355	605	454	134	481	9	38	117
341	235	488	132	489	582	613	652	536	4	661	504	353	495	146	271	68	198	120	281	22	542	672	634	63	486	463	284	333	188	482	177	549	1	276	197	620	631	598	110	440	639	614	637	617	101	457	40	441	258
88	48	468	583	399	160	465	131	233	585	627	532	442	75	287	320	280	135	32	201	640	393	370	628	36	248	438	190	478	584	530	58	80	460	431	572	246	347	224	587	150	545	239	34	272	505	251	161	502	329
202	313	607	223	340	424	556	450	509	473	205	520	139	267	382	317	143	671	654	336	151	231	357	591	539	20	129	108	645	41	351	136	417	113	220	667	387	471	65	59	119	632	474	403	435	543	286	446	557	234
512	184	397	498	8	219	381	658	291	544	147	517	664	641	50	668	211	323	310	521	461	622	144	105	54	345	680	259	400	674	243	31	125	130	181	255	78	193	510	278	572	654	475	324	604	545	544	272	282	550