2,1
277	264	442	444	240	418	476	175	456	230	262	78	555	12	349	191	329	252	568	280	519	64	197	237	229	183	511	437	27	45	588	463	303	57	520	611	35	173	552	43	326	603	102	586	495	233	481	439	372	336
419	431	311	261	222	549	560	181	648	293	411	217	546	52	602	522	7	351	386	271	379	172	274	333	518	426	403	188	497	33	596	399	550	375	595	220	299	302	449	6	353	152	507	163	131	92	564	236	547	424
358	282	31	623	192	22	323	525	475	562	296	417	228	171	590	142	284	477	238	642	157	190	604	169	161	24	561	407	65	76	651	592	479	16	558	195	307	69	460	452	97	317	593	68	683	223	257	253	405	489
34	47	551	425	374	273	110	491	652	556	572	660	566	450	84	105	532	72	276	657	176	544	231	100	278	254	235	488	429	649	666	272	193	680	194	438	196	451	343	433	115	402	140	1	133	529	536	109	116	334
396	167	211	151	625	218	573	487	126	259	298	524	153	56	327	410	389	107	600	121	70	295	508	304	512	617	682	636	634	644	141	179	60	435	322	91	292	94	242	398	118	80	154	478	88	658	203	500	309	136
462	639	50	96	114	244	260	667	571	441	241	245	414	98	215	367	166	381	624	83	661	471	61	146	345	285	249	59	467	577	378	164	599	139	119	499	210	11	457	266	387	28	129	279	10	81	341	618	620	108
305	669	575	570	533	670	111	443	14	214	160	676	26	440	184	99	621	384	25	469	583	354	609	613	370	637	383	640	510	482	312	159	37	66	205	587	226	130	289	531	668	301	174	227	628	149	212	101	678	287
585	645	75	332	225	494	147	23	113	392	559	308	647	684	177	681	365	155	567	594	38	361	563	629	610	170	485	339	653	377	458	486	219	248	325	615	138	58	162	2	208	250	605	87	513	391	581	448	348	199
106	29	614	514	408	17	30	576	315	63	281	352	674	124	650	492	20	359	187	207	165	224	428	466	578	616	269	104	288	447	318	539	501	505	36	394	538	297	19	310	589	267	112	445	120	291	517	85	275	643
132	202	400	607	189	198	608	247	5	148	598	178	473	413	145	204	415	3	619	397	483	316	432	541	21	335	362	553	631	127	49	39	584	314	423	331	582	672	638	404	294	474	484	251	368	504	579	42	509	388
117	493	270	324	626	0	306	9	300	390	55	143	659	627	455	319	385	677	434	18	537	655	186	86	548	503	46	168	601	221	436	565	673	569	258	137	330	376	454	158	180	521	32	150	263	103	347	540	350	516
654	213	465	206	679	542	255	412	328	346	427	580	675	421	470	459	373	48	662	506	612	82	355	95	446	67	534	422	380	201	357	128	144	401	209	286	498	268	90	41	635	337	416	234	366	53	243	79	51	526
338	340	515	535	557	313	554	232	622	591	185	671	62	480	523	597	246	134	461	360	290	182	364	632	633	4	44	472	468	135	430	641	663	71	630	464	646	15	393	216	74	665	606	406	656	93	530	283	543	321
89	342	382	409	13	453	77	664	200	545	574	122	363	344	54	395	239	356	528	371	420	502	40	490	256	73	8	496	156	123	369	320	527	125	265	298	219	301	269	71	389	162	542	400	305	401	541	466	623	540
153	259	42	351	649	121	160	191	612	293	557	625	134	194	113	115	347	199	94	467	568	90	330	616	196	209	285	163	437	104	181	379	223	17	8	322	675	130	80	317	96	272	212	174	316	434	421	119	511	673
76	390	534	359	653	180	425	501	340	455	670	680	252	423	219	43	549	41	545	327	525	343	136	341	105	279	197	166	645	189	614	361	348	381	33	69	329	371	20	110	230	58	388	674	305	240	538	382	550	564
77	270	449	75	36	352	39	210	182	428	32	18	168	387	183	345	580	535	302	669	551	585	19	22	332	145	179	158	500	27	263	35	28	628	294	188	314	63	339	37	40	292	85	246	570	591	44	195	26	331
369	176	559	72	203	54	175	424	404	30	609	155	12	248	215	338	681	539	247	217	509	173	177	652	264	172	318	99	454	502	582	571	265	430	620	555	46	576	3	526	412	311	672	295	662	578	55	374	324	208
67	457	477	245	25	147	417	291	287	413	420	465	97	298	547	66	448	621	515	344	216	14	207	556	579	613	78	224	678	202	333	495	232	607	258	588	260	521	257	117	238	297	445	138	269	452	541	70	482	426
10	120	567	527	380	659	89	459	605	353	676	543	154	190	639	610	306	315	227	364	201	599	401	358	513	11	342	141	394	184	282	572	405	466	320	233	386	664	409	5	313	507	150	254	464	107	634	249	186	82
185	368	561	255	108	304	239	149	484	365	31	560	116	165	50	636	167	483	373	391	608	581	470	461	520	95	569	281	372	646	442	471	261	122	211	370	101	60	88	262	419	308	375	169	642	546	29	476	143	307
87	618	103	296	565	522	61	436	377	213	349	363	236	540	335	24	277	548	367	402	123	235	64	451	488	275	4	593	671	603	384	496	408	474	290	505	601	441	397	362	276	498	536	619	529	206	623	443	288	45
463	433	164	129	432	283	533	81	228	84	611	602	286	128	218	159	615	497	510	156	74	47	170	600	200	606	79	237	139	303	59	56	586	242	193	48	346	334	444	299	654	0	192	106	512	411	1	102	683	222
253	267	440	604	641	589	684	469	663	62	396	274	205	221	244	643	499	475	152	627	516	453	407	92	554	204	682	289	537	422	553	220	142	661	356	21	630	326	492	563	321	100	399	93	524	357	114	506	148	478
468	68	250	360	624	592	523	562	427	632	415	132	490	91	225	584	278	300	131	354	414	393	6	161	137	544	73	98	637	337	491	435	447	418	135	677	647	2	648	15	312	650	268	429	438	57	577	503	86	323
125	256	112	350	666	9	514	389	596	126	655	446	355	485	494	481	517	660	679	231	34	273	573	301	651	656	472	65	328	146	310	508	71	473	376	16	590	178	23	583	280	644	51	558	124	638	38	597	319	271
594	118	462	552	595	439	198	626	416	532	486	336	383	140	49	542	493	410	385	325	406	243	489	519	229	667	458	622	450	366	566	635	398	133	226	575	617	431	251	127	13	241	395	309	7	479	518	284	487	151
574	157	460	111	392	109	171	587	403	629	640	378	658	598	234	657	665	631	187	144	400	504	162	531	266	633	83	668	530	53	528	456	480	52	214	81	601	37	138	323	488	88	35	236	126	552	631	399	53	451
217	620	181	69	253	235	602	104	578	332	279	582	222	524	456	51	585	88	349	167	295	201	80	351	187	571	507	206	93	14	358	198	523	386	42	293	462	621	193	658	642	595	426	106	105	290	598	335	202	458
369	124	478	441	284	364	496	579	537	377	324	216	651	18	414	510	219	590	215	613	292	536	122	9	164	101	168	365	157	518	419	79	302	41	368	629	145	43	671	120	103	420	261	85	483	575	65	5	534	327
449	15	632	373	528	487	505	421	342	339	432	113	624	558	154	77	359	244	269	403	259	540	475	140	262	182	424	531	389	556	87	274	75	357	509	3	128	681	72	35	97	121	74	431	515	643	199	382	617	623
30	328	59	188	427	58	568	455	237	406	173	529	404	538	129	139	281	126	27	641	25	410	640	506	197	12	195	499	56	117	53	112	134	608	236	227	390	607	566	398	185	91	1	176	257	553	603	297	300	555
664	306	229	238	225	150	99	601	395	130	272	319	367	652	408	26	0	13	234	29	683	472	682	591	341	350	17	584	592	299	448	514	522	84	264	301	119	490	634	114	118	684	33	541	678	138	451	172	223	599
23	680	400	560	470	147	476	159	115	127	239	263	160	37	325	440	610	460	469	409	549	68	656	413	143	454	108	286	445	137	517	266	443	511	619	430	329	285	49	165	265	477	110	345	179	618	446	554	535	333
438	543	210	307	662	231	466	151	450	313	616	348	52	673	305	612	94	508	489	276	133	7	655	338	207	304	486	141	422	208	337	275	356	309	161	371	83	402	289	169	194	374	346	260	132	224	252	258	473	214
62	20	650	372	278	204	142	457	96	76	512	572	63	544	525	376	539	380	416	47	639	282	609	170	11	661	6	504	61	488	659	519	418	24	570	434	492	255	513	40	280	116	298	405	411	660	611	564	242	461
586	589	81	583	251	320	82	98	86	363	581	245	397	391	379	250	241	649	439	166	630	330	228	567	672	246	344	205	211	60	606	479	412	310	626	676	574	464	267	326	152	494	343	71	209	669	220	415	148	230
667	203	16	50	437	580	644	287	360	615	503	562	158	213	407	191	355	668	4	175	604	331	481	597	647	546	249	396	375	370	315	495	45	125	78	516	394	109	459	631	273	31	636	577	156	399	468	362	8	530
64	39	177	146	163	212	526	550	548	532	19	144	192	392	401	149	645	312	288	131	605	2	48	381	186	637	633	614	666	317	648	500	646	283	89	497	322	136	383	527	674	425	627	587	95	303	270	321	435	353
162	474	480	465	243	347	92	665	318	107	542	677	467	447	248	90	444	336	502	670	268	557	588	471	28	66	340	547	70	663	565	366	433	232	436	38	563	226	657	493	73	482	44	34	21	247	57	334	679	675
378	352	183	296	428	189	593	533	111	256	594	135	308	233	354	102	123	388	485	171	32	393	100	559	385	46	323	314	311	178	36	174	221	55	654	600	573	491	277	561	576	484	155	638	153	361	417	552	628	291
521	423	384	622	498	10	387	196	429	67	254	551	569	200	54	180	218	190	635	545	442	596	294	316	271	653	184	22	240	453	520	501	463	452	625	192	659	252	476	246	320	219	280	395	621	310	577	601	146	592
492	37	314	81	470	498	430	120	544	416	182	682	87	379	269	79	398	387	557	107	353	207	637	167	95	9	639	205	538	104	531	105	2	644	667	166	346	454	494	264	451	83	479	326	46	135	523	564	643	382
70	325	657	31	406	34	202	529	339	279	322	6	434	134	515	562	399	376	677	425	505	553	38	101	229	458	222	97	352	530	289	605	65	631	333	292	124	443	140	146	108	502	518	246	673	439	511	194	143	526
487	254	118	641	282	465	255	100	16	30	660	257	393	330	190	90	627	360	348	384	403	159	533	157	128	503	42	640	514	473	249	536	561	493	127	286	43	363	147	675	15	405	76	189	584	476	342	142	580	313
240	435	40	437	474	126	265	133	656	440	412	75	596	556	178	368	300	245	280	136	649	579	23	41	85	547	20	618	220	36	294	516	218	442	355	646	160	362	632	629	424	311	206	54	374	577	497	555	351	623
415	404	551	315	630	475	402	418	459	650	606	57	586	276	49	456	248	5	74	55	604	278	310	609	192	566	69	327	513	495	267	89	395	589	201	550	58	671	88	60	290	385	558	19	635	121	138	620	301	261
389	394	72	414	181	319	407	653	444	574	433	622	483	155	645	219	161	48	595	524	117	450	12	371	446	600	217	491	568	571	171	193	307	582	29	302	372	519	548	670	565	422	132	94	98	616	28	366	53	552
359	283	227	661	11	527	137	27	388	554	597	588	338	66	508	453	598	396	340	655	680	636	683	169	467	413	392	528	624	506	545	274	242	331	110	328	365	420	546	102	592	429	233	499	621	488	619	676	122	47
428	158	501	237	512	306	380	484	271	71	460	45	212	208	663	33	581	674	559	335	129	304	200	62	24	116	115	131	464	463	303	578	228	633	375	401	293	103	285	260	230	607	119	347	291	432	210	354	485	184
599	183	654	378	80	196	272	377	287	73	427	232	343	284	334	344	490	277	308	21	231	141	482	213	179	613	668	99	612	299	610	256	436	84	329	652	114	32	316	521	168	275	628	77	224	214	262	471	543	356
452	615	56	466	560	259	67	576	251	525	617	626	539	266	397	678	367	457	537	648	235	324	234	152	431	244	370	170	281	350	549	386	332	223	0	130	509	364	239	82	64	381	123	438	3	198	419	573	486	258
44	594	666	148	569	411	204	63	468	341	357	17	603	445	296	247	50	8	317	684	540	174	149	520	647	361	478	541	337	323	241	164	651	591	408	608	481	358	583	472	250	92	109	336	165	517	318	614	268	96
510	61	172	175	225	7	145	417	1	113	309	139	297	203	298	441	593	634	163	611	448	563	477	263	156	409	681	383	59	391	153	195	504	469	522	587	320	243	209	186	534	154	575	86	106	185	400	585	151	542
638	197	288	78	226	659	390	423	496	500	4	662	211	253	51	144	489	112	421	373	187	369	236	658	111	410	349	461	532	176	270	13	679	177	455	345	602	572	312	22	14	507	35	180	535	664	52	215	642	273
672	480	162	238	426	199	305	625	601	669	10	252	39	68	449	567	26	321	590	221	665	93	18	125	188	25	91	150	216	295	462	173	191	570	447	369	152	682	114	358	424	356	267	204	380	32	84	457	168	528
213	413	432	584	183	24	279	161	92	678	481	605	321	587	601	401	46	64	447	343	446	67	362	565	423	241	451	633	355	136	170	80	679	129	638	23	175	259	30	352	260	441	548	371	290	97	154	254	103	498
642	243	557	298	465	255	674	319	81	84	564	506	308	460	429	96	147	624	652	547	602	33	525	268	63	160	598	571	85	282	566	164	382	14	660	58	257	450	632	381	516	650	594	181	578	314	399	397	195	437
312	389	335	358	100	125	198	570	659	331	520	470	629	145	234	637	237	149	224	65	43	390	505	640	7	410	611	372	55	217	51	404	608	5	393	142	482	338	78	263	240	91	628	459	645	252	597	373	318	529
291	680	365	513	411	168	94	326	330	607	72	574	684	139	663	425	669	623	583	324	507	458	395	132	273	74	409	523	34	463	133	269	630	265	549	202	327	328	590	166	302	519	471	596	193	455	420	561	521	73
101	493	422	551	414	540	62	419	495	155	116	222	618	9	656	522	606	99	636	143	666	664	467	120	235	18	42	203	511	232	156	16	288	286	245	258	501	122	658	421	208	79	293	22	580	541	342	292	307	384
119	542	641	670	496	32	394	558	211	300	569	341	537	177	68	472	431	576	334	385	368	121	383	443	176	317	644	56	102	325	473	289	185	285	295	29	535	117	586	294	272	621	105	546	118	620	53	297	504	278
246	407	163	50	543	538	613	550	477	555	562	403	609	95	369	146	60	231	599	533	320	280	4	171	625	173	267	196	622	665	379	445	491	207	518	86	135	287	346	36	182	418	502	360	573	274	585	514	266	316
127	560	559	303	167	662	199	28	356	532	568	466	392	329	137	304	416	126	169	277	626	433	226	492	531	378	524	367	350	615	144	412	179	204	244	616	673	646	113	676	47	37	464	10	15	201	52	106	438	627
75	210	215	449	651	370	671	617	575	536	271	296	488	563	374	256	577	657	305	25	262	209	456	508	589	668	424	228	648	45	309	348	115	353	619	408	150	140	654	442	165	157	250	366	212	489	83	214	44	192
556	38	89	221	123	76	301	490	104	500	190	435	162	682	554	405	667	27	82	440	579	487	247	683	593	494	194	12	180	643	48	276	476	444	66	457	172	333	323	233	57	148	454	138	655	49	375	509	681	218
299	461	0	111	20	110	582	380	603	61	675	220	436	339	345	130	614	178	400	54	377	13	517	600	107	93	187	225	426	197	261	635	87	253	347	530	361	475	653	26	184	354	595	238	11	230	434	311	313	248
206	128	322	189	6	332	515	545	340	131	71	174	31	483	402	124	631	17	612	428	415	647	485	109	236	406	552	468	661	223	364	152	90	526	1	376	112	357	486	497	553	480	270	69	275	151	153	386	391	188
134	344	306	672	2	479	581	3	398	264	158	315	283	77	544	539	200	19	677	499	359	41	430	186	336	242	227	427	229	474	448	363	205	249	469	510	284	239	592	251	610	159	281	39	70	108	114	503	21	567
40	572	388	141	337	59	8	591	604	191	484	35	527	452	649	439	478	528	98	534	351	453	216	219	634	417	88	512	462	349	396	639	310	588	387	357	374	134	339	670	350	18	239	5	376	420	46	666	349	20
137	143	511	426	602	584	188	125	306	116	382	643	20	541	322	109	405	47	503	114	321	407	447	491	328	115	211	380	684	307	357	531	425	262	377	395	84	65	408	349	579	323	112	232	157	367	61	265	224	66
222	130	19	475	500	8	191	92	4	657	29	529	174	190	74	635	316	502	209	250	553	524	257	508	286	206	258	624	147	482	478	532	410	543	599	603	431	390	291	378	246	600	366	615	231	75	11	343	354	514
614	215	674	591	315	142	682	108	30	182	655	95	193	444	381	437	44	542	516	572	484	493	318	51	385	680	345	336	462	151	618	528	429	456	247	515	198	58	148	428	230	526	21	26	63	119	607	76	564	435
85	329	679	283	32	305	595	46	169	522	455	369	36	91	208	288	128	302	341	38	375	386	561	118	577	218	459	611	342	237	513	129	463	23	303	552	100	295	216	479	189	34	353	56	539	663	642	393	436	677
104	325	183	200	389	645	212	167	580	6	338	311	398	87	90	457	527	625	574	127	658	45	9	293	72	449	654	43	270	348	647	619	518	160	113	560	368	171	512	452	271	498	520	131	77	443	332	33	556	550
50	214	133	597	487	248	540	427	111	433	135	312	320	146	637	582	244	481	350	181	355	593	439	145	179	472	464	640	228	117	388	41	418	648	578	670	259	197	442	549	461	547	469	671	266	466	499	665	396	465
296	192	53	35	227	1	78	12	471	243	124	401	308	421	154	2	576	570	278	430	636	176	273	281	82	519	240	337	631	371	683	25	272	205	245	249	397	173	282	18	446	496	294	274	646	474	483	610	441	586
467	559	164	310	285	126	616	509	347	351	333	139	356	22	445	70	16	391	132	489	411	327	424	538	269	253	554	438	158	510	669	490	96	596	162	486	10	403	344	340	617	621	251	122	204	106	650	334	103	413
79	555	523	675	551	67	359	605	261	313	17	495	276	373	562	416	49	185	480	399	280	372	632	123	530	652	97	3	136	672	668	48	256	155	453	83	601	14	166	567	346	352	649	221	27	400	217	563	370	662
165	37	31	287	565	330	235	60	629	402	150	225	360	42	194	304	590	501	180	613	598	301	575	255	383	639	505	284	568	432	476	314	105	533	387	588	202	384	141	641	365	339	394	630	620	62	134	101	604	544
460	99	275	548	583	676	309	175	195	121	238	40	673	55	521	374	623	488	299	497	184	159	331	660	507	440	187	585	236	558	220	297	5	13	667	260	239	156	242	412	458	213	120	86	149	207	172	168	406	392
535	138	203	98	319	177	661	254	470	263	15	140	107	454	290	39	634	485	414	468	163	7	534	93	612	664	417	358	59	450	81	362	606	252	210	415	419	587	68	653	589	196	241	609	492	233	573	268	24	226
277	170	64	504	633	420	267	409	404	608	581	361	656	681	379	219	89	298	0	678	153	71	161	88	627	434	626	506	477	279	376	300	73	102	557	451	423	628	178	289	69	537	622	517	186	569	80	28	644	223
536	335	659	592	292	546	494	201	651	364	666	317	571	57	525	545	473	199	324	144	566	229	52	152	594	234	638	264	422	94	326	54	363	110	448	329	121	314	468	373	87	310	633	521	193	563	439	548	307	207
366	469	392	185	545	120	507	272	146	625	104	434	41	461	373	483	600	453	137	543	5	493	636	624	530	379	496	635	642	518	561	148	414	269	442	143	38	595	134	182	482	141	426	485	618	195	84	549	190	263
547	290	282	653	266	274	98	345	337	505	135	566	326	470	397	375	71	341	591	538	29	663	100	352	44	215	386	297	411	121	28	241	557	508	128	363	214	131	204	627	683	676	597	125	24	245	422	605	177	138
319	611	674	532	495	243	488	273	132	102	175	180	88	362	544	382	398	407	279	27	331	606	307	318	449	311	344	431	684	641	108	432	115	70	644	42	238	140	67	277	417	599	74	467	198	680	475	253	165	662
52	452	31	542	218	569	491	94	451	114	156	656	570	463	103	501	601	117	136	486	142	30	78	280	316	437	14	26	157	513	169	221	93	246	81	4	480	626	79	440	255	233	389	378	109	551	368	360	537	612
404	130	514	679	651	176	546	66	541	492	468	261	377	86	353	406	208	200	77	346	638	97	376	46	448	498	217	602	479	572	193	0	399	90	61	535	317	87	369	409	15	300	396	129	343	413	188	10	244	62
666	53	39	291	328	336	539	667	338	144	523	433	364	421	235	681	222	563	445	499	419	454	333	252	519	465	669	259	632	526	174	415	9	395	430	309	18	608	285	528	425	75	54	390	110	127	55	164	275	7
11	320	510	477	356	355	68	329	286	586	202	152	308	327	276	72	166	660	347	639	412	531	464	478	349	450	16	80	173	219	278	305	506	163	391	359	678	497	556	322	191	575	111	370	489	494	181	158	657	598
119	675	367	620	385	609	418	459	571	380	209	533	634	582	324	20	12	58	37	212	124	32	607	550	357	304	668	527	76	574	672	509	361	281	631	472	186	139	403	629	284	106	584	170	1	207	619	45	677	145
301	294	623	534	85	82	466	268	524	536	179	229	133	340	456	388	643	168	155	51	617	225	267	213	289	659	365	471	504	83	205	270	251	262	223	648	47	670	553	288	264	149	567	206	661	552	515	423	594	358
230	646	427	439	588	171	335	248	438	401	610	258	159	460	56	240	671	649	614	199	578	228	560	342	43	490	473	151	154	568	652	236	325	579	540	487	330	298	101	36	673	231	348	201	69	315	332	242	237	224
455	105	167	48	287	302	211	447	91	295	107	306	118	436	444	299	192	664	650	239	484	589	410	293	590	40	640	562	339	25	226	402	429	63	123	8	350	271	112	33	647	621	384	416	408	529	520	555	393	89
394	435	178	446	35	474	655	153	462	260	247	576	203	303	476	682	232	604	57	250	628	160	95	580	210	22	334	457	500	184	92	521	622	113	516	234	583	525	122	558	592	50	522	23	21	257	630	665	383	249
458	443	581	116	323	596	220	637	577	616	554	296	310	381	162	6	2	603	351	194	96	372	147	321	172	126	17	64	405	559	196	312	19	187	481	354	587	400	615	150	613	60	387	371	49	374	645	13	564	314
658	59	512	34	65	99	161	227	441	654	503	424	548	183	565	216	292	265	420	428	517	254	73	197	3	313	511	585	593	573	256	633	189	283	502	457	179	520	459	636	128	513	37	472	651	287	86	185	80	438
218	265	660	487	181	185	53	585	159	192	594	187	396	13	168	380	17	166	449	598	67	24	339	559	406	148	315	293	268	418	217	174	565	551	582	414	111	99	95	226	407	212	469	73	194	324	70	567	167	360
64	504	304	86	586	484	646	490	596	91	300	118	637	157	411	373	116	428	374	363	296	426	321	338	176	93	164	657	152	614	326	295	413	508	278	318	410	554	327	526	420	583	433	257	206	439	82	558	590	79
49	421	459	492	472	312	297	506	314	114	115	331	302	513	183	332	681	491	535	605	640	480	209	5	620	241	377	684	96	255	247	649	43	564	158	560	447	443	19	617	445	538	127	269	369	409	522	429	334	453
629	670	479	10	42	56	282	501	112	90	394	285	249	301	175	412	222	232	12	11	566	462	610	365	15	213	121	203	60	191	27	575	651	138	607	427	289	356	154	499	493	14	204	555	7	595	391	266	322	306
503	402	344	430	308	570	2	103	550	227	283	455	270	589	390	133	419	250	328	571	634	208	466	408	364	348	547	237	124	343	137	44	398	384	102	588	264	84	456	253	215	165	97	655	100	130	277	528	485	383
621	76	638	18	46	415	392	358	350	207	342	236	228	23	464	71	425	531	658	210	199	242	507	518	78	650	33	514	361	432	599	372	451	470	21	179	98	316	436	416	553	85	536	72	252	178	195	155	395	299
3	627	240	467	149	400	378	597	275	527	362	601	171	35	541	55	608	652	83	52	47	623	273	619	292	45	125	618	57	477	6	172	51	163	663	225	69	230	423	259	678	367	669	330	109	305	29	256	244	366
28	263	145	562	524	600	37	87	389	325	476	216	568	515	319	25	229	500	671	26	633	180	434	359	510	577	142	106	573	578	376	371	140	385	81	616	611	579	16	682	94	667	519	368	349	354	674	153	388	664
200	156	534	303	77	546	452	602	668	643	576	458	644	123	661	126	274	189	437	529	404	422	405	444	337	39	574	346	92	30	561	494	563	214	496	104	375	221	311	309	294	603	170	379	186	62	238	66	107	61
612	298	279	307	659	89	677	593	569	604	386	352	683	196	609	0	540	182	288	162	122	74	654	141	483	673	624	448	537	516	193	31	261	173	290	665	260	584	254	262	169	335	626	511	401	525	552	245	542	475
497	128	355	613	454	134	481	9	38	117	341	235	488	132	489	581	4	523	353	495	146	271	68	198	120	281	22	549	680	642	63	486	463	284	333	188	482	533	177	656	1	276	197	628	639	606	110	440	647	679
645	625	548	101	457	40	441	258	88	48	468	631	399	160	465	131	233	580	635	532	442	75	287	320	280	135	32	201	648	393	370	636	36	248	438	190	478	592	530	58	80	460	431	572	246	347	224	587	150	545
239	34	272	505	251	161	502	329	202	313	615	223	340	424	556	450	509	473	205	520	139	267	382	317	143	630	662	336	151	231	357	591	539	20	129	108	653	41	351	136	417	113	220	675	387	471	65	59	119	632
474	403	435	543	286	446	557	234	512	184	397	498	8	219	381	666	291	544	147	517	672	641	50	676	211	323	310	521	461	622	144	105	54	345	243	593	150	511	224	104	344	488	193	544	229	411	212	356	297	330
406	141	271	441	337	437	582	540	117	374	51	193	666	483	481	631	264	429	495	174	328	426	156	23	177	605	548	472	562	380	393	188	558	559	422	391	494	556	583	644	517	432	104	140	296	240	444	678	121	314
533	570	543	373	227	16	389	146	281	385	92	596	639	480	65	131	269	579	363	378	662	498	597	297	620	415	18	568	43	113	22	194	368	145	573	326	511	667	265	663	527	175	59	309	513	329	244	591	273	401
8	224	528	349	153	196	306	381	419	32	356	136	602	542	147	651	26	165	402	359	110	383	50	284	30	550	646	586	384	70	214	33	649	531	172	320	158	642	204	551	327	553	89	178	458	114	626	277	571	612
330	621	72	470	239	633	561	0	638	209	166	488	362	412	474	220	171	608	436	645	628	130	491	607	13	237	447	604	257	259	25	510	398	599	520	519	358	29	643	28	38	514	636	135	230	577	203	290	250	382
587	624	360	155	541	478	346	123	484	288	302	504	617	386	581	289	403	37	247	295	431	347	416	348	303	212	388	246	661	392	93	152	218	446	530	228	345	45	34	285	454	41	370	11	435	440	260	611	231	506
96	469	82	658	119	191	490	211	468	83	235	66	31	584	354	369	232	310	623	499	427	438	283	222	476	464	501	593	445	549	208	304	471	47	399	122	482	255	1	299	673	574	457	618	409	665	442	322	84	256
439	629	90	364	536	262	154	67	199	521	180	492	103	417	500	99	430	157	2	159	453	524	149	655	120	537	390	287	479	207	421	40	588	75	333	423	319	657	6	128	425	274	681	268	176	648	163	652	379	88
292	669	12	280	361	509	15	622	466	477	187	35	433	183	640	44	397	52	529	610	396	449	334	293	179	108	111	353	73	512	216	467	632	49	223	115	266	487	71	450	473	14	567	69	545	544	637	276	200	405
301	133	58	173	80	205	522	55	249	225	418	201	376	367	164	456	684	420	109	318	671	263	238	132	560	3	106	614	134	534	60	126	518	535	7	585	215	197	664	675	428	316	311	411	10	407	245	600	241	653
616	683	434	576	248	4	317	21	85	300	168	294	94	261	497	452	95	17	526	332	451	656	170	189	609	387	539	325	578	291	254	424	654	242	107	460	395	307	313	39	508	190	569	647	186	252	404	344	129	54
167	475	286	565	62	76	118	355	234	267	206	251	525	78	448	298	305	339	226	523	210	650	516	9	357	615	185	219	100	627	598	101	394	68	461	64	308	555	217	148	48	341	502	270	547	680	465	74	377	202
127	634	124	408	496	233	36	682	79	595	350	221	630	546	184	150	81	24	335	213	352	575	371	572	365	20	116	169	336	455	151	143	102	338	486	195	105	181	125	161	489	552	641	410	606	601	659	315	323	515
485	272	87	46	668	63	198	566	321	343	138	351	253	366	414	162	340	282	112	635	674	590	278	679	580	258	462	144	676	459	564	57	672	160	77	625	98	400	375	613	507	594	443	619	312	563	413	142	463	5
557	493	324	27	660	554	532	589	372	91	505	56	592	342	229	243	538	275	677	603	97	279	137	331	53	192	86	670	236	503	42	19	139	61	182	667	365	250	29	392	158	245	416	285	305	439	550	263	417	209
351	269	420	368	623	61	536	488	355	119	508	523	40	212	514	430	362	195	381	21	510	142	391	390	328	305	619	572	392	403	76	285	656	261	293	13	243	436	589	497	152	313	673	159	118	459	605	48	499	539
245	221	554	584	449	677	547	10	504	451	217	331	311	73	178	531	505	291	17	576	467	134	357	592	287	363	457	644	438	306	638	629	664	462	389	46	22	535	446	154	172	618	9	106	67	318	204	284	257	30
682	654	346	140	515	581	254	530	548	672	223	588	658	310	278	448	14	288	384	185	361	314	229	109	371	161	271	281	628	41	573	45	416	559	495	563	567	231	574	51	478	637	99	639	498	182	386	418	200	19
110	168	116	399	568	44	490	483	259	42	214	353	624	171	187	676	189	411	375	551	616	198	93	163	657	417	651	410	5	662	393	604	519	141	340	405	103	671	241	139	442	675	338	633	484	364	126	648	679	190
240	12	255	322	414	395	321	630	68	56	546	11	181	607	215	84	683	555	521	324	25	233	370	378	517	222	565	477	265	606	158	131	409	419	611	538	356	632	681	661	494	256	450	188	210	70	43	373	344	354
274	404	145	493	518	486	323	367	120	513	359	540	525	316	304	396	553	421	208	64	26	85	74	153	54	372	87	550	105	557	149	674	394	258	124	184	507	162	63	211	299	117	475	262	337	58	216	335	652	485
422	447	137	445	526	591	413	455	479	577	0	360	408	441	49	647	615	594	60	602	263	36	585	326	232	434	500	465	34	234	533	308	228	642	2	622	133	147	541	506	528	423	6	55	456	226	474	659	53	104
250	667	50	613	614	358	166	177	512	601	252	218	587	377	205	470	167	603	270	597	516	194	612	123	272	296	27	249	266	199	295	20	155	463	564	264	102	107	268	80	247	47	31	206	77	236	78	88	165	334
431	429	248	113	646	317	114	174	135	203	100	350	96	433	482	439	125	397	655	112	376	132	473	382	59	66	246	235	348	501	129	1	379	634	561	556	453	440	636	452	180	303	595	437	610	89	427	481	138	534
24	260	415	537	219	669	365	643	593	524	543	558	599	428	443	277	388	522	374	625	169	401	28	128	582	52	201	196	319	173	626	301	369	635	37	292	65	251	333	108	115	136	156	151	242	489	175	678	300	18
432	282	466	398	98	570	345	653	23	82	327	527	69	472	157	130	650	33	315	580	72	81	294	660	684	191	148	458	680	529	122	244	94	424	566	461	545	75	598	549	209	150	600	492	640	631	35	3	496	575
307	666	29	15	444	224	83	332	146	542	197	502	649	380	71	237	454	342	668	143	569	90	92	339	101	275	8	86	400	297	95	609	412	38	91	186	207	280	164	480	279	283	511	617	253	176	179	239	16	670
544	460	276	349	469	627	267	127	286	464	341	407	520	406	579	329	425	352	586	183	144	665	347	383	230	62	302	160	552	7	620	583	97	225	320	471	468	402	4	509	290	121	325	330	645	590	426	503	532	596
621	170	192	560	366	111	385	663	435	39	273	298	476	491	641	32	387	562	193	336	608	79	213	343	487	238	220	571	227	57	312	578	289	202	309	325	230	525	115	1	463	98	304	35	442	369	350	97	156	495
176	66	678	474	376	343	39	415	41	661	71	97	350	73	85	296	427	14	662	484	23	120	664	466	153	232	328	303	141	576	26	660	683	244	160	568	106	390	529	617	460	371	388	54	240	109	335	68	397	213
208	497	75	399	372	544	353	445	666	488	402	673	374	622	47	3	5	229	226	409	50	46	643	432	482	381	610	468	646	618	640	373	37	577	63	558	541	124	139	164	416	648	12	384	667	612	317	480	170	264
613	344	650	135	601	349	53	312	574	639	564	424	528	592	593	486	11	293	479	107	637	644	345	413	347	308	457	127	553	604	525	295	281	49	357	400	498	178	131	24	314	138	556	30	83	60	383	469	676	361
311	392	447	148	146	125	33	421	636	211	621	475	111	140	136	567	441	651	682	204	87	114	649	201	540	360	551	217	36	396	179	275	573	32	473	78	324	256	290	632	268	154	250	602	642	330	286	258	190	472
546	1	572	288	655	100	22	58	157	202	367	62	132	605	61	186	645	336	495	206	658	55	233	119	94	524	167	580	209	172	351	515	279	368	503	291	587	502	505	301	56	182	267	455	356	481	248	533	467	590
470	607	80	84	562	355	272	507	254	448	20	386	341	76	535	635	276	555	223	315	0	4	363	156	27	452	90	520	435	623	101	657	493	527	519	358	239	418	189	10	297	145	31	251	231	6	377	149	130	597
320	606	133	522	431	184	194	465	550	428	334	8	443	419	242	420	440	42	18	560	537	521	569	143	599	534	263	280	74	582	598	199	77	230	277	64	379	401	531	675	591	406	129	299	117	292	570	236	228	237
255	261	137	594	352	609	629	494	168	596	134	252	220	171	112	257	102	391	659	669	173	526	625	298	340	174	365	196	200	595	624	103	566	387	147	634	187	471	118	126	305	227	313	318	332	110	284	509	378	185
