2,0
437	299	687	613	908	892	741	1108	234	622	795	963	318	11	461	719	997	658	307	417	1082	349	218	857	487	74	60	442	816	849	936	548	22	1066	441	56	1039	725	537	584	87	43	501	1046	932	781	1038	1024	492	654
67	383	273	329	831	429	274	1100	950	450	203	886	807	1011	1064	29	511	842	373	131	196	179	1017	970	411	473	173	635	125	384	142	225	222	513	1127	702	421	907	954	393	589	809	773	64	920	1085	883	759	609	498
862	1013	485	729	1057	993	820	778	926	612	922	358	52	1123	452	325	27	139	16	426	924	1047	369	956	381	1068	361	109	903	601	824	590	1040	230	683	700	124	191	121	545	528	730	126	518	617	427	803	657	804	1076
392	374	546	217	326	1052	430	228	913	1015	675	334	709	712	844	720	120	1115	869	603	664	790	836	520	323	305	1088	386	647	177	776	264	706	354	378	716	244	1098	848	104	172	24	82	372	811	284	261	608	31	410
1119	491	375	770	666	873	342	444	188	1106	370	20	6	1102	754	482	697	743	1002	1092	278	431	414	679	1005	133	78	815	758	271	143	95	572	153	904	41	1042	573	510	745	863	155	508	1000	345	718	499	668	151	791
772	628	1003	211	794	723	531	899	1093	909	253	726	249	775	75	440	88	939	598	765	940	1	413	250	854	428	610	223	463	591	779	567	941	10	276	960	933	1061	562	45	946	233	966	649	916	53	51	132	425	341
298	195	949	171	789	529	68	835	304	555	576	147	638	484	976	403	363	447	138	1114	802	1117	300	861	1035	92	443	957	525	539	581	486	202	115	1027	688	175	569	602	578	1074	216	302	176	114	998	705	514	181	1072
693	277	614	292	761	467	995	483	868	479	387	898	1051	285	990	618	85	163	934	927	34	751	945	337	76	235	554	248	448	565	507	39	287	240	646	193	559	860	752	1101	1094	744	495	229	1120	192	353	1075	786	194
294	445	48	57	980	764	592	901	12	986	420	768	169	1063	896	73	418	643	571	33	259	475	964	174	833	1029	190	252	1012	399	695	1050	140	959	918	260	837	731	577	866	585	94	987	1065	1022	843	558	197	419	335
821	1105	691	152	977	547	840	357	524	161	116	739	753	416	408	895	880	879	339	1004	280	504	582	167	69	295	30	955	544	871	37	321	629	891	100	102	245	80	1049	673	84	588	7	756	832	1099	242	935	157	122
817	999	1081	564	978	774	35	728	878	322	255	366	293	793	315	99	415	237	108	839	438	1026	850	748	254	500	604	580	519	141	699	183	822	1122	951	633	379	867	184	309	1058	262	808	615	859	220	568	398	389	684
159	47	782	166	788	1091	703	596	351	593	881	456	536	65	968	828	911	906	272	639	672	311	28	164	900	97	952	1129	130	402	888	367	96	855	489	1037	224	303	742	623	631	1111	110	21	170	344	799	72	838	449
215	937	979	105	721	566	91	1014	663	740	243	792	317	625	757	981	538	619	199	943	497	1121	846	890	396	257	282	231	236	457	621	462	637	1045	829	407	1086	819	238	1031	296	692	470	698	685	466	1001	707	851	784
971	107	377	70	722	1128	390	424	894	333	984	435	704	1007	641	669	1025	118	336	154	893	600	200	983	938	136	991	50	626	800	594	925	241	858	98	750	965	678	451	823	583	83	767	405	634	694	61	146	400	661
162	59	306	3	910	853	676	992	973	651	119	872	210	509	523	897	266	570	1009	129	279	522	81	982	738	469	178	1084	620	734	526	579	1116	735	953	111	468	885	14	214	769	327	160	476	8	458	26	805	882	696
1071	611	182	931	25	841	962	845	1056	1073	49	439	38	1095	834	586	948	382	1018	343	1053	312	1044	549	66	205	494	338	226	481	642	289	433	148	478	301	686	227	724	149	212	101	156	1048	605	587	332	737	488	814
659	1110	23	915	113	1028	308	1103	265	930	689	320	365	667	560	550	864	135	1069	1041	682	63	517	144	219	1126	79	650	460	58	975	2	208	1090	1104	599	477	874	391	1059	505	275	348	711	106	541	969	198	852	17
1023	989	827	575	281	352	1125	636	1107	532	359	187	207	165	1030	870	246	269	616	1079	288	889	830	996	251	512	36	394	701	297	19	310	553	267	112	887	632	291	1060	1077	787	644	714	1067	189	710	876	247	5	660
563	1054	912	145	471	204	515	1083	397	826	316	432	967	533	847	362	1019	1096	127	561	1008	209	314	423	331	656	552	905	404	806	474	763	368	942	1043	42	947	388	117	493	270	324	988	0	1062	9	812	902	55	1080
1006	1089	455	677	595	1036	530	717	875	319	385	556	496	434	18	813	994	453	186	86	1010	503	928	46	168	674	810	1016	944	340	221	1087	436	1033	1109	1124	627	1034	961	258	137	798	330	884	376	454	158	708	972	180
521	771	32	150	263	777	103	347	551	540	350	727	516	929	681	1112	958	213	465	206	665	985	123	542	877	412	328	648	346	680	736	607	917	459	506	1070	923	355	446	534	766	422	380	201	671	128	1020	401	286	268
90	464	1055	921	690	785	797	535	914	640	713	557	818	865	747	313	749	232	364	185	62	480	732	780	624	662	746	597	134	1021	655	856	783	360	290	71	4	645	44	472	762	801	796	715	630	15	1118	760	606	919
406	1113	93	283	825	543	652	89	670	653	409	755	13	77	1078	974	574	54	395	239	356	371	502	40	490	256	1097	1032	733	527	581	333	287	358	1051	153	324	28	302	886	245	0	534	77	623	642	419	292	792	352
368	410	746	723	847	281	1044	1101	879	515	886	513	1020	560	176	955	643	301	42	914	891	372	1017	446	800	931	1098	259	286	1091	80	917	181	264	51	185	145	975	351	253	795	1121	849	614	390	557	88	124	958	349
101	164	941	41	449	814	43	962	325	924	871	113	762	992	85	216	5	195	715	740	235	307	601	1096	834	79	509	406	785	974	1023	846	1005	927	391	93	460	658	965	664	878	947	1090	692	535	3	694	1052	821	827
1102	584	1109	35	885	1118	756	984	585	386	120	473	516	292	219	987	956	1095	1012	188	1015	966	30	193	59	948	674	618	58	496	365	201	441	632	807	519	978	1033	236	126	734	540	25	744	580	1125	843	56	229	53
112	134	1112	1056	367	530	421	438	1077	720	1	217	494	459	237	503	991	427	483	1057	909	150	99	628	775	130	215	1034	1097	963	377	935	867	1053	810	610	416	942	445	680	398	17	865	566	304	1030	1018	806	84	358
780	1050	458	994	732	597	33	933	138	415	172	608	1084	1088	395	670	65	1011	792	74	293	796	858	418	751	413	29	514	969	1082	37	272	960	910	477	405	738	621	432	915	0	712	753	647	448	728	539	143	356	376
1079	108	1024	499	839	263	950	137	613	408	549	591	764	997	1021	864	265	655	667	504	179	332	411	532	333	285	403	620	508	825	345	231	823	895	968	700	588	820	1114	290	983	479	759	276	133	1110	653	468	207	364
755	389	678	309	275	327	161	341	83	697	705	787	194	708	536	260	132	706	252	258	845	1099	797	898	342	278	1094	142	563	1036	76	472	778	63	522	606	346	350	769	961	1119	282	582	170	812	437	6	687	1051	422
1076	511	926	24	1116	400	791	828	945	40	280	116	896	1007	903	630	815	541	986	682	476	81	1120	742	320	786	98	86	363	556	245	745	250	241	892	404	166	689	330	228	544	726	246	344	205	211	60	855	546	1071
767	873	550	267	326	862	758	343	1059	209	523	739	148	230	637	203	750	50	837	696	287	360	587	651	430	158	213	923	1042	355	574	1009	175	970	1032	543	571	857	1038	1045	396	887	370	835	456	45	125	850	565	394
109	1123	273	943	1075	851	951	1010	8	506	64	478	177	793	163	212	650	528	1068	510	816	841	686	688	1063	392	454	876	39	401	817	1080	616	312	1027	911	131	579	677	2	777	684	191	420	495	186	718	1107	572	1124
1087	605	1040	636	916	362	607	1072	210	877	617	486	776	1128	497	322	136	856	703	425	971	1004	95	888	270	662	698	353	162	474	480	465	907	347	92	727	921	107	736	467	447	831	90	444	336	502	724	690	1070	1001
28	66	340	547	929	633	366	869	232	1065	38	788	656	493	73	996	1115	34	747	247	57	334	648	594	378	1016	183	296	946	189	1113	782	256	707	798	233	354	102	123	737	485	171	893	872	668	559	749	46	323	314
311	772	36	174	221	781	624	600	573	988	277	870	729	908	1085	1074	730	417	552	1086	521	784	384	622	498	1129	766	196	964	1026	936	551	569	200	840	180	711	190	731	545	442	596	294	765	271	999	22	240	453	520
501	463	452	625	1008	507	627	1067	359	1126	12	140	321	151	639	913	952	110	100	741	147	103	144	890	106	938	208	204	676	319	313	1089	382	105	381	274	192	464	875	602	268	385	329	52	919	805	615	371	435	808
1039	713	904	644	641	1046	912	859	1058	289	315	218	68	429	167	853	1060	455	324	373	91	990	593	154	640	818	838	638	470	576	1092	635	118	89	27	306	646	388	883	1002	187	223	940	980	466	379	826	21	487	691
16	9	683	779	214	1019	623	1122	822	451	529	302	225	1066	397	316	387	598	811	517	973	534	178	979	443	462	283	1029	548	972	119	55	673	998	423	122	82	169	226	773	1048	434	604	146	431	1081	115	20	308	13
128	491	993	295	1108	977	657	419	575	685	199	26	760	440	564	889	19	1037	238	609	735	1041	717	1031	1078	512	757	182	1014	482	111	248	592	900	721	710	310	925	1127	669	934	967	693	328	619	754	197	702	335	469
716	920	882	15	153	567	383	989	127	1103	424	1055	944	284	165	949	748	652	94	433	930	266	393	645	67	1047	852	671	860	813	490	318	1003	568	156	75	339	901	928	583	830	833	844	897	649	1061	298	32	489	880
439	375	374	380	14	18	578	243	484	1006	626	149	824	770	475	1117	317	369	799	1013	884	881	675	407	234	542	1054	338	303	70	561	848	254	409	654	768	932	802	104	222	251	1028	348	31	152	1073	428	922	894	402
279	399	206	959	1062	631	577	699	832	874	794	47	570	976	701	87	77	1111	414	160	906	599	139	863	121	518	725	743	527	554	492	634	665	1104	939	224	242	752	801	774	257	1043	1049	412	114	97	829	761	763	1069
842	1022	220	789	611	168	982	902	54	1106	505	159	681	239	255	537	352	771	803	141	612	861	471	589	173	1000	953	288	661	48	937	954	1064	129	719	804	96	679	524	297	586	157	695	981	426	659	709	305	868	227
1093	61	198	918	704	49	555	202	722	71	78	663	957	11	331	436	10	899	526	184	562	836	500	457	854	525	629	666	985	450	590	269	117	135	23	155	291	819	866	300	262	299	361	244	488	809	1105	337	1100	62
905	261	461	1083	790	531	4	357	733	72	7	672	581	533	1025	44	553	595	995	538	558	714	481	603	69	660	249	642	1035	783	966	1028	508	920	261	944	903	683	179	201	839	581	624	143	117	933	825	1066	666	1056
81	221	1110	912	472	328	702	58	488	869	203	204	851	948	599	999	670	278	511	538	505	470	112	516	901	911	781	616	166	1044	1050	1065	1006	56	713	770	308	436	231	51	660	1058	1036	195	319	66	891	618	542	896
43	749	445	1055	443	592	944	582	622	1029	946	464	341	238	463	521	339	118	534	591	4	546	1024	462	963	726	63	1049	1020	454	725	9	196	841	764	861	398	565	531	603	429	744	33	374	88	141	159	1046	513	686
634	783	1079	60	778	487	317	465	31	553	874	738	731	886	461	90	1093	8	906	189	682	287	106	150	918	569	29	937	213	695	887	309	413	181	784	404	704	482	1067	358	645	839	883	979	378	6	2	298	945	908
228	818	691	302	774	291	777	258	84	78	268	810	1056	186	882	135	180	44	801	371	455	527	758	1103	593	640	430	1043	161	895	124	970	669	1074	267	536	155	827	370	48	740	384	152	364	558	1016	786	665	1015	469
748	140	414	683	65	344	450	498	847	561	170	859	734	311	681	325	1097	514	1003	575	241	606	97	806	563	975	468	91	862	732	907	746	209	263	727	163	723	533	342	457	626	168	641	82	518	300	483	185	3	127
1115	35	858	416	272	545	377	20	892	865	612	762	866	763	452	573	1012	129	506	792	1054	766	632	197	428	34	247	815	771	363	540	658	162	885	888	366	294	560	409	270	872	277	876	803	95	1025	628	248	879	968
266	154	293	515	395	600	157	1121	449	173	5	1008	193	1091	1119	444	251	198	108	254	679	921	836	1105	878	160	361	897	330	1037	947	239	601	743	64	356	642	655	15	21	821	50	30	863	922	412	1082	357	576	289
605	653	775	817	672	1005	345	617	943	184	420	736	1066	47	973	1122	871	566	557	296	502	244	243	1081	381	164	539	1040	652	798	718	708	407	816	834	1035	156	1077	805	275	544	177	1010	1084	637	38	724	235	153	210
399	760	768	832	752	214	570	529	709	890	10	37	1124	577	490	714	759	55	985	1127	260	1062	1085	22	368	761	382	933	755	720	116	824	984	608	477	631	844	128	728	52	427	914	741	613	72	380	769	590	1112	408
812	528	246	355	574	149	694	954	825	884	674	776	838	673	283	346	369	902	175	976	609	745	893	27	678	151	67	1014	1022	925	1042	497	471	571	630	662	446	250	939	438	1070	668	961	286	146	54	958	68	636	550
627	139	57	441	125	367	96	1117	659	205	644	621	349	376	85	559	143	353	391	347	121	873	940	284	635	17	598	324	216	249	147	423	253	87	327	480	46	757	123	710	1083	692	489	1113	495	530	1041	458	442	835
717	255	77	989	854	1120	459	903	772	934	478	0	555	619	988	486	751	804	950	144	218	661	217	916	62	499	70	365	1000	610	410	898	1027	417	994	1013	256	171	693	737	1106	103	568	957	83	113	596	447	1071	115
974	406	265	1087	524	864	331	583	828	122	675	830	860	782	101	200	75	584	532	316	615	245	334	833	437	485	492	696	1076	1088	1018	136	703	132	1019	460	481	666	967	1045	120	229	176	512	852	785	1048	671	318	991
711	990	663	900	972	39	259	845	431	543	1116	202	1094	651	765	552	503	779	1075	13	1123	875	1021	403	848	938	392	25	564	894	100	676	337	1104	211	690	390	604	425	842	716	208	807	451	207	981	657	138	850	1053
315	706	119	1095	620	1033	174	980	1107	799	102	45	362	611	520	1080	396	433	264	1002	321	931	554	791	86	549	99	53	290	476	74	335	148	1011	870	421	105	107	276	142	167	354	607	905	227	320	855	448	1098	26
1111	614	730	814	274	1101	1061	1	61	789	23	383	920	104	379	551	1007	813	326	677	187	650	343	767	1118	1114	849	273	1059	942	456	1038	418	1078	405	220	424	790	547	419	281	305	386	206	279	729	387	756	179	269
953	89	951	998	508	182	117	1108	1125	579	130	588	240	685	733	794	242	959	809	962	1031	131	230	360	79	589	1032	831	881	904	719	919	797	936	479	1068	802	924	927	288	426	134	14	42	509	602	1096	656	742	562
522	548	843	1099	819	434	688	257	280	647	401	567	997	233	225	867	252	595	680	525	556	28	333	932	500	169	753	400	282	304	853	1089	750	145	664	935	971	822	580	966	909	191	411	7	484	16	158	1052	1047	1073
978	36	474	303	624	222	372	846	133	350	493	32	526	1128	40	698	393	190	314	172	754	94	793	952	646	639	623	811	510	1028	332	537	271	126	687	501	76	987	232	201	1086	578	747	917	385	964	415	654	955	322
165	329	109	491	808	1126	422	643	638	823	389	348	494	1060	297	587	178	877	194	913	837	625	701	71	700	475	889	773	648	523	261	535	1009	226	41	597	307	788	397	707	581	292	439	98	212	306	586	352	137	820
507	960	928	80	338	1034	432	996	983	435	1030	1026	310	24	995	689	992	1092	519	926	453	1129	336	829	956	373	941	857	301	1017	18	969	735	1039	1004	237	49	323	295	517	1100	192	69	982	114	826	93	856	572	183
19	633	394	699	1064	340	840	110	949	1069	977	299	880	224	236	473	223	667	780	313	965	375	219	1072	697	215	629	915	504	12	11	262	1001	585	467	59	715	1102	705	1051	1063	541	923	1109	388	312	929	712	351	496
787	1023	359	594	466	910	684	795	899	739	993	92	649	285	721	868	440	986	930	402	73	1090	188	722	199	234	800	1057	796	111	217	1081	372	780	390	334	425	959	919	888	703	826	382	930	1129	222	326	926	203	252
792	91	996	642	65	854	601	617	321	274	353	673	151	636	255	21	717	1073	343	590	191	718	749	139	330	753	367	429	162	228	442	19	993	665	116	727	63	1064	499	825	703	1111	212	74	807	929	1052	627	1084	656
66	1103	1067	850	143	824	902	489	629	380	674	77	1006	570	37	295	307	9	632	681	773	1122	994	985	157	765	428	190	1095	200	174	193	598	426	713	1121	4	341	258	1043	70	682	815	427	1105	32	206	92	303	912
128	194	232	1051	150	310	482	823	215	532	342	957	986	979	987	461	1116	956	539	670	1085	147	438	58	67	484	516	176	555	385	820	982	584	1030	479	405	463	1003	898	511	704	842	568	697	368	472	788	493	588	965
467	270	1093	318	872	443	710	329	293	1076	940	278	521	389	526	16	237	142	784	863	840	505	1080	109	78	766	478	431	668	84	432	695	800	1016	348	552	518	11	125	1063	261	593	625	699	381	873	685	962	44	731
530	621	777	691	425	780	1060	75	754	169	411	725	692	925	246	20	486	322	848	72	208	378	1096	926	855	803	398	787	919	320	752	56	565	83	968	743	167	112	1	547	433	527	680	835	1107	95	729	675	413	459
1010	781	1028	388	51	231	296	722	606	1114	354	42	895	369	711	809	399	605	474	637	41	1102	810	29	1015	108	490	947	948	774	755	471	1041	349	960	462	1048	160	137	896	847	121	693	8	446	323	562	285	1117	283
96	523	377	782	262	602	259	397	786	548	249	542	577	740	1056	182	436	1024	475	945	520	876	114	1100	351	466	36	407	222	653	892	1053	2	649	30	1089	284	437	115	770	972	981	905	538	216	970	1115	515	522	916
481	456	812	209	866	396	838	308	941	797	33	502	698	811	1018	465	498	845	971	616	119	455	1109	332	1098	529	724	619	85	118	950	603	1059	288	257	747	46	38	512	366	791	575	1008	1110	984	806	678	384	931	390
650	1055	900	893	997	610	345	452	395	480	901	129	631	23	291	360	487	100	937	822	839	34	124	312	928	1126	1128	198	846	315	524	104	230	357	887	995	640	915	225	1034	6	719	720	224	686	103	844	87	90	1083
1036	197	709	576	694	531	45	265	851	978	596	861	43	963	913	907	924	1012	416	567	113	658	132	171	728	1019	783	849	739	131	333	1065	1062	891	1120	1078	306	214	133	355	677	248	117	655	111	155	135	744	818	544
707	444	684	371	563	304	146	1029	336	821	559	671	904	967	1017	350	244	944	908	181	802	145	179	852	550	457	586	325	745	715	556	496	793	305	1033	251	976	491	430	266	338	687	775	776	192	53	620	600	513	418
435	992	243	311	827	886	954	439	612	154	1113	185	393	920	1032	82	712	240	578	882	1104	955	1068	272	1011	1071	245	1086	173	696	817	441	964	18	819	294	1031	958	816	469	1099	723	597	613	99	453	795	164	126	347
875	421	464	975	22	1061	582	528	869	705	748	862	652	768	269	253	789	663	158	500	888	988	706	857	814	403	10	946	344	447	340	865	583	204	618	615	645	591	424	579	359	313	17	574	276	373	799	561	49	372
585	123	813	449	1127	3	1013	564	560	256	742	595	14	166	832	1044	346	352	909	221	27	1090	217	551	370	519	165	549	543	287	805	235	60	880	402	662	554	833	936	1022	738	1118	301	750	383	1125	808	1108	314	105
763	387	580	202	141	767	365	1082	394	903	62	1038	101	1075	785	1092	611	275	779	826	890	309	175	510	1037	633	238	1002	942	666	55	870	741	374	874	488	1001	497	939	184	735	159	679	331	540	922	507	927	771	647
440	983	829	756	961	794	760	969	648	1050	746	553	5	13	934	260	239	1004	242	412	458	643	213	120	86	966	207	172	168	406	392	897	535	138	689	661	203	796	98	319	177	654	923	254	470	263	759	15	1009	107
1042	454	664	290	716	39	885	1040	414	468	163	7	534	757	93	860	930	1087	358	672	801	59	450	81	362	853	252	790	1070	415	419	1124	68	837	589	973	828	989	856	492	233	977	268	24	1112	1094	170	64	504	884
1069	420	700	267	660	409	404	1020	581	361	1045	952	379	1007	89	298	0	1081	153	71	708	161	1119	659	999	878	434	626	506	477	279	376	300	73	102	557	859	451	1072	628	178	289	834	1074	69	881	537	667	622	714
517	761	186	868	657	569	80	28	644	223	536	335	921	1027	292	546	683	858	494	201	651	364	933	317	990	730	734	571	57	894	525	545	914	1057	199	1000	804	879	144	566	229	52	152	732	594	701	234	638	264	422
94	326	54	951	363	110	448	501	624	587	35	236	1101	382	282	47	149	867	218	220	751	26	495	196	211	356	445	573	328	974	514	953	991	187	189	943	503	778	938	241	883	641	12	302	183	541	623	798	1097	1049
324	299	40	408	1054	690	558	1088	932	140	127	733	227	758	31	247	106	271	136	1014	608	764	180	460	1025	48	400	592	630	688	130	906	281	1047	1091	843	533	195	134	831	485	676	917	646	483	918	877	410	280	88
297	899	572	508	156	250	273	473	286	401	1039	79	935	386	1021	669	1079	50	25	889	210	205	423	76	1046	614	509	334	391	476	635	949	339	316	736	639	1077	417	219	769	1026	337	1023	871	277	737	762	998	188	864
841	148	772	375	327	604	1035	726	1129	634	599	97	226	980	911	836	61	1106	910	721	830	607	1058	1123	959	1005	702	609	122	1066	5	115	622	454	378	395	390	829	41	651	576	1023	908	253	980	788	156	949	135	1081
192	474	254	427	257	656	678	944	932	557	753	133	919	262	793	395	539	121	502	1112	963	341	399	572	657	127	740	343	808	463	857	46	225	764	567	993	798	86	208	56	763	1034	893	422	100	1070	985	170	469	195
404	734	929	307	765	891	472	862	563	774	210	611	531	19	109	508	716	306	1077	1075	784	825	303	3	301	70	727	652	91	849	268	710	2	495	577	116	745	699	640	37	260	827	209	290	276	124	1114	339	701	770
902	155	420	785	311	358	538	460	212	549	103	142	594	925	1027	14	106	754	64	950	434	1099	649	216	981	95	255	1073	189	94	648	1021	926	989	218	402	826	412	447	574	327	968	626	843	289	164	435	728	1101	803
961	639	600	906	533	940	496	318	590	294	55	53	1090	943	123	682	1074	864	636	84	908	23	51	299	870	194	403	425	724	1129	635	273	461	999	416	440	813	221	1081	392	335	845	1025	873	297	372	1088	314	834	880
182	802	1001	340	804	145	236	265	240	1008	846	685	309	134	385	817	548	85	982	1036	595	881	261	850	284	97	1022	419	146	795	591	68	484	1053	26	645	25	1061	712	593	983	140	814	351	761	582	413	633	411	851
277	207	28	561	694	365	1078	177	586	831	87	604	842	1109	389	928	89	298	191	723	101	732	1096	1023	1017	48	174	598	488	570	131	747	148	897	901	344	605	936	683	516	607	545	132	201	355	386	409	1110	36	248
190	581	414	540	80	128	1121	986	714	1054	75	1000	33	239	34	855	665	1020	892	596	860	406	313	562	848	670	44	171	388	715	801	758	139	267	736	143	958	1006	151	231	79	1045	565	599	108	883	859	889	796	113
490	1012	1068	520	542	119	931	576	1009	686	612	743	778	884	1067	226	995	368	689	32	147	1117	776	360	799	286	378	129	506	384	426	185	693	1102	547	9	853	269	233	110	619	1082	629	1086	695	965	757	664	243	815
877	698	528	130	706	972	468	768	615	487	166	1087	668	789	692	456	122	537	911	554	270	746	601	671	213	1080	211	571	59	970	809	684	1033	766	980	1048	181	65	275	321	924	283	1019	7	1044	767	518	253	1105	345
1059	445	459	939	887	771	617	1030	464	587	157	367	310	183	485	777	530	479	202	71	144	369	1038	12	643	964	513	719	748	527	833	759	357	176	1093	390	916	179	160	342	962	592	1118	172	655	838	330	888	608	818
352	967	114	382	196	296	755	830	1005	259	193	904	957	632	493	865	280	74	349	876	807	630	905	433	681	295	588	316	1018	199	783	137	646	186	589	60	914	115	52	602	58	618	769	30	383	651	112	462	1062	376
458	17	566	149	976	1041	263	690	718	933	606	77	879	1050	955	677	560	324	779	264	805	1064	679	696	812	505	951	1115	197	332	711	937	350	1014	43	819	1	898	417	126	104	974	450	29	837	11	979	287	481	377
90	1026	154	1124	338	867	923	775	733	1035	781	13	669	909	501	168	452	475	288	470	281	836	564	1060	457	1122	739	8	673	952	347	242	423	1065	408	361	61	251	674	466	278	150	47	532	105	356	760	507	725	553
525	949	773	364	868	54	1028	820	497	829	912	405	526	271	448	975	1119	492	642	625	223	92	315	811	688	903	614	824	83	237	707	854	797	597	1126	634	1123	188	49	291	436	486	772	323	687	1051	585	203	1003	158
40	241	135	184	169	899	329	21	622	869	878	659	57	738	246	788	575	997	735	204	1039	653	756	529	491	731	336	381	302	541	27	1002	741	16	512	1042	555	1071	844	559	1040	700	494	0	947	896	88	663	558	822
93	550	118	222	1004	552	229	580	337	1103	438	839	1069	913	175	76	847	227	375	428	556	326	628	418	359	702	603	99	988	1104	546	443	162	1013	573	1049	235	415	410	660	730	478	1116	362	96	752	569	1058	214	1089
465	205	6	953	331	942	1120	1092	921	238	810	18	917	832	534	583	703	1076	680	523	841	444	708	920	946	713	138	998	249	915	1057	1072	543	20	938	293	627	762	610	751	42	256	152	200	1108	252	800	285	907	624
4	63	178	333	787	729	141	994	272	41	180	446	500	455	107	991	1029	489	971	432	394	400	1016	453	978	1085	379	875	894	647	325	948	641	918	454	387	78	816	22	1052	62	72	637	10	609	1127	111	1037	742	1007
872	467	675	828	551	840	476	363	1125	1128	258	638	515	672	568	509	504	900	482	82	230	353	371	50	966	245	750	535	930	165	1031	990	935	67	45	941	519	439	35	510	717	300	167	308	228	437	480	120	856	874
662	871	616	81	320	1032	1011	159	721	66	726	39	220	451	620	398	517	449	992	117	514	161	954	503	15	328	886	366	471	821	473	69	1066	396	1113	697	927	658	346	98	744	623	498	722	1106	219	984	483	322	431
882	1098	247	861	401	102	960	292	305	1100	1046	1095	232	24	737	1043	348	421	125	578	666	780	1079	910	895	885	524	73	584	613	661	354	720	852	1107	806	304	631	370	5	1010	317	442	786	654	790	477	380	441	374
650	1056	136	198	1097	945	250	1015	890	266	424	956	969	511	1047	206	705	621	973	996	153	544	536	187	959	429	792	1024	499	244	794	691	644	274	397	31	676	709	173	373	334	279	1055	579	791	987	215	224	704	156
407	282	312	823	1094	782	866	391	163	521	393	922	319	1111	1083	1063	38	217	863	858	977	835	234	934	749	522	1084	667	1091	430	247	778	686	893	572	262	364	463	24	107	446	496	131	383	924	479	1064	121	304	1021
596	660	822	446	832	432	788	753	19	807	111	421	950	723	217	1068	360	463	887	576	194	230	453	625	263	452	1046	798	329	974	386	1127	1089	891	670	499	508	8	1029	1067	28	30	238	385	17	403	314	304	630	506
998	404	992	720	282	536	351	928	612	971	102	514	392	243	32	206	827	851	739	833	337	698	622	841	976	423	203	642	467	1045	503	930	942	120	689	886	943	881	847	1104	944	486	794	429	29	815	843	196	53	249
131	581	201	370	119	430	498	415	300	183	1115	464	749	872	1112	848	706	597	485	417	919	1043	159	1019	550	939	505	302	715	349	1040	41	473	110	47	209	221	250	277	618	803	68	330	995	989	247	1121	686	575	792
296	117	960	364	1093	522	1035	152	884	702	1053	457	724	495	1011	0	412	472	359	1116	1070	773	777	1009	921	174	295	517	557	187	12	800	933	611	964	283	22	675	419	82	1062	1109	645	245	151	742	1020	814	940	1027
948	323	126	262	897	828	561	543	297	1113	668	965	520	59	736	537	1036	991	240	27	1096	89	922	1103	797	1052	74	227	1064	892	937	532	554	544	198	526	469	994	614	733	945	563	1057	599	580	468	542	952	569	1026
115	264	460	570	406	63	310	987	1021	935	1008	1007	366	910	167	175	479	758	538	1102	924	254	560	677	52	51	1106	879	92	299	609	591	340	179	458	144	232	168	765	137	968	442	894	988	1114	917	235	341	1054	104
50	395	93	781	482	184	275	273	290	266	1003	396	477	551	94	876	838	817	1024	703	934	321	113	1058	474	594	1083	1056	722	373	358	901	239	621	840	216	626	445	534	303	70	191	285	929	601	683	893	895	1050	766
985	866	584	478	565	809	861	165	398	166	961	643	16	409	48	138	743	439	1087	825	397	970	424	889	342	95	214	5	687	776	530	1091	845	1001	1023	684	178	344	603	1097	663	802	573	435	379	878	132	258	471	785
1065	804	653	647	820	140	56	518	298	26	402	732	1088	890	770	172	1086	796	399	362	690	327	108	634	719	444	521	220	328	771	787	616	555	500	433	324	783	1006	410	81	269	466	346	13	617	519	271	835	87	789
562	488	873	375	936	481	810	1069	1075	272	160	834	682	121	844	504	756	784	1041	821	975	155	145	1017	332	590	883	598	941	905	908	1101	896	704	1090	678	18	507	885	319	762	497	712	11	639	951	158	244	91	613
780	380	839	57	658	67	23	286	1123	188	374	136	648	805	535	246	157	659	154	978	1080	383	605	858	610	633	902	36	237	911	210	73	1034	752	141	408	1000	259	260	523	501	1074	361	368	43	426	431	193	710	65
289	1039	953	955	857	334	459	487	441	287	665	654	568	862	977	306	923	740	422	801	962	635	782	436	700	1037	904	769	447	903	1085	356	608	860	37	224	146	912	98	868	577	420	973	326	694	850	112	202	387	400
347	906	55	604	470	571	528	451	363	147	615	990	388	681	545	251	874	1031	708	4	354	384	391	454	646	181	274	1073	378	830	83	171	867	284	927	156	62	875	716	754	1013	462	746	135	652	672	281	88	636	574
434	401	864	288	527	236	343	588	493	345	308	186	1063	177	129	105	489	916	582	718	33	1030	153	476	204	101	416	38	372	414	920	1055	510	1129	731	114	1025	405	811	1117	331	793	1038	72	1016	826	870	512	257	705
218	726	320	150	248	709	751	997	86	130	494	1119	593	253	525	255	1012	97	748	727	25	900	693	842	265	1076	541	697	212	540	294	772	1081	1120	880	96	393	223	437	509	1010	667	721	808	123	619	1	90	982	558
1124	966	173	549	909	382	932	438	418	692	583	312	492	954	664	730	242	877	228	578	45	34	553	759	390	231	118	763	1110	1128	1126	75	631	1105	211	1071	595	1122	440	369	66	279	31	957	547	925	744	1042	662	54
427	949	676	229	425	823	222	795	1079	688	853	972	450	969	714	322	818	208	348	711	956	315	913	559	511	717	122	1061	767	513	824	1005	256	552	556	533	624	737	755	1107	309	149	84	449	768	1002	812	931	602	1049
854	774	666	579	199	651	180	1125	103	979	679	99	993	669	2	671	1118	278	661	80	1082	1108	701	456	799	336	1032	869	207	984	40	637	587	1092	333	986	831	673	6	1100	128	1004	865	3	786	531	268	176	483	261
163	836	938	600	292	46	524	280	915	267	15	1051	607	325	699	35	996	695	1047	44	959	389	564	484	1098	650	980	1014	846	293	691	480	376	381	620	623	353	585	674	1018	728	413	529	649	49	735	627	778	914	307
71	1078	1028	14	24	69	42	586	301	276	200	967	1111	133	58	685	592	205	305	567	761	225	981	713	888	367	164	829	182	983	958	109	318	791	775	750	644	1099	515	106	926	134	1059	60	638	226	1077	7	707	215
197	741	192	428	490	316	311	443	411	10	407	757	680	241	539	852	61	946	491	628	760	1084	317	21	85	606	394	170	189	855	899	837	291	76	107	1094	819	313	39	190	142	252	856	641	566	475	1022	355	234	779
78	790	448	816	640	589	947	339	657	806	907	1033	738	849	1095	859	516	9	357	162	882	185	548	963	219	100	461	64	1015	148	1072	502	632	270	1066	465	764	377	729	127	77	124	496	233	1060	139	79	999	656	350
898	546	734	629	871	1048	335	213	745	918	352	813	655	1044	371	572	365	20	116	696	169	455	747	863	143	725	338	195	125	161	849	417	168	420	1066	957	524	507	679	609	1043	831	798	1045	976	450	76	277	113	477
741	424	211	486	509	1105	821	924	893	1022	630	135	139	702	14	984	960	452	1103	1047	798	232	908	1016	962	431	213	592	421	361	507	106	1071	865	23	330	301	201	781	75	428	473	961	455	823	771	575	748	1015	939
649	423	610	466	767	317	807	226	240	1129	229	153	519	447	797	682	545	719	938	343	718	160	56	1081	1013	1065	750	85	272	819	467	656	742	402	1005	1009	1034	1043	817	606	832	50	974	829	233	88	827	1107	433	623
955	822	659	603	758	756	379	689	37	502	589	738	680	1070	441	120	674	491	204	315	397	661	568	1027	435	731	1011	910	861	747	276	775	695	248	264	772	948	958	534	1004	813	350	928	754	1075	657	717	609	905	617
1037	757	293	49	901	906	524	1033	1097	24	312	138	567	30	83	60	996	679	1074	80	324	360	544	148	146	1101	991	735	281	580	387	208	1029	1100	140	782	998	959	663	969	347	1090	761	673	381	793	462	374	517	290
368	600	837	296	179	439	734	418	32	885	78	776	1091	539	336	495	154	353	615	970	344	811	607	190	1111	871	217	1	856	468	1124	100	696	22	892	58	732	202	1031	62	132	786	915	186	658	320	513	1050	206	601
55	636	119	759	357	167	303	654	291	166	847	746	1086	1062	700	335	844	594	558	809	254	581	20	868	818	76	546	1119	288	855	774	328	0	4	377	156	854	471	90	529	877	997	101	921	830	537	528	788	840	1109
189	10	1073	145	1054	944	251	1098	6	391	783	1056	744	686	692	133	1084	646	740	870	484	561	1125	564	8	461	436	242	626	946	42	18	751	934	392	373	143	733	677	883	882	749	74	366	611	199	1096	230	277	1057
488	415	846	688	951	420	918	299	117	789	1068	236	228	237	808	261	784	475	973	635	954	432	168	943	134	787	220	779	963	257	102	514	672	582	956	622	638	838	340	1079	365	196	200	1078	655	723	577	1055	799	604
187	1093	1020	1121	305	227	708	318	332	110	284	294	378	185	691	1087	192	794	440	916	566	283	926	70	1040	19	479	52	1077	445	676	13	419	480	590	1080	1026	624	380	198	995	169	975	481	1058	923	511	602	714	526
721	40	1006	560	151	395	369	968	541	150	158	824	498	16	483	990	407	521	872	770	34	633	1060	370	222	180	57	816	527	867	593	99	834	1042	993	214	804	917	1051	639	651	285	241	504	727	976	554	450	1000	282
826	897	205	1082	884	44	869	144	616	777	919	300	21	438	405	666	316	922	477	1064	271	773	914	950	1116	398	763	556	105	142	412	273	434	287	501	1083	29	898	451	1044	533	72	904	632	104	685	35	289	337	496
510	957	553	920	681	93	613	499	410	1018	722	218	715	889	932	45	843	115	873	453	559	760	302	726	161	596	764	1025	641	224	866	929	403	98	404	755	177	1120	605	59	716	985	492	1123	587	354	992	458	116	508
188	69	113	304	627	1104	667	986	307	476	557	704	720	640	429	152	259	888	694	1007	983	216	852	15	802	25	812	1019	506	193	548	669	678	565	183	547	408	1014	253	322	266	825	697	620	693	463	449	411	426	327
937	207	274	67	516	563	880	65	82	2	967	86	197	249	362	203	1024	278	339	122	79	588	319	879	159	841	523	329	163	422	1061	490	730	769	364	385	902	894	265	175	389	925	839	530	1001	647	579	270	792	255
275	584	39	941	108	137	711	578	736	665	900	71	1092	308	469	576	17	427	178	621	965	48	245	103	949	599	310	444	942	280	485	1023	157	1067	535	33	1017	457	1003	371	1072	97	977	256	980	597	182	267	820	729
367	618	891	555	857	671	653	713	109	94	1126	114	690	862	500	474	472	413	913	543	1076	890	634	309	223	1117	652	875	356	860	570	41	1053	698	1010	61	805	252	810	292	886	806	149	1112	1008	881	927	668	887	710
940	209	38	790	1110	614	334	73	945	512	372	1089	437	470	494	446	815	409	355	107	311	386	487	505	1052	51	1069	497	947	1048	383	583	503	141	1113	155	845	36	1041	1021	239	952	650	454	643	448	542	1115	796	1028
907	219	536	194	27	1032	831	465	1046	978	1099	625	850	801	136	26	359	953	400	1035	853	739	518	306	394	128	586	569	979	234	848	684	263	399	81	390	987	124	7	1012	127	417	765	828	752	645	11	520	247	628
147	250	333	1106	243	1122	414	181	585	571	562	909	184	709	212	931	737	43	129	972	899	670	95	687	595	538	331	851	896	489	384	785	348	1108	351	1002	629	9	859	551	778	84	191	637	295	699	745	631	53	515
525	800	1085	430	642	753	173	936	286	675	464	493	258	112	91	262	874	1045	338	660	574	780	326	352	442	342	375	706	766	31	591	550	540	728	66	382	456	396	598	162	725	170	1128	89	707	92	235	1066	994	176
814	911	118	63	1095	1127	1030	96	683	3	705	1088	269	1036	552	999	863	313	325	425	1049	619	416	1059	321	988	28	12	174	1114	215	388	930	363	68	762	406	522	87	131	966	298	121	5	572	989	1039	358	46	935
664	393	260	864	878	401	130	64	195	971	210	165	743	549	123	164	345	712	981	768	1094	349	912	933	903	842	532	648	608	849	795	803	964	982	531	459	1102	246	791	314	1038	268	612	1063	244	341	77	858	231	171
111	125	279	54	876	703	662	376	573	644	346	297	1118	323	895	460	225	172	724	443	478	126	701	835	482	836	221	47	238	833	618	1128	506	1074	805	978	412	662	328	413	379	951	894	223	754	361	260	883	42	21
648	454	443	260	1037	665	93	481	305	778	1085	1119	16	145	1004	307	536	893	1000	892	974	390	46	103	844	448	453	1007	7	420	211	724	846	185	325	21	309	947	276	265	805	476	818	491	254	587	1010	428	401	12
1031	215	237	570	820	321	59	714	306	814	142	819	824	763	1113	827	47	1077	1105	60	713	733	86	544	813	37	434	247	1098	1028	955	35	1111	526	528	190	249	519	360	967	828	313	752	15	1	518	250	1107	512	221
245	1099	253	639	62	1101	709	777	835	861	919	256	3	184	855	1070	673	730	705	238	953	126	205	758	472	200	38	1006	703	668	1112	704	659	381	774	875	900	1103	523	8	655	155	361	928	1003	640	542	622	386	177
216	299	296	647	167	342	374	642	867	39	285	748	522	5	1083	995	1082	292	189	197	1033	750	559	631	880	802	799	316	768	885	617	760	740	1029	319	435	65	383	446	411	657	686	765	122	14	857	1114	43	289	400
28	188	451	549	51	911	728	202	560	30	796	578	466	131	785	1089	29	312	311	707	266	382	723	230	927	780	915	894	137	134	699	461	939	739	882	80	119	274	983	140	683	440	532	1092	219	797	990	946	839	429
73	585	1106	1005	32	10	210	860	567	138	932	104	782	1053	335	912	255	84	203	611	1069	1011	1030	729	87	862	1067	926	449	787	794	770	572	40	564	942	887	345	755	821	337	67	53	568	734	455	973	68	112	75
956	712	300	441	212	111	649	403	816	432	52	1040	275	116	905	366	666	1047	930	925	173	330	130	456	866	879	511	546	1079	389	762	273	78	789	545	856	692	458	604	156	236	318	217	501	258	779	469	315	985	1050
756	1097	612	1019	606	1122	841	372	529	1062	326	1095	347	398	1045	269	877	22	899	493	168	999	1123	502	351	998	767	1016	981	783	157	196	589	332	836	583	99	181	503	1128	282	376	399	1020	362	743	115	127	392	355
328	63	669	233	506	592	865	945	467	270	530	11	558	509	146	72	663	962	324	1025	497	950	1041	922	914	408	4	1063	153	908	540	375	931	504	334	444	0	881	192	394	226	438	1027	161	717	556	766	71	331	136
826	599	1026	935	97	725	473	1052	1066	1039	854	830	74	174	671	736	624	569	697	1044	934	776	70	842	293	147	413	479	685	484	1110	277	771	1024	462	662	831	143	897	1023	682	672	616	510	1087	607	1013	874	409	2
500	1129	42	876	69	6	832	110	220	301	55	539	681	218	917	769	431	352	396	555	965	937	863	547	959	537	902	284	853	645	757	646	711	364	1043	48	674	920	938	652	982	971	279	759	124	9	677	1034	924	1088
933	471	884	632	348	482	680	329	387	94	1102	496	278	380	507	795	1015	726	41	1126	170	706	179	625	485	424	516	66	742	628	890	898	379	806	13	132	397	406	442	811	1051	369	44	1061	966	1078	159	489	1090	1116
541	186	596	623	848	1017	213	525	621	923	579	77	422	812	864	582	972	368	314	25	732	33	283	694	996	838	1012	586	629	404	775	720	1059	291	952	1018	114	288	533	149	163	209	520	873	637	834	650	494	675	344
1084	984	425	82	244	248	786	521	418	1014	427	267	89	845	708	508	178	837	936	658	773	1076	227	843	239	638	125	904	139	395	171	994	45	151	731	327	909	550	259	825	160	206	1108	373	896	272	693	988	851	718
603	1072	791	1120	921	978	280	987	388	609	577	595	737	1048	271	474	475	92	193	954	800	414	371	195	829	719	527	457	951	367	916	656	365	687	144	407	948	234	636	17	1042	150	452	634	534	688	689	436	833	1002
593	815	120	565	566	214	480	615	852	822	600	618	286	992	477	976	823	627	871	801	96	304	121	459	643	573	754	641	263	1109	817	350	543	98	340	1091	869	198	883	50	302	700	64	690	1035	336	460	194	626	88
886	1064	721	1049	901	803	961	913	31	918	1065	57	162	133	243	630	225	997	804	991	1100	268	100	152	610	359	605	619	204	910	575	749	298	377	1121	416	906	654	696	868	415	320	303	597	370	957	660	741	83	764
391	252	176	118	91	90	242	849	410	969	470	19	108	486	135	423	56	588	531	49	353	548	810	580	859	358	338	1075	76	450	240	1008	1104	513	433	85	1038	940	576	1057	1058	676	563	468	790	889	958	1032	109	761
702	384	1036	1056	698	1021	349	847	465	722	241	164	524	158	308	929	208	1086	180	182	417	322	128	808	1068	224	261	667	907	498	514	1001	598	888	281	1054	102	701	872	357	679	633	499	601	105	222	941	490	107	175
793	437	727	447	235	809	58	426	20	747	478	166	1094	562	963	745	61	517	980	584	751	551	439	402	341	738	287	715	492	165	1093	464	412	191	716	290	613	608	251	264	678	421	552	1127	653	695	24	123	34	1046
807	903	36	574	199	23	495	343	891	850	1080	317	346	183	710	445	989	262	670	246	753	1055	1073	113	81	117	788	333	535	201	223	172	354	784	970	792	1125	968	483	18	95	977	858	553	515	419	571	870	232	798
895	594	378	746	295	148	207	463	229	581	840	393	294	1115	79	781	602	661	557	590	979	651	54	684	154	772	664	944	231	339	106	1124	591	430	487	635	993	561	101	169	949	964	1060	1096	363	943	141	297	644	1081
26	27	986	405	1117	554	505	735	960	257	356	310	385	228	975	1022	744	614	878	323	1071	1118	488	1009	538	129	691	1074	187	620	1125	554	699	24	809	77	72	1059	97	466	768	1052	937	629	830	571	601	244	386	375
349	718	920	157	608	674	241	196	1102	289	336	988	16	317	1013	484	43	338	759	534	885	540	1126	857	784	574	333	580	183	1023	914	1061	159	367	61	296	197	80	386	834	831	531	901	4	544	1008	888	40	1064	271
262	716	394	562	12	879	520	135	508	1028	205	572	798	233	1048	203	725	272	500	103	747	133	830	165	571	405	974	686	223	860	803	322	285	249	425	944	1094	451	1052	102	387	966	198	526	487	131	14	1070	587	967
189	415	3	346	552	67	59	634	239	186	132	108	950	785	278	781	667	332	461	926	33	294	838	815	968	1057	662	494	721	902	691	809	789	557	266	665	708	152	329	335	510	786	1083	440	824	889	971	7	6	1040
984	1068	482	290	687	475	160	616	528	523	1120	267	126	893	1050	833	850	772	256	421	900	768	455	656	671	441	641	149	75	760	258	503	342	853	257	1125	1077	128	79	908	153	227	868	1112	1081	660	433	1129	60	450
274	221	960	765	200	611	1123	383	1029	195	424	275	469	68	1090	1080	327	556	711	70	436	1039	949	268	1059	1027	749	941	1116	1055	688	989	627	341	370	722	1093	431	775	570	331	912	771	527	758	207	524	18	0	1118
178	745	30	313	119	337	828	933	314	328	932	110	678	1119	217	408	393	376	840	609	724	898	979	55	697	78	65	42	463	827	992	797	829	240	32	605	542	1127	575	640	270	746	869	578	307	584	1106	835	761	649
64	226	104	756	551	715	894	311	876	762	787	806	211	161	887	41	427	213	281	1037	209	182	947	921	254	946	930	603	961	601	639	495	491	625	642	545	231	975	1025	151	1104	490	1067	212	741	1049	818	1108	897	392
287	38	365	188	591	582	180	733	673	896	202	726	146	820	1006	462	1045	753	1019	801	420	304	486	1124	73	629	910	942	849	856	841	972	220	1031	529	434	845	1099	707	555	456	158	1115	1086	676	965	916	621	264	735
940	846	243	1042	1110	2	1071	417	1122	1128	635	28	826	1069	752	375	123	302	228	943	871	1066	1026	148	782	821	354	277	340	299	919	99	963	443	191	154	895	409	873	702	453	77	1114	111	1005	244	516	777	1018	125
410	404	187	368	269	728	607	143	788	690	682	208	600	150	428	917	422	620	136	588	245	321	204	712	147	638	255	568	438	1007	598	414	700	1109	606	253	325	899	88	663	138	604	780	457	360	1046	121	703	650	563
1113	357	566	862	350	892	114	177	483	778	742	622	717	390	34	168	518	577	995	348	52	915	750	1041	478	91	547	1060	763	318	378	593	1016	958	470	13	169	1024	293	793	86	432	928	56	247	465	734	1054	430	371
1107	843	935	1101	955	558	764	96	757	1058	109	695	35	581	400	1035	951	192	216	569	479	689	26	83	396	292	977	813	210	874	260	512	17	619	732	714	1085	361	120	219	316	235	489	90	71	602	37	655	1020	836
740	881	890	1011	956	637	810	466	511	710	176	929	74	954	1043	444	464	537	1111	15	1089	499	1038	97	167	701	872	124	1065	164	458	668	842	918	437	729	380	330	792	129	549	252	669	553	783	117	694	837	286	585
636	1072	206	546	72	506	934	232	959	1096	1	413	8	983	931	559	107	923	113	359	613	938	391	172	179	867	236	579	723	323	181	373	416	237	1091	573	411	1004	1002	911	504	406	1073	389	1105	657	880	886	766	998
31	364	1100	1044	670	185	399	685	906	802	163	953	144	924	706	273	344	345	100	54	592	53	1034	174	709	804	811	925	310	903	922	63	969	751	57	693	648	10	699	882	98	653	626	776	807	407	1036	112	864	738
554	957	388	493	976	859	800	692	50	242	291	1003	194	610	5	945	248	683	825	362	139	279	755	948	774	808	315	46	82	69	1062	1015	795	659	814	644	47	170	137	891	193	225	145	704	939	863	865	633	372	358
280	66	514	1021	538	1076	713	27	140	654	116	550	1012	535	1078	1053	106	25	374	817	173	705	631	214	87	727	263	666	58	1063	997	1117	190	645	347	1103	680	343	471	308	985	459	423	1033	905	251	646	496	994	987
1082	1092	1000	651	1001	567	847	541	319	596	614	395	505	412	297	356	677	449	1097	19	904	36	909	970	298	481	805	767	39	246	238	618	560	84	300	754	93	1095	576	385	1074	519	105	284	501	589	51	978	283	468
497	439	381	664	384	796	488	115	913	993	513	446	1014	44	1047	822	175	819	62	769	884	339	282	855	720	936	643	218	564	379	521	719	509	878	397	442	661	1084	477	973	201	474	597	171	199	594	773	730	398	89
369	9	586	85	832	141	964	127	870	309	23	1088	45	615	522	517	907	94	1010	184	1056	250	991	624	230	858	990	472	11	259	617	698	485	229	612	48	812	791	29	166	632	770	351	162	222	352	49	583	76	447
363	748	736	1032	630	382	883	737	1075	324	731	402	130	848	454	996	999	530	95	498	377	21	532	353	303	744	22	1009	743	92	875	548	435	861	986	595	312	565	467	480	1030	852	696	142	24	679	476	1098	418	982
155	403	224	1022	854	401	866	118	301	799	134	844	839	492	816	952	684	295	334	681	561	448	320	980	101	590	355	739	234	533	1121	460	599	265	288	658	366	647	962	525	445	623	507	326	1087	937	215	276	543	20
536	790	452	823	261	1079	306	877	429	672	426	122	156	419	539	502	81	675	473	652	794	981	927	515	851	1017	305	628	779	1051	207	380	849	933	220	533	882	414	358	290	159	591	492	1015	345	434	338	855	48	521
1113	865	762	619	146	887	970	1084	579	826	744	339	908	95	150	443	769	687	893	587	589	1030	445	719	171	66	967	30	702	741	720	742	72	813	235	464	34	1076	1097	153	320	1067	488	14	953	562	575	681	337	951
1077	1044	777	1129	1057	1082	946	990	880	625	239	936	914	622	52	1043	854	98	510	338	336	1068	829	491	371	1041	850	537	643	557	489	108	1038	656	790	39	693	312	167	418	816	56	47	948	717	151	315	858	1035	1070
470	753	188	804	18	520	147	53	756	487	591	277	484	1117	1111	635	316	1121	274	871	197	264	508	262	991	324	757	353	1005	389	519	27	168	325	114	608	1001	313	181	413	701	233	370	96	779	708	434	775	977	112
333	358	593	136	109	544	169	1047	354	364	916	599	478	689	469	209	499	1006	902	444	213	743	318	586	805	545	547	303	295	439	686	332	190	501	724	255	184	692	216	815	966	892	642	662	500	19	832	700	477	113
856	539	90	323	100	129	116	1042	920	682	1000	981	1002	185	543	210	63	567	873	667	1088	138	556	1071	275	733	610	653	735	833	975	287	132	973	279	20	993	808	179	878	451	938	261	223	532	240	863	918	217	867
462	800	257	694	825	1099	529	1009	691	950	196	189	632	1053	770	1074	926	357	453	637	910	626	574	201	251	837	792	17	326	839	437	907	597	1081	393	158	697	252	1050	621	984	120	703	32	456	174	406	344	1072	58
985	1018	665	363	922	638	942	705	822	915	976	860	149	211	927	215	620	603	64	331	430	846	898	493	670	552	73	1087	526	270	888	1052	143	219	726	615	903	118	263	1104	900	883	801	525	987	736	851	404	368	497
187	411	334	1092	617	192	273	737	1008	1120	498	396	1102	998	7	507	29	759	546	449	731	85	335	672	502	657	115	373	288	51	397	1036	408	82	165	278	154	852	281	425	26	523	246	843	963	798	24	448	725	566
549	1007	511	383	782	1095	789	107	494	611	1	214	795	684	101	750	1013	881	377	183	475	659	550	15	70	561	416	83	86	604	117	490	88	0	954	99	645	249	236	431	582	1073	157	280	306	290	1059	5	944	145
849	506	9	1051	535	479	93	28	349	1060	616	992	1023	285	71	486	768	272	441	1085	820	293	542	1103	660	1065	869	1079	980	44	788	1110	521	178	198	1105	812	415	45	679	391	203	283	128	838	1107	412	568	509	551
92	8	248	254	67	644	847	994	978	972	91	965	50	1116	627	676	256	244	956	781	343	581	783	144	640	476	387	835	706	186	2	572	221	346	59	612	131	861	767	761	125	435	584	917	463	588	379	648	286	721
776	964	1091	139	457	1126	930	160	913	124	818	300	398	1014	666	374	807	472	636	889	440	77	580	943	384	1086	104	605	465	794	423	864	289	823	690	241	754	786	250	982	399	455	356	400	55	949	784	121	891	311
386	711	438	176	538	941	265	161	328	229	1069	517	4	598	266	84	814	207	1096	718	831	25	40	302	802	1055	1089	630	407	458	921	752	345	355	890	712	515	675	560	877	402	618	957	375	433	1062	894	298	774	1025
141	901	1108	1106	875	748	530	3	388	1021	294	191	911	828	840	496	405	1093	237	271	1058	997	677	102	1118	714	31	680	429	269	534	971	505	454	673	710	43	1046	658	1100	553	729	362	225	33	122	961	350	601	650
259	834	868	935	218	1017	459	1010	1112	142	962	202	683	1020	243	199	905	571	420	646	231	983	563	940	876	365	755	809	674	862	600	909	172	559	341	321	1048	267	958	359	558	309	208	1122	859	548	1109	780	649	69
54	857	524	629	772	21	845	308	226	773	36	709	695	12	821	422	466	866	1115	932	220	427	38	722	727	175	282	631	655	651	22	830	467	664	554	212	609	1029	450	81	140	855	771	969	1124	707	247	904	1039	939
79	1022	6	841	1003	1098	613	173	955	882	68	137	126	204	633	177	896	119	751	352	592	533	46	1019	106	730	988	382	1075	570	317	1028	999	401	906	329	232	159	48	952	10	447	123	1125	596	234	111	291	94	361
641	292	1034	297	647	296	848	886	1049	428	390	989	810	471	1011	483	238	912	668	380	409	452	583	746	925	663	378	1024	564	426	602	555	1064	986	885	230	678	242	200	796	23	155	205	42	793	624	13	811	424	766
310	403	78	1033	148	937	1114	1037	1080	194	806	607	35	195	536	228	284	527	392	135	105	473	268	715	590	749	787	968	934	785	481	995	960	947	799	180	156	929	193	1101	376	1063	585	432	713	699	103	1004	417	305
669	446	738	979	817	319	819	474	522	516	734	528	222	933	764	623	565	163	945	127	74	1078	367	1123	414	594	740	614	803	628	342	639	899	360	41	996	745	884	307	503	576	924	110	698	874	634	836	739	442	541
49	688	763	1031	492	853	732	923	65	394	928	260	514	895	89	1012	11	152	16	1032	573	372	164	245	480	1061	879	1128	340	578	1083	460	716	685	330	62	253	482	1045	540	696	704	166	461	577	75	1015	959	1066	485
304	369	723	569	518	661	130	299	1027	824	827	133	1127	134	974	495	37	182	57	897	61	227	327	1040	351	468	654	366	381	419	258	778	870	791	919	765	842	60	322	1026	758	1119	1090	276	1094	931	436	206	224	504
301	76	395	760	671	728	348	97	170	385	1056	162	512	844	652	747	606	87	314	595	1054	513	347	797	1016	410	80	531	421	872	217	710	270	411	240	848	931	256	969	1124	709	644	97	746	929	325	145	381	1033	828
620	157	464	297	470	585	1089	453	318	487	971	768	1083	960	292	179	451	818	1098	84	1052	727	332	738	964	526	845	841	784	940	875	676	422	618	904	1008	7	298	1102	821	325	1073	38	890	409	660	1047	640	1057	700
28	614	329	602	52	98	1091	382	736	769	701	887	309	486	627	183	638	46	483	490	1024	431	223	499	1107	105	315	1072	485	717	998	421	791	577	826	290	6	336	40	726	812	112	1056	256	665	335	959	544	956	531
586	673	81	656	669	207	1097	148	1017	89	569	778	474	720	729	1068	592	779	725	647	799	328	156	617	35	635	961	341	1111	817	859	508	624	23	1039	501	827	992	20	364	816	308	361	19	116	233	170	245	307	258
632	920	502	1100	55	15	229	535	1114	882	234	450	208	599	611	923	1041	1087	564	884	327	631	454	101	680	795	532	696	616	579	840	1058	97	870	1005	820	900	355	443	339	184	127	494	678	1012	886	708	1084	967	412
718	391	164	553	932	252	1038	650	583	802	345	703	389	417	1023	849	973	809	201	674	714	411	321	144	839	36	685	303	562	408	885	489	117	143	221	387	555	270	187	1075	1063	811	106	1106	774	854	928	590	340	755
383	61	658	916	988	527	484	534	558	75	1064	434	1095	990	473	172	931	1010	517	539	852	969	642	723	574	108	695	999	25	322	711	789	351	353	63	804	1034	1093	944	175	991	930	452	957	306	406	622	181	520	941
130	71	348	572	1001	195	1103	962	265	1077	185	963	165	1076	171	781	986	848	581	177	3	847	1121	975	582	251	349	763	60	372	759	111	197	1019	346	70	275	213	366	710	684	461	513	547	219	561	284	1053	178	45
706	413	1055	291	149	758	410	125	395	492	182	699	54	274	1054	537	316	659	82	907	1002	282	458	518	1022	892	843	334	276	794	626	83	503	704	857	645	913	731	565	480	27	1071	42	227	419	830	1003	814	976	734
253	1020	468	905	1045	476	226	224	643	437	121	524	637	950	407	134	540	278	442	538	169	888	447	301	880	722	601	861	425	767	936	217	596	161	242	1048	131	584	1128	259	1029	934	598	753	48	790	721	551	250	192
415	147	1070	762	780	783	433	733	109	608	354	668	360	44	951	498	919	917	1090	1105	529	129	1112	983	683	18	948	211	91	381	375	1036	114	512	1032	427	871	902	198	93	879	746	404	384	947	933	559	324	416	1043
1088	440	560	787	260	159	1127	715	302	69	1051	304	623	911	752	697	707	1067	255	666	118	154	530	418	32	249	243	344	1094	1082	898	479	491	661	1122	868	597	16	186	605	326	952	95	137	924	566	655	14	294	899
173	1101	1078	1118	693	672	496	76	810	230	1081	124	545	771	99	103	865	138	136	220	891	331	1066	455	946	423	1007	519	102	633	163	478	210	1014	104	939	576	49	57	56	313	918	279	267	740	236	869	903	420	773
