1,0
439	555	1104	383	619	325	1014	873	1291	1219	706	1211	718	1001	359	1154	7	222	863	719	56	1264	339	795	131	74	1212	1153	821	31	688	225	775	120	233	667	816	1236	1155	454	145	87	418	834	27	1007	326	223	244	948
1355	937	411	498	16	1000	1300	48	738	1062	705	1346	946	1187	501	589	756	744	102	953	823	1332	69	384	228	573	463	890	126	613	695	633	323	702	417	654	969	123	1058	1205	1182	445	329	593	1340	125	839	1203	267	1231
803	440	1057	332	217	421	375	905	1213	482	1295	1347	704	1374	524	739	305	245	514	35	109	984	203	366	725	29	565	983	1008	115	124	146	1050	261	304	307	1044	672	67	299	1082	1323	143	1172	191	471	752	729	218	712
491	43	171	957	601	403	870	271	64	298	270	112	625	1151	212	273	190	11	512	716	1407	175	278	643	559	1238	247	75	1333	1232	1388	696	564	1181	447	883	678	666	318	567	518	1256	855	1017	558	234	153	510	301	616
1183	1165	1255	1123	1092	799	1299	1042	612	452	611	990	1282	577	1321	952	954	1088	1111	39	525	1228	188	562	1167	1173	941	781	370	78	179	142	1259	1350	995	202	891	461	1053	365	483	121	988	392	958	647	913	354	1318	1339
1322	1158	900	1128	427	554	1202	1009	997	910	792	1018	1252	734	1099	1019	693	334	679	139	596	68	1313	1217	805	511	372	1326	361	1016	413	174	1301	1244	431	846	617	707	1145	721	963	60	1354	348	104	1229	381	598	582	843
895	1396	1175	897	703	387	1343	528	22	1360	1040	230	274	879	1364	657	723	151	1144	539	1325	172	691	1	229	85	1352	809	369	414	1069	899	80	604	1174	157	869	576	1192	961	1234	1138	475	1023	1055	177	467	36	930	1254
1164	24	661	133	1061	1094	859	1285	341	425	1218	880	211	520	831	980	1086	815	486	1281	507	965	358	1048	194	52	1376	450	819	730	1118	1395	660	800	1135	912	373	20	789	152	842	1051	495	264	911	41	1400	1100	951	345
996	494	931	481	173	827	1107	700	658	51	1195	1271	804	1328	1397	939	745	903	1029	603	675	1124	1083	711	1223	1401	30	204	1392	180	529	1379	420	1207	955	786	1342	763	1380	1026	213	591	363	255	34	106	73	751	521	1251
768	1096	1221	1305	646	1139	374	6	798	426	226	1214	940	397	300	971	437	419	196	850	1084	1208	550	378	1108	1365	1304	1002	442	1071	428	280	82	1141	810	1117	1306	922	782	1059	1024	1227	287	335	537	416	708	838	689	1371
1391	1253	1003	1125	1143	533	1372	742	636	1335	1160	37	908	1283	544	1311	479	618	845	1031	1070	967	399	95	284	441	492	155	1045	833	477	829	722	976	101	924	1257	140	812	410	79	858	253	249	776	205	393	665	88	242
668	349	513	1276	250	779	942	1120	1194	1316	1389	1284	10	276	193	876	1319	504	860	731	434	982	443	45	526	1336	385	1079	1268	784	53	887	342	132	999	1013	684	1384	195	993	1115	808	508	580	758	699	147	979	904	474
57	285	1076	197	138	23	991	1163	1385	92	764	828	163	1036	448	992	531	649	894	1102	1404	1308	216	302	176	114	682	484	1201	429	386	835	181	1004	683	277	832	292	1298	1278	1114	748	1324	1193	685	1249	1185	546	1294	945
9	1230	337	1068	408	76	235	854	248	33	628	761	1261	240	989	1315	1028	1367	8	773	192	353	1012	1358	444	294	1081	1025	487	920	569	499	1242	49	622	12	966	1148	1054	169	1170	548	585	496	430	881	820	259	530	1112
1357	1280	252	458	1277	602	1373	986	822	260	1406	322	94	811	635	473	629	861	709	1133	735	83	505	664	774	841	968	1105	357	1353	161	116	1310	1361	631	19	1176	485	263	1329	608	167	886	295	1156	423	949	584	549	321
100	844	592	1303	84	909	807	1137	720	867	754	42	669	122	135	692	872	1162	578	547	571	767	293	907	772	615	1302	726	315	99	590	1188	1338	817	415	237	1317	108	770	743	687	1292	981	1171	438	1273	882	673	698	893
1132	254	750	500	1265	794	896	519	141	1046	943	769	183	517	614	1394	1052	568	1225	973	545	638	639	572	778	379	1196	184	309	198	579	1375	262	857	1074	906	1129	950	532	220	878	398	389	1034	814	159	47	609	1334	790
1109	166	1266	1184	1067	681	1378	1247	623	3	866	351	1030	1041	916	1246	1179	456	536	791	594	65	186	588	460	1199	1197	788	272	936	200	311	964	28	1189	164	581	563	874	97	1226	1405	130	836	637	402	1056	367	96	352
489	1307	1287	224	802	303	824	915	663	1080	960	994	970	1089	110	1035	21	170	1134	344	1121	72	1150	449	215	388	1241	697	105	1063	840	1274	566	91	610	740	1005	868	771	626	1015	1382	243	853	1215	156	317	962	1090	1290
987	1186	538	1269	1087	199	1220	497	1403	86	1161	396	257	1243	849	282	231	236	457	621	462	884	1178	1297	935	1142	407	1348	1293	238	1279	296	1101	470	1177	1198	1085	466	1309	312	1250	932	1157	478	741	503	107	765	934	377
70	1064	933	1093	871	390	424	1191	793	333	1245	435	1049	728	898	1260	641	862	1022	1272	118	336	154	1190	600	1216	136	50	864	753	1122	1209	241	757	98	1263	451	583	405	956	634	694	61	400	162	59	1011	306	1027	316
759	1356	676	651	119	210	509	523	266	570	1262	129	279	522	81	926	888	14	469	178	947	620	1383	111	677	468	1038	214	1140	327	160	476	1399	26	1126	1331	182	1039	25	275	1152	901	1288	1073	885	38	848	1116	1359	586
1222	382	465	343	1296	66	338	642	289	433	148	852	686	227	724	149	975	605	587	737	488	1131	659	1047	113	1386	1275	308	1369	265	320	560	851	63	889	144	219	1363	837	928	1314	650	58	1239	2	208	1370	599	938	251
391	1130	541	1235	959	17	542	1248	1010	575	281	1113	1166	187	207	165	927	892	246	269	288	830	1060	394	701	977	297	1043	978	310	553	1136	291	632	1320	1337	787	918	644	714	1327	189	710	5	1200	925	1169	515	826	432
453	847	362	1362	127	561	209	314	331	656	552	404	806	368	1066	902	117	493	324	556	0	1033	55	1341	1127	1351	455	595	1286	717	875	319	18	813	1210	1110	350	46	168	674	944	340	221	1349	436	1377	627	998	258	137
330	376	1006	158	972	1204	32	150	777	103	347	551	540	727	516	929	1037	1237	206	985	1402	877	412	328	648	346	680	1398	736	607	917	459	1072	506	1330	1106	923	355	1119	446	1091	534	766	422	380	201	671	128	1168	1020
401	1233	286	268	90	1065	464	1312	1258	921	1077	690	785	1267	1103	1075	797	535	914	640	713	557	818	865	747	313	749	232	364	185	62	480	732	780	624	662	746	597	1270	134	1021	655	856	783	360	290	1206	71	4	645
44	472	762	801	796	715	1159	1095	630	15	1240	1098	1390	760	606	919	406	1381	93	283	825	543	1345	652	89	670	1366	653	409	755	13	77	1078	974	1224	574	1146	1387	1368	54	395	239	356	371	502	40	490	256	1097	1032
733	1180	1147	1393	1344	527	1149	1289	311	1385	321	1156	1104	526	633	380	981	1091	1289	1161	144	329	879	174	932	1222	700	1071	1406	786	29	1352	1005	1399	745	1253	644	775	648	216	324	1129	1262	950	172	992	466	1382	1102	404
341	1065	1169	751	1250	284	1165	281	188	393	1255	3	1286	1068	1223	301	1106	1162	413	730	426	1191	1214	97	16	235	1059	1133	429	1025	1313	1299	279	890	411	20	1179	709	1282	1111	454	238	424	985	1321	365	422	891	399	622
1089	1235	1371	712	775	676	1006	117	719	420	1339	785	920	93	17	791	1251	330	1262	1088	649	389	1039	1231	498	374	648	110	1265	433	423	795	1204	91	1176	925	588	1069	278	711	995	88	39	1054	566	309	1393	886	849	1087
1248	1394	1246	245	1266	659	1380	1016	793	56	391	916	1153	141	993	430	1258	564	990	799	346	42	1354	963	1368	773	792	1219	1301	997	1029	559	345	1015	453	772	146	1260	853	4	1303	449	1125	1310	1129	1357	748	18	114	1134
135	1242	96	502	1290	1226	660	762	940	179	458	82	895	585	603	100	1340	647	109	572	257	339	407	549	655	113	930	1342	578	1261	432	522	754	237	731	1093	253	1163	192	1212	333	7	1200	1120	69	147	1256	1353	641	1158
807	119	601	592	286	822	1316	577	950	1127	529	752	64	1164	639	1027	1315	896	418	1023	344	723	857	1253	351	271	251	1005	133	812	132	1287	787	707	923	490	98	867	1244	652	1119	938	1045	408	213	589	819	1243	1343	607
1070	397	1329	1149	1403	911	644	392	956	1288	1275	201	700	624	168	634	1276	294	128	1	1060	52	1108	283	338	962	139	666	265	486	488	1377	489	1150	535	721	850	606	750	745	46	944	175	349	1190	276	555	1092	931	166
547	759	1249	1318	78	727	1302	1279	160	934	811	280	483	537	885	761	176	1366	470	225	978	53	123	29	178	261	1397	1021	875	1351	1277	456	620	329	1404	1011	242	170	1077	1229	492	651	933	1289	59	299	1221	455	212	705
1348	468	287	774	1041	1194	782	222	1047	313	371	851	1104	293	410	406	1022	650	197	364	482	157	463	400	1230	835	105	1096	1283	419	516	889	136	688	1331	1196	783	367	210	156	1140	543	694	918	1066	1098	948	491	771	274
831	1367	1171	565	71	72	288	888	76	1086	580	720	617	1010	1306	99	753	991	144	1363	1178	1385	548	1084	290	421	1320	1334	1049	1206	186	742	131	926	879	859	373	1050	353	510	579	605	328	880	692	672	1322	900	957	1372
684	1033	485	960	379	599	431	780	77	384	1131	1199	359	523	60	1034	193	1398	544	215	1399	868	74	444	1112	312	1392	847	941	734	415	980	1000	741	1028	1130	538	929	198	478	928	999	163	129	1109	1117	221	1239	696	1264
177	58	1240	1359	182	1167	1148	154	902	697	89	1314	368	525	718	1387	1040	954	658	396	209	124	598	332	1308	1227	866	691	1103	461	1147	358	863	451	41	376	1105	187	145	38	955	476	679	904	1058	1056	1154	472	670	335
362	561	1146	1325	826	13	1344	1352	199	817	272	756	137	737	1207	49	304	127	1205	240	870	1053	316	987	1252	19	1144	905	790	1193	172	398	1123	101	1237	917	445	2	169	1333	355	484	824	385	323	830	864	621	825	27
996	1305	1273	1003	686	952	1298	1211	239	427	1116	968	125	174	674	881	582	348	473	1362	708	134	669	234	1218	531	268	1300	1009	611	1100	437	363	394	618	357	1142	1055	173	840	545	965	871	494	1184	84	515	85	1335	1137
1360	311	613	760	416	808	231	747	604	668	878	839	513	706	901	122	1175	1048	30	915	140	1291	1312	1234	1400	446	1247	32	1269	728	1384	120	872	562	1323	936	1374	665	153	369	14	553	521	509	854	350	992	1195	1075	766
462	554	1161	733	1379	1094	325	1361	781	610	1037	503	185	1082	809	289	1081	724	87	390	1128	1407	800	798	211	106	823	702	815	459	951	567	155	50	171	1007	130	1042	526	518	207	441	1017	657	583	1327	602	1067	1326	266
788	710	300	517	73	662	1192	1395	530	1396	1232	998	227	161	228	1185	519	1336	1365	1002	814	892	1203	937	973	695	1166	969	51	713	1110	1259	550	258	877	1051	524	103	1267	722	1083	681	945	1217	466	1225	1064	699	609	1224
1280	1297	246	1197	587	434	922	412	1309	505	0	35	786	1090	1020	1036	439	1182	765	343	80	440	306	405	372	1215	352	282	68	142	83	646	214	377	832	62	48	126	307	591	331	487	219	1356	162	764	1388	763	292	450
191	104	402	143	1364	623	828	600	961	638	202	1332	501	195	380	1044	495	1386	1107	796	560	236	31	1319	630	1254	1019	1238	924	704	994	573	1101	1245	499	541	9	26	739	914	975	861	1135	511	894	327	942	636	575	740
1391	805	539	262	1338	616	1183	958	689	277	79	475	425	1024	302	568	43	569	1102	1383	1324	1138	469	387	834	121	65	967	5	729	452	447	15	1293	625	25	1099	206	1121	1085	1080	1173	45	1046	675	776	1001	845	1181	479
735	1151	504	324	1281	481	1390	1278	629	1209	552	860	1241	1347	935	75	802	229	1202	726	259	1078	640	295	467	584	749	244	803	715	865	633	586	1188	164	438	619	1152	921	664	876	714	883	507	233	906	319	974	685	1345
717	542	556	571	642	746	150	570	946	167	1038	90	1139	594	1304	375	1317	690	536	897	181	693	907	789	382	1270	1136	159	744	520	12	217	347	1311	216	821	112	457	1071	1346	912	898	33	1172	769	959	264	115	54	862
1296	986	770	386	1168	342	1157	512	269	626	784	725	1268	574	273	1052	404	263	596	767	738	631	8	118	558	1057	1174	138	223	612	23	701	1018	1201	403	249	671	627	1330	858	1061	797	37	988	804	1349	1382	255	395	1008
628	1156	448	108	837	1115	1132	1141	297	1271	778	1095	910	1284	1381	208	285	1073	165	1228	224	337	220	755	356	63	1143	983	779	477	989	1370	1337	260	1355	204	151	190	1145	884	635	1076	909	94	305	1118	184	645	506	1031
10	816	757	653	1285	964	275	1189	595	593	801	496	194	1035	893	1233	1004	736	943	252	899	443	953	846	971	388	532	514	1401	414	913	1294	654	608	6	67	241	47	534	794	768	682	11	1263	1030	61	1126	1091	838	24
508	1405	970	409	1208	981	40	116	298	320	464	254	1402	248	1222	939	81	1369	1122	86	366	903	250	291	326	678	36	848	806	758	856	205	546	882	442	310	540	267	152	1014	1274	855	1328	732	148	230	460	203	528	1074
1341	949	1350	1177	360	614	158	919	703	687	843	334	493	827	908	887	370	315	557	637	590	873	1198	833	1180	1032	576	1063	1170	1187	1236	1079	947	1043	656	1216	966	551	401	149	361	661	1155	189	716	1026	1072	381	1012	932
1210	836	869	581	55	354	218	317	874	500	615	417	1307	597	1113	497	322	1160	810	383	1389	527	1295	314	984	1373	698	95	303	270	842	321	435	829	1186	474	480	663	465	243	92	976	180	683	318	107	1375	22	844	1272
1114	336	818	1292	972	743	1220	471	28	66	340	813	70	200	1406	1013	643	673	982	232	436	1062	563	226	196	820	680	1097	841	44	977	34	21	247	57	1358	632	1124	378	1376	183	777	296	852	428	1213	533	111	677	927
667	256	1159	308	1257	979	1378	102	1190	947	1282	407	630	1300	665	180	9	592	1186	150	610	799	851	757	1121	1397	1293	1149	118	1039	238	1137	984	311	204	616	1122	112	653	1125	673	897	842	741	855	812	675	203	558	294
972	1	941	1334	889	1356	276	1171	558	362	1019	641	18	193	1366	626	873	886	903	1301	529	563	767	103	175	811	645	414	85	51	101	673	678	893	1203	590	636	301	433	1326	1103	1143	1221	163	1039	1091	1222	901	974	1123
65	1332	1389	699	785	746	933	471	294	1040	1378	194	1253	501	326	605	419	676	218	658	1053	845	575	374	885	1224	747	803	387	970	604	317	84	1020	1335	932	239	720	199	877	376	1325	825	1350	583	1371	427	1046	900	1118
1297	344	813	392	542	1015	567	1394	985	964	67	507	1169	1060	145	66	1138	1018	1244	216	1083	159	786	997	121	448	1092	17	655	677	792	1307	725	320	936	706	302	919	288	967	521	461	782	1201	978	33	717	372	1121	451
1216	1135	804	1208	820	94	298	772	1355	692	222	223	993	1370	1331	680	47	735	1254	437	596	330	688	1151	1047	10	170	500	627	1241	1071	938	1276	528	650	68	1017	40	152	917	1014	46	1105	423	614	837	106	258	994	1109
425	946	727	1308	855	413	108	1005	931	891	523	363	502	491	1104	610	1207	1219	1179	416	144	469	487	1136	1279	1215	895	838	831	544	701	722	536	1163	263	506	149	134	227	456	1183	766	1185	624	535	757	41	422	744	1283
751	382	316	1013	252	156	1031	310	1232	1376	753	1146	79	234	434	206	858	1252	418	653	1089	748	1153	809	28	1133	1063	984	462	76	1200	1028	1148	1033	441	123	1029	876	265	1400	192	697	127	625	591	846	309	1122	670	165
496	1220	611	808	607	962	347	368	188	405	916	992	349	431	357	331	968	1344	1025	1099	1058	245	63	1225	341	1086	1190	1082	1315	899	1021	364	209	318	1365	1149	1312	64	1341	890	97	122	646	874	898	1294	219	775	439	1340
120	1042	1129	32	640	83	136	1339	71	203	879	769	1274	1198	82	394	174	944	1288	1250	685	664	391	1317	139	915	1124	781	1403	1375	1363	128	522	934	90	755	1003	1321	1045	581	9	1345	23	1144	1132	1351	215	691	305	760
1023	1296	844	447	1386	749	875	927	183	353	195	910	1080	1052	1360	78	463	100	1214	922	556	167	1130	1246	1369	180	620	7	125	1199	732	794	358	957	509	129	388	601	734	1161	564	987	1289	989	762	1050	848	814	58	390
191	833	432	1205	378	186	872	337	942	1336	154	482	205	1007	399	1154	555	805	661	1318	759	742	1249	1113	410	979	1349	261	975	1044	385	44	1131	585	220	1160	452	429	798	275	703	949	1243	81	807	198	2	826	177	546
1226	77	70	259	986	1392	115	1034	116	888	896	1175	126	1125	926	632	870	980	1127	764	325	965	780	1293	1180	1284	13	973	654	1380	597	1134	1116	143	861	991	289	322	1026	1382	988	1088	481	1196	1038	1012	576	1108	709	424
663	1087	836	72	1405	1251	959	1361	961	55	217	1377	1173	351	243	398	178	1084	956	674	334	841	681	665	406	472	609	864	1057	657	552	710	904	863	403	930	756	395	109	321	1304	1381	277	577	304	467	637	485	473	327
140	687	160	537	902	700	648	592	572	1188	124	983	348	1272	791	1070	923	450	633	24	1257	489	1316	208	1036	1261	240	435	812	1333	235	446	470	464	104	868	285	1182	554	360	1286	133	512	373	783	1396	42	761	465	369
1115	1120	570	871	30	142	455	153	1352	824	1277	834	478	686	969	242	883	784	444	823	999	354	1217	707	852	168	162	238	799	953	1137	606	1056	312	649	164	147	1330	401	95	1311	408	866	381	1385	745	960	224	365	421
280	229	894	765	1295	12	1211	1102	1406	39	702	503	553	971	132	214	1273	185	1374	264	1142	1320	1290	96	278	839	1041	667	249	1210	292	1051	137	232	867	236	380	135	1407	1236	181	562	819	857	1140	158	1269	291	1247	445
38	1191	615	714	34	584	806	56	668	598	908	352	1256	850	881	386	588	1384	943	286	514	1387	1077	86	827	1055	1402	27	955	842	642	336	57	750	1229	1303	1167	262	493	1265	1268	909	1401	690	92	693	878	270	1393	49
1189	375	1357	851	952	1107	119	672	150	504	474	480	924	1101	1298	853	796	1388	295	1260	8	359	505	1075	520	586	925	1081	1145	221	14	308	1048	1282	840	1209	513	1177	237	711	306	1076	647	484	1119	741	53	1098	1184	1319
1212	1178	669	1165	998	713	778	257	793	1166	738	560	157	328	1358	1022	110	752	1157	613	80	50	1069	279	255	1362	579	1267	166	1264	1397	912	1373	268	494	1237	488	74	1079	371	1302	541	1305	582	797	696	91	982	602	519
1073	595	254	246	207	370	682	342	511	671	543	534	483	233	612	1354	790	343	458	384	1391	801	213	260	1248	1024	396	315	269	660	1310	204	547	508	1314	355	724	928	608	37	929	666	830	1066	1059	652	202	1280	1067	1027
409	1404	921	477	939	93	977	161	62	712	319	1379	1337	377	510	498	293	171	442	466	737	659	449	856	196	415	117	1263	526	578	1281	228	346	698	1322	947	958	580	267	1266	272	1062	1064	35	356	763	568	1032	525	743
716	638	1328	324	88	1159	854	73	383	996	111	303	397	527	566	1155	1223	43	69	771	1313	1061	622	1259	155	1187	366	282	1016	459	1235	307	5	1195	548	1074	1231	920	603	954	1006	1054	1095	379	1010	241	829	338	1255	736
1176	705	516	1192	3	1359	1096	114	715	651	1278	61	1395	400	1300	138	290	389	966	1299	1291	1114	721	574	443	1043	1197	54	1049	430	869	1170	1227	1270	281	411	884	1097	468	662	777	1000	776	99	599	911	273	1206	1126	810
1309	880	16	1112	211	1347	634	770	976	847	22	393	935	768	617	244	1329	407	1213	800	15	182	1128	402	1141	1275	723	1168	897	533	1324	59	335	412	1001	266	75	169	314	802	1238	284	816	495	1306	428	176	815	1094	499
102	300	173	630	1156	859	29	629	112	118	818	1065	105	1364	913	565	297	532	758	937	531	675	1372	438	589	718	1194	31	1292	789	146	60	417	231	1368	832	4	683	754	1348	708	995	1234	990	148	719	1009	404	914	1258
1110	287	36	694	1271	0	283	621	951	274	1353	1342	828	639	643	1383	540	87	795	1338	6	329	594	1150	492	907	1193	226	1147	48	862	619	367	350	538	656	835	179	1228	945	200	731	906	940	113	420	600	559	549	201
52	618	1287	740	963	460	1008	497	1390	210	950	981	1239	882	19	271	296	323	212	256	1072	817	25	774	1233	453	479	728	98	21	45	486	821	860	1139	1174	1164	1367	250	1181	726	1068	704	1343	550	89	1245	635	1100	1011
616	299	190	1186	518	539	1106	440	333	247	490	684	1093	1327	1218	524	1204	551	788	476	1090	457	172	569	1172	454	1162	571	561	887	1085	251	1242	1323	623	20	892	1240	573	436	843	339	345	130	11	1202	1078	733	779	1037
517	1158	557	107	1117	729	187	1002	644	225	695	426	197	1285	730	689	1111	1398	253	530	361	475	141	26	773	184	787	822	1399	628	151	1262	1035	679	948	230	865	311	313	248	587	1230	1152	1346	189	1004	1030	631	849	918
905	739	332	593	515	545	340	131	1052	529	1239	1056	396	246	224	475	741	29	1293	719	274	418	934	63	1051	588	1334	76	616	360	622	993	422	595	946	1380	1344	1249	695	793	711	765	794	1337	148	1009	178	1285	884	490
888	1243	1233	1150	1018	572	273	1224	1062	1364	94	1058	1365	1054	984	1284	566	1315	581	14	1194	779	19	785	1382	1008	1388	3	770	1140	598	318	225	294	344	357	134	142	447	1276	1164	974	906	879	940	606	1228	669	927	103
684	562	46	1323	1331	463	815	975	1253	1213	1201	1223	626	1400	177	210	700	146	1129	594	212	625	553	140	567	692	870	1005	170	1160	708	164	937	419	195	699	1326	411	255	585	413	221	887	402	716	829	190	260	440	595
1372	649	462	978	85	516	850	947	1066	1094	540	926	712	123	1047	914	301	725	201	646	685	1070	1110	999	26	743	25	1373	527	474	619	713	28	434	1085	248	1381	948	908	1370	277	582	55	916	53	89	433	1307	209	1265
871	1288	303	1012	599	1347	1195	297	472	148	1209	1027	484	192	576	64	1375	1263	804	1397	132	1339	560	980	665	1384	36	542	820	1101	653	399	1067	607	128	37	1004	881	445	395	1206	91	403	861	33	34	528	265	648	1001
778	805	915	1216	809	289	593	218	1345	261	1076	84	290	392	1028	44	1376	194	267	589	767	602	1322	1003	730	409	994	306	276	862	1245	151	533	895	79	702	651	1006	108	420	257	1212	95	746	262	693	1217	781	878	1250
131	817	435	1074	119	384	622	286	657	759	930	590	1163	226	840	461	1297	1104	458	615	129	923	307	1189	1046	1013	233	427	341	1051	404	633	1139	368	1281	243	1362	1106	130	339	981	1262	166	311	696	1214	687	758	1204	831
537	757	270	711	561	213	1039	211	1019	355	652	962	640	679	1015	181	65	275	425	283	456	1232	547	1064	253	655	920	1291	369	587	1102	1065	539	157	965	183	909	818	345	1242	71	144	618	777	600	385	698	1158	176	520
710	179	931	342	1352	880	548	1368	932	822	752	352	114	196	1219	886	659	847	955	193	412	733	839	1113	172	185	1034	74	349	736	1239	1161	703	1038	295	390	1026	1389	1192	137	316	1207	859	1319	469	60	115	993	1241	58
664	367	754	75	327	30	383	112	426	530	1290	376	1143	314	1025	943	149	784	891	764	191	755	1357	1203	263	1270	1069	110	855	1181	280	924	351	416	77	938	857	643	508	601	557	505	1251	1304	1306	765	324	1136	972	905
506	464	1328	807	812	1238	197	332	1261	1098	1266	32	1361	1392	760	1	231	417	645	126	104	642	998	1180	29	1031	1179	992	686	207	145	689	287	1159	481	298	100	538	377	945	90	309	1299	1395	802	52	182	1127	727	776
586	1190	386	612	677	1000	1123	1335	13	1011	1359	501	1124	1082	475	1366	470	1282	762	921	1188	1029	8	1105	347	242	951	928	408	361	1048	251	1118	466	278	1254	1240	532	105	356	1115	883	605	1401	1196	738	1246	1040	54	1099
497	1090	1385	405	526	961	448	824	718	492	223	92	1154	1122	597	694	1295	83	237	1144	801	918	970	1130	1279	867	291	436	486	323	911	203	808	158	40	241	135	184	169	756	329	1165	1055	1185	617	246	875	575	841	614
204	889	632	529	491	884	336	950	302	541	27	845	1398	512	892	555	1095	1050	559	851	1356	1229	800	1128	88	558	93	550	118	1149	846	552	229	580	337	690	1312	775	1096	1316	973	227	1406	428	556	1108	628	1036	359	603
1191	1081	1041	546	443	1155	853	1173	907	235	415	1049	660	478	1023	919	96	896	747	214	976	465	205	6	803	331	795	1084	1132	1072	238	18	732	1330	1275	583	680	523	844	1277	773	1083	138	1402	249	769	936	1120	1298	985
1148	627	610	1234	256	152	200	1010	1280	925	761	624	4	968	1199	333	1068	1403	272	41	180	446	1073	1218	1044	1399	874	489	827	967	394	400	1059	1063	1386	971	1404	751	647	325	641	771	454	387	78	22	956	62	1248	1043
1183	1052	1033	111	882	742	848	1142	675	551	1131	1220	1032	979	258	638	515	672	1075	509	504	482	1092	1141	1332	371	50	1309	245	750	1287	1348	165	876	836	788	67	45	1112	519	1314	35	1273	1193	1308	167	1244	228	872	480
120	662	616	81	320	877	833	1153	1293	66	726	1152	220	451	620	398	517	449	903	117	1236	161	503	1178	1374	1103	471	821	1198	69	893	396	1022	658	346	98	744	1151	498	1317	219	1371	1363	431	1252	1391	1171	102	292	1268
995	902	232	24	737	894	348	421	125	578	666	780	953	723	524	468	1360	49	73	300	1342	1021	437	629	613	661	354	720	852	1007	1289	1017	1177	507	611	849	1285	370	545	5	362	317	442	929	1121	101	1119	952	574	1338
654	1267	477	838	1109	380	441	374	1016	650	1222	917	960	136	198	1030	988	250	668	890	942	1367	455	554	511	285	23	828	206	1116	621	596	745	186	153	544	536	268	701	328	187	885	266	429	293	1346	584	792	284	1170
381	1310	499	244	1126	912	1380	794	1341	175	259	271	714	1247	644	1184	274	432	63	1305	397	982	1230	1393	748	173	373	1133	414	279	389	793	31	783	579	1146	304	215	224	1327	379	1296	156	495	143	407	282	312	823	70
900	1301	453	854	674	782	866	391	565	832	163	521	393	269	1294	319	87	1225	1256	59	1387	1278	697	38	217	1168	858	977	835	234	1227	749	522	1269	430	1383	418	162	683	860	728	663	1014	1086	107	673	1211	97	61	410
1088	487	609	208	1344	1167	406	457	588	856	946	1020	571	1002	1354	1166	1053	490	141	819	1350	1156	774	500	1226	1035	1349	1396	986	949	315	1378	452	1355	825	360	637	922	707	121	695	1340	899	188	485	935	959	382	216	688
222	898	1138	366	1024	563	502	1162	326	42	604	904	957	1091	830	1182	1333	997	564	569	543	1200	681	768	168	990	753	338	954	873	1231	476	798	334	1135	934	1145	47	865	1117	1324	1259	1379	17	591	1174	791	1172	944	1100
109	623	1061	159	1257	1037	322	1343	1321	459	86	864	941	518	1311	21	343	729	863	705	0	401	1114	573	264	1111	1302	1283	15	11	450	897	636	10	310	1077	39	843	1057	814	488	99	656	1274	1369	789	734	372	1394	178
786	51	330	1353	122	252	239	531	639	174	1337	9	1329	1351	422	1358	868	113	1042	296	363	375	797	56	1089	1078	1325	1134	127	1079	676	787	7	1407	1175	667	514	68	1264	987	1137	493	202	1176	308	80	364	494	72	983
678	48	989	670	150	133	1336	1080	353	230	16	901	592	1197	731	910	350	790	305	1235	1187	535	834	510	1215	534	1303	444	1405	1093	1205	739	281	631	313	1300	608	1320	2	1334	160	378	1318	721	1087	958	236	147	20	12
570	549	724	124	1056	813	991	513	869	816	423	116	438	460	439	715	76	722	1097	933	1271	1210	139	1147	772	796	106	704	682	719	1009	706	1258	1169	806	969	321	635	82	254	1292	691	741	1157	340	1377	388	155	1249	964
1237	1313	577	365	1390	799	963	1107	717	763	1286	966	735	1071	189	811	288	424	1202	299	996	483	1045	358	939	634	171	335	1272	467	913	671	479	568	240	766	826	1186	496	199	740	247	43	709	473	154	57	630	1260	837
1208	525	842	810	1125	1060	1221	1255	941	702	632	445	69	1003	481	1362	1309	854	335	128	790	794	1231	610	672	1238	910	875	885	431	47	413	515	324	534	1319	1120	106	1227	1101	943	1028	549	793	1005	961	572	1317	72	1155
762	1060	1241	667	1271	1390	462	1357	1245	1180	978	1406	605	446	849	1200	1386	1032	501	149	1341	601	1033	357	936	747	119	544	1190	1281	1181	452	843	933	971	1148	788	534	1352	145	1242	706	583	591	738	654	1207	226	727	739
469	349	875	1235	749	1102	867	1137	866	1114	826	1343	970	651	1210	43	478	1067	304	806	1099	232	1222	715	297	1322	323	909	691	242	1209	967	166	1074	777	570	918	73	1170	1348	187	1244	571	174	839	1035	1273	639	655	28
113	1365	99	44	952	988	916	254	1163	142	1029	581	1043	1183	962	154	1107	834	338	561	303	519	922	531	1037	1400	734	339	1218	1118	302	580	117	53	588	459	790	724	17	1178	977	1295	354	1372	598	1233	548	986	1120	1089
409	1080	901	1184	495	1347	1063	961	305	632	1014	35	712	1076	285	748	195	29	819	1391	72	219	146	572	87	1368	1212	991	596	283	833	893	1319	476	402	758	9	686	877	454	406	375	19	432	1220	206	1188	139	822	614
1144	862	416	86	740	848	217	95	392	453	769	1383	710	153	1134	1149	1320	1028	1335	76	643	164	873	23	27	711	906	1049	675	825	16	1127	464	263	1260	1187	256	370	209	786	249	1359	704	300	642	11	884	30	1243	1303
802	1338	765	415	530	151	8	351	1337	597	74	854	1010	829	230	550	665	1225	1191	506	71	668	1165	626	731	418	964	1126	874	965	1230	1309	995	807	542	899	857	1214	847	455	348	1179	364	32	498	963	193	1197	1224	79
397	273	897	238	220	682	1005	1004	395	262	1058	1358	554	974	1042	975	532	334	868	222	477	631	444	337	350	63	811	622	1278	399	1124	360	196	467	536	661	900	1151	1138	1286	503	394	1354	627	127	229	784	56	479	1020
709	1079	385	201	1326	1000	509	58	1015	1045	371	124	1298	425	365	1361	47	756	33	729	853	1101	656	794	458	569	808	521	356	658	702	133	1053	1199	928	373	993	1167	602	949	443	913	1097	491	381	472	835	1226	898	718
108	1330	950	947	1310	516	175	1342	1288	1215	951	1256	328	240	264	638	930	49	573	1401	804	1250	772	1150	882	618	147	821	526	956	290	745	1282	1265	603	594	1113	488	310	126	771	766	400	1093	97	1116	565	1290	317	1327
520	1269	1091	457	688	319	576	753	486	233	1263	341	1098	1034	237	40	664	22	1036	296	1251	188	761	908	120	474	448	1324	440	504	158	353	203	1022	284	111	783	1334	968	245	102	812	1182	1189	560	1268	1128	1287	726	439
1221	1205	864	646	1175	250	442	1360	1132	205	837	473	713	903	359	562	379	12	21	428	1313	10	65	973	966	518	855	505	1369	856	529	324	764	705	499	1301	629	291	1169	247	221	1332	170	218	537	41	427	1140	1012	309
1013	77	1143	1094	1248	776	270	322	543	194	131	167	466	513	522	1403	613	1373	809	1247	1112	45	981	1117	1344	106	1231	1363	1284	429	181	1009	979	695	969	346	475	152	677	423	1402	1106	299	940	752	824	243	716	707	1217
366	110	1299	985	435	1044	68	617	330	162	803	990	938	1232	870	1399	733	92	883	132	31	623	1289	403	1203	277	225	178	159	1277	78	653	633	684	0	907	1141	942	514	551	1393	932	1103	841	1092	430	741	183	992	508
417	742	757	1047	268	1304	781	1160	792	1162	210	960	82	1111	109	708	1083	1206	1296	959	1297	1161	610	382	844	1349	336	5	976	333	282	1387	59	681	384	485	1071	134	1050	89	424	136	1145	1308	227	13	1312	1171	361	497
555	198	460	515	320	1261	1077	1130	714	135	743	118	115	1168	160	905	575	795	810	1279	669	1311	128	213	1087	943	471	148	1051	15	679	687	1019	465	558	445	895	335	1398	775	881	1122	105	38	52	773	1219	481	51	1056
231	419	604	845	468	104	295	1031	582	329	179	396	100	144	744	1052	168	1159	450	1041	137	184	832	449	1333	1018	1174	634	235	703	1131	380	616	50	891	398	93	587	983	1195	275	785	314	266	1371	1240	910	830	1061	94
878	720	85	1274	306	321	625	1323	340	98	751	1177	782	549	584	760	1201	1136	239	880	386	216	274	945	141	815	70	191	797	1376	1030	161	3	1380	590	754	1238	628	1078	1090	1382	917	377	358	404	456	818	621	1081	611
165	894	678	717	647	528	538	48	138	507	660	81	871	1040	770	312	923	984	342	607	214	517	412	140	630	722	636	411	192	1367	1328	405	1065	690	344	879	215	689	641	746	935	719	1339	258	972	1266	463	1176	924	800
1356	1395	652	421	568	1317	298	26	482	1257	1388	640	557	172	1072	129	635	911	362	331	327	620	1024	1139	1115	383	732	840	1252	1345	1236	566	1375	1001	433	1353	1264	311	410	1075	269	888	858	1198	1054	694	271	685	599	369
934	989	500	1185	887	1346	982	859	1381	612	272	510	672	1011	121	1249	994	1378	723	252	827	367	155	657	645	332	447	1023	1105	925	46	1270	431	780	1186	1166	372	18	1008	1135	831	1389	1384	1155	523	1314	1156	670	244	91
698	850	892	1321	57	1294	67	535	286	1158	700	374	648	62	287	941	563	1046	246	820	1307	157	1147	1038	615	1234	1119	182	1194	683	1109	659	595	1021	204	36	1267	796	997	816	609	828	1259	546	107	1239	408	197	259	260
608	817	920	889	1385	368	728	426	289	915	1340	190	1392	799	789	1394	1211	958	805	1272	860	487	441	998	527	1196	422	60	1227	1006	1125	436	313	663	292	791	838	347	1208	1164	37	224	451	577	420	326	1085	801	946	921
937	842	112	793	202	387	55	470	363	251	1397	388	929	545	1275	223	1192	4	391	896	736	1202	378	511	83	171	278	539	156	1086	787	241	1228	1025	999	1374	281	996	88	574	434	401	1026	288	236	343	493	345	308	186
750	1262	177	1153	798	1129	489	1088	1306	1057	1350	926	101	1062	414	1370	589	886	730	114	606	1285	20	1396	763	39	1096	61	122	944	512	876	257	1193	150	1362	248	953	1154	823	1404	7	1110	130	494	696	593	253	525	255
680	1121	851	1017	1213	25	1351	693	1108	265	863	461	541	697	212	540	294	1254	861	502	1305	987	169	1336	96	393	437	407	955	721	1283	927	931	123	619	1	90	318	143	173	1258	267	438	692	980	492	1048	902	1104	228
578	1069	34	890	553	759	390	1276	814	1255	1142	352	125	75	234	211	185	66	279	1055	547	650	948	180	662	54	1003	307	676	1253	1293	939	1246	1172	1318	1133	1407	872	208	1066	315	957	1364	559	1146	1100	1355	767	316	1280
552	556	533	624	737	755	1237	885	1173	84	768	1216	1379	919	779	199	774	666	579	1223	1204	725	103	1123	1084	2	671	116	1302	80	701	1002	1007	1315	869	207	1064	637	496	644	673	6	904	483	1152	490	865	1027	1292	176
261	163	1016	836	954	912	600	1316	1070	524	280	1366	1291	1039	325	699	1059	64	355	1068	276	389	564	484	1325	846	293	480	376	1377	585	674	413	649	1073	735	778	914	1331	1095	852	189	14	24	69	42	586	301	1300	200
1405	813	1157	1082	592	1229	1329	567	485	22	498	589	1047	146	344	138	637	1245	1188	779	709	528	1133	8	339	1155	289	823	708	378	1325	407	361	1305	134	420	653	282	603	426	1250	707	1106	1217	906	214	740	264	1308	984
852	1222	132	1256	396	21	1156	451	107	930	1031	785	837	1069	992	426	841	1202	1392	584	921	1052	1032	1091	1022	544	1026	290	554	1359	439	413	969	519	514	1402	453	260	1066	856	390	984	997	370	218	1163	745	598	407	589
1340	267	945	863	1140	331	488	1186	1282	42	558	1351	1044	386	1019	1146	1318	336	1270	654	1184	817	1103	822	108	1268	769	635	1161	1371	152	583	990	358	31	305	1102	1323	797	609	795	754	846	882	799	665	271	243	1239	1232
458	334	1101	600	1012	980	855	641	1115	315	300	509	492	328	545	729	1047	768	1407	427	529	684	1056	341	573	737	435	1308	506	1187	345	1086	182	422	1035	199	1064	26	419	32	960	628	571	851	70	918	1343	80	1213	2
400	1128	657	719	123	340	951	363	1090	547	1294	592	725	391	576	850	1048	975	744	1145	158	430	25	53	715	379	1229	1386	324	145	580	353	433	1266	1272	1346	1017	52	582	807	838	890	1354	256	1181	111	947	261	667	869
1260	1267	409	1326	153	1322	1092	680	1398	1382	1396	939	1193	468	1316	1174	608	1349	979	505	964	1295	54	898	670	1389	221	478	1164	599	1384	885	185	1227	131	794	940	303	840	223	946	317	720	1237	203	986	1191	1342	1062	1004
130	916	1059	1045	1134	1057	656	181	240	1279	262	93	647	871	1248	247	411	173	1175	727	700	1221	596	626	270	1121	735	180	43	81	713	452	1276	934	1158	962	858	286	1036	157	689	1205	1292	13	880	14	704	615	748	941
1259	591	253	919	526	1200	1374	705	1257	487	761	1077	1063	593	1278	473	671	275	1397	893	781	1139	909	1088	311	118	176	301	138	1363	749	798	446	1153	36	60	1180	361	68	401	701	150	824	1159	1358	998	552	122	750	681
356	978	1241	1005	369	549	956	237	98	742	636	1309	163	448	1144	259	1356	553	30	471	295	1152	200	685	724	702	833	229	144	1293	456	1129	1074	738	648	489	205	493	504	664	601	78	481	351	231	1283	746	279	695	792
297	878	1280	90	39	166	1369	326	337	875	1236	318	495	1252	696	1075	149	655	1404	316	717	1042	872	320	581	1300	965	23	910	208	712	162	1228	365	759	255	1198	780	1281	174	762	217	1137	1018	1355	1313	516	760	428	677
586	215	179	1304	1383	991	1148	518	1087	498	643	227	1388	1082	1138	999	888	1212	388	381	1390	551	1357	1061	755	734	706	201	708	281	1199	368	774	424	912	567	1014	1321	531	77	1034	957	383	160	97	751	1009	1002	766	293
1089	536	996	1306	1378	660	865	242	1217	937	578	258	187	1372	845	512	883	1083	555	805	16	159	894	1406	827	722	346	20	1285	46	867	377	490	881	460	1224	1117	477	1334	1020	299	238	50	421	690	929	88	1131	666	1262
62	649	820	630	1315	287	502	924	1231	304	1373	952	857	1218	17	973	556	802	864	74	726	225	860	76	4	1111	1325	770	915	12	779	445	771	1109	226	839	1254	530	241	899	75	327	482	1253	877	1245	423	499	642	110
577	357	546	523	325	1203	49	1172	121	1143	1273	692	1265	248	562	691	806	718	192	1330	1360	1290	1080	1095	484	135	905	783	1287	1324	886	1403	777	291	1307	610	1168	659	1165	410	736	503	483	594	1142	274	1053	137	5	139
51	1208	1008	190	161	1094	71	209	1068	1365	417	116	374	61	333	1317	384	830	288	399	33	418	658	395	604	778	344	843	63	213	1375	889	1289	1204	1104	1381	651	1320	414	793	155	500	786	603	521	47	1394	1310	787	29
280	355	1216	632	1105	378	1240	1350	543	58	348	862	679	874	73	402	688	819	154	1003	672	613	364	522	432	416	1098	1385	420	1339	976	728	891	1050	595	849	272	810	100	57	614	178	825	197	219	193	1060	134	1263	165
408	1070	48	675	548	212	1099	1201	251	925	585	232	447	812	568	9	372	959	834	1167	1235	497	528	141	511	525	69	1215	900	40	953	1093	91	246	1171	974	853	462	534	126	34	245	67	958	669	835	983	756	949	95
570	801	739	1133	564	207	1046	1219	935	283	22	782	170	202	188	211	140	120	987	10	1065	1225	508	367	7	224	147	602	866	1116	405	829	757	454	809	1264	954	1078	113	127	387	535	709	1000	1391	1301	1010	177	1233	1016
961	818	639	115	1341	1335	1261	359	119	86	234	803	676	1344	895	284	397	673	764	175	1013	1332	1033	653	981	1311	1151	371	394	565	1179	463	268	1106	884	926	109	772	927	539	828	836	151	309	198	252	758	82	611	1155
102	434	342	335	537	1006	972	515	1296	1127	136	385	1147	982	1029	105	501	1251	206	605	476	682	128	950	693	313	350	1314	683	1072	1291	906	1288	645	496	442	920	922	278	559	265	1149	966	1331	520	1379	312	815	1162	449
479	1329	269	524	1039	148	298	8	6	64	640	1081	732	189	106	587	1007	282	37	470	380	646	796	133	517	366	811	808	575	349	1286	741	210	83	911	1250	791	870	250	1333	887	459	276	169	917	644	431	1076	1226	373
631	618	1177	389	196	66	716	339	597	1108	440	1299	619	393	1238	560	1364	1353	249	1135	1338	1196	475	129	1185	146	347	233	1024	1085	538	931	620	1038	1054	767	1015	112	45	114	622	740	392	733	1258	914	257	634	236	1274
164	901	988	627	623	814	789	214	455	1234	117	1183	541	285	1249	955	566	784	527	1298	944	457	172	876	907	306	943	873	415	550	27	723	1049	1071	195	821	319	765	436	1214	465	1130	85	220	204	698	621	1207	1027	1336
1242	1370	731	1110	1124	362	590	375	633	84	896	321	1043	308	329	928	15	94	606	1188	263	747	1037	41	804	714	1097	156	19	474	721	932	330	124	629	1277	494	1073	753	310	425	450	1209	507	44	1395	1160	264	971	823
832	480	244	443	302	322	1190	844	897	403	1246	1255	1118	183	125	788	923	382	892	56	616	338	3	59	847	967	171	687	773	1362	1302	662	1112	1141	103	1377	1347	861	1067	1393	625	579	1337	1189	607	191	1084	376	92	72
1368	854	352	908	18	563	1376	1194	995	913	360	638	186	1192	485	879	404	273	1058	1399	612	11	826	1182	235	65	464	230	569	1023	354	1284	775	28	561	55	1223	429	674	24	513	650	686	542	1107	572	314	1001	902	1327
1387	776	1243	540	104	1170	637	289	294	1125	1303	216	694	1021	697	466	1244	1040	652	904	307	963	87	1328	1	1176	707	1119	752	1305	292	710	813	800	438	1380	143	1178	942	1132	96	1166	936	763	1096	985	1025	1122	1123	868
790	222	970	574	1345	1210	1113	1126	228	1230	1079	1136	167	977	1211	993	1366	989	678	444	1400	1206	461	332	588	437	703	848	398	266	323	277	533	467	469	254	1041	412	933	532	699	663	1100	35	99	1367	1361	1197	1352	1247
38	296	859	0	1312	1028	903	1195	668	1051	557	1114	994	968	142	1269	711	1011	101	842	79	1150	1401	816	441	1271	617	168	239	624	661	1169	1055	1319	1348	472	1275	743	1030	343	1220	491	1173	1154	1405	1120	831	510	1157	948
1297	406	486	184	938	194	89	730	734	971	1300	950	65	755	1291	1273	16	578	415	730	309	860	211	729	15	1059	991	652	529	142	1373	501	1312	1330	785	585	1029	539	59	1290	736	1370	256	800	710	545	353	1143	362	116
1063	344	90	0	372	185	523	40	932	706	267	187	552	1227	883	482	936	656	338	1152	809	789	32	79	838	216	923	1306	1050	830	572	213	415	689	1136	922	824	205	734	254	28	414	200	462	566	801	707	703	3	1390
343	633	1360	528	577	270	1351	245	269	1260	278	968	875	1095	848	43	869	237	762	104	1073	579	1007	335	1362	511	626	1348	605	126	826	1228	138	159	1247	333	557	1220	1132	1159	183	1108	376	828	34	72	479	779	1059	972
969	638	864	1397	280	986	8	1301	680	847	582	1000	1111	113	408	368	128	1042	802	241	870	1113	614	1057	704	569	65	1236	129	67	322	117	723	849	962	772	573	61	1168	181	753	651	249	991	203	256	1372	313	556	1090
331	786	1087	564	906	586	500	612	266	653	857	197	125	1368	248	1161	80	1262	1195	817	1141	1146	206	339	1037	409	774	413	532	993	1106	136	999	1300	1344	610	212	554	1140	692	405	151	1374	56	1163	41	983	777	189	733
209	1231	971	226	1196	503	1326	905	1352	35	179	194	987	1311	965	1312	275	420	268	291	483	1349	1305	867	59	46	235	446	1321	1103	1096	662	247	1285	643	1187	47	1023	645	137	835	1211	1193	407	145	797	663	558	699	743
1259	600	1178	451	66	2	788	1081	1373	580	1275	607	715	38	1304	365	518	892	1406	714	705	617	731	1353	945	491	1324	730	58	800	866	1093	498	490	1365	319	1342	488	396	389	87	609	913	434	818	497	102	940	686	787
950	1252	1322	1082	1046	39	795	505	106	553	976	388	780	599	1248	1340	575	985	1025	325	77	1162	381	1405	152	1147	859	701	395	807	1208	1225	757	175	1226	823	935	708	1229	576	810	374	639	356	1043	647	589	1315	201	1239
171	1062	82	1138	851	1354	747	1283	982	1314	1105	1407	127	358	979	23	1045	45	512	934	5	94	1006	782	717	250	393	112	770	346	1238	970	259	1200	1126	1137	1058	1319	771	1182	744	1067	752	559	351	1378	222	1286	1401	456
76	431	590	565	477	602	1123	225	1255	324	219	402	659	568	18	1363	470	1329	1371	1194	303	86	683	709	1291	302	1245	231	1400	92	957	646	387	1112	784	698	83	973	834	74	927	561	1184	931	1339	340	1035	184	722	367
1237	24	139	1192	1298	725	766	1016	1270	31	1054	418	1209	746	641	155	403	1234	1279	658	1047	399	342	336	874	897	942	118	1183	427	116	301	1061	712	1268	1246	655	1317	1233	97	1066	958	332	273	1127	949	1296	1210	893	441
603	440	172	1215	574	1379	852	334	661	1280	458	542	448	320	1180	101	1330	839	1213	665	265	914	1399	366	202	445	258	1186	1205	654	1044	131	1012	879	1107	215	718	276	551	840	509	1403	536	119	452	831	261	1257	1097	306
1290	373	1048	1158	907	426	988	122	726	1165	833	1395	363	386	667	467	81	756	785	321	472	584	881	198	1160	1128	345	1261	147	635	842	1244	720	144	236	992	464	1274	260	521	495	142	317	244	461	745	597	436	1302	93
153	520	1221	1151	820	854	135	450	318	544	670	928	435	767	959	1091	858	193	850	1307	978	13	571	439	53	157	96	1258	1232	660	921	695	1028	438	919	305	1341	974	277	52	1361	1018	54	583	210	170	682	149	735	856
1387	1143	242	391	1263	298	861	1191	1080	997	274	650	1084	1243	188	460	862	1036	888	233	736	295	902	103	606	581	75	73	593	323	668	872	562	232	6	778	537	1155	63	423	502	1088	466	1294	967	515	863	1167	349	437
876	836	223	1223	1171	173	868	60	282	837	311	84	601	192	25	480	567	937	926	1026	292	964	673	806	1049	884	1150	1032	1124	908	1359	796	1086	42	657	742	640	889	375	499	262	449	649	1235	1181	300	878	9	246	484
1356	240	120	918	1114	930	444	475	514	398	492	110	421	773	1156	1117	71	793	754	620	230	595	111	263	357	1074	903	88	312	1265	652	1241	719	1230	504	1218	944	1393	1308	148	955	400	1357	915	827	748	1008	713	307	91
1367	596	882	154	433	1002	468	1295	539	1121	1254	352	7	33	239	677	1217	1077	898	585	290	1125	1385	1375	1101	1376	1207	1325	195	1149	469	99	70	419	685	1299	825	22	925	442	618	644	1056	211	560	764	989	1089	1297	629
20	721	625	296	1170	1118	954	17	326	1029	761	679	1009	95	329	678	163	588	961	385	124	359	417	636	776	799	182	1177	1389	510	424	790	669	220	337	822	615	674	1369	871	1266	981	1202	912	1337	676	623	1052	390	208
546	1335	845	401	271	1264	1190	877	11	406	1377	1336	133	1334	288	315	543	443	160	541	608	168	1133	529	115	394	1313	1079	485	143	1310	165	299	729	428	1134	886	1388	78	1198	1347	1068	627	1051	465	478	632	1020	457	697
1119	524	781	425	1060	952	696	885	694	1212	1148	1135	314	1004	1333	227	804	1355	530	453	933	534	887	1253	507	150	711	1287	533	1392	890	166	85	1139	327	812	294	1076	1039	134	1078	455	264	951	30	666	815	1131	1272	361
1033	1024	304	1179	178	587	410	1083	1104	251	55	671	688	1144	783	199	108	370	1332	463	272	693	64	1040	114	1345	447	1166	1284	924	284	634	1071	107	286	397	1003	1350	755	378	1338	473	1098	454	616	496	255	377	429	759
109	716	310	684	1099	550	27	243	100	1267	1216	287	1015	4	432	1370	630	891	998	960	700	422	1055	710	224	1092	98	14	675	1328	1145	26	293	1199	724	297	916	728	904	68	791	687	471	829	1366	15	570	1273	316	1100
1109	493	765	843	732	794	57	1021	613	911	1240	758	1120	1394	900	238	508	538	917	966	977	832	798	1172	1034	283	186	984	631	176	672	130	996	1174	1153	813	648	229	1303	621	1001	177	16	920	191	1271	953	816	860	190
156	805	12	257	642	895	1094	821	1064	1224	547	174	51	549	355	1206	412	1019	404	946	702	664	1402	1386	751	1396	1157	1005	853	1323	217	29	279	604	624	775	140	1014	519	44	929	975	167	1169	353	819	487	535	1289	281
1382	737	594	1085	909	221	526	252	1189	1383	760	592	146	941	995	1011	873	1030	1041	494	628	382	1173	727	1204	459	1122	598	37	899	132	1175	994	846	1380	1346	1277	591	392	474	1130	228	330	347	681	1404	814	1222	379	123
36	1391	328	563	531	901	1053	1010	939	740	545	1398	517	1031	180	196	691	611	855	690	527	384	234	362	360	769	21	158	350	522	1318	1110	105	896	980	1072	811	1250	253	354	578	622	525	1201	548	1	741	1343	207	161
285	1292	341	768	1027	750	1249	1251	990	1281	938	1017	1384	841	513	416	555	430	49	48	411	69	486	1269	763	141	1288	383	963	1276	1164	803	948	218	1309	1038	1203	1075	1381	1256	1022	501	1214	489	289	1327	121	749	1129	844
1154	1070	50	214	89	1197	943	62	1320	1331	910	1069	164	619	894	364	1358	1364	516	1188	19	1316	865	348	1142	792	1242	947	162	1115	1185	1102	1282	1293	1278	380	738	169	476	880	481	956	309	1065	1219	808	204	506	1116	1013
10	540	371	637	739	1176	308	369	394	515	1206	471	762	1150	867	7	402	881	1109	82	128	251	1001	1246	1317	245	1210	688	175	1388	23	296	602	612	1084	764	961	406	1222	982	202	804	1268	1076	260	598	1175	1325	120	224
1076	989	389	828	1223	679	1169	1301	682	770	544	846	411	1306	805	181	275	478	261	822	397	593	151	1279	499	98	1250	507	1405	1289	493	1254	1194	20	66	318	1086	502	1159	1020	279	1328	53	979	490	45	1061	721	239	1074
781	1324	889	1119	1095	147	1060	132	1175	997	1065	14	1218	1360	430	425	255	619	188	34	938	1190	712	858	1109	491	1384	550	1125	445	831	1041	235	108	18	821	325	960	642	52	981	900	326	1055	169	72	312	616	1089	969
146	1093	1403	448	588	610	915	315	948	1036	1308	1058	1166	1297	39	1349	213	807	396	891	1187	1278	865	442	589	338	1078	762	1088	1091	1136	994	837	316	1202	1140	1163	167	947	179	1219	1113	254	475	1011	519	1022	150	1376	27
277	1244	114	1326	1338	1400	434	190	1124	622	198	756	1092	96	408	529	1039	462	1071	857	506	112	406	1383	774	443	917	1399	109	1320	197	772	525	393	543	936	303	332	910	320	680	714	937	735	209	574	1229	1205	336	1265
479	339	1139	1105	262	439	1110	970	451	1340	354	750	957	1261	976	370	184	1313	845	776	1316	847	500	331	313	1243	358	1253	19	562	1181	444	113	882	557	1365	344	100	129	116	1062	961	1063	1033	852	932	185	667	210	363
63	1185	909	295	537	1267	510	630	371	993	621	898	337	1233	1208	240	985	991	217	902	274	720	1255	547	801	855	677	196	1280	368	587	1252	907	494	717	1068	987	912	877	725	287	908	1311	251	1103	453	1312	364	539	1290
511	617	1126	418	158	866	252	1368	885	41	120	752	1381	484	174	813	526	486	58	869	16	456	620	963	611	605	964	731	1152	956	1079	324	1144	149	211	672	1249	1167	1010	1341	353	572	880	449	128	1292	996	861	1214	1108
580	1180	926	404	143	1212	1154	635	710	118	263	665	1157	566	676	833	1216	922	1251	1199	1231	545	1075	187	1158	1396	788	637	192	273	1106	65	535	1168	792	639	470	7	779	29	1407	1064	477	768	85	1242	552	939	469	1293
115	373	288	51	838	498	1132	523	82	165	278	154	887	281	509	1382	1234	246	761	597	1371	24	836	753	584	567	742	789	383	1178	809	1245	107	1003	697	1	214	971	1028	101	1317	645	1404	377	183	1121	684	568	15	70
579	416	638	1388	1283	556	437	117	497	391	1232	0	849	99	549	249	236	431	724	487	157	280	1203	1271	856	5	591	145	883	804	9	1072	604	508	93	28	349	859	1402	893	110	245	285	71	1135	777	272	441	795	612
293	659	790	943	1129	904	1100	342	44	1000	1077	1008	1262	415	203	283	1288	412	546	551	92	520	248	666	881	835	1017	1398	643	50	626	648	701	256	244	851	1357	343	1112	689	144	662	1309	387	1372	733	532	186	2	966
221	1273	59	632	1401	896	1018	1319	125	1192	744	958	463	608	379	1237	286	1329	950	794	615	139	457	1389	973	160	953	124	1353	300	398	1174	691	374	839	1375	675	832	440	77	1339	986	1355	876	104	644	465	1179	825	423
899	289	743	965	603	241	808	783	250	927	399	455	1172	400	55	992	815	121	980	1183	386	918	438	176	1182	999	265	161	328	1302	1387	517	1323	598	266	84	1366	207	1336	921	863	25	1215	302	1161	834	686	916	1114	407
458	962	1397	345	355	928	1230	515	1196	560	914	656	402	1213	1006	375	433	1083	1080	298	755	1045	141	941	1130	657	1128	1034	1102	814	530	3	388	1127	1363	1352	191	1393	860	1331	496	405	1115	1269	271	1047	767	702	102	1141
1184	1354	705	429	269	534	1147	505	1305	673	737	43	514	1155	1122	1246	757	826	362	225	33	122	1332	350	601	650	259	867	903	1406	1277	152	726	459	830	1134	142	1385	202	683	573	243	199	816	571	420	646	231	360	1370
1281	913	729	365	1013	841	674	1107	1373	949	1189	559	341	1337	1266	1206	1002	359	1224	1350	309	1377	1145	850	894	548	1131	935	1162	69	1318	892	524	629	802	21	1046	308	226	1023	1394	1395	695	12	853	422	466	901	1138	975
220	427	38	722	727	175	282	631	1379	655	651	22	862	467	664	554	212	1211	1335	450	81	140	890	1386	1014	11	707	247	944	1059	1364	1296	1081	1043	6	875	1051	1120	613	173	998	920	1195	137	126	204	1222	177	968	119
751	352	592	533	46	1042	106	730	307	382	1321	570	317	1048	1032	840	401	1177	329	1236	159	48	854	995	10	447	123	1148	596	234	1295	291	94	361	873	641	292	1143	297	647	296	1165	1239	1070	428	390	1111	810	471	260
483	238	952	668	1361	409	452	583	905	888	746	1197	663	378	1044	564	426	1263	884	1307	1019	1025	1258	230	1188	242	200	796	1330	155	205	42	793	624	1299	811	424	925	1117	766	310	403	78	1314	148	972	1137	1057	1101	1342
806	607	35	195	536	946	228	284	527	392	135	105	1369	268	954	715	590	749	934	787	988	977	785	481	1030	1004	990	1327	1362	156	929	193	1123	376	1333	585	432	713	699	103	1291	417	305	669	446	738	1024	817	319	984
819	474	522	516	734	528	1270	1359	1176	764	623	565	163	945	127	74	1099	367	1146	414	1374	1186	614	803	628	745	1344	576	698	874	634	739	541	49	688	1160	394	1391	1310	1012	1035	1116	1052	164	480	1082	879	1151	340	578
1104	460	716	685	330	1287	1282	1348	1066	1264	696	704	166	461	1050	577	1248	1015	959	1087	485	304	369	723	569	518	1171	130	299	1200	824	827	133	1150	134	974	1256	37	182	57	897	61	227	1217	1040	351	468	654	366	381
419	1285	778	870	791	1257	1173	842	60	1225	1241	1026	758	1334	1090	1201	1193	931	1351	206	224	504	301	1274	395	760	671	728	348	97	170	385	1056	162	512	844	1133	652	1346	606	87	314	595	1054	1380	347	797	1016	410	80
531	421	872	709	754	658	1322	940	906	264	763	625	1392	786	1294	848	775	718	1037	95	740	661	356	765	1038	1204	933	955	690	586	1238	692	538	311	741	501	1170	56	678	172	542	1001	435	1094	1031	68	700	967	8	1268
1027	276	732	1226	1067	719	1390	111	223	73	237	1156	219	618	1209	40	1343	1304	413	257	335	1315	633	694	759	1098	306	670	911	942	708	818	88	864	829	703	232	1227	270	924	602	1221	1220	627	464	820	553	36	1378	215
333	1009	800	521	660	67	495	919	923	540	258	1198	178	1240	1259	1272	1069	1367	886	1325	1191	290	171	346	76	1284	1096	1345	47	30	189	983	253	1347	180	1260	89	62	871	216	878	492	357	1300	489	1207	79	575	1358	13
681	693	229	780	327	454	640	555	168	476	1286	201	17	1073	1053	322	1228	1303	54	736	798	1276	609	4	1164	1210	233	799	653	748	23	1356	1005	1084	1142	1049	1118	321	153	599	711	64	194	582	503	218	747	86	482	823
558	436	294	1235	31	384	1029	812	138	222	773	380	1275	372	982	90	1097	1298	323	473	563	769	868	600	594	472	930	208	75	784	513	32	26	706	488	1007	771	843	83	1149	267	895	649	951	1247	1153	334	782	91	136
687	131	636	1085	1021	561	978	581	345	1247	1285	237	1119	350	110	108	534	1212	89	711	631	1157	811	738	992	311	268	1135	1317	911	1017	528	521	264	384	885	114	1080	757	1196	135	272	856	1329	1056	524	382	594	1271	469
23	307	834	920	835	430	198	303	716	1099	15	1315	804	828	942	824	840	688	1024	179	748	926	1371	83	1267	943	1224	713	740	1010	1127	589	1378	1042	3	976	865	996	1139	1382	419	962	1314	909	375	673	1001	1185	1377	1319
446	245	973	1186	727	352	779	1056	40	149	829	355	1013	922	766	27	1079	907	364	783	876	958	911	598	768	1150	1333	1391	932	275	1073	571	532	1141	434	1091	1232	1364	1124	1381	1342	399	638	57	1285	1268	483	737	1006	207
640	249	482	328	577	732	759	680	982	1303	1395	801	1002	563	1166	612	1049	868	1074	914	349	484	694	1046	400	1400	1340	120	1308	234	86	465	947	1084	660	65	1039	852	106	1061	878	1244	1251	380	845	1316	265	635	1288	551
717	322	387	857	100	1318	583	1103	1067	584	989	452	524	227	48	1152	656	669	203	690	98	25	938	494	511	1257	196	1205	1154	1323	271	769	1374	485	158	1330	410	1031	353	302	1064	774	1200	1015	873	421	575	1291	701	619
466	175	235	1325	808	140	1107	702	502	347	1033	1229	590	470	97	567	481	506	73	1256	472	80	900	111	898	35	853	1030	1211	646	645	1328	51	935	803	496	711	1125	1168	433	1353	1090	1263	555	146	562	210	1057	1052	718
490	800	19	454	697	884	1110	538	183	825	1231	243	1075	411	256	473	744	554	1283	929	155	817	1259	761	653	888	438	675	498	1388	1336	1221	980	882	1217	927	987	171	1198	1264	930	74	610	937	1025	1194	366	264	772	357
79	615	1249	526	1040	844	1339	953	726	668	1012	432	1195	341	1310	859	189	821	493	624	233	994	1304	815	335	312	343	361	163	515	46	1020	1298	1114	184	145	682	274	431	1098	394	749	1126	381	1322	714	359	39	556	309
1209	746	581	960	831	1188	426	88	1270	1299	833	38	393	691	110	518	1144	1062	811	295	861	1113	373	951	773	460	696	1386	1016	904	544	616	887	802	1403	84	745	1167	31	350	1196	818	720	1332	1043	1367	1390	1360	150	363
967	181	738	597	972	440	1357	966	157	37	342	44	78	1289	142	89	788	864	346	1193	628	1004	608	104	254	469	54	443	677	52	238	1389	809	781	984	109	1213	141	33	533	827	848	1105	377	860	1147	719	757	315	841
305	1334	662	974	192	574	273	1383	1192	1355	1164	1121	553	1210	637	1206	333	963	1076	212	915	4	1149	813	300	862	123	105	665	389	969	543	1402	1361	1290	1137	1311	1354	325	1060	354	925	1317	492	703	435	1044	28	1356	550
593	267	135	1202	391	505	1037	1276	863	1119	378	1216	1054	55	374	42	148	129	1214	18	602	1089	159	170	125	542	1300	151	1169	1055	699	61	957	269	9	959	549	1153	297	531	456	1070	806	710	872	807	47	464	1238	905
401	500	880	569	1106	330	219	130	448	58	22	1109	1350	601	684	185	397	968	663	429	1233	451	75	199	1101	229	736	168	320	81	1240	336	1277	131	241	893	7	512	877	1122	1359	901	776	1406	6	661	252	112	50	1021
525	1086	59	197	372	611	491	94	282	565	407	468	971	883	897	488	313	1365	1399	1174	1078	604	351	851	698	1115	339	1393	408	582	1363	413	1011	891	200	735	147	445	174	1375	36	442	1265	849	1279	707	216	826	1022	599
695	724	547	632	1045	879	715	376	1173	298	1296	231	592	1252	1155	789	992	318	1151	1247	124	1111	253	117	1398	933	1301	1093	1320	340	329	648	1182	764	1132	441	605	53	1108	1171	607	686	634	190	782	760	294	311	521	223
765	114	116	733	422	822	1161	1401	195	1351	988	540	705	1136	771	324	1069	1397	1041	119	1392	108	903	756	869	847	832	332	1208	1387	258	805	741	480	991	1085	758	1246	474	1034	1094	1145	503	1368	917	725	747	176	127	588
308	156	1027	1003	385	564	1130	1135	517	107	1009	946	1183	613	209	561	1287	636	546	1262	558	29	348	268	650	1347	1274	1346	625	1293	360	1082	136	1273	1344	1158	793	1218	975	1248	99	617	487	160	560	944	134	816	1294	1189
522	457	1165	990	319	1306	382	403	406	723	742	1036	1349	167	530	830	208	345	842	1379	910	1032	182	321	1176	24	72	293	60	251	292	291	1048	1404	875	270	194	327	1394	204	631	535	1242	257	850	1180	1220	913	214	1023
1080	20	1292	912	627	371	1087	999	787	1026	655	895	1077	952	1369	1321	509	379	1163	649	739	395	1131	1197	823	527	1181	476	754	586	497	367	534	954	390	940	667	230	1345	1102	981	418	1237	867	644	1068	504	1005	1352	101
133	358	1366	439	924	618	706	1047	285	427	609	1269	516	750	202	306	1219	679	977	467	708	568	10	383	666	1059	870	1241	76	138	792	899	1191	751	923	164	1222	450	1014	537	1331	1335	501	1129	96	1007	1358	970	277	1297
941	201	664	1235	288	162	144	458	548	1266	780	874	763	1271	11	93	629	143	221	461	416	290	187	92	62	206	362	721	1385	652	837	839	1243	689	417	317	513	283	1223	475	5	449	791	614	641	856	262	1309	906	998
1095	1140	1362	286	931	369	1203	965	334	161	836	579	172	1029	986	437	218	1133	287	728	678	34	153	843	412	26	955	1215	1337	478	132	866	585	919	1017	63	453	687	854	871	1326	1028	1051	226	1104	118	559	642	71	1245
1092	775	777	1172	165	799	1179	91	177	402	1258	674	889	983	1281	447	45	978	570	572	284	623	709	995	838	916	70	213	961	356	1038	731	796	578	178	557	1207	1226	1341	956	121	396	566	786	486	528	316	647	82	409
128	1253	794	1284	338	743	263	1327	846	276	523	595	795	1370	1324	1212	539	1066	154	425	1260	225	797	985	224	180	633	643	489	892	278	169	301	730	520	365	424	240	217	1134	242	0	1018	1255	259	1072	622	1225	250	704
415	659	1177	191	398	1338	945	1065	621	64	1282	1019	508	1343	997	499	211	603	1138	1146	939	529	1117	881	404	384	444	77	1199	260	671	908	672	814	69	753	304	1302	620	1307	255	855	1142	1178	685	1201	639	32	344	139
729	17	479	950	1250	626	323	1272	790	16	186	166	1275	326	1228	1384	1254	630	1083	95	137	1236	14	248	173	310	152	1348	936	755	1100	1148	545	1123	712	103	261	1162	1160	220	770	894	495	331	681	12	455	423	244	519
102	1313	1187	1234	596	1128	658	798	392	576	1407	49	1081	56	778	693	222	279	1280	885	236	692	514	420	651	1376	784	266	600	918	1097	722	928	1190	767	676	21	1305	1088	314	594	272	239	1118	552	886	228	819	370	299
890	462	122	683	1143	536	1035	1373	606	587	858	113	934	386	1227	115	436	1261	280	1239	471	979	1050	1204	368	541	463	1312	1372	1329	414	1071	405	237	388	1159	13	820	428	247	573	949	477	1295	580	1063	1000	1380	507	90
700	337	654	964	1170	1157	1175	1116	281	591	1112	1230	752	1396	215	126	1053	193	902	1058	812	734	810	670	246	948	896	510	1120	762	188	2	67	296	657	1184	68	87	1	8	459	1286	1096	30	921	66	993	289	785	85
205	1156	41	232	1405	1008	43	1278	467	517	1334	1108	399	238	1061	1027	1325	241	252	24	386	226	125	202	105	1294	58	1157	1073	881	1095	853	1023	750	1116	637	48	589	314	973	27	18	147	95	703	1232	370	169	30	404
354	1041	1382	242	347	327	37	257	31	121	1141	505	1061	1227	1024	712	1346	180	1109	112	1122	451	1037	919	1135	71	1368	393	1127	57	879	596	912	154	531	826	798	1394	201	24	148	661	263	1264	412	337	294	96	776	1022
455	309	532	125	356	1316	673	304	722	143	220	409	602	239	1189	886	1364	274	90	704	944	468	664	1040	329	156	241	1321	1235	109	840	792	440	582	855	1076	381	373	318	1068	1350	658	179	279	147	502	47	1045	334	1308
1229	906	422	669	647	732	434	232	901	346	613	188	383	0	922	450	238	1078	1059	1110	62	946	1201	1066	991	688	349	1329	207	1335	736	163	1188	240	219	1164	653	1088	553	300	1271	449	768	1300	255	810	1129	526	1400	437
557	223	1180	784	1221	444	1297	1278	323	846	1166	977	1003	1228	332	876	326	1006	1257	1143	968	501	1021	605	554	591	986	646	186	452	636	1343	287	339	992	1208	984	765	982	687	950	989	727	1128	205	1170	1373	651	1139	548
1267	960	376	495	84	521	667	1323	513	629	1093	696	1074	320	642	167	392	1354	1254	920	27	1105	493	552	743	387	460	561	1372	938	1073	900	864	351	1029	160	885	763	725	1216	936	601	1223	574	338	137	623	407	1193	146
663	247	538	1380	260	1325	702	1102	1260	102	436	35	860	138	748	492	1053	325	926	683	572	994	818	1002	161	737	987	43	88	967	961	119	83	335	975	1404	808	26	1138	948	1214	800	86	1378	68	217	970	549	416	1131
625	115	104	951	108	1016	306	1259	597	345	608	129	966	775	845	341	1200	331	675	1144	25	882	55	1204	101	1387	672	883	1383	637	660	411	1009	481	1361	343	612	859	1374	1217	626	49	1210	685	700	476	1113	1327	380	1119
1150	996	403	990	202	1039	813	1309	1063	497	735	1277	461	952	474	1318	1304	92	1036	937	519	353	171	405	386	1230	418	875	1375	692	445	1212	113	921	573	234	905	819	1348	1333	236	33	369	289	494	1401	365	370	488	225
1079	328	389	925	1124	797	1351	780	1038	1385	1081	206	698	233	824	897	99	1172	945	428	1199	378	357	1345	1001	1140	231	487	529	56	579	1075	509	1153	471	555	1252	1148	1114	1157	1246	640	141	1133	251	571	435	564	621	654
697	997	30	995	377	1362	472	563	291	32	252	649	1083	379	1376	475	1048	565	1092	63	22	1118	972	1046	547	770	716	689	97	934	870	896	162	677	947	224	1272	473	126	221	1145	1032	1207	949	755	6	1198	293	694	524
528	786	359	913	568	796	1338	754	1018	1367	682	1365	75	671	1159	544	308	809	719	1146	1369	740	993	253	433	963	980	1314	764	1019	336	1225	821	456	943	1312	1011	762	619	272	657	1331	230	978	1222	721	1121	457	710	314
1161	610	703	757	145	414	652	1265	249	872	1328	624	1026	857	778	1008	873	1125	132	570	51	396	270	258	175	1005	1407	46	584	1106	541	805	1292	1389	1232	874	1206	588	769	916	204	1319	707	423	168	1388	858	87	459	1195
1190	892	1240	1065	733	1242	415	140	1071	537	981	371	545	366	517	1379	91	781	250	1287	828	1091	1391	869	382	812	543	816	98	749	237	432	348	1054	902	173	1077	556	21	1012	467	303	1358	362	454	782	1080	1405	1289	569
954	283	779	595	184	1218	979	1112	847	54	551	833	44	36	599	1244	469	402	504	372	1302	1219	1160	837	814	1069	620	1015	1275	594	176	1285	1406	1279	1181	690	615	367	932	484	8	124	836	374	358	1010	1187	1310	208	368
639	909	939	866	463	316	1384	406	878	1336	123	72	593	744	1062	1326	333	313	174	384	271	628	638	1171	470	134	1082	729	856	520	478	424	1179	1104	691	52	190	844	195	110	1007	1158	834	319	1377	79	785	895	498	1255
280	850	600	295	267	985	17	483	1231	1390	1030	275	4	1359	592	1050	67	211	693	1397	1398	1107	731	903	1095	264	728	1004	227	465	533	566	1261	315	1274	1086	1256	1303	815	1028	1084	714	973	192	1356	127	863	1355	715	116
1296	750	59	1191	298	927	1023	1283	614	282	458	158	1269	842	244	530	388	585	1363	1136	795	330	100	1064	355	760	583	1290	1031	1117	29	971	1263	1392	865	723	676	214	1196	1123	20	804	1070	200	891	136	835	880	5	666
18	194	527	273	397	1399	1052	604	1087	364	34	216	877	645	511	766	425	1276	634	19	1	668	189	745	713	1371	1156	822	958	149	1396	117	853	1341	1056	210	419	413	296	679	1055	911	708	1142	395	1033	1162	80	1175	169
290	1111	464	633	429	28	898	1098	999	439	1205	1115	70	777	964	881	607	311	486	1203	209	1224	575	1253	761	38	644	1315	734	684	1393	752	1134	577	746	1349	709	1273	1017	799	12	1270	1116	394	485	1186	14	998	1243	928
1051	827	771	829	1044	508	1151	302	1352	567	680	352	442	266	301	1034	956	1025	535	717	165	462	609	268	839	918	482	1299	1152	256	285	1324	479	630	60	788	2	105	706	587	430	1237	199	793	933	606	904	182	1165	1147
1090	930	790	40	1000	988	213	747	1288	724	1194	131	1317	1357	1236	269	1370	259	11	720	281	197	245	506	1334	299	1176	443	82	152	500	1305	1047	851	1340	1251	1072	817	191	178	390	278	832	1155	64	410	730	635	1262	151
578	741	1197	1215	887	539	135	974	1386	1307	404	1137	1185	1241	1043	914	852	711	811	1213	534	888	861	421	618	1403	890	1250	843	61	324	1282	3	39	76	114	235	830	559	1174	1099	507	13	85	515	41	562	177	448	1337
400	758	466	297	871	1027	262	166	453	391	363	203	153	705	229	1192	107	1177	1132	662	196	1342	1266	1293	783	546	164	480	496	1163	1295	1298	953	155	589	942	276	93	965	45	187	446	1178	848	441	598	1286	288	385	246
1306	586	431	361	807	756	823	801	1320	1202	185	321	1154	1281	1094	550	1220	718	23	931	976	929	1183	1330	277	868	1103	514	95	69	265	894	350	641	917	1209	420	292	802	631	489	1291	1226	122	849	9	248	522	342	1042
1108	820	193	590	867	581	157	899	1100	558	659	1339	681	1233	228	935	525	417	772	130	322	627	617	65	789	643	53	111	1168	170	924	576	1020	518	340	794	218	611	738	261	310	1014	1249	1294	181	183	1311	1284	360	542
1280	580	128	215	910	1258	317	701	48	825	655	10	603	286	1058	656	678	962	908	940	983	222	50	1353	42	1239	648	854	726	1173	198	312	1381	7	1360	77	540	499	512	889	1035	243	893	560	344	1085	284	307	806	426
739	616	907	89	1149	1013	150	1366	742	674	1395	1332	438	1301	665	103	1120	305	774	58	695	1234	73	955	1130	969	686	1057	1322	1167	923	1101	139	941	516	699	159	16	1169	118	1126	791	959	133	1238	753	1245	375	172	74
447	142	1097	1182	398	1049	66	670	622	759	862	632	94	1402	81	803	477	226	510	1089	106	1184	78	399	15	838	144	1344	957	254	1247	1313	884	490	1211	841	523	1248	427	408	401	650	1096	751	831	787	1060	503	212	120
491	1067	915	1347	1268	773	536	767	813	925	16	513	1116	550	1167	921	337	560	300	1145	1134	1379	468	1008	603	311	1058	770	780	515	288	1132	1149	907	815	408	579	1115	192	175	294	678	290	1152	88	293	1076	926	1083	963
547	88	987	170	628	169	101	908	19	323	410	1407	733	783	1274	1133	327	694	1250	712	1168	709	852	726	347	678	1379	1393	147	166	942	929	5	773	1083	1058	637	352	557	911	846	996	1040	358	752	1253	753	649	878	56
1119	611	131	489	348	1300	200	823	1231	29	163	666	656	909	1370	640	165	1298	95	1110	1195	749	89	665	222	588	275	843	396	602	1015	376	748	471	520	946	859	0	791	669	1288	1111	586	79	1402	680	562	818	533	109
763	698	500	1188	735	610	1079	1272	945	1270	218	213	1368	191	991	443	863	519	970	521	350	153	906	1388	40	235	848	430	572	902	373	125	1245	1112	1355	1336	379	334	1382	186	893	476	105	1174	405	1343	895	93	1037	487
1308	119	1149	288	920	973	569	374	1289	402	872	315	1113	601	223	249	85	1090	695	42	917	1008	1278	505	786	648	4	1138	595	57	1175	107	1071	1031	563	271	1271	1010	262	127	1053	211	53	494	832	894	800	1241	190	1001
687	342	1062	293	331	916	415	1044	688	65	756	955	1087	839	33	1042	1154	1229	202	338	482	1386	1207	1006	623	438	278	1107	1189	632	237	423	886	81	117	1356	1182	796	624	604	128	10	98	303	38	1029	1097	305	461	706
1101	713	215	833	667	980	260	360	972	1372	997	830	529	296	159	548	1220	549	724	570	488	924	1215	977	912	1297	770	1003	264	143	1165	1068	142	51	1390	241	645	1280	392	71	510	113	1354	639	1177	1275	836	781	285	247
553	1252	1277	1169	140	181	1371	209	516	375	152	27	774	1202	1296	962	644	564	1291	981	1007	975	1163	1032	108	48	1247	1223	725	992	173	1125	1103	1236	75	1210	68	1116	652	1106	111	705	243	723	454	582	1141	809	937	940
888	824	869	1243	1244	7	792	1085	630	34	899	397	784	137	1217	446	1224	282	811	178	659	927	468	1265	1150	455	445	1130	490	60	297	36	157	433	1309	210	1064	265	914	847	932	206	1406	478	240	1282	504	102	600	1134
1160	1330	1014	44	1385	311	672	714	1384	281	413	865	629	353	1158	910	758	1030	1198	356	1364	485	905	12	884	1285	617	483	540	597	252	631	1293	189	568	1081	636	995	384	319	984	900	86	931	177	891	324	302	251	1332
266	502	1050	816	653	432	971	778	23	918	876	999	897	541	332	898	837	298	1301	506	1213	989	1339	70	1341	1233	788	1184	421	654	596	470	26	862	1199	272	555	634	944	336	268	80	151	283	587	948	794	633	1086	1299
194	208	947	1004	1403	18	387	825	180	503	782	82	1100	1273	606	638	61	1179	828	554	11	700	904	1082	1342	583	1303	378	1394	270	1283	1335	406	874	1374	1109	1357	1047	1	1317	1322	1069	92	1127	829	1091	150	675	812	585
1129	935	626	650	635	1089	512	615	1222	589	1362	747	938	1135	1193	810	400	46	204	1246	1196	711	30	954	1059	261	546	988	130	59	1027	301	1170	1314	660	408	883	134	674	1235	964	1065	576	498	956	160	238	1092	622	54
803	52	1145	1137	1302	346	217	1240	787	464	1375	233	1276	757	1033	607	359	741	767	574	1266	728	94	551	203	290	1128	670	74	1311	183	41	1326	982	14	234	267	322	550	1011	118	1381	539	682	416	807	259	299	592	171
854	1392	524	221	613	66	382	858	903	722	395	578	69	835	915	480	1248	91	1144	856	556	922	269	333	1376	1052	1338	1287	225	655	32	230	226	1098	1234	58	593	99	1157	808	1279	328	179	1307	1205	605	609	389	435	523
466	963	1232	814	769	300	1095	385	1377	826	167	1201	716	511	737	1084	1359	381	892	559	459	994	279	161	882	412	1028	1115	1323	168	1013	1096	420	116	768	573	534	1172	936	974	1257	139	1046	1269	868	717	619	745	877	990
