0,1
982	617	1490	217	1534	1563	897	744	598	899	233	999	1239	202	1480	1200	874	1678	1701	1297	1331	1138	697	924	1306	767	1081	130	815	660	942	1062	667	510	831	1464	962	1351	372	1500	450	471	1396	220	883	1283	428	739	379	1474
1108	123	108	1232	1471	1326	758	230	35	403	1049	97	1177	1748	1050	719	666	1064	910	96	1410	1452	1304	270	821	684	225	366	781	1218	1403	756	1463	64	817	1155	312	722	1690	418	369	860	115	775	1088	649	491	1664	936	1626
212	69	1174	1335	579	823	524	1736	383	37	1418	1456	518	36	1617	426	27	318	689	60	588	841	1731	1718	773	174	979	31	855	74	1756	1582	822	47	1008	423	24	48	1632	1324	1635	859	1671	1753	573	1212	1	102	761	1427
1525	668	1593	945	1700	1657	1133	248	997	1484	1193	1137	731	1501	1288	414	1743	1074	1084	1009	1616	1220	994	1644	1161	898	1158	143	528	1245	1590	1540	339	1382	458	637	954	539	596	636	142	1414	507	1317	1030	120	989	1712	1000	131
565	1548	440	909	840	417	211	1570	11	1272	278	1523	1016	618	449	643	529	1636	1329	1041	1511	951	191	1044	384	870	661	1378	1257	188	882	742	56	1502	935	1350	750	1354	317	679	244	1429	273	1152	1591	776	67	839	1453	900
125	1710	1053	1585	960	1608	337	707	576	267	1426	299	126	669	1487	345	1648	820	34	1117	1726	359	621	1201	427	87	1092	1665	932	894	846	1760	1190	1399	454	1717	879	1723	361	604	301	1460	893	612	329	1167	1086	1702	1346	1076
786	1352	85	1631	1741	1172	1475	1274	1215	1176	1305	1683	1278	784	435	463	1675	1333	344	1533	850	1621	264	685	1568	203	348	1661	941	481	110	475	452	1659	307	1394	1565	133	872	1373	1415	1556	1697	591	1503	1262	1472	996	7	1567
798	1251	326	218	494	470	1711	803	920	614	1449	1211	558	973	589	109	1367	171	1080	1208	1018	1407	1284	1672	827	146	1244	234	145	153	1633	1057	734	1604	1307	964	567	769	577	1627	1002	1651	939	16	1557	304	725	723	1646	512
835	631	75	1183	1707	571	720	29	1571	995	392	1109	615	1737	334	1656	763	930	1196	772	190	1090	1493	692	274	906	321	375	1416	708	832	700	805	871	1391	537	691	1602	949	1129	555	336	1365	1682	829	367	73	778	738	277
39	1598	1603	1231	1605	880	1377	112	68	1689	1506	828	28	1360	1160	1594	992	1614	638	1242	593	838	413	564	1763	118	984	616	754	1751	774	124	332	608	1538	303	175	1256	654	370	1733	323	1079	916	354	1425	601	1013	562	824
886	1499	298	1755	1583	1327	245	1438	94	843	896	398	43	228	247	1694	1357	194	1531	1145	705	1166	1058	1014	795	613	1124	1321	1719	486	1102	261	721	222	1322	957	863	808	986	1505	861	1191	533	619	1724	1085	946	854	544	1677
33	1034	1422	1316	1338	1022	421	501	223	489	981	794	703	1069	1046	845	1359	1323	1150	1574	78	179	1575	1355	1670	800	1040	121	72	483	1518	1420	1674	1234	1512	887	1560	1392	1192	961	833	1431	1217	1510	1277	1536	1148	1141	663	948
1535	657	693	1465	1641	915	325	980	139	271	968	963	1673	1301	779	633	842	1579	730	1195	1197	445	387	1732	1634	305	1216	559	3	1243	1007	1599	1508	447	866	572	696	104	363	1144	729	970	1537	1171	1597	1546	1434	819	1581	1433
1698	799	532	844	869	22	164	752	1504	953	1273	381	922	1042	151	514	461	965	1111	365	1660	172	1282	903	229	1063	1435	1441	1334	1179	80	1423	438	157	1649	186	695	811	1205	952	1319	976	1281	177	1466	1067	1221	764	1199	1573
1450	1462	1658	1259	341	1439	1630	482	857	1696	498	704	431	699	1185	955	300	1122	1716	282	358	1286	706	52	718	1189	1276	1654	1143	1754	467	987	411	678	1709	1430	373	20	152	1048	1437	41	1104	1688	1337	1263	1140	1620	280	495
173	1162	1647	550	439	51	1515	425	1015	1264	224	1093	294	625	538	1704	76	904	30	204	1749	180	647	672	420	199	1126	122	496	525	1285	213	958	1543	255	546	106	907	802	858	1564	1203	688	1118	1226	1114	1227	374	6	1446
226	397	789	437	419	196	520	378	1380	1082	603	442	1005	792	82	521	895	1269	1432	1059	966	1532	500	287	335	881	416	1255	876	169	890	751	1727	1588	1339	1055	1685	511	788	1025	1056	793	1031	240	658	1609	891	1202	479	1003
1559	1587	1247	590	1173	235	665	1246	236	399	95	284	441	809	554	1156	492	1083	155	1308	990	477	1164	1302	505	1261	1254	101	215	748	1572	140	1151	582	1313	410	79	1012	253	1642	249	1128	205	1395	393	1342	1131	88	242	1401
1600	782	349	513	940	250	99	1068	243	1398	1706	735	1767	1019	1479	1746	611	1610	10	276	193	1695	1528	504	1184	1165	116	434	1369	443	45	1035	745	526	237	385	1347	1586	1219	53	1330	563	342	132	1266	1101	1207	682	1309	1730
810	195	873	1260	1248	1461	683	1687	141	1139	508	905	1051	580	1268	816	1249	1054	147	238	1115	474	908	1290	57	285	1300	197	884	138	646	23	566	812	1596	933	1742	92	1404	712	135	1163	163	1116	1198	1296	991	448	1187	1442
531	687	1235	1026	1370	1684	1094	1099	1379	1473	1469	216	302	176	114	1750	484	609	429	386	315	1517	181	65	1061	262	292	1457	1611	1293	1112	1029	12	1650	1562	711	1589	675	1766	716	9	408	1332	628	42	1577	1186	8	1443	1100
741	868	192	353	1705	444	1241	1349	487	569	499	49	622	1036	1607	1318	1459	548	585	912	430	545	259	807	530	1385	1363	170	702	252	911	1253	602	1725	1353	971	260	322	867	635	473	629	351	709	931	1087	1468	83	664	457
1375	357	254	161	1728	19	1467	485	263	1666	167	295	584	549	969	100	1292	592	84	519	456	1516	768	578	547	1153	1686	293	1629	726	1123	1481	804	1157	415	1652	1132	770	743	1214	988	1618	1175	673	698	1265	1491	1413	993	1178
913	183	517	834	878	983	1343	568	950	1529	1252	639	184	309	198	1584	1181	1496	1408	1238	389	1521	814	159	1071	790	166	1298	1542	1764	681	610	623	1311	1470	1303	1045	1558	536	791	594	1089	460	1497	272	200	311	1052	1482	1188
581	1023	1121	937	1017	1765	1154	836	402	1320	1120	352	1637	1613	943	1295	1348	1402	1653	1134	21	1194	1096	1679	1004	388	1551	105	1328	91	740	771	626	1576	853	156	1358	967	466	1638	1524	1223	1024	497	86	396	257	1553	849	231
462	1619	1624	1424	407	1028	1601	296	1495	1640	478	1001	503	107	765	934	377	70	1105	1341	390	424	1213	333	728	641	862	1507	1592	1142	154	1555	600	1740	1519	136	50	864	753	1541	1509	241	757	1448	98	1580	451	1625	583	1107
405	956	634	694	61	1170	400	162	59	1011	306	1027	316	759	1752	676	1070	651	119	210	509	523	1486	266	570	1662	129	279	522	81	926	888	14	469	178	947	1314	620	1739	111	677	1135	468	1476	1038	214	1371	327	160	476
1758	26	1405	1669	182	1039	25	275	1436	901	1606	1073	885	38	848	1639	1708	586	1667	382	465	343	1628	1336	1623	66	1229	338	1250	642	289	433	148	852	1325	686	227	724	149	1236	975	1125	1761	1310	605	587	1356	737	488	1411
659	1047	1386	113	1428	1595	308	1721	265	320	1389	560	1699	1209	851	63	889	144	219	1714	837	928	1645	650	58	1549	2	208	1722	599	938	251	391	1299	1372	1130	541	1544	959	1222	17	542	1561	1010	575	281	1376	1280	1113	1455
1383	187	207	165	1312	927	892	246	269	288	830	1182	1275	1060	394	701	977	297	1043	978	310	553	1291	1136	291	632	1315	1655	1676	787	918	644	714	1663	189	710	1271	5	1513	925	1169	1228	515	1384	1421	826	1340	432	453	847
362	1230	1738	127	561	209	314	1447	331	656	552	404	806	1498	368	1225	1066	902	1412	117	493	1294	324	556	0	1033	55	1680	1127	1693	455	595	1612	717	875	319	1409	1759	1458	18	813	1400	1734	1210	1110	350	1527	46	168	674
944	340	221	1691	436	1483	1729	1514	627	998	1530	258	137	330	376	1006	1478	158	972	1204	1545	32	150	1287	777	103	347	551	540	1374	727	516	929	1037	1237	1489	206	985	1762	1566	877	1279	412	328	648	346	1451	1622	680	1757
736	607	917	1445	1494	459	1397	1072	1744	506	1668	1106	923	355	1119	446	1091	534	766	422	380	201	1381	671	128	1168	1020	401	1233	286	1522	268	90	1065	464	1361	1440	1643	1258	1390	921	1077	690	785	1267	1103	1075	1550	1362	1364
797	1539	535	914	640	713	557	818	865	747	313	749	1578	232	364	1615	185	1526	62	480	732	780	624	1547	662	746	597	1270	134	1021	655	856	1485	783	360	290	1206	1388	1703	71	4	645	44	472	762	1492	801	796	715	1159
1454	1681	1419	1745	1095	630	1488	1720	15	1417	1240	1098	1692	1747	760	606	919	406	1735	93	1554	283	825	543	1345	652	89	670	1366	653	1406	409	755	13	1477	77	1078	1715	1713	974	1224	1569	574	1146	1387	1368	54	395	239	356
1552	371	1444	502	40	490	256	1097	1032	1520	733	1180	1147	1393	1344	527	1149	1289	1448	176	1253	1126	736	1457	1231	1682	831	841	926	1004	1213	145	1196	1581	785	1413	413	536	865	1016	589	668	1344	1717	410	421	1138	506	1585	626
1684	810	368	166	985	270	605	433	58	286	846	1134	990	1180	527	1619	666	1358	897	977	1088	750	1040	1605	1172	688	1669	1354	974	549	376	994	967	1280	774	1584	156	1080	1009	1267	1421	1580	1462	1479	1208	950	1748	346	420	964
1474	739	785	547	1173	1720	595	516	1750	1024	162	116	749	300	263	1388	1649	550	1509	181	1158	1366	448	477	1414	1239	175	548	1729	22	1281	1507	1444	789	603	1296	146	381	1562	867	1724	647	602	449	553	853	1151	344	698	524
827	1516	189	727	1497	155	865	396	1626	1749	1333	961	969	887	1289	1269	609	430	1454	205	1483	1039	1336	708	1563	1723	488	1170	1041	1018	834	932	862	543	1728	54	931	9	660	125	554	1683	1019	1695	622	1261	404	1692	693	143
683	197	714	135	784	1525	765	884	289	600	1198	382	1617	532	892	1662	1305	366	589	1246	805	1110	85	965	88	450	767	672	1631	1139	185	1604	1553	1141	852	46	1538	619	1589	246	1045	29	15	704	899	644	497	1722	824	406
835	298	441	1185	1751	762	1515	966	1464	392	159	414	658	1445	1574	1097	43	147	1397	483	1292	841	141	1535	860	733	216	1074	1658	1450	1607	1070	1318	412	482	1351	831	1673	1182	1374	1484	123	1256	1706	1385	611	623	1075	1217	1327
1086	1298	97	903	1094	1417	914	1568	1606	1451	1174	1306	83	711	809	676	1486	398	1593	1299	1329	695	1122	254	115	1426	1201	1395	655	1701	816	890	1622	1209	850	1513	1321	1532	1499	20	801	103	245	593	521	1162	1304	1502	546	413
1021	1699	866	339	283	502	1756	229	176	0	792	1632	978	1740	529	1753	930	378	646	330	136	365	906	790	1000	325	1744	90	1757	202	139	1359	562	1365	1503	1435	294	1251	536	840	1033	260	577	1207	580	1101	1700	1676	1043	876
417	487	518	839	909	1472	1042	814	511	764	895	1480	10	843	1583	370	1228	1276	1541	1501	888	599	1610	1375	1175	970	986	459	45	1573	1065	972	697	264	321	1132	912	468	645	37	855	53	1052	290	715	1572	958	924	515	955
105	107	276	142	612	1531	1268	327	95	409	555	227	1311	320	1528	718	1427	1343	1533	218	928	1293	274	1575	1238	1	1733	919	291	23	1153	941	1468	1390	379	709	640	559	1659	921	584	1489	1077	608	1291	857	1227	1449	464	822
1526	1323	436	273	1274	235	1137	1446	638	418	1377	1279	423	424	1655	1058	951	1436	1114	470	386	206	279	1357	1717	929	1144	1060	1761	89	1204	1103	829	1506	117	1004	837	753	1758	130	1689	1288	240	1138	1440	957	1423	503	607	1730
284	131	230	360	1481	1490	514	679	1203	121	1522	207	566	1091	1634	1218	1712	1644	1767	42	1188	570	719	1690	257	1334	1326	614	233	1344	1119	525	28	333	1668	1067	1471	690	1618	632	1557	1739	725	1308	1714	960	7	484	16	1222
1743	686	1184	474	795	222	372	133	1011	493	1752	1237	40	393	190	314	172	94	1719	916	630	937	537	271	126	700	76	1224	201	1561	1637	1087	1193	322	1106	1027	1014	491	422	389	1424	889	1452	587	1300	194	71	1116	894	261
535	620	1157	1549	597	673	828	842	1514	439	98	212	306	586	766	137	1636	80	338	817	435	761	310	1029	1168	453	1133	1015	373	60	1715	1226	738	57	639	791	1597	1448	1640	1697	74	311	581	1096	192	1085	69	1090	454	304
1667	880	1050	1726	1127	1121	1363	826	1229	1112	633	1603	1373	677	1716	847	773	1089	1686	732	238	877	1416	307	224	1404	881	1711	954	223	1565	1738	275	667	1378	1284	219	161	48	1095	1056	1536	1534	1047	1036	12	1271	11	1324	1364
1189	1671	467	1044	1370	1704	171	705	1367	39	1285	1154	1315	712	760	452	1399	1660	832	900	242	132	606	1725	1302	1361	1433	1467	758	807	1272	883	1216	1143	1303	1682	1236	987	1171	1275	285	1006	1049	1148	440	768	1540	66	808	1057
722	854	1111	1221	388	998	1491	475	1192	1630	908	925	776	1079	1736	980	1282	1183	402	1244	793	331	351	110	328	1069	231	102	73	984	505	1556	943	1205	91	1230	47	911	723	1163	618	237	590	1409	1259	1596	939	1585	1419	1434
1283	557	1368	1680	374	68	1703	707	1131	1200	129	1394	1165	24	1150	873	1332	432	995	1650	778	303	571	228	177	375	845	293	918	615	953	797	772	742	463	869	631	347	394	803	1176	1295	1130	696	621	183	1345	498	1262	592
1653	1590	1651	1670	1210	1252	744	1243	796	334	856	1235	277	1242	1213	1478	1674	653	1389	213	179	1469	1159	1337	99	508	1330	299	4	1432	885	1543	443	329	1547	114	544	316	1442	494	168	787	1001	1190	736	726	262	1766	1664	1663
1003	1147	1240	1677	1152	821	1386	579	989	485	251	982	624	1322	1437	234	1023	266	397	1504	879	457	1007	35	747	836	1648	152	1194	244	882	170	492	281	350	1199	1369	1530	735	1350	1105	963	364	1657	594	576	893	1156	1277	3
1493	1477	775	1600	770	44	106	538	148	551	411	204	63	341	1405	17	78	1727	1339	574	247	50	8	1241	447	1487	1665	149	1747	731	1425	1104	361	1602	1453	1294	1494	1012	337	685	1639	1641	1550	1073	1581	643	1438	164	1360	1053
1521	1248	408	1066	959	481	1030	358	1160	1569	250	934	92	692	109	336	165	517	318	51	1681	1020	96	510	1608	898	1025	1145	113	1428	737	780	991	815	309	703	1592	1055	1496	861	752	1391	1466	988	59	910	195	1656	1290	243
1459	534	659	154	575	86	400	151	1638	542	1319	1545	288	806	1117	390	496	500	1028	1120	1413	1387	253	783	1167	489	1754	1458	1135	1348	410	349	1010	804	461	1579	706	849	823	1273	345	1124	572	1482	1046	981	1362	1613	1059	802
180	52	948	902	1476	1429	1016	1128	480	1742	756	1588	1707	1571	1614	601	757	1500	1034	252	1063	1092	567	26	945	1554	1764	93	18	938	1546	188	25	763	1270	1115	150	462	1447	1249	1698	1615	1475	798	1408	1463	1225	56	1624	813
628	664	1542	383	769	278	1346	1577	1520	1072	1705	1233	407	1347	426	62	1599	144	519	1594	1381	649	82	1398	1013	530	626	1310	479	501	391	512	872	1371	36	926	675	1443	1212	1263	77	1455	1567	415	1232	1732	1629	100	1560	1022
1068	596	670	858	625	812	387	1582	1155	1331	585	258	509	421	301	1401	1307	1031	1559	1093	717	915	158	75	232	1512	1694	255	119	1612	634	191	1465	297	979	64	523	1415	671	55	1430	1687	308	343	754	1076	1265	21	935	779
236	1470	874	419	1495	610	942	471	499	428	469	654	405	1179	118	875	217	1708	1529	458	962	1746	565	1384	669	539	713	438	1460	1679	680	636	1325	1598	825	541	128	920	1621	564	522	138	1643	1678	651	210	1762	265	657	710
178	1017	359	1129	1126	437	1215	1544	558	326	315	1456	687	788	13	1061	72	1548	678	870	1098	1223	507	1492	896	352	401	1102	1245	1297	1071	160	1411	975	280	1206	907	1002	187	296	1564	371	1177	741	225	799	635	1202	111	1510
1379	1611	526	1735	399	1353	759	1266	682	650	1108	944	1187	701	1083	811	1286	1647	724	1026	1186	460	287	295	531	734	627	1383	313	1181	104	1317	1620	1601	455	1312	771	211	157	844	1517	1552	533	324	1431	302	913	648	1765	429
833	1118	367	1234	668	1696	1473	1457	395	1672	917	1578	1623	786	356	1352	1257	561	486	583	1688	1100	684	720	348	520	1587	1123	1519	642	656	200	256	540	403	1314	933	1755	241	1082	1064	186	976	1038	65	1558	456	173	1032	353
1511	794	694	745	1527	317	663	1231	1760	1441	1654	1734	1576	1403	1051	431	563	384	1048	490	871	1356	1084	728	193	781	215	1253	1247	1609	444	79	312	1320	999	1402	1195	1439	830	1125	1616	1169	971	198	478	5	163	641	1407	1142
221	1254	369	689	1406	578	182	506	1178	38	61	1113	743	1392	292	87	552	1380	425	1661	598	1220	1420	1625	652	528	209	124	1646	819	332	167	1316	777	901	495	629	946	699	1250	820	108	1485	1709	1382	1219	1551	674	451	41
1702	940	617	1400	968	208	1211	145	556	1062	604	1505	740	476	1136	465	269	466	81	472	140	1633	335	362	1591	1627	184	226	1376	1037	616	904	863	1342	681	1759	67	730	199	1721	272	1035	1161	588	33	1008	1140	49	1328	127
1693	936	662	838	1264	560	1410	1340	927	992	248	34	19	947	305	996	1731	1313	282	1196	1422	513	101	1718	1713	702	267	569	445	2	169	1166	355	1005	1508	800	1396	385	923	748	983	323	1107	380	1675	1645	249	27	746	319
354	377	1595	1763	504	1523	1278	239	427	1309	259	1149	755	868	1685	174	1666	1737	573	582	1372	751	473	70	1146	134	997	1741	1258	220	1555	268	973	1488	859	848	818	1191	1635	1652	1461	949	363	1418	1642	886	357	1301	905	342
1197	1355	922	545	1099	1260	1518	1745	6	84	691	1539	1109	721	1498	1214	340	1335	716	613	1570	416	1524	729	851	1255	1287	1628	30	214	591	1537	956	1349	434	122	1412	1078	891	1054	1710	568	1164	661	1341	782	442	952	1691	446
864	203	32	637	112	1081	120	31	1586	993	1338	1566	878	196	665	153	1393	14	1119	194	1403	1087	745	223	1424	1304	824	610	1667	310	487	452	353	1663	1252	858	994	807	750	1373	1439	448	831	1180	1750	1716	441	841	1496	66
684	390	143	518	1091	589	1016	1513	1723	1194	997	437	692	1218	125	77	659	900	655	1489	1681	523	1118	779	1417	1517	1742	572	174	237	421	1427	1458	1206	342	858	97	1271	603	652	229	1036	202	653	1289	880	1187	883	29	1575
599	815	877	1710	434	680	1696	741	235	1344	928	920	1551	193	1056	100	462	527	128	1479	78	1251	657	923	1341	716	910	1704	470	245	671	1085	959	1154	618	362	480	148	16	665	1051	136	639	1713	843	104	499	1375	1467	756
335	1482	66	782	1569	1184	884	1328	1074	627	952	482	1052	886	744	166	592	1320	1673	1659	1516	794	1709	1107	270	1109	1349	1536	1142	1758	1473	541	1075	1698	1425	1112	533	604	1008	762	388	575	1637	1584	389	1162	640	1515	567	1018
1608	1524	1730	905	949	1284	631	1140	276	1545	1437	1428	832	1566	1001	1256	1033	793	593	1286	1352	507	855	1505	616	324	1094	1556	1332	1645	1666	288	1170	273	1627	67	1671	274	209	302	1281	584	1043	1283	439	1093	799	1478	1017	712
1550	766	1574	1603	854	711	1668	755	86	701	1562	1619	967	941	619	1415	1687	1065	355	1308	687	1249	976	1461	1262	201	246	1475	76	1326	1002	1643	1754	546	31	829	539	958	935	39	1535	332	954	975	1583	583	776	919	1151	1014
715	1388	1012	865	1658	259	1072	1239	397	1433	607	719	669	496	1114	873	968	548	286	106	63	1100	1339	661	1755	678	617	112	33	438	898	1635	1706	1200	1472	178	87	35	730	914	158	376	54	761	724	750	1028	224	505	1319
888	1317	517	1309	578	160	885	95	1404	1578	693	481	349	211	977	1580	297	811	787	1662	889	1302	544	464	234	303	71	1061	998	1208	1327	333	1591	1725	115	1409	828	1682	327	519	1038	1125	1414	1735	1311	1570	802	69	545	116
587	753	1163	84	1573	1568	1486	366	775	347	296	1395	1453	1165	1064	1383	600	91	1022	1307	532	626	1630	477	321	845	1481	1532	353	1549	140	47	1540	196	1246	19	1586	408	354	368	1419	1596	391	568	378	1121	1236	150	841	1648
1702	1192	645	1350	1455	821	623	937	314	1721	1753	622	65	780	710	605	436	1413	986	1711	812	1474	1739	683	1210	1526	412	1633	922	53	529	1434	827	1406	915	1622	558	420	1650	428	272	176	1654	1391	515	1356	442	191	1548	1214
1738	81	734	1242	974	121	1081	530	613	18	1108	946	781	1070	4	329	988	1423	377	727	1449	226	1595	717	1664	159	1521	181	921	637	1462	953	1044	1502	1310	1401	1006	1412	767	1576	258	1751	610	615	769	422	1421	1667	1230	1509
490	1546	200	705	1466	966	124	11	551	1624	20	576	606	1496	1520	738	1083	232	44	257	685	1703	1132	419	1676	788	765	117	418	216	283	369	1661	293	337	1186	1260	1099	222	501	874	1729	24	1490	113	1522	847	1216	167	122
151	1541	745	360	208	521	190	1045	778	187	1288	1040	1247	114	810	591	25	1685	1082	1235	1407	1215	893	588	620	228	130	552	1092	942	61	1304	49	307	493	1592	1396	475	1514	981	579	807	1442	1523	300	147	1290	881	306	396
2	722	713	632	152	1067	1488	1616	239	833	1029	723	131	9	256	1333	1537	516	326	696	987	1071	1377	520	26	943	96	695	1561	1068	265	625	15	913	1491	524	562	1354	916	1615	262	118	70	373	1737	818	595	871	1150	498
474	748	993	459	1700	98	21	407	123	1470	413	825	1010	1143	37	1066	729	702	586	1440	875	1450	119	1379	984	352	656	1255	278	36	1644	280	1564	169	1411	1393	621	358	1	173	933	1364	1714	1405	213	749	1660	189	318	85
139	1167	1593	183	1337	691	550	1034	1282	484	1058	526	145	429	330	1422	522	1003	982	955	1705	1254	1636	785	1657	1408	721	194	1369	1076	295	563	809	1297	1232	673	969	448	1722	367	511	862	1353	32	1047	1174	269	577	426	956
1098	375	770	489	1243	1015	1493	945	322	747	102	153	233	1483	1688	1149	357	931	1626	837	918	1555	1274	1224	1172	42	1041	896	385	380	663	1372	1604	1079	285	214	478	1089	1448	444	936	1451	856	531	495	642	1270	1203	1621	171
1519	1740	1217	689	341	60	51	1553	686	901	1670	742	218	1460	244	1745	22	1279	1512	1679	706	133	1152	859	860	361	1614	292	676	1510	1161	1601	1135	938	838	110	155	487	1665	1431	1392	1204	903	1456	58	172	1087	48	1390	1185
764	985	1102	798	844	275	912	392	737	601	334	805	1694	760	1547	934	1097	1225	904	1359	1589	814	980	948	1181	1301	699	500	75	1463	1597	1577	343	319	970	455	212	1693	203	1166	624	1384	248	1492	1104	1367	569	466	752	638
370	708	1485	1312	365	186	41	38	646	135	1718	675	433	1717	1429	1609	1179	1441	338	1273	537	823	703	1207	1171	743	336	731	127	494	1313	674	940	1325	427	1026	1113	1552	1628	1025	1096	1403	1303	907	142	227	323	1508	864	808
471	1500	602	400	467	899	215	461	1741	1144	351	1756	74	7	157	1692	909	491	950	503	1191	1213	1212	758	291	857	1316	1361	508	452	1329	879	1399	50	1130	1538	348	861	570	56	129	512	868	662	1365	1767	1138	1261	549	1115
1090	431	1656	649	1465	1468	255	1764	1565	1345	1193	740	1585	371	1559	1315	443	243	1686	768	728	92	1651	479	1554	1053	1198	1680	261	1426	960	451	1116	132	1120	754	1004	1587	700	364	416	732	559	1264	1238	1128	1634	1294	1133	660
1625	1400	289	694	62	771	1160	720	1101	1642	30	1652	399	1195	162	681	446	161	1153	1223	1435	206	902	109	538	1348	1363	641	1340	453	1229	1306	1032	1487	264	1669	1088	836	989	504	52	528	250	328	83	853	718	1127	1175	1620
1373	1708	596	1647	1446	411	947	1525	870	1035	381	46	198	1158	1572	105	1277	1527	556	263	144	103	612	1199	331	425	897	204	210	1275	1530	1495	72	773	926	1731	1506	1080	1106	1766	1607	1504	1136	146	1610	1119	1298	917	1020	819
231	1252	1612	165	772	536	866	0	1579	991	1314	1062	1292	668	79	310	1342	882	401	725	925	1672	1707	878	1378	247	108	465	1471	320	598	299	356	1347	1720	677	1253	1059	965	1374	43	1219	472	835	1209	137	1748	979	1145	6
8	784	1715	894	1480	1743	486	795	1507	386	1594	1248	774	463	1640	441	892	1381	1148	509	249	1368	972	542	1157	432	182	1691	1544	1055	929	346	580	1357	1069	73	395	394	1060	1499	316	405	670	1054	284	1484	312	1139	1623	398
1240	1728	1563	791	733	1334	1295	1233	1346	1285	1454	927	308	1057	1582	826	961	1501	1746	1050	831	1366	1503	188	707	983	851	597	630	94	800	1452	1752	804	1699	1420	1336	384	565	294	99	1511	345	1331	939	311	990	1023	23	803
1124	614	1410	1674	1678	34	636	824	962	57	1146	1222	1747	315	1265	230	951	456	1221	1529	225	1030	1276	1402	736	1432	1744	1111	90	817	197	1602	1457	1159	45	777	932	840	1477	1762	555	1011	382	28	1447	1137	1013	783	1156	1617
543	1677	1750	1629	1155	1245	1719	1330	726	867	930	1272	1141	1027	111	1675	647	850	502	704	1600	635	304	658	1360	1641	154	1305	891	1005	271	350	1268	1618	1476	1533	1205	978	1749	1558	963	1169	179	13	435	457	1695	973	629	806
1469	1653	1539	325	698	473	1606	1387	254	709	305	410	251	445	430	266	1362	1581	887	1173	1231	739	192	1077	547	506	513	590	12	813	1267	1335	177	1760	363	1638	1178	514	185	1727	594	393	1542	688	281	82	1759	240	1459	1324
1351	848	1134	1049	1296	374	205	1269	1358	1197	1590	1716	890	282	1042	217	1021	1318	786	80	93	469	1765	510	164	1498	1123	1690	1188	822	797	126	633	1371	863	1445	651	1380	1046	1103	582	1095	644	1598	574	1763	839	1244	1266	1293
253	1683	1557	1182	423	1168	1599	608	1712	403	714	10	1258	344	447	340	298	1007	1019	763	634	1228	751	846	996	1734	424	1646	650	359	792	313	17	1300	1397	107	561	1073	697	1588	372	585	1147	1649	994	1639	449	609	3	564
560	1280	1000	1571	682	999	14	1190	1732	483	1370	1376	223	221	27	1424	1241	1394	1543	1189	1567	287	1701	842	1259	1084	279	402	872	554	816	1733	611	180	1560	301	1464	383	690	796	414	476	1338	1129	1655	387	1226	141	1180	1389
339	1418	1177	1086	134	101	460	1299	1430	1726	1202	309	175	1534	195	238	40	1176	666	1697	55	1631	895	1398	88	488	1323	497	566	184	735	1183	834	679	1355	540	908	789	1497	876	1531	571	1663	440	1211	1439	746	236	1689	220
648	1321	924	553	5	1037	199	260	1263	156	242	1436	458	643	1237	120	1110	149	207	971	1196	168	406	995	1416	667	535	138	957	1227	759	906	1122	1343	1201	654	911	317	1278	1494	1287	1039	1164	992	1131	581	454	820	664	849
290	1063	557	1009	485	1438	468	163	852	1031	534	757	1117	1761	525	964	417	1382	672	801	830	59	450	1105	1386	1291	252	790	1234	415	1443	1611	68	1736	1613	1220	241	1757	492	944	1257	573	268	1048	1250	869	277	170	64	1528
1126	628	1444	1724	267	1684	409	404	1632	1605	1385	1518	1078	379	219	89	1322	1024	605	194	1419	1036	183	1714	484	175	1672	290	1269	372	902	404	152	268	1301	594	677	651	1155	523	1743	547	93	748	757	971	174	783	1273	27
30	523	1549	875	854	1499	1227	1665	1391	203	1047	828	820	152	1209	928	874	1767	555	921	1741	993	605	1030	481	534	521	705	266	1120	1375	1178	1388	1074	1540	1466	68	538	1106	1717	1446	29	471	677	290	1655	198	1075	477	47
1395	1333	1411	1524	1045	1674	1417	1094	1747	590	1705	1669	1685	1532	230	398	668	362	647	1199	1710	562	1622	807	815	262	479	1025	584	1164	1638	386	551	1456	518	568	240	235	341	1551	1574	1151	1693	1432	1746	209	706	1127	0	1133
1105	554	1628	111	948	1158	1385	131	249	1064	22	1689	299	1606	82	1651	1474	1739	1483	417	1212	340	1555	1696	1366	370	1604	264	749	1002	1541	302	397	297	634	59	727	832	744	726	27	935	89	1041	482	1270	1027	1191	433	1659
1392	922	1672	473	1423	445	1401	1360	1729	1253	1756	1237	478	1066	682	63	544	1013	285	430	196	330	410	1205	1139	535	797	1397	1585	840	992	1252	175	1314	543	488	1056	1724	939	569	678	379	776	716	916	1129	1420	52	1323	742
1561	731	894	864	126	1319	1353	889	957	1447	444	825	1204	245	179	310	375	848	144	1488	952	964	1069	1492	1128	988	598	823	232	174	102	869	733	402	1563	110	557	104	50	1098	985	93	1594	1576	184	1113	19	959	1287	1590
1233	1437	851	1755	1288	1054	351	1010	94	1313	975	950	1546	1653	1062	1620	1061	1308	1573	519	872	1531	508	1743	576	1327	1597	1501	1636	934	495	1138	463	1006	708	693	800	1354	1190	814	795	165	1469	166	1744	1111	16	1708	48	1406
1605	360	951	458	759	1543	1496	1322	214	1595	1104	762	460	1052	780	616	1646	501	178	1613	612	1681	358	1723	132	1123	392	1275	1376	349	1697	597	1289	140	1156	599	1016	1547	536	822	712	172	1297	1458	639	327	108	1603	1566	364
220	328	1614	690	991	507	412	324	723	933	81	1598	346	1181	530	1687	271	1405	87	870	833	429	866	1150	1004	1038	1728	160	421	121	710	406	844	724	1009	1306	1243	1509	145	577	1682	486	1701	835	838	827	653	1427	876	18
919	594	319	636	409	1633	474	1304	158	1234	1093	542	720	380	785	1491	67	1219	1718	618	188	374	136	1130	499	1329	469	246	1517	373	157	1671	442	464	1440	571	978	217	383	1625	736	633	792	561	560	1370	1581	781	1514	51
1324	36	237	1610	1330	930	304	1542	1193	1495	210	1273	902	1479	1377	250	1513	1255	141	622	927	1602	260	794	1184	897	1278	1037	1065	1536	913	120	368	890	43	216	426	1493	431	1680	193	1600	1448	289	1760	1451	1137	1251	399	1351
277	884	1384	446	1028	117	1082	334	1410	721	1759	753	1316	441	287	614	522	796	765	306	853	1691	1476	739	1244	1402	436	873	980	834	826	1431	783	1046	1247	1307	945	1666	224	146	702	98	610	1269	1118	1214	643	784	1153	1459
387	1136	1414	836	55	1736	470	528	1236	1592	147	1435	989	1194	1223	1003	1429	681	1021	4	354	384	1487	454	1238	181	1619	1145	1649	967	83	1742	801	284	857	1735	62	809	1063	697	940	1465	689	135	601	1763	1582	88	1562	434
401	1394	1477	1399	1433	1107	588	1147	345	308	186	719	177	1284	105	489	858	582	665	1607	830	1510	1379	1521	101	416	38	1152	1421	850	1012	510	1380	1616	114	1558	405	748	1163	331	1211	981	72	943	763	804	1210	257	1328	218
1349	320	150	248	658	1413	1166	1124	130	494	1007	1652	525	255	1103	860	1271	1482	777	1593	1470	541	212	1575	1317	751	1231	1584	891	96	1564	223	437	1326	937	1569	805	123	1707	1	90	1132	558	1084	895	173	549	1618	382	862
1663	1480	692	583	312	492	1642	1752	1403	1631	1372	1407	45	1259	1630	390	231	1246	1102	1088	1716	75	631	982	211	960	595	440	1637	1188	279	31	1217	1364	1230	841	995	54	427	878	1478	229	425	1141	222	968	1171	787	1358	450
1060	714	1677	955	208	348	711	1463	1096	843	559	511	1383	122	1197	513	932	1321	552	556	533	1726	1438	1134	1195	309	1475	1601	449	1490	1676	1722	602	1001	788	774	1527	1740	199	1264	180	1732	103	1512	679	99	1005	669	1500	671
1078	278	661	80	1073	1545	701	456	1670	1656	971	1615	912	1263	637	1472	1053	333	1135	673	1766	1650	128	931	3	786	531	268	176	483	1368	1647	1340	600	292	46	1254	1450	1229	1422	15	1101	958	325	1348	35	923	695	1057	1530
903	389	1125	484	1058	650	887	1758	846	293	691	480	376	381	620	623	353	585	674	944	1295	413	1714	649	1350	1140	627	778	307	71	942	965	1503	24	69	1169	586	1430	276	200	896	1071	133	58	1713	1279	205	1018	1436	1626
1725	909	713	888	1245	1577	1452	1177	1267	109	318	791	1749	750	1091	1468	1099	106	134	953	1608	1753	1416	1315	7	707	215	197	741	192	428	1200	316	311	1639	1519	10	407	757	1455	241	1675	1627	1174	491	628	760	1144	1609	1424
85	1400	168	1365	606	773	344	452	607	1361	1268	332	1213	394	170	189	1727	899	1042	1168	336	1298	1228	1484	997	1332	107	972	1216	819	313	39	1000	190	1067	142	1310	252	1640	856	641	566	167	475	286	662	574	76	630	355
234	779	206	1525	1032	1460	78	1537	1114	448	816	640	589	1079	1683	947	298	1249	305	842	339	1274	806	226	1692	1294	849	1572	859	516	9	357	1112	882	1189	548	963	1757	100	461	64	1015	148	502	1261	1556	1357	764	377	729
127	1131	1390	1412	233	1617	79	999	656	350	898	1338	734	629	871	1048	335	213	745	918	1266	1494	1221	1044	371	572	1641	20	1528	1554	169	455	747	863	143	1698	338	1520	125	1343	1461	1215	1347	91	672	771	315	1108	323	1232
485	1008	1070	1159	817	1087	1201	343	1462	138	986	660	162	1362	790	1703	798	685	1222	1589	503	974	755	1180	86	564	1081	1165	1320	900	1702	77	1544	625	1122	1356	400	983	824	563	735	946	886	915	1418	892	770	493	1051	1155
532	1750	372	1596	1471	1508	56	592	243	1162	603	1745	1505	1077	1110	1404	924	670	837	42	1043	1550	139	914	61	962	865	182	810	457	258	13	342	977	1389	1117	1548	97	66	1453	1020	275	1415	1754	1256	984	295	1121	998	570
490	321	1242	966	500	201	391	808	411	1072	1578	732	1036	451	326	644	1024	1142	746	1239	53	655	802	545	1187	537	1359	1497	1285	845	1203	1286	515	1526	244	657	1175	115	596	23	1185	459	225	904	1733	367	1507	1276	1119	976
1226	1033	359	467	1629	1280	388	1587	227	34	1100	632	1386	40	651	435	1762	1632	1034	420	1539	25	769	247	1570	1557	1660	635	408	1157	615	1502	1661	529	129	254	1170	1529	1031	938	1302	954	1373	626	738	728	8	613	291	270
1248	161	1369	1299	1198	149	758	743	973	680	1257	1426	1374	314	648	1040	487	294	1516	92	137	256	95	1258	1176	253	1533	1076	654	877	1591	575	754	1149	652	906	1643	722	1449	273	868	1621	1260	1301	1196	423	1341	272	699	1428
49	514	608	709	1225	418	1173	465	1552	941	1083	17	282	718	1667	1684	1730	1339	261	1334	573	1734	228	238	11	956	730	1644	1262	476	1690	1748	979	717	1167	1277	1588	761	1657	1312	1439	1296	520	12	1116	905	263	300	1445	527
812	472	581	242	767	1567	1109	578	580	1126	1518	1454	1381	1486	347	356	1023	704	1029	496	1568	414	267	517	21	1425	404	1148	1207	772	301	1467	303	236	684	565	1443	936	737	1560	1699	159	74	567	925	1300	1485	990	65	546
280	645	829	185	1624	1309	283	163	687	1668	1700	752	659	885	698	462	183	447	1059	1097	1039	1387	1751	296	1612	1305	422	288	676	73	1355	799	831	1694	424	151	694	1206	1523	60	1664	57	194	961	1719	766	396	756	540	1409
2	70	395	14	1183	1161	593	118	505	155	153	1658	908	847	987	1522	1241	609	1318	1553	195	204	1481	879	1035	1346	1761	1720	116	1504	44	239	498	509	839	1019	361	1538	1506	1442	663	1382	1511	506	1712	1068	1290	26	1022	119
1731	1050	1673	1208	696	1367	1706	793	1291	281	124	1634	996	617	393	251	1345	466	1293	667	1235	1704	1055	642	1662	1498	1393	164	512	1283	604	1408	1559	1154	1080	700	1026	1464	1292	1220	1678	703	363	265	683	5	1115	1179	269	686
818	84	259	1336	1095	1599	1473	33	1489	1282	1049	688	1535	926	591	207	675	1172	1534	274	366	1565	28	1192	1398	646	1583	852	1218	524	1709	803	911	880	1090	1571	191	369	1378	443	1311	365	1738	432	1017	1014	949	1457	1434	378
1335	881	1325	113	1686	41	1721	789	468	329	1695	317	187	438	768	1396	37	1635	202	1146	1515	1352	385	901	1160	539	929	322	1764	1679	221	1654	439	666	1186	917	1182	1337	1342	1143	1089	1648	907	1441	32	1623	415	782	725	154
1715	550	1011	112	547	1580	1303	619	1371	553	969	740	910	1240	1579	920	1086	453	994	813	1645	970	861	811	1265	1202	624	855	1092	1344	715	1611	1085	867	337	156	1272	1765	1737	419	579	1586	171	1688	821	1224	611	504	1419	775
1711	587	664	638	1444	1281	1331	219	1250	526	403	1363	352	621	893	883	6	497	686	1423	1193	1545	1701	493	1764	1151	1010	1159	1288	640	416	1124	419	177	1114	1718	1047	485	704	652	1214	1054	145	790	1277	414	811	1440	435	1
726	1254	1183	1621	1152	921	42	1203	851	262	452	1519	1137	107	872	1155	862	1232	1367	1115	1091	1736	580	1588	514	591	504	1762	1190	972	305	986	1517	345	1095	21	223	1258	276	787	659	1472	1029	839	886	526	1654	1048	718	1363
1074	1646	315	1002	791	413	1065	108	427	182	737	1594	1277	1226	1632	1326	1693	906	1446	340	448	1146	1493	261	31	934	227	303	783	1026	1191	1168	1700	646	549	1159	1749	1644	1229	1057	1454	777	953	206	1389	1393	812	1694	1438	1507
1542	1440	1377	1101	1460	1075	751	1643	1199	1061	1280	409	456	152	386	1042	1334	1060	608	749	1392	358	495	1108	838	1636	1516	1352	958	592	735	131	917	898	1260	890	1329	575	1536	1630	820	835	1285	215	1070	433	555	1316	1314	379
909	498	960	729	328	1184	954	924	1350	1064	363	912	1012	132	1633	1428	810	1611	636	400	855	1408	894	1165	1708	664	1303	203	618	853	1572	324	1492	1140	26	552	32	370	1164	1639	391	1735	256	70	1690	1076	1431	80	1497	2
1124	1673	290	666	1391	863	1650	123	1340	1388	702	1177	1604	1370	111	798	1245	1066	976	1407	685	1218	582	547	1038	1234	516	199	267	1351	158	1763	25	53	1009	487	1088	738	827	1250	255	145	643	647	695	1227	1253	802	1353	609
1442	52	761	885	1666	1201	390	1480	1396	744	1357	1305	1335	689	1374	481	1586	153	626	1161	754	1174	1019	905	271	778	1724	545	1056	54	1382	1513	488	1237	1739	185	471	356	1402	586	509	880	642	1681	1077	130	601	760	1339	1380
181	240	1255	1256	493	93	719	1755	401	1728	1612	1629	888	1321	713	1296	353	780	361	939	317	270	1490	1294	1726	43	81	1610	1400	179	786	793	1004	815	956	286	1046	1510	690	157	1722	1098	478	1444	13	864	14	1456	551	458
1631	807	1013	857	253	341	883	1304	1608	217	946	1485	785	1248	1619	774	1131	599	837	1081	645	275	1134	999	869	1360	334	1016	1014	311	1664	176	301	138	1742	1750	834	619	573	966	1085	1327	336	36	60	1371	889	68	1733	1628
150	915	536	975	734	708	824	122	978	598	1054	407	1663	1660	66	435	1265	1151	237	98	755	1563	706	1306	411	163	1213	584	1502	1216	259	1010	615	396	30	1130	295	1225	1515	1599	759	605	1378	519	229	144	849	696	544	1376
1615	1607	1142	720	553	1683	160	1469	736	451	665	78	1560	1252	368	351	231	1369	830	279	1688	881	297	980	1361	90	39	166	1567	326	1745	97	1559	422	1464	318	578	446	1033	453	918	1658	1087	1144	149	470	727	1432	1696	1737
1110	596	973	320	518	1712	589	23	1017	208	1359	162	781	1580	845	1273	473	571	1274	1089	899	648	428	701	1556	750	1531	1318	576	705	558	657	381	1086	768	373	492	1677	1287	388	677	1682	1270	1129	840	635	201	1167	281	567
424	630	1447	1533	691	8	860	1538	957	293	1158	817	1215	965	242	1292	1545	258	187	1463	940	583	512	1603	1139	1082	1281	1484	1652	159	1000	1698	704	529	805	1672	20	1111	46	746	377	1754	984	460	1299	1738	477	1421	717	299
238	1585	50	421	1039	745	1034	88	1035	1499	770	62	1160	1699	1069	700	1641	287	502	667	1307	304	581	1143	269	1133	1390	1503	1063	556	1221	964	1527	833	225	1707	76	4	1181	1411	858	1050	12	867	445	1437	1179	226	1425	1333
1511	241	1006	75	327	482	1332	979	1323	423	656	1623	712	110	577	357	546	523	325	1104	49	1662	1506	1653	1214	1354	766	1346	248	562	1156	1315	1592	1518	1241	192	1674	1450	1372	1149	1102	983	996	484	135	762	987	1649	926	1410
1401	1498	865	291	1373	610	1529	843	877	1759	819	503	483	654	594	1020	671	274	1121	137	5	139	51	644	1661	190	161	1163	71	209	1395	1386	417	116	374	61	333	724	1420	384	1528	288	399	33	1521	658	395	604	866	344
937	63	213	684	1473	992	1202	1279	895	1242	651	1105	414	882	1667	500	874	603	748	1172	521	47	1488	1148	725	1375	875	29	280	355	1291	632	1175	1600	1317	1209	1439	543	58	1766	1591	679	1564	1344	1308	1747	73	402	688	1620
1238	154	389	672	613	1626	522	432	416	1092	1483	420	1427	870	728	930	1235	595	945	272	1487	792	100	57	1570	178	916	197	219	193	1128	134	1153	927	165	408	1044	48	1605	548	212	1109	952	769	251	1448	1752	232	447	982
568	9	372	1537	779	900	808	1240	1341	497	528	141	1679	525	69	981	1746	40	524	1162	1684	1541	1347	517	951	462	887	534	1573	34	1645	67	6	669	871	1185	1686	822	756	1047	1697	570	801	1571	1204	1685	1587	1435	1188	442
283	22	782	170	202	188	211	140	120	1481	10	148	1301	508	367	7	224	147	602	1709	1313	1278	405	829	757	454	1261	809	1695	846	1322	1701	113	127	387	535	709	631	893	1482	1383	852	1080	177	1309	1083	1575	1283	818	639
922	115	1692	1426	1342	359	119	941	86	234	803	891	676	1433	1325	1598	935	397	673	764	175	393	1419	1099	653	741	1207	1288	1582	1523	1614	565	947	1466	463	268	1356	1539	1031	109	772	1310	539	828	836	998	991	151	1445	1655
198	252	925	1514	82	611	1228	102	1656	342	335	537	1078	1508	515	1090	1451	136	385	1219	210	1613	1713	1725	1330	1638	682	1689	479	693	313	350	1022	683	1474	339	496	950	920	969	278	559	265	1491	520	1665	312	449	1416	1577
1032	1479	1743	1462	732	189	106	587	1687	37	380	1399	796	133	1532	1549	349	1368	83	911	250	459	169	431	1669	1302	1251	1717	716	1756	440	1381	560	1455	1093	249	1135	475	1548	1259	146	347	233	1024	1263	538	1624	1036	1751	1106
1449	1584	1430	767	1015	112	45	114	622	740	392	733	1338	914	257	634	1553	1355	164	901	1561	627	623	1720	1535	1671	455	1723	117	1212	541	1676	1328	955	566	784	527	1193	944	457	1138	172	876	907	306	943	873	415	550	27
723	1049	1071	1635	821	319	1601	436	1300	465	1200	85	1566	204	698	621	1268	1103	1027	1423	1320	1461	731	1180	1282	362	590	375	633	84	896	321	1043	308	329	928	15	94	606	1262	263	747	1622	41	1551	714	1097	156	19	474
721	932	330	1196	124	629	1366	1512	1073	753	310	425	450	1505	507	1208	44	1489	1233	264	971	823	832	1186	480	244	443	1731	1675	1264	844	897	403	1324	1540	1118	183	125	788	923	382	892	56	616	338	1705	3	59	847	967
1568	687	773	1453	1741	1648	1112	1550	103	1651	1337	861	1067	1486	625	579	1525	1189	607	1398	191	1084	376	1606	1734	1459	854	352	908	18	563	1467	1194	995	913	360	638	186	1192	485	879	404	1719	1767	1494	612	11	826	1182	235
1544	65	464	230	569	1023	354	1365	775	1627	1286	561	55	1223	429	674	24	513	650	1257	686	542	1107	572	314	1640	1298	902	1413	1478	776	1243	540	1740	1170	637	1558	1272	294	1125	1385	1443	216	694	1021	697	466	1244	1040	652
1765	1583	963	87	1415	1	1176	707	1119	752	1387	292	710	813	800	1691	1358	1471	143	1178	1543	1132	96	1166	936	763	1509	1552	1025	1122	1634	868	790	222	970	574	1434	1210	1362	1670	1126	1554	1230	1760	1079	1136	167	977	1211	993
1457	989	678	444	1495	1336	1206	461	1597	1384	588	437	703	848	1578	1616	266	323	1504	533	467	469	254	1625	1715	933	1706	532	1590	1547	1100	35	1730	99	1637	1452	1197	1441	1247	38	296	859	0	1312	1028	903	1195	668	1051	1379
557	1436	1114	994	968	1714	1269	1716	1011	101	842	79	1150	1496	816	441	1271	617	168	239	1569	661	1169	1055	1319	1348	472	1275	743	1030	343	1220	491	1476	1173	1522	1154	1406	1500	1120	831	1418	510	1157	948	1297	406	486	184	938
194	89	730	17	277	1284	1052	1266	1062	1647	554	530	1526	221	758	200	1562	419	655	1465	856	418	1405	371	1589	1424	1546	74	1397	997	620	1403	366	77	742	789	1005	64	1412	884	1331	246	1267	1602	1289	641	494	1609	129	811
1141	804	985	236	228	383	649	180	1744	1565	680	988	174	1404	1276	1008	220	1414	171	624	614	1595	1343	126	173	1727	765	298	1364	1198	365	196	1224	307	1764	1127	628	207	1171	531	699	962	1231	118	468	739	825	332	284	1702
378	1642	942	974	1618	675	92	850	1477	663	795	331	439	1094	394	1555	398	564	426	929	910	505	1037	1758	931	1041	364	28	1748	1729	489	1222	1116	681	1668	195	300	1458	476	1711	1001	1072	1576	1239	1753	1761	369	1096	662	670
260	1678	16	121	919	1704	1721	1058	990	1581	722	1394	1246	692	1593	1470	430	155	1123	1145	1113	214	346	1579	1417	322	285	593	1468	511	282	715	1703	205	91	1617	1068	1718	771	128	1045	438	1429	878	600	1345	316	95	1501	961
1003	1147	806	1295	309	1236	1710	959	841	1249	1422	1205	1757	105	142	412	711	1659	1680	273	814	434	794	1311	949	501	1732	1053	247	1574	1475	302	1557	660	72	797	243	799	1187	1018	104	1409	1059	640	289	337	1007	1596	1520	1534
1217	1530	585	506	490	1117	597	1290	499	410	1349	245	218	1524	1293	904	348	1657	1121	786	9	572	1672	1547	1339	800	683	921	1583	819	1253	59	1381	189	542	1581	743	456	311	713	341	712	402	34	1706	153	1052	181	1330	282
695	568	1352	1501	853	1341	1004	61	1269	868	1272	455	1536	552	16	346	267	1701	268	814	249	1412	79	420	1683	157	241	425	1138	415	1530	1096	920	563	451	516	490	6	505	1020	1550	1083	1045	408	1723	772	269	1360	949	971
1093	1405	1647	1464	603	434	1638	40	526	1027	837	801	1282	1618	108	972	984	708	1059	943	196	1746	1097	1733	43	1231	461	497	68	503	508	528	394	830	1678	1455	80	725	125	622	858	1250	1263	1445	542	159	582	1366	1583	587
1534	304	702	1023	1440	1104	1297	756	1159	1415	1178	1438	663	431	1569	1517	335	1575	1609	1232	28	602	741	1062	1538	609	766	160	604	557	354	1285	1019	732	487	233	331	656	694	393	392	635	1052	1407	1514	12	965	788	1612	1756
1312	245	914	474	59	289	307	639	317	102	148	1335	958	1725	462	1166	18	1126	1230	433	1239	152	570	1392	1268	1535	1591	198	1153	734	988	186	818	1468	1101	745	1417	271	189	336	930	1107	2	899	520	1729	1039	969	275	1226
880	436	882	1581	1362	1014	904	850	131	1212	495	947	1006	509	328	835	200	1753	1068	874	1762	3	757	686	67	187	942	598	333	932	342	1199	353	202	944	740	175	1358	165	1182	578	760	367	191	136	23	1738	1590	1512	258
793	1742	1225	440	1492	1639	1307	183	1493	1086	285	572	950	1161	993	593	534	7	221	527	1308	1397	1367	954	1252	1450	203	1369	1223	500	1469	1241	250	278	1340	126	901	545	783	810	230	1429	780	227	205	975	1262	1201	77	1629
149	75	1462	494	1203	1224	1319	1313	128	1061	153	1541	1145	1214	197	1228	257	819	60	892	768	933	777	1273	1476	577	1112	655	919	256	1125	1698	1247	531	1408	1240	119	857	147	1248	879	1288	763	999	1518	872	687	1208	266	638
1221	207	1325	0	1034	178	922	1271	1431	997	427	39	876	322	722	941	1302	1693	1644	217	558	1649	1124	1619	1011	736	1130	1160	259	313	314	1642	1291	475	843	1513	1579	1286	65	42	294	978	1118	1110	365	805	1024	1067	486	443
324	836	1206	1410	1752	1244	715	32	1403	375	691	906	746	1042	946	597	270	387	1676	1040	1157	1655	1736	909	667	1444	441	456	1483	992	701	1389	1106	64	226	104	619	1426	1049	1382	1029	556	688	990	923	1628	1345	211	161	1195
41	1300	213	1640	332	1007	338	209	795	1356	1116	1710	405	753	1484	254	1602	991	555	1460	1388	1399	1140	1496	1081	1574	1253	1082	1745	376	1419	381	518	985	584	231	1032	940	1667	151	409	1219	138	1696	1265	212	660	253	450	529
299	1387	996	682	1722	690	1478	38	523	1327	1606	1063	1703	180	1577	1516	510	1364	51	482	665	146	1370	589	591	967	1506	325	177	1599	547	1634	1589	410	1560	386	1561	588	637	1527	831	574	1372	1255	1242	983	1114	828	158	1636
1197	959	1488	201	1090	1714	859	806	1074	483	771	540	1207	580	824	913	123	302	1304	735	1136	1734	1163	340	931	99	712	787	1490	111	491	1737	244	939	404	368	1743	1175	350	726	1610	1563	321	204	862	1697	1176	1294	1615	723
414	1156	1103	733	1463	1740	802	1303	1401	849	838	1229	1452	105	926	762	758	867	551	1504	34	168	1326	1284	833	1109	348	52	897	1454	1026	1245	1332	1028	1585	91	662	605	1169	1188	566	318	564	1623	718	1379	1058	470	1283	169
1129	1761	742	86	1726	1152	56	247	1442	1716	887	1371	905	430	371	829	1025	442	955	1652	673	925	96	750	1570	1702	1016	35	703	1523	1071	612	1406	192	216	569	479	1694	1266	575	1133	581	1758	607	83	396	1249	472	1720	210
600	1043	260	512	1044	17	815	1666	1070	1395	361	1411	219	1353	650	1688	235	489	90	71	728	37	1236	1717	1065	915	895	752	1402	1289	522	1643	826	976	1349	511	1597	908	677	176	379	74	1261	1198	620	1150	444	625	714	464
1346	1147	1227	717	15	1200	928	499	1144	97	167	1122	162	124	586	164	458	807	1013	1692	437	910	689	380	330	1533	129	549	1653	1474	808	553	798	117	1260	1008	1674	585	1749	1183	206	1394	1413	72	506	1675	232	1614	1209	1459
413	8	229	869	559	1633	1146	113	359	707	613	1301	1621	172	789	1050	179	1486	236	579	1721	1551	181	1659	373	416	936	237	1568	1416	573	1658	1731	889	446	1718	406	785	617	389	1190	1391	1048	93	1751	820	76	31	364	1213
1151	1578	670	1264	185	399	1764	685	488	968	163	1617	144	1091	706	273	344	345	1715	54	592	1287	979	174	709	782	1162	977	1471	1735	1704	664	842	282	1347	184	1648	57	1680	648	10	699	1491	1446	1075	1622	653	1537	626	938
973	407	784	1141	112	1766	1374	856	738	554	803	989	1089	388	1472	1661	1760	966	692	50	1380	291	1453	194	610	5	1080	248	683	994	1005	362	139	279	1314	398	774	974	1657	46	900	82	69	1499	49	1739	659	1494	1497	1377
47	170	137	1470	1330	1279	225	145	704	1077	1036	1037	633	372	921	358	280	66	514	1128	538	1515	713	1584	140	654	116	1712	964	1708	903	535	1711	532	106	1373	374	817	1361	888	705	631	214	87	727	1420	666	58	871	1309
1111	1233	1477	645	347	1217	1503	1317	343	1748	308	48	459	423	902	1056	796	1511	646	1695	1108	1290	970	1311	1546	1724	1113	651	934	865	1375	1348	319	596	614	395	1660	356	1398	1210	1481	36	1451	1320	898	481	1396	1386	238	618
1433	576	385	1482	1465	1298	1687	468	1573	1012	1508	1064	513	1218	44	1529	1593	769	1458	339	855	720	661	643	1381	878	477	624	171	1765	594	773	730	89	369	1033	832	995	141	127	1018	870	1671	1069	45	517	907	94	1105	1548
698	1663	1072	1363	29	1586	770	351	222	1461	1073	1305	1100	363	748	1137	883	737	1186	731	402	1630	848	1690	1605	1576	498	1699	21	303	744	1368	1009	743	92	875	548	1329	861	1564	1428	1435	1098	565	467	480	1344	852	696	1127
1259	24	1664	1423	1705	1376	1211	418	982	155	403	1432	1022	854	1544	1315	118	301	1521	1706	1121	844	839	492	816	1594	1707	1333	1436	334	681	561	448	320	1665	101	1258	355	1355	1582	533	1237	1457	599	265	1555	658	366	647	962
525	445	623	1164	1299	1278	1155	1087	937	215	276	543	1691	536	1732	1525	452	823	1626	261	1079	306	1243	877	1700	1554	426	122	156	419	539	502	81	1625	1686	1437	794	1427	1421	1222	1293	851	1343	1171	1608	628	1580	1051	1342	292
1168	1627	1350	360	981	641	1017	521	590	142	840	1002	300	341	1117	1177	834	382	918	1357	135	786	544	1728	485	435	1596	1337	1507	193	1498	1351	945	13	571	800	439	53	1181	1120	791	1054	1562	515	438	1604	305	1000	501	507
277	1076	110	1588	1078	583	1234	1194	562	1173	1505	1193	1359	1001	1542	866	242	680	391	1670	298	323	1719	1757	1154	274	747	188	460	1275	1532	1257	1393	295	1422	103	606	1099	73	775	916	668	417	1256	1030	1336	537	63	1545	466
847	1119	349	896	1522	1365	1473	223	821	961	1384	173	33	1620	1084	739	1306	778	22	311	84	601	1216	25	1447	567	476	1487	779	1656	1316	1601	1528	1180	1672	1310	767	11	953	1682	1066	657	1400	640	1519	797	935	262	449	776
649	121	1053	1324	929	424	9	246	484	1567	240	120	1607	546	1571	1502	827	864	1134	421	1549	927	411	1095	315	754	917	1254	595	1135	263	357	1747	1425	88	312	1709	652	228	719	132	504	465	1730	809	881	1172	1592	400	62
1556	1475	1685	1115	1526	811	154	1635	884	1	1094	352	1031	1057	239	1669	1038	390	290	283	1404	792	493	1354	252	1165	195	190	469	1123	70	1689	1185	825	1046	1566	1466	644	893	1713	1235	560	846	764	1158	1092	629	912	20	1010
721	296	863	894	1613	636	1041	326	115	761	679	1668	95	329	678	1187	1598	1409	1148	1383	1759	799	182	1524	1448	790	669	220	337	822	615	674	519	957	1616	1552	987	1495	676	1334	1414	208	1679	845	401	1295	1204	143	1035	1430
1650	1321	133	986	672	288	1339	1467	1184	541	956	608	1662	751	1553	1139	1418	841	1600	1509	1727	1102	1189	1323	729	428	1281	886	1500	78	1378	749	1631	627	1489	478	632	1296	457	697	1603	524	781	1449	952	885	1170	860	813	1338
1637	218	1251	804	1559	530	453	1558	1744	1531	150	711	1060	1557	309	890	166	85	621	327	812	1318	1750	1681	134	1754	1479	264	951	30	130	234	1385	1673	1654	1328	1021	1202	1611	1434	1763	251	55	671	1215	199	1132	370	948	463
272	693	1088	1684	114	383	447	1424	1539	1246	412	1142	1192	1274	1510	980	1595	924	1641	284	634	1047	1741	107	286	397	1003	1587	642	755	1651	378	1456	1205	765	1331	473	1277	316	1443	454	1280	1390	1543	616	496	1292	255	1480	377
429	759	109	716	310	1646	1624	684	1276	1220	911	1572	550	27	243	100	611	1149	1520	1174	1191	873	287	1196	1015	4	432	1767	1485	1179	19	630	1755	1322	1131	1540	891	1267	998	960	700	422	1055	1547	1677	710	1439	224	471	1632
98	1238	1565	14	675	1143	963	384	26	1441	1085	293	1270	281	724	1645	297	1167	293	1005	1758	427	157	312	990	598	491	1495	506	1570	1330	1123	248	1393	1482	1596	1766	1730	634	1417	1763	1697	1743	1274	1293	1193	1068	358	646	1400
751	360	299	717	1409	737	1502	827	521	1274	590	322	297	1060	41	1577	727	1544	981	412	967	1245	771	1346	1456	291	366	826	591	1018	1186	182	1415	1072	738	750	157	746	1704	740	983	235	193	1094	49	1658	505	243	1266	847
570	1034	1365	286	682	1543	1343	754	650	994	289	787	708	1739	494	278	1249	1649	66	1350	1572	935	652	1273	229	584	1632	778	1289	34	1595	241	351	1596	1235	1403	1111	680	846	1357	1504	495	1020	377	1677	1321	998	1402	904	721
1143	1105	1242	1322	50	1338	541	1360	1368	558	1015	1758	356	271	423	898	982	940	448	532	1037	618	1168	1485	1140	1745	426	293	336	1612	602	1481	1347	1042	61	828	256	645	74	1762	1366	856	1005	136	1333	766	984	339	1256	400
1375	597	27	1349	24	1002	254	1655	1578	1767	475	1192	644	1648	277	239	1732	722	683	576	1	762	362	885	565	42	1223	685	499	907	477	1065	1483	432	1205	1231	1473	62	474	20	886	824	947	1646	433	895	100	1507	1202	508
545	1533	1248	1508	153	866	741	1727	922	821	1598	1406	556	688	274	1689	1013	665	1025	811	1052	1610	879	1191	1711	622	934	1092	625	1028	176	217	1119	1003	1639	86	800	40	1126	1268	227	1271	1238	330	1457	1465	240	88	1259	524
1603	225	429	1044	350	1678	264	958	145	1684	1130	1187	539	1180	964	684	469	1569	183	845	1207	257	284	8	1503	909	1427	1563	436	1386	517	1227	881	978	368	1664	1244	502	1374	1439	142	726	571	54	616	666	1163	506	407	728
500	1021	1532	1110	991	1707	586	818	189	1433	959	815	1715	1705	799	1407	551	1509	1109	612	417	1098	1445	1209	1660	797	568	1600	231	94	99	889	1226	342	414	1050	196	872	985	1134	5	1591	779	3	1218	757	443	1184	151	971
1547	769	265	1308	467	378	1172	236	1545	329	415	1659	1538	167	1001	610	792	1122	137	418	1444	262	294	1194	1529	923	1728	1561	995	1217	660	837	247	135	92	1757	834	170	1606	526	77	249	1438	1666	863	1084	1558	790	1258	1383
534	185	219	636	1027	690	997	1459	213	662	195	1251	28	434	1146	1763	1328	1066	1156	575	988	552	1396	308	248	1554	208	1489	1115	1593	35	547	931	173	1644	1662	1141	1650	1385	1080	992	638	491	768	359	1616	943	272	287	1147
493	1310	138	802	855	405	1188	1296	79	361	589	1176	1183	697	747	543	80	858	18	528	823	1043	473	148	201	1024	566	1326	1404	1039	292	535	550	389	1428	460	1540	335	162	333	1519	276	1686	1490	1455	131	1748	110	1058	1337
1505	1387	1449	1195	816	961	833	979	1761	206	1132	481	328	734	742	681	496	1014	1492	420	483	163	1017	441	1086	1604	1294	631	613	1161	321	775	1083	1493	209	585	425	1054	891	1590	1557	580	1685	736	791	587	1417	1376	839	1526
1351	617	1408	177	447	69	1514	548	976	642	973	1454	1237	803	1582	758	1290	598	154	903	1576	313	1693	1148	1108	1718	1541	1203	421	1654	143	883	733	1640	1166	316	574	1701	514	1252	91	1429	629	1114	966	700	1420	1480	1264	1004
150	729	965	346	529	884	615	112	1300	1088	770	259	1690	1019	614	663	488	1138	924	411	152	696	155	332	724	657	210	711	794	946	258	1450	260	1215	1283	1096	188	1688	1669	1586	1452	917	1139	253	1006	30	1041	1535	604	668
1720	458	1199	1124	801	370	1395	194	125	161	820	634	1113	1243	990	1342	1063	901	890	692	1358	848	1515	1633	296	1712	1756	1175	701	1363	281	1282	1317	489	1232	130	1614	749	507	116	1703	373	1250	583	641	1622	1279	731	1630	449
463	928	1069	1458	140	1112	1754	1286	386	1627	51	1221	1488	1056	1699	745	1741	949	646	843	713	1706	393	1316	658	1253	952	337	324	814	17	106	379	704	1551	122	1228	1451	1674	1661	1432	1301	945	11	822	1325	451	124	1265	1695
171	1431	1652	156	1046	1446	1476	1057	850	1411	840	1692	1496	1442	312	1181	1370	1077	158	1461	852	929	1694	1339	14	531	327	1200	1201	1035	868	1709	486	974	1702	439	1272	1295	1079	184	1040	765	1100	47	1236	567	230	1634	1348	348
139	419	12	1239	1275	1007	789	980	648	1229	714	851	387	1584	1324	1468	1564	977	13	468	1765	1117	1074	68	654	710	1169	577	599	743	45	376	989	1470	1151	882	203	869	399	1601	6	549	1615	1726	118	1230	808	1255	1482	1233
920	533	647	221	1293	813	413	1714	123	1708	686	1472	530	1171	776	1030	166	315	1392	1362	1698	1421	440	756	198	43	16	397	601	390	147	1656	1434	103	555	237	519	1260	1613	1651	1717	476	709	1206	1560	224	353	969	1212	290
1210	364	1123	1064	1104	428	76	1588	888	190	912	1315	573	861	234	1550	796	1716	1032	825	643	1125	1016	181	285	1437	620	902	273	1398	341	466	437	1087	1589	773	1127	619	1332	916	1327	608	1153	218	564	4	1729	345	1513	1637
444	1131	126	1062	233	1621	1623	546	309	661	169	672	53	557	676	1725	1298	1527	559	1277	111	375	914	1500	874	307	607	774	304	674	159	344	127	780	55	1422	82	689	453	357	363	678	1276	416	1133	783	1384	763	1355	120
987	275	785	999	160	1671	197	300	1152	1413	544	38	71	538	295	1668	537	1460	1287	36	873	781	1475	216	1525	314	795	1516	471	1391	691	786	1313	1071	354	200	603	1546	317	1494	581	2	1750	323	1583	310	921	1010	970	1101
1611	653	464	226	1033	809	897	1160	798	623	1214	95	129	1341	1177	9	480	1164	659	755	175	1400	107	252	937	915	15	1440	1303	1340	1120	956	39	83	972	944	1670	1574	1672	349	1510	744	639	1416	1193	1747	968	1070	908	503
523	900	1173	472	919	1556	1548	626	1682	1031	527	431	1636	1738	706	1388	1159	562	1462	113	679	836	305	1491	81	1683	1498	456	730	244	1257	705	582	105	1647	1068	831	630	1487	880	1486	84	1570	487	1619	554	134	542	817	459
1635	22	442	1580	1095	1667	893	331	355	1029	963	98	699	810	445	1367	1179	606	865	675	1106	1051	777	117	222	1047	1369	656	374	830	635	698	403	1320	1511	1753	673	1093	512	1076	957	19	1309	1053	1128	1617	1073	1426	1737	1118
871	1240	932	609	578	1755	772	1575	87	1626	1247	829	1731	63	515	132	1657	298	1467	930	1136	199	1174	875	1631	1319	1766	1675	819	1723	1585	1389	1204	465	380	261	1261	540	430	1418	250	1733	479	715	782	849	651	1090	1599	1645
1038	1722	52	1592	1314	497	1530	1129	1278	569	245	732	205	31	1497	938	318	191	1628	1742	484	435	1680	1158	621	282	1691	457	1638	104	1719	1049	1103	211	402	707	58	23	633	1011	75	1696	56	406	492	358	1022	842	1263	48
1676	867	485	520	720	424	1506	1642	384	1382	1609	1751	1364	242	204	1170	1448	1474	1740	1023	37	504	301	1045	32	812	108	1262	1009	404	1197	57	1196	1495	996	941	78	1222	805	427	1078	146	446	864	394	365	611	1469	1208	174
1344	1000	878	398	1280	1522	454	388	93	561	870	303	1121	340	338	1345	1735	1463	1330	1571	168	718	748	1381	1036	97	1410	1436	1710	1356	525	369	1565	381	1155	1443	90	347	383	725	44	490	1687	102	1430	509	1581	72	739	1746
1566	1081	1305	951	1419	1167	876	950	899	1361	179	853	1390	1162	1099	1149	1026	119	1665	807	1607	806	192	955	269	1336	687	1137	592	1663	702	1269	1085	1116	1055	703	1536	266	694	172	913	392	510	343	1679	887	516	207	905	1414
767	838	1285	255	933	1517	212	302	1608	1335	975	1520	283	1102	1752	114	862	409	280	1478	455	1643	141	835	438	693	1743	954	96	306	1555	1182	450	1012	1579	382	624	1107	1089	1721	1641	478	1453	461	109	470	1067	752	1512	1306
716	1425	1323	263	1281	1759	1401	422	121	0	178	1673	1185	579	1597	1189	832	1318	1144	1602	101	942	1760	1423	1700	1288	401	1091	1241	1464	1224	1484	1405	1559	223	1549	605	1441	1697	860	1299	1379	1594	695	498	1393	910	640	1380	385
628	1190	1618	1304	1292	953	1435	1234	1523	319	841	326	906	1154	1528	1331	927	892	649	1734	367	1479	311	10	788	202	371	279	511	632	735	1501	288	764	1270	1059	501	33	410	67	186	1353	133	1378	518	1220	1477	939	1394	1213
1573	759	220	214	1150	1291	372	1267	408	667	1471	1542	854	925	1311	1499	677	1225	251	671	986	962	595	1553	1097	522	1371	761	1284	1145	1157	1537	670	187	25	553	180	859	1568	1629	844	1198	593	960	857	1399	320	60	1082	232
1552	588	1521	325	1724	268	1377	238	1466	753	911	1373	664	46	228	1219	1562	149	723	1165	215	1524	1334	64	896	1744	1412	1653	1135	70	128	1620	452	1352	396	1329	73	572	712	270	1531	627	936	655	1518	21	596	1246	1142	1713
395	1372	164	1736	1749	1254	1061	804	784	1587	1567	1211	894	334	719	1216	1297	267	65	352	1008	89	536	1764	669	7	918	1605	29	948	993	1625	1447	391	563	1681	1534	1730	482	85	1359	59	760	1539	115	1397	1312	1075	1424	1624
560	926	594	165	1302	1178	1354	793	462	26	144	246	513	1307	637	1048	600	877	1541	15	1015	437	1692	380	399	249	1527	1388	438	1005	3	954	57	637	990	1659	421	1511	1704	23	328	733	1043	568	496	751	851	930	840	1257
796	329	1540	326	51	1351	495	175	847	1759	257	462	17	1008	1678	1609	1661	134	1025	1695	516	1052	1466	272	670	858	482	167	903	270	1165	1440	1028	44	1664	1439	772	278	498	905	1123	552	1001	589	87	1482	1402	1454	484	1419
132	1445	112	100	1638	1348	448	506	1265	1452	968	1737	283	1764	693	1137	1487	1657	989	911	1360	1593	650	1183	671	1184	8	795	1071	32	703	921	1240	1750	1538	804	1169	252	1496	1448	431	1553	151	867	1607	873	1125	554	1741	1751
1384	782	1418	846	1130	984	82	24	367	216	1355	83	179	1604	717	1285	1746	866	1431	1236	551	467	346	1021	708	370	1570	1403	1013	471	615	518	1051	117	451	1631	465	883	472	1168	838	855	1038	1120	1549	793	634	1365	98	499
556	388	27	842	22	1626	1653	1451	810	474	1406	817	301	463	1222	502	1317	1242	1435	420	1691	235	182	455	1188	915	699	239	1574	1717	1019	1767	1197	698	1479	1532	333	1535	774	1690	1731	385	1263	406	1166	716	625	1407	857	1291
1097	1069	897	1477	205	1339	137	450	197	348	1155	850	1171	936	85	1572	1117	458	960	1252	1286	1247	57	1758	1354	1627	733	1438	553	152	238	1149	1196	1701	1383	191	687	217	1221	1022	580	1420	1259	442	543	1483	1524	1066	1600	1167
1119	1081	194	1292	1453	1300	1136	1296	469	1396	1297	1711	1492	760	979	747	1694	1014	825	1079	1389	1342	511	881	751	785	728	1142	1676	1514	318	185	435	493	862	38	1194	1223	656	628	1490	895	971	1053	668	485	1068	1309	1698	292
460	963	809	1096	874	122	682	1304	9	248	1284	18	1641	637	835	253	308	476	193	861	1039	1206	695	141	929	332	147	1652	564	169	1552	357	1290	1713	299	1422	598	1175	1471	987	1316	459	1727	1159	1561	105	525	1128	131	740
276	1636	533	170	64	354	1192	1693	744	397	816	1303	1692	1589	1736	607	1696	694	1562	973	1330	1381	1400	761	1189	604	827	441	360	30	955	1216	251	1668	1578	1226	1161	982	288	1026	781	1198	917	258	352	949	1283	91	583	1708
1158	166	1500	373	1313	508	674	1577	848	891	260	54	636	1375	1508	164	924	198	983	1062	1551	1387	1102	1672	1058	28	898	946	605	957	1425	202	948	48	1278	356	1204	61	776	1478	1567	622	1397	1527	1227	104	395	1273	125	900
1446	969	1046	822	489	1139	277	579	1754	86	1677	1057	1688	305	1063	58	1306	124	952	210	738	443	540	925	527	1054	603	174	767	1367	1749	1762	643	868	351	1015	572	906	784	1114	429	764	832	923	1219	794	364	1427	102	314
608	1436	1658	860	714	812	241	221	1545	1376	1529	74	447	1289	1016	613	1432	1542	66	417	94	1752	1705	599	1686	65	418	930	160	609	1513	15	1059	400	144	320	509	702	223	1476	490	187	999	1233	779	1311	1510	456	1248	783
36	1530	1546	120	491	1010	1035	323	1580	536	970	1172	1610	1373	1719	654	345	1624	1045	995	1444	396	988	1075	972	1423	1343	222	739	750	386	316	20	286	1031	306	1728	1100	910	1224	114	19	797	296	965	621	445	1305	808	226
819	1103	399	1086	818	569	1408	404	1044	787	1132	52	790	561	172	940	95	617	1358	907	1331	884	1295	77	1238	428	659	1220	974	1592	1484	383	1608	1709	1007	675	136	1457	667	541	660	606	1740	601	192	256	107	1359	113	1257
557	69	578	504	1635	1659	219	512	1181	42	741	801	886	770	1689	1469	1012	1634	1594	123	1080	593	1674	21	773	748	648	1133	457	84	666	546	932	439	1115	517	281	1430	1386	1163	966	1029	631	545	1681	1277	236	1334	724	950
1092	859	254	186	1485	614	879	1585	912	249	255	1302	0	1210	1362	1043	644	1380	1667	1655	440	937	294	1141	673	1437	259	1042	513	1361	212	1441	1518	1179	184	1288	1488	1090	514	624	766	324	436	807	1148	161	1377	1630	1160	408
1254	1720	642	680	1324	544	562	479	1525	1556	195	1318	492	150	1072	1507	1098	1697	271	664	1522	1434	1048	424	1060	307	1622	224	701	427	1412	189	263	1536	1433	1109	1534	1675	620	1266	759	547	209	632	145	1180	870	1217	655	405
1716	1715	712	1494	1336	1151	228	755	1077	715	726	201	1328	684	50	1101	1135	619	101	287	350	1625	275	780	71	1089	446	967	515	1258	1647	154	877	309	291	679	1237	1557	1067	1099	758	1554	1526	934	343	1450	1498	200	626	40
786	1366	1442	769	1070	528	977	1182	1424	1558	233	1208	1352	1006	1321	1076	1144	1569	1503	1122	269	483	574	273	349	765	330	639	1095	389	284	1699	501	1047	426	464	432	108	10	1544	63	1011	23	592	1601	1129	1388	461	1660	918
944	548	837	1213	227	267	1583	830	411	341	1392	419	1414	1093	956	1707	831	1714	1323	470	678	1264	377	663	1231	1349	1281	1371	56	46	1639	303	566	629	1642	262	1341	336	196	696	1333	359	1511	188	763	1499	79	1579	1255	486
1276	638	487	35	1515	1250	1150	725	1745	2	841	1041	1378	1173	719	1229	47	677	1472	162	1645	1270	211	1374	297	721	1088	524	41	762	268	806	1765	1684	1673	803	1335	1338	1320	60	1680	1650	836	11	1241	771	683	565	1723	523
1633	1322	522	250	1760	878	1369	591	207	312	438	661	1523	1113	1024	298	1350	1509	29	1726	709	178	92	594	1207	1329	1061	585	549	1489	1230	1199	1143	1049	1347	1085	697	1118	1282	1261	78	1091	382	1094	279	1467	325	1547	887	295
93	1293	245	986	1267	220	1541	1191	814	791	729	317	1599	1735	1550	1646	1721	839	265	691	665	353	1215	975	129	232	872	390	1560	425	707	1682	882	384	1262	1411	366	437	1193	1739	735	1315	953	173	1463	1747	1753	500	478	521
935	75	1587	1	1202	757	1023	1037	535	126	139	444	213	669	1319	1491	401	1244	531	1004	586	913	1679	319	584	148	342	720	1017	1548	1605	55	340	1205	534	282	1417	1575	171	1228	488	945	12	1036	890	1174	230	31	610	853
199	922	106	289	168	328	334	1618	1134	1162	1018	1253	322	815	355	5	177	1710	407	496	310	627	158	1105	1563	651	559	70	449	1275	962	951	394	824	1582	1649	339	376	1413	466	1034	103	1245	1214	753	1005	1703	718	433	844
337	119	829	109	344	454	1301	942	529	1521	422	990	116	710	885	1637	68	723	997	1734	507	1426	1722	892	1571	1170	1663	904	1209	792	430	149	652	777	845	266	1401	689	347	497	1459	1576	358	1761	1299	413	998	646	72	1187
519	1415	933	391	1528	902	943	1732	1345	1706	1520	1724	1443	570	362	800	1395	1613	563	550	959	1474	1177	736	1211	875	1394	1595	1271	1669	852	745	1588	567	402	1249	304	856	1030	142	1738	573	155	387	13	713	247	327	1729	954
1287	1064	1493	1176	180	409	183	146	919	612	1337	749	1040	1497	215	833	658	926	1428	1110	1501	1555	88	1464	993	1486	775	1766	214	1596	526	1246	1480	941	571	616	416	381	1620	331	1084	3	1178	893	916	1002	1298	1268	378	127
1537	1121	1272	828	1106	876	909	894	813	372	1111	371	133	264	1662	1307	410	1201	676	37	821	558	880	896	379	1126	705	1460	1687	1416	1269	742	1078	1744	1391	994	1340	7	1718	246	823	231	662	582	1124	1385	1157	415	1606	1644
181	869	1470	1629	734	538	1700	731	727	996	96	1260	688	1670	1586	285	414	237	1056	392	1107	1108	788	1602	1517	1559	633	118	575	1033	165	363	398	623	991	588	657	1468	1614	1368	311	1666	1495	453	811	1462	1146	14	369	928
368	234	1357	1640	901	315	138	1473	1112	1399	1364	39	704	711	1564	135	365	630	754	1239	1000	1235	300	834	1225	863	1153	403	1326	452	1643	1742	1308	700	851	976	481	190	1603	706	1232	1353	1573	985	1212	1372	840	577	1027	1506
1032	1755	653	854	686	1379	732	978	505	1617	1116	789	99	602	1065	685	1140	939	243	802	43	555	1533	206	240	1083	204	889	1519	1581	843	1566	225	159	1465	335	1082	1185	539	778	176	1612	1743	468	595	672	730	865	743	1073
157	1382	961	899	280	1597	1584	1346	981	1332	596	115	434	581	1363	473	992	722	1410	1456	980	1756	1186	1628	1455	1370	412	1665	128	1461	244	1104	1475	908	1274	1590	1164	820	156	218	520	375	1685	274	1421	76	1757	1516	321	756
1449	480	1702	1651	1154	59	510	80	1256	1409	1393	826	611	1730	641	1539	1656	532	1050	849	568	1725	1280	1251	560	361	1218	1156	45	90	293	229	576	393	1020	380	111	4	1327	1152	423	931	503	1632	1598	888	1243	1748	1356	1616
805	89	203	1127	130	62	73	635	1131	1648	475	799	649	597	1763	618	494	690	947	1502	1195	1310	864	1565	1591	1312	1055	1621	121	645	1074	261	1504	640	1009	1138	1398	746	1568	768	302	1003	242	6	798	1279	542	53	1683	1203
1429	1344	1458	1704	938	477	530	692	752	681	1087	647	1543	208	313	1314	1405	590	1190	871	927	537	1531	1294	1200	290	964	1654	421	1671	1733	1505	1712	920	16	587	1512	1611	1615	26	34	914	110	25	1404	1234	49	67	1390	33
1619	140	81	737	1325	143	1481	97	1447	1145	1623	374	153	1147	338	958	600	163	510	381	808	1043	1126	247	1347	1473	1455	1465	1110	1629	778	1514	498	1118	1620	1394	276	637	798	555	528	1612	525	1336	1324	224	796	1369	846	560
1422	1028	706	1468	1370	700	1559	839	823	247	1687	1476	1762	1222	476	606	956	920	461	1333	56	576	152	1234	400	869	1617	142	107	19	1064	600	494	939	1594	334	1590	1561	1405	1525	181	293	717	1039	689	117	1325	632	605	633
222	1202	213	1232	1491	1685	297	546	978	1227	1702	1716	1513	1278	1203	88	445	698	856	1753	687	554	85	551	1551	1512	278	944	573	583	125	433	1470	266	1655	659	997	1245	828	1602	1524	1051	71	917	1065	153	237	4	423	547
1498	1305	1502	402	778	165	749	851	53	1150	1666	265	1298	686	1334	1357	676	1544	405	1719	737	611	1168	937	587	315	1294	40	1731	378	572	1444	1749	108	1089	210	1515	835	1240	712	593	1737	1453	33	166	578	1435	111	1679	831
679	624	1110	211	1596	1260	438	7	298	1698	767	1684	1243	170	137	1485	240	1093	796	758	1368	1363	93	510	1004	1351	1010	1266	962	60	502	36	1216	1449	1144	524	894	1427	1549	918	994	1601	1119	360	102	127	773	288	1075	725
42	446	336	1073	483	1733	1488	1492	271	516	791	681	1008	260	794	1474	1681	1580	935	468	311	1146	505	988	668	1125	731	649	348	926	941	684	914	1718	1764	1244	86	1036	177	905	1316	1061	471	10	89	586	609	1118	282	1057
455	1382	1588	1327	264	751	1740	1723	70	272	752	1736	303	553	454	1552	909	1019	1280	901	396	568	824	540	1134	1386	548	1033	1381	1264	1527	886	854	397	1763	1677	302	1285	1030	1482	946	1360	639	1469	857	781	151	709	1000	1371
1656	191	1407	945	1531	810	1522	1228	1263	1295	626	1157	1496	660	1600	109	408	800	92	960	512	1321	563	1618	464	1182	1621	327	893	934	1439	674	644	478	0	1131	1508	430	787	1695	1040	1072	549	701	350	1138	858	46	204	1343
30	1277	1572	482	34	65	270	130	1563	1116	410	506	1173	669	79	629	134	759	1068	724	1720	1399	904	1395	200	1605	735	1112	1464	716	443	1069	238	667	1604	421	1241	630	895	968	949	789	1265	1610	1137	987	296	217	1237	1164
485	285	1409	1369	1214	1767	487	569	323	665	95	595	359	559	830	1346	881	392	1577	908	775	1479	670	203	1494	1142	490	1348	1104	615	843	680	324	183	41	903	702	1587	1466	498	234	1744	249	160	322	38	1651	118	992	1188
1130	1704	27	1712	1123	416	878	178	432	189	877	1314	299	1396	938	1198	171	713	12	221	101	1174	1284	1653	1350	1147	1571	1380	69	641	685	480	1598	1211	1236	91	969	1680	159	768	44	829	1178	607	269	1079	333	1261	1516	816
1170	1149	225	1703	235	1640	301	1113	208	1585	1338	1445	711	1086	58	99	1289	1473	1760	1393	891	601	389	435	523	1283	613	1378	610	300	883	1018	1564	726	1578	539	511	1686	862	1190	381	666	947	747	279	161	899	1708	774	1022
1043	168	884	1310	116	534	932	673	1099	1477	1751	1530	657	499	915	1177	1129	1623	678	1037	1128	176	741	453	989	212	921	906	1641	1633	859	782	792	784	1636	465	1255	460	1401	602	631	1209	175	1197	73	274	284	276	1160	383
957	426	826	515	195	188	714	1256	1358	393	1591	2	1423	598	1311	361	344	1315	809	936	1139	1738	591	1689	923	1397	112	1074	1619	963	1734	846	1711	1404	418	149	232	1007	479	1532	999	1098	1083	1220	645	974	1389	1735	531	542
1212	1107	1691	103	1076	55	590	1060	1630	1693	509	306	954	1181	1111	16	996	880	448	242	39	581	192	728	207	967	462	874	366	527	256	1654	407	135	1648	965	1755	1699	1151	922	289	439	201	21	228	495	788	1027	380	1415
646	1015	692	337	1692	339	614	1103	1143	1447	1274	307	1235	518	1419	250	162	1521	1765	431	24	28	474	354	1186	343	620	401	254	882	447	341	1153	368	961	1105	863	295	184	642	442	1412	975	1606	983	1140	1347	1643	1259	525
1001	1715	67	1267	1672	693	429	308	1645	691	1403	1210	463	1697	257	1094	1029	744	1501	317	1372	1609	616	955	508	1550	852	1463	636	1644	1059	1519	1528	565	136	1743	530	173	1535	52	1497	574	1032	1041	255	929	1171	1092	1303	1341
1301	1335	138	814	1562	1484	1537	541	1567	17	1324	1084	596	1355	984	484	294	943	1586	1042	503	14	535	1155	1611	1058	312	1573	543	652	575	1607	367	560	1467	1031	1450	1663	769	57	875	493	1538	374	280	1312	365	721	373	1332
144	564	1257	1631	1451	8	1071	187	813	532	231	840	1296	1426	742	1584	898	1668	872	1642	1478	1201	1717	193	1249	861	241	1701	3	998	1191	582	120	452	441	927	78	1638	155	62	239	179	1282	1329	9	907	873	1539	1320	1705
1505	1510	696	1761	64	1225	1752	1269	1481	1342	197	771	1472	1639	1558	457	1247	1006	1461	492	621	638	1657	444	1250	931	888	124	1172	403	1388	1410	812	1218	1682	973	1428	186	1750	1374	1339	1714	11	51	753	570	1411	459	1541	707
847	205	1122	1628	1049	1635	215	795	1495	571	1108	115	1748	1053	845	472	695	355	756	90	148	770	424	1500	440	96	739	1331	131	925	870	104	45	310	1442	1328	1669	346	1145	1229	1554	214	390	740	287	924	806	504	253	1511
182	1379	807	1499	1384	412	1758	1460	1038	913	1193	1766	1459	352	1665	842	268	1127	385	838	123	1352	979	1206	871	229	1313	801	132	1629	158	1097	1300	754	879	1367	1726	146	1148	514	1226	1646	1556	417	330	850	87	790	1425	258
1308	887	1514	47	1286	1166	761	1159	815	1005	1109	1533	6	411	427	404	950	1101	1340	437	1319	986	1542	1066	1431	1067	1696	1599	1504	1465	1394	661	1414	1660	867	1163	1242	83	363	486	1392	537	1270	819	1189	1676	896	1742	627	1592
734	428	1161	599	802	1184	436	1373	1180	1658	1141	1254	372	1012	1534	928	1694	1548	469	1490	1176	25	1626	536	154	434	316	1383	1729	1747	1570	1637	1048	1721	122	1486	764	1582	216	1224	1608	1025	1377	765	172	755	820	1675	951	720
664	458	1432	362	164	1251	1199	277	1365	1055	704	677	145	612	517	762	729	1366	425	1056	1330	263	244	625	933	1593	798	114	690	577	399	1456	273	1070	1454	1077	855	545	220	449	325	456	1024	1462	1620	658	1437	497	1674	566
1529	246	567	1581	526	351	797	1291	821	1345	394	558	715	976	507	1002	1183	736	477	522	1258	719	1035	386	37	409	1418	1023	1471	349	1612	1557	1349	1616	619	49	1576	59	825	398	1678	54	1080	275	1568	1185	1517	1175	356	1662
451	730	1121	760	1034	1458	892	35	1162	618	1087	415	1344	1	1725	970	1047	50	799	699	1169	1152	1650	1088	1126	722	1306	379	1326	163	1569	1690	1430	466	1011	61	1302	1217	1179	991	198	391	1615	1354	804	347	1455	1518	190	561
63	1223	805	1276	916	1293	977	544	1195	245	420	121	335	793	865	357	68	1054	1487	156	113	1664	209	1362	890	592	910	783	959	1081	76	1759	1309	1207	748	836	1440	473	1727	223	1523	227	1213	48	1613	1575	990	1096	74	1359
675	1085	958	1304	29	340	1165	1317	1434	785	1322	290	167	520	81	1020	1318	1215	1475	233	808	1248	849	1063	338	1480	375	1728	1078	1026	66	18	23	1730	1603	1192	194	1167	608	1406	948	1158	15	328	1292	1013	80	1133	635	866
672	1052	174	1489	371	1273	1275	376	140	1597	557	1272	912	853	584	844	1560	940	703	1003	309	663	1413	326	1457	1683	318	995	777	1402	1154	20	1583	603	199	617	1336	919	236	413	1115	1493	952	662	1279	1625	1253	345	766	157
1238	1661	897	75	718	467	1421	1050	84	1095	1239	1231	538	594	622	496	1745	1667	562	262	1091	708	22	604	634	251	1009	139	97	1624	683	147	332	1547	319	1045	772	1299	1483	1446	43	848	1376	1424	1361	422	837	320	1204	727
628	1100	1417	1754	1589	1757	1438	1200	733	643	1526	1448	1503	1233	329	1090	811	219	822	776	1443	185	1595	13	1652	993	1356	1565	1574	966	653	1132	694	304	1021	911	1673	757	1082	1114	1297	501	1337	1391	218	196	1194	105	697	1722
705	1441	1507	971	889	226	1634	732	128	470	651	1271	1287	637	1205	82	1375	656	1400	1016	1724	395	1746	1390	1416	1120	648	1622	1323	1647	305	1433	377	1713	259	32	647	738	202	321	243	419	1252	126	384	588	710	745	261	364
521	283	1106	981	281	1579	1288	902	286	1710	868	743	1187	1420	1117	1429	1688	98	930	786	1017	342	550	654	94	1555	780	1707	1566	291	313	353	387	248	864	450	314	1196	1546	900	1044	1385	1671	77	513	1102	133	1632	763	1670
942	519	252	818	1732	817	1659	1156	224	585	370	491	841	129	150	267	1364	388	1208	552	640	292	72	985	1506	1307	779	533	1135	1124	406	206	655	1262	723	5	556	1741	876	475	1706	1536	1046	982	1756	26	106	414	623	1136
1268	953	860	1627	1700	1649	1452	143	803	230	964	1436	1614	834	972	100	750	1520	650	358	832	827	1398	589	31	180	885	1709	671	481	1543	1387	579	331	980	1509	1739	1230	110	682	1281	1353	580	528	1014	169	833	746	1246	119
141	1553	1540	1062	597	1290	1545	1408	489	1221	1219	500	488	688	529	369	382	555	154	1524	1338	19	443	330	419	1432	911	809	1450	1105	1592	358	719	327	1190	1755	1044	862	1529	926	1669	1714	1255	504	525	1436	878	1761	999	384
864	1638	1126	428	1040	899	1062	1477	328	1453	1160	1305	1331	555	686	1664	1165	862	25	1581	488	1578	1425	943	148	438	347	430	784	1650	1449	106	1551	1299	961	311	1164	1757	737	1363	886	1540	920	1676	1089	1118	1419	1365	442	319
526	1544	949	754	1180	583	1124	1409	1111	611	900	108	1595	316	1659	476	344	1623	1024	59	871	867	523	146	1168	168	497	191	1534	1458	1457	1373	994	730	600	809	1369	293	1508	1472	1192	1267	343	242	810	1005	1356	559	913	1226
827	1647	992	1113	1277	1183	403	1022	666	1353	1715	75	413	331	1438	877	301	1487	492	518	1603	1389	824	113	1004	1422	1442	1166	1318	181	1678	1562	761	398	564	955	545	1463	1283	427	102	27	717	218	60	991	1522	200	1323	1412
1342	1456	210	53	752	626	1125	69	1594	1691	100	1176	307	1690	1679	252	415	726	1600	860	690	386	1433	831	333	3	1732	368	266	1500	779	1098	226	1571	1531	1155	138	698	909	1665	126	1161	90	1403	1639	1605	1186	774	1182	1383
258	1208	395	1303	318	1171	275	338	843	1266	872	1071	478	1006	431	195	1213	1204	884	806	1455	1254	598	1020	1230	945	565	124	1085	1746	1670	890	1543	1268	1681	276	16	1274	160	407	1175	164	1357	1658	1437	984	1002	515	183	853
1325	104	321	352	728	1288	968	888	1766	240	1528	665	535	1610	1570	905	1184	417	1	581	1485	938	260	323	1017	1241	1030	1713	838	998	1604	179	999	1480	358	1524	320	1754	1760	149	1131	1068	1205	225	1163	533	602	1061	1112	1087
769	435	1115	1751	466	1758	1347	1143	830	208	1239	579	941	1294	679	505	981	1010	1755	1138	17	373	1680	220	517	372	1122	408	302	1439	591	409	907	229	21	1309	1344	1516	1104	137	1552	1580	259	1491	23	974	990	1278	504	967
382	221	400	446	1209	1523	593	875	1121	716	359	1585	1037	1028	255	904	709	78	667	1157	1761	130	20	383	1756	1505	965	962	1497	1406	1413	77	263	836	375	1187	1384	1352	274	300	567	1496	1296	1763	1722	580	167	1462	566	416
1745	524	766	805	585	1014	522	777	664	707	253	99	845	1420	1577	689	521	986	1218	1748	1725	889	647	1156	370	1515	136	958	758	257	1614	1475	927	190	1099	1387	1417	1743	58	1478	782	701	469	1191	158	425	345	448	22	674
550	633	271	1454	829	1718	1308	329	1011	384	310	192	1619	1339	1518	451	915	668	1361	169	1386	985	971	653	549	710	1726	821	116	1559	619	1046	1322	804	33	929	819	751	306	1591	1252	856	1514	1018	767	120	755	111	646	65
184	1541	1601	930	563	850	764	944	166	177	531	115	1405	1687	13	1382	1729	196	380	1710	239	1310	870	379	392	402	1550	914	1435	1174	1652	445	118	1662	456	481	738	696	281	731	1234	1565	35	1351	976	790	269	748	45	1076
1602	297	1739	540	356	458	1656	29	1355	335	546	1177	1466	693	1059	406	724	273	1149	811	847	946	1257	1096	692	55	151	491	1025	1734	70	159	1704	490	1291	1016	1694	441	1521	101	251	1627	1360	921	389	1097	7	1275	969	376
1304	506	1529	1364	1677	460	1447	228	1644	1660	1333	1034	371	1483	639	839	171	134	826	677	1317	1388	1001	1101	869	1556	736	1216	341	880	54	1179	552	330	1354	983	1445	1651	444	487	1410	1609	516	621	1045	756	798	883	1042	1041
509	145	1618	1471	1653	657	783	879	117	206	197	122	1120	1693	654	660	740	63	1728	1237	1440	1324	536	1081	502	996	1306	1190	41	133	1290	157	1132	1545	628	1080	568	1065	286	1744	351	1612	48	324	185	38	541	79	1056	1391
812	486	722	529	597	1251	1608	1316	670	1019	268	1520	1542	1063	1673	765	214	388	1696	390	638	1224	1200	1431	1381	1535	935	135	1714	1661	342	140	1622	641	952	704	613	530	366	789	1721	477	317	282	682	414	1100	296	1105	1189
94	745	642	1493	1593	1133	432	902	1289	527	732	1103	571	1702	499	718	396	1423	1576	238	623	198	1169	1705	503	532	942	227	234	68	1450	681	278	932	84	131	107	1507	449	537	339	88	788	71	1397	708	277	1648	1106	773
1538	454	1489	1481	802	558	617	1473	1759	1195	1202	6	866	1629	182	91	1027	360	109	11	1723	8	1451	1731	304	966	684	1313	816	18	74	1513	1227	144	1343	744	878	1566	959	1654	612	265	513	1492	484	1142	1461	727	876	245
1078	924	1634	5	377	1008	735	1398	1394	67	882	1703	424	1490	1052	97	771	859	911	649	85	294	1358	865	560	1366	1248	241	1640	1285	1240	987	857	14	1273	898	1393	1094	493	507	739	1181	1167	26	916	604	1212	1123	233	557
1050	997	224	1432	1013	584	172	121	800	1116	52	1079	1488	1404	1243	720	462	1737	1657	92	494	1469	1533	1548	775	1082	212	539	1667	1597	980	1695	43	785	56	1572	1563	289	1683	250	1023	1350	61	697	780	1368	1194	125	868	803
1319	161	1752	1697	743	1574	501	314	423	547	76	561	1244	1742	1430	1012	1642	840	188	863	1137	1151	340	498	1302	703	1051	977	232	835	230	468	1199	534	1637	66	1452	817	1349	447	1484	463	620	1235	1172	750	47	934	141	105
1736	298	1568	1426	796	1598	1108	586	434	759	993	1429	1284	1345	128	1400	209	1246	205	174	953	405	1712	1007	1340	978	1130	355	1407	249	1144	51	483	885	443	989	1232	542	615	1589	31	1280	1146	1592	213	846	1628	685	143	842
374	1092	1134	1684	1482	12	691	34	1261	763	393	931	1711	452	1196	1762	312	849	1666	1255	219	236	960	922	729	10	787	1575	820	1441	650	62	594	223	520	1573	381	1399	1740	1468	1753	1686	1064	193	548	1188	1259	480	1058	465
508	1153	675	1547	1554	1735	433	950	861	1525	119	83	419	1509	1060	1444	46	288	1054	485	1265	995	1214	1221	1193	96	1641	603	1377	622	652	365	833	635	1066	1448	1698	194	1070	313	1286	895	203	1646	1560	848	643	562	237	1616
1247	1348	510	308	2	1049	1095	608	1512	1499	957	1262	1708	175	893	1636	640	470	956	1467	714	747	457	290	1326	933	572	637	299	1436	1009	24	1260	544	1035	1428	1741	713	1072	975	36	1083	72	630	295	794	1764	947	40	165
467	114	672	1117	1443	1617	1632	903	753	1486	1198	459	1047	851	1688	246	1692	1402	418	661	1716	305	1519	421	500	187	823	254	1501	1375	1233	918	1561	1470	1150	1459	1733	1584	1201	570	1511	982	1077	1558	1031	349	854	1495	1015	1036
1293	453	791	1236	1178	937	749	595	285	1152	1372	363	1220	1272	1114	139	939	822	1569	176	1145	1392	651	1281	1401	496	401	832	625	1663	204	44	1557	814	1503	1148	1238	609	1292	596	910	73	1228	325	1253	247	1336	951	357	1596
663	1553	186	155	1258	669	57	1203	1282	760	327	1055	397	1159	1337	1590	772	1749	1380	1416	673	1606	1476	49	1119	1414	1567	1546	855	1396	1086	1315	154	1707	1724	601	1599	1579	762	1300	1615	1738	1645	1279	553	834	474	1682	216	1370
795	471	715	757	725	852	1043	315	1038	1338	1367	719	801	369	482	973	1494	1532	1140	926	1709	1271	683	153	450	87	39	129	618	695	1727	201	828	132	189	734	353	1385	678	1217	1044	1327	1321	439	1335	1421	894	1635	624	519
1359	1250	162	1223	901	525	1141	291	1362	551	1479	781	792	346	699	348	988	1295	217	1465	1408	528	256	1207	1136	1446	808	440	103	1583	687	127	1139	15	1510	554	1434	573	1626	1621	1537	1000	694	1029	1460	1003	411	1750	569	815
1219	243	655	0	142	606	1328	173	940	1211	1075	1346	479	1269	472	1674	1415	1173	645	702	1093	1091	420	648	1231	1672	1474	538	556	1312	436	211	1090	1706	42	656	912	1675	1747	587	711	332	1418	1307	688	858	1334	404	1582	412
280	86	1765	1701	897	426	1298	896	1245	1464	908	422	429	98	1720	837	495	793	1699	543	825	797	891	81	778	1504	770	1502	473	616	28	1210	632	367	1374	1587	95	215	1222	841	512	489	1170	1717	455	881	1378	178	1332	1730
354	1631	180	588	1053	723	32	1633	1586	1390	1129	1127	350	1158	147	50	64	574	80	110	1685	461	112	671	410	662	923	919	156	262	9	1215	1074	1147	925	222	599	475	627	437	1128	1613	336	1669	362	322	326	37	364	659
150	1088	1526	807	1427	1107	391	1624	1527	629	1249	1057	700	1536	963	1564	917	1506	706	385	1411	1607	1329	1242	231	283	170	799	270	676	1655	1498	972	1229	1371	387	970	1424	610	248	1069	1625	928	284	631	1039	399	1719	1517	378
605	163	887	906	303	1700	261	1301	813	1021	1084	1287	235	1668	514	202	1033	705	768	578	1135	511	1767	733	199	954	634	776	636	1185	575	582	1270	272	464	1311	658	207	746	394	1395	1314	287	1320	244	818	1379	82	892	742
712	614	1341	948	292	589	1162	1530	964	1649	874	4	89	680	592	786	279	590	30	1073	1264	721	741	979	1611	644	844	264	1206	337	1620	1671	1276	1549	1330	1032	873	1297	1109	1197	123	267	1689	93	1643	1026	1588	1263	1555	361
1154	576	607	1630	577	1376	152	1225	1102	334	19	1539	1048	1256	936	1067	1110	309	587	606	845	1092	1394	454	1530	1590	1340	1273	282	829	59	1299	1334	56	1544	1413	1295	1233	1356	753	691	1549	1179	1079	999	811	1251	1508	1082	714
183	1052	1267	1633	888	621	1487	1509	1170	1054	734	565	234	598	1313	1053	367	1358	658	1066	334	187	938	583	890	1348	338	880	1193	1050	299	241	140	0	1749	524	1680	1412	335	249	1027	668	297	312	391	1593	235	1689	906	366
1013	455	202	659	1624	1280	749	56	1084	496	388	110	172	1404	1486	1395	352	853	1088	1699	868	262	185	122	863	168	291	1325	1165	144	800	791	381	203	95	1647	781	1300	887	1625	1005	1046	1658	80	653	323	1664	1393	1681	302
1305	453	943	1634	444	1695	1628	1407	1172	121	1411	35	346	684	498	755	676	310	1133	798	1224	957	1373	283	1312	984	981	1586	375	1468	101	13	1097	886	36	464	1761	1700	1560	492	1579	537	1640	815	754	243	470	348	1553	1179
1233	894	671	390	1454	477	1521	843	257	1278	280	641	461	1343	616	1537	231	342	766	1447	410	1765	953	448	357	965	437	940	1627	787	662	881	369	1078	595	666	443	261	533	792	615	830	15	106	1092	1717	1668	1720	1076	1451
1311	784	264	105	1688	835	423	350	1588	471	223	586	932	1606	117	272	380	483	1649	624	1713	1356	1478	1021	1429	732	1217	947	960	480	809	285	669	1147	1201	590	620	1378	1502	508	1346	829	1507	221	1089	1176	306	5	1041	252
6	142	290	1269	1261	1254	1123	333	1394	847	507	990	502	1210	1450	389	1157	832	1506	1747	527	1042	12	20	718	1482	919	723	1215	1214	54	743	198	322	225	1203	349	182	1675	1098	864	1168	210	747	804	1301	1182	88	1427	788
68	708	545	1277	1011	1307	1544	1183	463	282	450	1381	1259	86	37	373	1530	779	83	694	927	735	1601	674	157	1439	447	913	488	1234	667	955	1651	870	714	1752	1512	1455	1031	159	484	1569	538	956	1443	1549	191	1095	1068	552
758	816	1375	1129	1721	141	1636	405	1615	619	113	827	546	644	1382	665	753	368	1365	1405	790	149	650	631	1315	1641	24	1303	1757	874	1389	1692	1374	1572	1479	166	1518	481	155	1159	1716	987	877	526	1007	359	1100	4	1729	1578
462	560	1603	413	923	376	233	950	737	482	406	645	60	1613	998	353	1173	1662	1492	1764	485	569	1018	1134	817	1175	245	118	1279	1490	993	1332	1472	1696	974	1377	1585	259	240	1087	94	1519	770	1529	532	518	606	417	744	1059
646	719	1150	983	320	1141	123	1144	3	439	924	587	1106	1103	1561	1485	1460	1457	977	727	1701	1190	962	452	1582	806	925	1105	1409	1618	1326	632	432	1361	1171	476	623	785	1070	1685	1751	146	1213	1643	1226	171	1289	1677	1384	288
194	818	1276	1672	409	1339	129	278	268	497	1430	512	1319	907	1185	608	1652	92	826	681	1667	936	1345	51	696	85	1536	490	1178	1734	1069	1327	486	577	529	229	217	1162	722	1742	1199	135	1124	1110	212	1642	1181	1690	258	600
820	1256	825	1719	1212	627	199	1554	912	491	844	733	98	10	677	618	431	1604	211	564	680	1109	986	1476	1009	814	67	289	551	944	1331	1484	997	1262	1048	1571	1026	988	705	337	995	1471	177	774	195	1614	197	697	1736	1691
438	379	412	1209	1240	274	1156	1452	1438	1037	1403	575	204	1469	1043	1620	964	535	336	39	968	186	1082	1335	414	371	1291	57	1605	767	1154	579	1467	354	848	465	1475	971	1369	358	1551	1559	1274	1102	378	1035	133	1122	55	845
1113	1458	275	672	709	1463	1318	1127	1657	175	1200	145	891	1283	1160	698	1232	1030	8	1423	311	1645	1187	1480	686	143	905	1248	1744	435	1237	1152	949	982	19	394	812	1584	324	1619	362	189	176	916	132	1644	161	534	1006	1678
1533	1715	1499	1703	43	147	29	1003	1629	910	1328	1163	581	1337	1033	1270	1607	1320	107	1516	1324	531	1706	1293	763	1694	1180	1284	979	63	1359	1112	138	294	1424	184	813	237	1001	332	594	1557	248	1503	1402	776	918	1410	1229	1039
418	341	692	298	1712	457	942	1288	520	752	64	1732	628	100	593	852	584	127	181	578	642	79	1238	1004	736	442	679	188	232	1177	630	276	772	1096	1024	929	1263	16	920	536	1264	1462	131	1567	1399	858	1090	1527	521	361
1758	246	279	1550	1137	1436	712	903	1268	222	854	1523	1061	731	831	422	1759	612	895	1334	1723	89	269	839	1310	1426	1391	454	1718	449	84	2	1388	1453	1728	629	869	963	635	116	1515	1205	1341	190	605	1428	837	1722	1295	1494
547	207	1249	1514	604	1419	695	82	567	1543	1036	509	892	506	1241	1101	1574	40	154	446	557	601	1418	489	377	456	657	1195	72	1414	382	1044	467	991	1599	1683	196	1413	112	1501	838	472	230	441	1673	273	1198	1360	1211	933
548	33	226	1077	1659	1236	420	1655	150	882	1385	860	411	1306	493	751	1128	1679	305	271	59	915	871	1724	596	609	77	1589	878	655	1548	503	475	1583	128	625	1366	1708	516	1208	224	1650	1489	1093	1131	1287	592	1376	236	1297
