2,1,1,0
146	35	1018	383	1221	1343	707	1067	658	537	109	143	273	87	413	1041	841	417	976	234	403	916	1246	372	1201	1151	878	1296	958	336	567	7	969	529	693	1071	427	1395	773	31	1019	348	225	1216	223	74	689	1397	145	482
1299	905	228	1165	700	339	131	1190	261	334	56	27	120	525	1263	501	1188	1183	716	16	48	764	361	375	514	679	491	722	1153	604	1192	1081	930	69	507	267	1332	704	940	102	1053	1398	190	980	233	1025	307	123	126	1000
576	751	573	414	703	425	1222	452	29	589	564	125	326	212	1007	521	1291	1364	886	1363	1385	387	745	904	510	613	486	1358	1239	481	643	895	467	1030	1418	752	218	1213	115	124	329	1275	171	1068	1300	963	520	1322	67	392
742	854	512	1220	445	370	706	270	544	725	244	43	798	789	1231	924	203	1375	278	64	175	601	112	910	323	1057	591	1306	11	554	191	1292	688	672	1312	991	1248	1223	75	718	1242	1379	217	439	354	577	899	1402	678	810
633	1202	1266	881	1171	299	447	247	153	730	1234	1382	1365	1175	1214	684	498	758	118	1051	1276	1335	1241	1120	807	860	298	550	222	971	1288	1277	39	454	989	188	1080	908	1377	245	1040	988	78	179	142	1269	1361	524	202	539
1026	1005	418	705	121	1158	332	931	1350	817	528	618	665	779	819	1074	305	1029	1254	325	598	440	1056	411	838	139	271	1085	68	1247	483	625	37	915	1138	721	738	1215	1417	1170	174	301	421	518	1028	729	913	1155	734	657
60	699	359	104	1212	558	1105	683	859	318	1013	994	1079	304	471	1024	1140	1069	22	366	646	230	274	1311	1354	776	831	151	1154	1055	1336	172	691	1	229	85	1022	1048	381	833	1414	906	80	369	616	1135	157	781	384	723
666	803	450	1197	1301	1064	177	431	36	855	1181	1174	24	812	133	1070	966	1371	365	1115	341	907	1228	896	211	960	682	619	1399	828	1015	809	1182	982	358	1036	194	52	911	463	834	804	1327	1406	986	815	1145	475	373	20
756	152	858	1128	1227	264	955	41	1347	1109	920	345	1014	1274	660	494	173	842	596	712	846	51	942	954	1302	1339	1408	909	654	1376	786	811	805	1134	1092	1123	667	565	30	204	1403	180	965	850	970	420	1217	1264	792	872
1268	1391	1035	213	603	363	255	34	106	73	461	533	1261	795	636	1415	943	1330	945	374	6	1407	426	226	890	957	397	300	647	437	419	196	866	1093	1218	562	378	1117	936	1315	950	442	1193	428	280	82	1346	559	617	1317
939	611	582	612	997	808	1333	287	335	1255	495	416	1062	708	1184	555	821	1351	711	1356	511	948	593	675	1294	1229	900	479	685	1108	861	668	964	984	399	95	284	441	492	155	1054	696	477	1353	735	993	101	941	1324	140
827	410	79	893	253	249	1150	205	393	898	88	242	1287	349	513	1390	250	820	1164	1161	1265	1116	1400	1295	10	276	193	1177	719	504	876	744	434	999	443	45	526	1059	385	1088	1278	799	53	903	342	132	1017	1172	1049	1137
195	1309	1124	823	508	580	1411	1243	147	996	763	474	57	285	1133	197	138	23	949	1173	1396	92	839	843	163	1045	448	1009	531	661	649	1111	1355	739	216	302	176	114	879	484	863	429	386	793	181	887	695	277	1211	292
1178	1337	1101	761	1280	1203	782	1259	1195	546	1305	962	9	891	337	1321	408	76	235	870	248	33	628	775	1271	240	1262	1084	880	1378	8	952	192	353	1058	1369	444	294	1090	1034	487	937	569	499	1252	49	622	12	983	731
1063	169	1412	548	585	496	430	897	835	259	530	1121	1104	1016	702	252	458	992	602	1384	1003	1148	260	1367	322	94	784	635	473	629	1281	709	1143	748	83	505	664	968	857	1282	1114	357	816	161	116	1086	1107	631	19	1186
485	263	1340	608	167	961	295	1166	423	800	584	549	321	100	829	1042	592	1314	84	1205	822	774	720	883	754	42	669	122	135	692	768	1326	1250	578	547	571	767	293	1238	772	615	1313	726	315	99	590	1198	1157	832	415
237	1328	108	770	743	687	1303	1257	845	438	1284	1334	673	698	1142	867	254	750	500	946	794	912	519	141	435	869	769	183	517	614	1405	1061	568	1235	990	545	638	639	572	778	379	1179	184	309	198	579	1386	262	873	1083
922	1139	967	532	220	894	844	398	389	1187	814	159	47	609	1383	790	1118	166	1046	1194	1076	681	1389	951	623	3	882	351	1096	1050	1310	1256	1189	456	536	791	594	65	186	588	460	1209	1207	788	272	953	200	311	981	28
1199	164	581	563	874	97	1236	1416	130	836	637	402	1316	367	96	352	489	1318	1298	224	802	303	824	1008	663	1089	1185	1012	987	1372	1329	110	1044	21	170	1144	344	1131	72	1160	449	215	388	1251	697	105	1293	840	1285	566
91	610	740	1023	868	771	626	1349	1087	243	853	1225	156	317	979	1099	1100	1004	1196	538	1002	973	199	1230	497	1404	86	1122	396	257	1253	849	282	231	236	457	621	462	884	995	1308	935	1152	407	1359	1304	238	1290	296	1163
470	1052	1208	1094	466	1320	312	1260	932	1167	478	1001	741	503	107	765	934	377	70	1102	933	1082	871	390	424	333	728	641	862	1031	1283	154	1200	600	1226	136	50	864	753	1132	1219	241	757	98	1273	451	583	405	956	634
694	61	400	162	59	1011	306	1027	316	759	1357	676	651	119	210	509	523	266	570	1272	129	279	522	81	926	888	14	469	178	947	620	1394	111	677	468	1038	214	1112	327	160	476	1410	26	1191	1342	182	1039	25	275	1162
901	1129	1073	885	38	848	1126	1370	586	1232	382	465	343	1307	66	338	642	289	433	148	852	686	227	724	149	975	1125	605	587	737	488	1141	659	1047	113	1156	1286	308	1380	265	320	560	851	63	889	144	219	1374	837	928
1325	650	58	1249	2	208	1381	599	938	251	391	1130	541	1245	959	17	542	1319	1010	575	281	1113	1176	187	207	165	927	892	246	269	288	830	1060	394	701	977	297	1043	978	310	553	1136	291	632	1331	1348	787	918	644	714
1338	189	710	5	1244	925	1169	515	826	432	453	847	362	1373	127	561	209	314	331	656	552	404	806	368	1066	902	117	493	324	556	0	1033	55	1352	1127	1362	455	595	1297	717	875	319	18	813	1210	1110	350	46	168	674
944	340	221	1360	436	1388	627	998	258	137	330	376	1006	158	972	1204	32	150	777	103	347	551	540	727	516	929	1037	1237	206	985	1413	877	1279	412	328	648	346	680	1409	736	607	917	459	1072	506	1341	1106	923	355	1119
446	1091	534	766	422	380	201	671	128	1168	1020	401	1233	286	268	90	1065	464	1323	1258	921	1077	690	785	1267	1103	1075	797	535	914	640	713	557	818	865	747	313	749	232	364	185	62	480	732	780	624	662	746	597	1270
134	1021	655	856	783	360	290	1206	71	4	645	44	472	762	801	796	715	1159	1095	630	15	1240	1098	1401	760	606	919	406	1392	93	283	825	543	1345	652	89	670	1366	653	409	755	13	77	1078	974	1224	574	1146	1387	1368
54	395	239	356	371	502	40	490	256	1097	1032	733	1180	1147	1393	1344	527	1149	1289	1147	295	548	1240	311	628	684	633	235	806	353	539	522	212	688	329	795	543	766	392	1013	1050	51	95	968	324	1197	706	1063	961	347
1367	811	1239	1194	941	1050	651	133	1296	577	1189	251	294	720	1196	489	433	1246	676	973	424	492	1059	3	978	1089	1213	819	1315	97	1381	1039	132	644	950	791	463	338	1356	1199	458	929	271	1136	192	88	1211	1249	809	721
1152	1382	1412	110	244	253	430	449	286	742	279	990	938	589	16	1181	389	1407	753	20	734	822	179	1398	1276	516	904	747	365	1393	507	141	410	1045	1105	1377	650	341	641	1327	391	1141	146	399	599	1205	889	17	351	1145
1278	870	1340	754	42	706	429	871	793	719	1161	1280	853	885	238	407	1002	1025	940	470	772	400	580	668	1392	129	93	1411	798	1151	91	39	177	578	237	850	467	592	284	696	730	56	1346	117	1257	1351	544	213	426	349
1024	1318	1253	1300	510	1248	419	1124	413	408	1350	1034	649	406	374	1214	4	1093	488	1157	606	731	975	723	235	655	18	114	694	135	397	333	96	491	393	1260	428	1314	1086	1138	999	697	692	82	561	559	607	188	925	100
1379	684	109	245	1203	1131	371	308	422	1046	113	1396	737	1192	700	1353	339	800	997	1174	1286	1165	309	812	420	605	7	1162	537	712	69	1265	147	1144	1290	993	1000	438	1387	693	927	278	119	824	1255	1019	1269	525	1354	1238
564	752	789	330	64	301	1190	669	1106	1049	1285	454	741	565	1326	1020	257	1140	411	835	679	780	98	996	1337	624	774	529	1406	345	1121	905	432	1016	1329	1358	201	344	709	168	483	1405	1120	674	128	1	931	52	948	807
1301	660	139	423	281	265	523	1338	1129	992	956	283	1182	1065	1071	901	547	346	790	46	1360	485	175	852	1007	276	745	1123	785	166	74	453	1055	944	961	78	955	847	1221	160	761	1317	280	1010	773	782	652	176	418	1021
225	1179	53	123	29	178	261	111	538	392	896	928	962	498	787	329	977	1047	242	170	1108	603	548	688	991	1325	59	299	958	788	212	622	895	946	287	823	1339	1060	601	222	1077	313	1417	902	888	293	762	711	647	549
748	197	364	1263	157	535	502	879	886	105	1101	1127	1404	455	1400	942	1324	136	826	1369	1158	1309	367	210	156	672	1234	914	1277	872	1130	486	586	1042	1069	274	543	639	482	598	71	72	288	863	76	522	1348	566	868	967
1343	99	677	1125	144	1402	1212	1397	579	1115	290	421	718	1395	58	1240	186	1037	759	131	1362	1058	456	1003	373	1080	353	957	572	1289	1197	328	933	1323	854	1056	1224	1090	1099	1094	839	1313	1184	1084	379	1172	431	1299	468	1227
77	384	1163	1233	490	359	733	60	1064	193	840	952	215	985	920	444	1322	312	296	897	1128	415	1117	659	198	478	1029	163	926	1104	221	1009	727	969	182	1274	154	954	1201	89	368	555	783	1156	968	648	640	396	1359	1282
209	124	634	332	864	1017	918	585	1135	461	1225	358	915	451	41	376	1137	187	145	1391	38	1015	476	717	1075	1088	1006	1372	472	708	335	362	1193	620	1178	1363	877	13	1383	814	199	691	272	802	137	588	1355	1241	49	304
127	670	240	922	1083	316	666	1311	1146	19	1176	817	617	756	878	172	398	1261	101	1271	974	445	2	169	880	355	484	875	385	323	881	916	658	621	1038	27	1041	1342	1048	1044	751	1011	937	1245	239	427	1148	1028	125	174
831	1336	934	582	348	473	1401	917	134	707	234	1154	531	268	1244	167	611	1132	437	363	394	618	357	965	1231	173	891	545	1332	923	494	1218	84	515	85	1373	1169	1399	311	613	808	416	859	231	792	604	705	883	890	513
746	1264	122	1209	1078	30	686	1107	140	1328	1344	1268	667	446	1281	32	1304	1082	57	120	924	562	1361	994	1414	665	153	369	14	553	521	509	892	987	350	936	1229	1087	815	462	728	554	1195	775	44	1023	325	1100	830	610
1067	724	503	185	536	1022	289	1112	766	1149	87	390	907	102	851	849	211	106	1345	702	866	459	867	567	155	50	171	570	130	1333	526	781	518	760	207	441	1054	657	583	771	1365	602	1098	1364	266	750	1230	710	300	517
73	662	1226	1247	1378	530	533	1298	1266	685	227	161	228	795	1219	519	1374	594	1319	1033	945	1237	995	1228	695	642	726	51	713	1142	1293	825	550	258	930	619	524	103	1302	722	715	681	1200	799	1251	466	1259	1143	699	609
1258	1270	1334	246	1252	587	434	980	412	1347	505	0	35	786	1092	1096	1066	439	1321	765	343	80	440	306	405	372	998	352	282	68	142	83	646	214	377	832	62	48	126	307	591	331	487	219	1254	162	764	378	763	292
450	191	104	402	143	1403	623	828	857	600	1070	638	202	1370	501	195	380	1283	495	632	1109	796	560	236	31	900	1357	630	1288	951	1388	1408	704	233	573	1133	1279	499	541	9	26	739	1316	584	861	1167	511	894	327	1001
1040	636	575	740	777	805	911	539	262	1376	616	1284	1217	1352	689	277	79	475	425	1053	302	568	1291	43	569	1134	1036	247	164	1150	469	387	834	121	65	1027	5	729	452	447	15	1330	625	25	1005	206	963	1153	1116	1111
1207	45	1139	675	776	542	845	1215	479	735	1183	504	960	324	1110	481	183	1204	629	1243	552	1273	860	1275	1386	935	75	229	259	1081	295	749	803	865	633	1222	921	664	876	714	906	319	1384	556	571	150	1068	90	1171	1341
375	690	181	382	1051	1305	1168	159	744	520	12	217	347	1349	216	821	112	457	1102	1385	912	898	33	1206	769	959	264	115	54	862	1103	986	770	386	1202	342	1191	512	269	626	784	1085	725	1303	574	273	1052	404	263	596
767	738	631	8	118	558	1057	1208	138	223	612	23	701	1018	1235	403	249	671	627	1368	858	1061	797	37	988	804	1232	21	1119	255	395	1008	628	1188	448	108	837	1147	1164	1173	297	1306	778	1095	910	1320	34	208	285	1073
165	1262	224	337	220	755	356	63	1175	983	779	477	989	1410	1375	260	1394	204	151	190	1287	884	635	1076	909	94	305	1118	184	645	506	1031	10	816	757	653	1250	964	275	1166	1185	1223	595	593	801	496	194	1035	893	1267
1004	736	943	252	899	443	953	846	971	388	532	514	256	414	913	1331	654	608	6	67	241	47	534	794	768	682	11	1308	1030	61	1126	1091	838	24	508	979	970	409	1242	981	40	116	298	320	464	254	1159	248	1256	939
81	1409	1122	86	366	903	250	291	326	678	36	848	806	758	856	205	546	882	442	310	540	267	152	1014	1310	855	1366	732	148	230	460	203	528	1074	1380	949	1389	1177	360	614	158	919	703	687	843	334	493	827	1294	908
887	370	315	557	637	590	873	1198	1297	833	1180	1032	576	1063	1170	1187	1236	1079	947	1043	656	1216	966	551	401	149	361	1312	661	1155	189	716	1026	1072	381	1012	932	1210	836	869	581	55	354	218	317	874	1335	500	615	417
1307	597	1113	497	322	1160	810	383	1416	527	1295	314	984	1413	698	95	303	270	842	321	435	829	1186	474	480	663	465	243	1371	92	976	180	683	318	107	1415	22	844	1272	1114	336	818	1292	972	743	1220	471	28	66	340
813	70	200	1418	1013	1390	643	673	982	232	436	1062	563	226	196	820	680	1097	841	1307	1418	1226	43	884	591	1079	191	813	766	550	860	694	1370	180	48	553	978	1293	777	895	734	994	1071	56	469	861	1246	570	133	196
418	1309	1	716	1146	746	276	521	191	509	959	17	697	20	707	822	729	1194	1240	784	1005	838	67	664	609	610	710	1216	216	602	442	18	121	517	1051	564	456	163	65	727	507	542	170	452	691	51	1391	128	917	1032
1225	681	215	413	1055	654	764	1357	596	546	1283	787	370	1210	275	687	1406	1214	1202	900	611	471	620	103	1095	482	1042	363	813	706	302	999	1226	320	368	839	709	1243	344	969	1109	154	1021	342	1327	786	41	301	767	463
1352	194	387	624	844	85	1134	1208	808	347	500	824	870	458	1119	843	488	655	582	1413	1270	925	732	1002	998	159	1038	10	1143	1405	1241	1199	193	1080	889	1332	1028	501	863	288	601	204	84	1262	298	1124	248	944	1067	374
439	371	578	677	309	1076	665	1071	632	310	563	77	590	852	628	871	258	349	101	678	970	558	1387	1153	1254	177	263	1372	436	213	1253	1172	868	175	623	819	441	895	874	392	881	556	1380	1192	1022	864	1062	585	523	1373
1291	326	502	198	1079	91	331	547	116	1398	769	66	1117	69	1340	376	1315	269	202	1292	186	1040	145	939	1175	855	773	555	223	1155	357	1019	805	703	414	171	1279	1345	506	1044	251	583	1103	416	222	894	986	1197	1154	33
448	1401	199	68	943	294	462	837	1230	364	152	846	433	1293	1127	688	756	94	901	806	528	1223	35	1285	391	47	149	218	427	239	636	196	1023	1096	410	581	187	189	1222	432	129	971	529	576	1418	1053	1158	40	423	1244
46	405	650	700	1041	227	1036	975	948	106	1063	1299	845	252	1415	1083	1176	872	1031	108	1250	330	792	1190	1161	372	73	144	1376	1416	1220	437	826	1341	1185	1180	1203	461	385	115	134	1282	1027	627	1151	1003	1217	125	434	1347
156	419	1311	429	425	680	496	993	1331	1235	79	234	648	206	527	317	305	1007	905	388	873	78	1058	1191	1066	28	1135	530	172	1342	1317	76	1242	1358	663	361	890	1142	841	1120	123	1308	674	265	1238	339	316	192	811	127
1374	827	985	641	382	696	781	394	454	165	2	337	1152	1313	457	942	689	1336	593	791	188	916	1314	491	534	922	753	541	934	698	1108	742	1054	451	1189	11	1356	536	836	245	63	794	928	783	666	1168	544	575	866	1086
1099	919	658	209	318	803	341	1112	1179	535	64	447	1107	909	1030	97	877	122	751	1020	633	701	910	219	748	904	362	1148	220	120	626	625	32	1177	83	136	519	71	203	1025	898	1328	1195	82	526	174	759	1385	1346	799
1295	798	591	840	522	988	139	1048	1211	431	967	941	184	685	475	604	1276	807	90	1125	676	9	1294	23	415	1131	1219	612	1249	183	1355	646	1013	725	1132	353	195	1140	757	607	422	1383	809	100	960	645	724	167	875	699
597	180	7	1088	927	358	1128	1163	657	735	1081	1272	1078	989	58	390	761	955	1297	378	469	1018	987	1098	205	399	1393	605	81	670	1232	896	865	1323	487	673	261	44	1412	1052	1237	1321	1105	899	961	1084	272	1265	70	259
1033	640	885	126	1212	396	962	1370	1378	933	892	325	1069	747	1390	1271	1178	13	908	763	151	695	567	637	74	143	879	1087	289	322	1104	1114	267	1382	481	661	831	1092	924	1073	830	424	772	1173	974	72	545	720	833	426
1337	55	217	956	1264	1312	351	243	398	178	1170	26	780	334	1015	979	853	1369	406	614	472	1281	749	1381	766	552	1296	1037	1288	403	1050	1205	1359	395	109	321	1402	760	1118	277	577	304	734	467	984	485	473	1348	327	140
918	160	537	1035	814	755	592	572	1187	124	812	348	1368	886	652	1394	1070	1045	450	653	737	24	1353	692	489	1300	208	1115	228	240	435	946	569	235	1307	446	470	464	104	1014	285	1273	554	926	360	233	133	512	373	876
765	42	888	717	686	465	369	712	1201	1207	570	1266	1017	30	142	455	153	557	1075	850	972	478	1082	466	242	268	1111	1304	745	444	957	1338	354	1310	825	996	168	162	238	932	1064	722	785	1224	606	1138	312	797	649	164
147	1171	401	95	1409	408	1012	381	230	1165	319	224	365	421	280	762	229	930	893	1392	804	12	1349	1260	1303	1188	340	1255	744	938	39	702	503	553	659	132	214	775	903	185	902	264	1056	923	848	96	278	977	1121	667
249	1302	292	1133	137	232	878	1169	236	380	135	131	973	181	562	953	857	1221	992	158	1365	291	1343	1231	842	445	38	891	615	714	34	584	1339	56	668	598	782	1039	352	851	1116	964	1026	386	588	1060	1149	834	286	514
311	1160	86	1057	1137	332	867	27	93	980	642	336	57	750	1324	1277	1258	262	1126	493	820	1361	1364	1318	671	739	690	92	693	1024	270	1130	49	1280	375	1085	994	823	801	1319	119	672	150	504	474	480	1046	631	1400	997
796	313	295	1061	8	359	505	1123	520	586	947	1047	931	1167	1234	221	883	1122	14	308	1129	1379	978	1320	513	1335	237	711	306	1159	647	484	952	1206	741	53	912	968	1184	1275	858	1417	949	1305	1269	861	669	1256	525	713
778	257	793	1257	738	991	560	157	915	328	644	1166	110	752	1248	613	80	50	1091	279	255	197	579	1363	166	1360	483	936	494	983	1399	1403	1074	1156	595	254	246	207	682	511	543	965	790	343	384	260	1344	1101	315	660
1408	508	982	355	608	37	929	1350	1141	1377	1316	409	515	921	477	161	62	377	510	498	293	449	856	117	346	958	580	1227	1362	1059	356	568	1029	743	638	561	324	88	854	383	111	303	397	566	1246	43	1410	771	1411	1144
622	155	1089	1278	366	282	1016	459	1330	307	5	1287	1034	548	1157	1326	1102	920	603	954	1006	1136	1386	379	1010	241	829	338	1252	1351	736	1077	1267	705	516	1284	3	225	1182	114	715	651	1113	1375	61	1004	400	1397	138	290
389	966	1396	1388	1200	721	574	443	1043	1289	54	1049	1395	430	1097	869	1162	1261	1322	1366	281	411	884	1414	468	662	777	1000	776	99	599	911	273	1298	1213	810	1407	880	16	1198	211	733	634	770	976	847	22	393	935	768
617	244	887	407	1183	1306	800	15	182	1215	402	1229	1371	723	1259	897	533	1263	59	335	412	1001	266	75	169	314	802	1145	1236	284	816	1333	495	1404	428	176	815	1094	499	102	300	173	1196	630	1209	1247	859	29	629	112
118	818	1065	105	730	913	565	297	532	758	937	531	675	141	438	589	718	1286	31	1389	789	146	60	417	231	253	832	4	683	754	779	708	1274	995	1329	990	148	719	1009	404	914	1354	1110	287	36	694	1367	0	283	621
951	274	107	345	1290	828	639	643	679	540	87	795	573	6	329	594	1150	492	907	1193	1301	1251	226	1147	48	862	619	367	350	538	656	835	179	1228	945	1268	200	731	906	940	113	420	600	559	549	201	52	618	1384	740
963	460	1008	497	587	210	950	981	1239	882	19	271	296	323	212	256	1072	817	25	774	1233	453	1325	479	728	98	21	45	486	821	860	1139	1174	1164	849	250	1181	726	1068	704	130	550	89	1245	635	1100	1011	616	299	190
1186	1334	518	539	1106	440	333	247	490	684	1093	571	1218	524	1204	551	788	476	1090	1145	1399	29	625	706	1035	1220	1066	235	273	296	656	421	136	626	1172	1332	1014	889	321	913	523	362	388	387	545	587	439	16	397	756
46	468	479	298	403	1286	1195	95	254	142	978	294	953	1413	530	1098	100	1238	1361	496	1110	91	979	1290	777	484	404	554	284	1417	674	260	273	255	1150	905	581	892	189	1214	212	1398	236	1030	593	1204	1173	290	907	276
19	775	933	738	261	716	1162	838	590	765	582	1174	1355	566	1265	464	618	409	164	542	210	596	301	756	506	1228	3	826	70	306	427	540	1125	855	958	2	679	520	1276	745	701	335	37	265	1046	608	268	1345	995	1344
240	221	712	262	1366	447	402	155	1354	547	1302	207	1124	103	576	1327	733	1281	14	106	1054	64	943	1032	426	665	218	548	225	1207	412	378	94	277	747	761	1003	896	974	195	420	570	1067	850	508	928	1023	1319	1121	842
307	311	1280	562	815	975	920	972	1072	194	994	822	605	1411	599	1323	55	53	314	764	170	123	692	1357	876	645	84	1339	23	1332	388	318	1161	411	434	1358	657	368	565	209	669	915	425	586	766	1112	1178	399	341	192
28	1165	1116	739	528	1099	1123	846	857	182	1318	715	607	769	145	939	1085	685	386	626	416	289	134	392	804	557	85	297	309	1226	1348	1285	862	413	1156	257	918	146	763	600	1183	869	1126	26	1147	25	1367	723	602	355
140	1199	358	440	1097	1027	1385	456	1237	999	589	177	649	595	1131	87	344	854	942	1406	1092	89	303	191	538	101	711	1107	924	1140	1386	1341	735	982	1104	131	1185	148	640	1153	1269	827	682	606	572	925	759	132	201	805
339	1223	820	36	248	190	327	1346	549	1379	128	847	1399	725	1064	75	1416	33	1337	34	849	1101	916	646	1188	914	839	414	313	938	1034	1231	44	171	395	1040	813	1088	139	267	612	143	788	737	151	231	79	741	1180	384
108	1190	965	351	903	1029	1349	963	232	389	710	1326	119	755	643	513	696	1313	754	1103	812	630	226	1009	1013	699	32	147	1128	1407	1200	811	286	385	129	516	1044	435	185	917	1113	472	1154	1218	269	233	110	574	732	461
1284	1362	1169	1289	706	633	243	970	1217	1222	537	130	1192	968	545	1031	1018	909	166	1058	651	652	906	648	419	1335	829	891	1221	270	757	533	1243	213	1045	211	1244	59	1106	993	694	1287	778	1148	877	181	65	275	1391	677
283	587	1365	758	779	527	253	1090	345	1069	445	469	950	714	783	463	1209	1388	474	930	157	367	1312	183	495	1324	539	686	1376	71	144	369	1048	12	1177	629	998	802	567	1315	845	770	357	176	1171	390	1050	179	160	342
976	601	889	172	664	619	1333	902	617	690	352	981	114	1206	196	1392	561	1256	259	193	727	971	894	1375	632	280	74	349	888	1182	1340	1043	433	1139	295	693	316	1028	199	795	137	655	186	598	60	577	115	52	611	58
848	781	30	383	801	112	462	1384	376	458	1268	808	149	931	1051	263	743	867	947	615	77	1321	1007	1371	1016	560	324	1143	1260	817	1317	689	594	824	505	883	1073	197	332	668	951	1403	748	43	831	1	1331	417	126	104
988	1307	29	773	1306	833	287	481	377	90	1036	154	911	1249	879	937	837	1065	818	793	13	1418	923	501	1246	1316	475	288	470	281	1272	1239	1070	1170	1168	940	8	1146	966	347	242	423	1075	408	361	1158	251	684	466	278
1389	1261	532	105	356	771	507	736	553	525	1308	785	1380	880	54	1038	832	497	841	926	405	526	271	448	1387	870	492	671	642	625	223	92	1194	1236	698	919	614	836	83	237	718	1198	809	597	1095	634	948	1208	49	291
436	486	784	323	687	1311	585	203	1251	158	760	40	241	135	184	169	913	329	1291	622	881	1068	659	1191	1135	246	1130	575	1011	746	204	1049	653	767	529	491	912	336	381	302	541	27	1338	807	1397	512	1052	555	1081	893
559	1025	700	1382	1296	961	1033	88	1149	558	1196	93	550	118	1216	1019	552	229	580	337	1132	438	851	936	1000	175	776	76	859	227	1353	428	556	1224	628	1142	359	702	603	1320	1232	803	546	443	1144	24	1299	1059	235	415
1159	660	730	478	1230	362	96	752	1240	1227	214	1303	465	205	6	967	331	1071	991	1374	1210	238	810	18	884	844	1412	583	703	1086	680	523	853	1414	708	1245	1021	713	138	1012	249	929	1026	1082	1241	20	952	293	627	762
610	751	1225	256	152	200	1119	1336	800	285	921	624	4	63	1329	333	1253	1167	1181	878	272	41	180	446	1186	455	1152	1005	1039	489	985	432	394	400	348	453	992	1096	379	875	908	647	325	962	641	932	454	1247	887	387
78	816	22	1062	62	1383	1151	1372	1164	1138	111	1074	742	1022	872	1267	675	828	551	840	1254	1352	1136	1102	258	638	515	672	1252	509	504	900	482	82	1266	1394	371	50	980	245	750	1408	1274	165	1041	1004	1193	67	45	955
519	439	35	1410	1322	300	167	1378	228	437	480	120	1172	874	662	871	616	81	320	1350	1001	1279	721	66	726	1314	220	451	620	398	517	449	1006	117	1369	161	1250	503	1395	328	886	1219	471	821	1328	69	1076	396	1155	697
927	658	346	98	744	1277	498	722	1263	219	984	483	1184	431	1008	882	1109	247	861	1297	102	960	292	1405	1017	1056	1179	421	125	578	666	780	1356	1402	895	885	524	73	584	613	661	354	720	852	1118	806	304	1304	370	5
1010	317	442	1242	654	1404	477	380	441	374	650	1163	136	198	1108	945	250	1015	890	266	424	956	969	511	1047	206	1234	621	973	996	153	544	536	187	1211	429	792	1220	499	244	794	691	644	274	1087	397	31	1363	709	173
373	1257	279	1145	579	1271	1373	215	224	704	156	407	282	312	823	1094	782	866	391	163	521	393	1202	319	1301	1083	1063	38	217	1294	858	977	835	234	1258	749	522	1084	1368	1229	430	568	418	1105	162	1055	683	860	728	663
1014	1201	107	673	1343	1122	97	1115	61	410	1127	1203	487	1066	609	208	340	1293	1133	406	457	588	856	946	1020	571	1002	740	1292	1053	490	141	819	1415	1282	774	500	1359	1035	1273	964	57	986	949	315	1120	1409	452	799	825
360	637	922	707	121	695	1212	899	188	485	935	959	382	216	688	1213	222	898	1264	366	1024	563	502	1288	326	42	604	904	957	1091	1160	830	1377	1309	1295	997	1189	1129	1255	564	569	543	1330	681	768	1360	168	990	753	338
954	873	1141	1364	476	1166	798	334	1325	934	1270	47	865	1117	1262	772	1396	467	17	591	1381	791	1233	1298	944	1100	109	623	1061	159	1393	1037	322	1157	1342	459	86	864	941	518	116	21	343	729	863	705	0	401	1114	573
264	1111	724	1275	631	15	11	450	897	636	10	1278	310	1077	39	843	1400	1057	814	488	99	656	1347	299	789	1259	734	372	473	178	786	1248	51	330	365	122	252	239	1283	531	639	174	635	9	719	460	422	717	868	113
1042	296	363	375	797	56	1089	1078	1334	796	1134	127	1079	676	787	7	1390	1175	667	514	68	1401	1310	987	1137	493	202	1176	308	80	364	1300	494	72	983	678	48	989	670	150	133	321	1351	1080	353	1305	230	16	901	592
1197	731	910	350	790	305	1235	1187	535	834	510	1215	534	124	444	1370	1060	1093	1205	944	1244	711	50	1017	445	1032	544	199	141	607	1318	1013	1202	121	1382	576	1196	383	767	993	933	1012	647	43	209	1151	834	248	334	1215
43	1251	1001	416	458	1307	375	1312	1107	1315	649	718	158	11	1023	139	714	1181	597	1090	969	844	1296	901	452	142	709	444	743	166	311	1031	432	1218	614	1040	1359	959	695	1328	1068	786	365	226	560	526	738	348	923	507
1297	323	1233	44	117	119	1030	622	87	569	249	705	174	1204	195	140	9	1410	459	371	868	103	498	1231	317	873	674	1345	49	733	1034	1241	1353	1352	350	149	701	521	1305	984	768	1061	1200	1284	542	884	1280	1267	1144	99
1136	1052	945	706	19	495	1042	565	56	653	354	442	6	711	1118	73	479	1302	147	917	217	765	1166	353	769	661	899	473	206	678	571	409	704	263	189	778	531	1216	1175	1078	1357	758	477	392	27	822	1123	809	583	425
746	777	102	732	1103	446	154	1217	1273	1164	1239	638	811	1276	219	961	1087	1339	1010	373	1138	918	506	1043	1260	1004	554	482	965	1190	1220	120	637	232	576	453	457	992	1037	1381	1363	847	1046	399	825	752	932	256	845	1405
1279	355	464	1173	966	501	1195	240	562	775	1029	1219	651	80	415	792	443	53	254	794	1380	172	187	1294	994	749	1229	351	1215	1349	145	28	869	618	688	300	745	1106	1128	1112	879	113	1051	1330	1145	633	665	394	1091	835
1120	532	242	580	1009	175	454	1116	285	740	989	995	737	1049	1131	1309	967	524	360	33	338	72	81	23	660	940	1041	1002	875	342	1160	17	1304	767	1015	519	712	1156	832	1361	304	672	1024	1271	76	364	42	1311	962	1102
201	303	602	1293	975	35	682	808	942	469	29	877	1206	491	146	30	573	1342	395	237	1035	807	1314	455	334	151	1373	734	685	1113	1033	337	715	1147	1084	86	297	675	95	1282	856	536	153	91	1272	207	332	280	164	1036
283	857	624	909	1316	1000	916	1075	16	370	1418	1290	1186	1094	209	349	208	1237	1369	1306	1126	341	700	1053	8	1124	887	836	1358	883	74	783	867	655	871	699	305	230	664	1012	302	963	40	1318	723	71	806	908	1383	1152
830	849	402	564	516	121	325	581	339	708	411	829	1379	1298	84	729	1390	656	964	48	724	1341	556	1066	385	874	1022	1374	1065	843	528	32	400	594	1223	374	1011	1416	1099	193	1149	1324	813	1351	79	647	572	273	1039	1045
601	238	220	862	831	57	1038	982	810	262	1227	1277	668	1063	686	1137	645	1347	1016	496	509	222	376	1370	837	483	357	626	764	757	1211	771	503	1044	855	63	979	952	1354	648	588	1245	820	1248	196	591	726	872	1386	613
904	1225	548	1274	1077	1261	603	520	133	833	985	418	127	229	866	1301	463	397	596	544	205	58	776	658	504	124	534	316	753	1074	47	1076	406	632	467	1098	713	1327	486	631	356	1326	1382	462	684	369	1148	1095	381	550
1317	1060	1028	108	1214	570	111	950	654	773	328	264	488	561	690	116	930	748	290	1256	1396	912	934	478	310	1135	126	97	315	472	476	739	319	1334	605	233	1394	1093	888	1411	898	22	1146	296	188	203	474	448	1199	1151
440	617	1132	284	943	646	245	1308	839	1400	1249	412	439	530	1332	928	1167	774	250	761	991	421	359	677	379	12	598	21	428	621	331	10	1188	65	913	1378	518	639	505	970	1232	1288	529	864	324	895	722	1139	499	1119
762	291	1295	247	221	1125	170	218	537	41	427	1263	784	309	62	77	1377	1212	1222	1163	270	322	1201	543	194	131	167	466	513	710	522	1197	742	484	976	788	490	45	623	1402	1236	1275	106	1019	986	949	429	181	1281	1209
812	1082	1105	346	475	152	819	423	1203	667	643	1224	299	702	269	731	1187	243	707	1337	716	852	906	1344	366	110	1403	671	1412	1291	627	435	1155	68	781	330	162	800	1007	1165	727	410	566	214	200	881	698	92	834	132
31	1389	629	642	756	1179	403	1310	277	225	178	159	1409	78	1258	1054	826	968	1109	0	26	1264	138	514	551	24	988	956	1020	1208	430	1162	1070	183	244	508	417	893	1027	1158	268	1130	941	1283	954	691	790	1287	210	272
82	1230	109	854	1198	1333	1072	1101	1331	924	880	741	610	382	1254	176	336	747	804	5	1235	333	282	1073	59	681	384	485	1184	1143	134	1161	795	89	424	136	1371	1268	1299	227	13	480	1134	361	497	555	198	460	515	320
1391	1191	947	779	1183	135	905	118	115	1018	160	1350	919	575	1194	903	1013	669	1343	128	213	1202	1111	1325	471	148	1100	15	679	687	993	465	558	445	1059	335	1368	772	552	933	1047	766	1243	105	38	52	972	1346	481	51
1168	231	1176	419	853	894	604	848	1117	468	104	295	1141	1221	582	329	179	396	100	824	144	744	327	168	1169	1376	450	960	137	184	1008	449	199	246	1207	1300	634	235	703	878	1252	380	616	50	1401	398	93	587	780	1322
841	275	785	1372	314	802	266	389	983	1056	1005	1174	94	803	192	720	85	938	1406	306	321	625	1360	973	1244	340	98	751	974	1303	900	782	549	584	882	760	1032	1259	239	533	1182	821	922	386	216	274	978	1092	141	936
815	70	191	797	293	1140	870	161	3	585	590	754	897	1366	951	628	1192	1240	1413	413	1071	935	907	377	358	404	456	1387	818	1196	611	165	1083	1375	717	538	1150	770	312	1079	1114	977	607	517	630	636	64	405	910	1178
344	215	689	641	891	719	644	258	1335	1397	1080	600	652	568	666	298	1050	981	914	990	892	640	557	1292	129	635	911	362	620	1262	1234	383	840	1058	1364	846	850	433	1395	1193	1189	858	694	271	599	1257	500	865	431	859
1348	612	510	971	523	252	827	367	155	657	447	925	46	1014	1313	372	18	1265	1213	670	1115	725	1081	1269	67	535	286	1250	287	563	885	157	1270	615	1398	1238	182	1321	683	1127	1286	659	595	1021	204	36	1399	796	997	816
609	828	1385	546	1097	107	1367	408	197	259	260	608	817	920	889	735	368	1067	728	426	1089	289	915	673	190	14	799	789	69	1338	958	805	1404	860	487	441	1278	998	527	1323	422	60	1355	1006	1180	1414	436	313	663	292
791	838	347	1226	1289	37	224	1170	451	1122	1210	577	420	326	1085	801	946	921	937	842	112	793	202	387	55	470	363	1171	251	301	388	929	545	1407	223	1319	4	391	896	736	1205	1329	1157	378	511	83	171	278	539	156
1086	787	241	1356	1025	999	1159	2	1285	281	996	88	574	434	401	1026	288	236	343	493	345	308	186	750	1392	177	1153	798	1129	489	1088	1365	1057	261	926	1177	1228	101	1062	414	276	589	1185	886	730	114	606	1417	20	586
763	39	1096	61	122	944	512	876	257	1320	1242	150	957	248	953	1154	823	592	7	1110	130	494	696	593	253	525	255	680	1121	851	1017	1340	25	163	693	1108	265	863	461	541	697	212	540	294	1384	861	502	755	987	169
1064	96	393	1247	437	407	955	721	1415	927	931	123	619	1	90	318	143	173	1388	267	438	692	980	1336	492	1048	902	1266	1104	228	578	1069	34	890	553	759	390	1408	814	1255	1142	352	125	1362	75	234	211	185	1393	66
279	1055	547	650	948	180	662	54	1003	307	676	1253	559	939	1246	1172	579	1133	567	49	1135	950	1242	146	100	718	517	1193	431	1069	1327	704	1378	190	537	965	405	407	106	1299	439	424	889	756	576	189	1207	276	1035	587
642	1176	921	738	916	1193	391	1283	215	998	211	1234	132	152	578	962	23	80	31	850	815	1260	1139	177	1316	358	680	777	434	926	997	32	394	1122	1274	1298	267	452	39	1242	965	591	940	345	1136	300	802	1335	487	276
99	1005	544	957	1209	1314	1311	518	1312	894	461	1098	703	1220	990	1218	1190	478	545	356	1376	825	1096	1013	567	668	1080	107	1008	806	53	223	498	261	303	583	1006	1349	974	1212	571	1164	486	696	542	1057	42	547	318	1291
426	1104	1114	1029	605	757	1051	647	1417	690	582	505	427	1250	727	361	1094	1020	145	1391	746	787	21	1038	1077	1345	256	1074	760	413	1232	1261	1351	937	1373	1266	331	1343	845	353	1285	1241	573	1078	123	369	664	509	87	268
1123	1402	706	508	1035	1054	400	645	379	1052	504	1358	296	202	1142	615	1303	206	660	831	1113	1412	575	536	1394	458	182	1254	685	1370	881	488	1053	919	626	1418	761	960	619	363	1369	1215	1267	218	938	918	1132	643	841	108
949	435	910	1169	526	1056	25	158	599	1099	853	1068	370	78	514	580	1401	262	174	446	387	890	1130	1341	175	451	785	701	307	1061	979	407	834	260	401	131	1319	766	1249	925	481	203	1069	1011	744	239	1315	367	705	1014
1197	930	531	255	1089	781	742	1395	1415	243	1093	1070	1237	752	859	553	228	1296	1398	259	661	290	1389	1016	717	1397	1273	1338	1157	1407	26	783	786	456	745	70	343	35	803	2	1153	468	1392	1339	552	951	1146	111	1010	1322
1004	332	843	770	1269	1276	495	227	199	340	390	780	934	549	1039	963	1161	713	837	433	533	628	0	52	864	305	113	952	1413	167	736	858	237	1009	708	718	1075	1177	648	707	153	1205	1374	1238	856	641	1329	1026	271	1317
1171	800	667	1128	54	762	939	681	221	30	1331	1085	586	185	555	1333	764	1280	208	1000	1050	972	1149	130	630	516	1081	1199	827	324	181	240	315	905	1308	1219	93	1357	819	812	1228	695	872	247	945	173	419	882	1253	1187
1393	877	799	720	1353	886	328	875	317	980	270	942	927	180	43	81	899	320	179	889	430	82	924	1060	286	1117	493	700	157	866	200	1063	558	383	409	13	981	1259	14	985	618	835	1375	692	900	1293	253	341	755	510
1368	217	144	289	852	758	771	439	961	386	851	824	1206	1066	1255	448	1076	964	275	635	309	986	592	1352	334	1091	699	311	118	176	301	138	838	1131	1102	946	589	646	601	1158	885	857	870	336	36	60	1159	519	68	574
652	150	7	917	554	842	1147	833	1048	600	691	122	665	1346	909	1302	719	1143	66	1109	98	936	1404	411	163	441	576	657	593	1301	1086	396	795	295	1310	1107	229	471	637	991	1172	205	160	749	368	351	231	941	489	470
279	1001	297	292	90	551	166	602	326	337	97	422	863	737	453	1233	1160	149	1111	316	973	1184	774	506	751	535	1092	162	712	365	959	1366	473	1129	1367	1162	1021	729	428	791	735	711	444	596	649	1148	1137	1306	381	887
849	373	492	666	1381	388	878	689	1362	1203	1121	794	201	895	281	584	636	424	1045	754	77	1134	8	609	977	793	1116	966	293	1235	1059	1145	284	242	1388	722	258	187	608	406	598	1227	797	743	1168	512	734	1214	1155	694
1018	16	159	198	89	855	529	999	346	20	1307	46	1336	377	490	463	460	611	1396	1271	477	469	810	299	1300	238	1290	1270	50	421	867	954	659	1105	88	1106	839	1251	62	817	1072	1033	790	1144	287	502	813	1405	304	581
1028	269	1175	702	750	1200	17	1135	556	933	678	1065	74	915	225	1062	76	1279	4	1264	437	975	105	12	996	445	976	1262	226	1044	104	530	241	1313	75	768	327	482	540	371	572	423	726	656	499	805	110	577	677	357
704	546	1248	523	325	1150	49	1334	1124	121	1299	398	869	466	248	562	1355	1414	730	1019	655	906	192	323	557	96	1225	1174	1386	1079	484	1185	135	865	989	670	1265	588	898	710	109	184	982	291	715	1243	778	610	151	830
1377	410	1275	1268	503	483	654	594	210	671	274	1195	137	888	5	759	798	139	51	644	1126	1152	904	1178	190	161	1240	71	209	1361	1087	417	116	374	61	333	820	724	467	384	807	405	288	399	33	418	658	395	604	983
344	958	1046	63	213	684	1127	539	1408	1372	840	1017	1347	651	1179	414	1002	155	500	992	603	748	1252	521	47	194	1224	725	763	1133	29	280	355	1387	632	1256	378	1416	1294	38	543	58	880	348	1064	679	968	1025	1406	935
73	402	688	1034	1324	816	154	389	1047	672	613	364	522	432	416	1166	472	420	1327	860	532	987	728	1222	1042	1383	595	1156	272	883	1403	792	100	57	614	178	224	197	219	929	193	1202	134	862	1230	1040	165	874	408	1115
48	675	548	212	1183	1055	769	251	1246	1101	585	232	447	170	568	9	372	64	779	1348	1244	1247	808	912	1344	1410	497	528	141	511	525	69	565	1363	40	524	1239	91	956	246	1399	517	115	462	1007	534	984	126	34	1165
245	67	6	669	871	697	1140	822	756	1321	1342	95	570	801	902	739	1288	564	207	1188	1272	442	283	22	782	1170	188	1382	140	120	393	10	953	148	1031	147	397	1371	829	454	809	846	1181	978	127	709	631	893	491	222
1125	1082	818	639	922	663	254	216	359	1003	119	86	234	891	676	1083	673	1173	653	741	1292	1108	1012	1320	947	1095	1258	884	772	1380	828	836	903	252	102	342	335	537	1151	515	1204	1281	136	385	501	776	476	682	128	479
693	313	350	1022	683	1217	339	496	950	920	969	278	559	265	277	520	624	312	449	266	298	1032	1030	1088	640	1226	732	189	106	587	282	37	380	993	796	133	366	811	349	143	83	911	250	459	169	431	1221	1400	1340	196
1090	716	597	440	868	560	142	1167	249	1210	475	129	1350	146	347	1110	233	1024	1231	538	931	1036	620	1180	1287	1390	1100	767	1015	112	45	114	622	740	392	733	294	914	257	634	236	1	164	901	988	627	623	814	789	214
455	1409	117	1337	1163	541	285	848	955	566	784	527	1277	944	457	1138	1198	172	876	907	306	943	873	415	550	27	723	1049	1191	1071	195	821	319	765	436	1385	465	1284	85	220	204	698	621	1365	1103	1027	1041	1213	686	1359
79	1245	731	1263	1278	1229	362	1207	590	375	633	1216	84	896	321	1043	308	329	928	15	1201	94	606	1354	263	747	1037	41	804	714	1097	156	19	474	721	932	330	1196	124	1282	629	1119	494	1073	753	310	425	450	1378	507
1208	44	1120	1318	264	971	823	832	1186	480	244	443	302	322	1384	844	897	403	314	1330	1309	1118	183	125	788	923	382	892	56	1304	616	1323	338	1236	3	59	847	1297	967	171	687	773	994	970	1326	662	1112	1328	1141	103
168	1364	1295	861	1067	1154	625	579	412	1189	607	1211	191	1084	376	1360	92	72	101	854	352	908	18	563	617	1305	1194	995	913	360	638	186	1325	1192	1356	485	879	404	273	1379	1058	948	612	11	826	1182	235	1289	65	1332
464	230	569	1023	354	438	775	28	1286	561	55	1223	429	1411	674	24	513	650	1257	144	342	1192	1019	906	1395	16	732	439	544	263	88	606	768	274	453	211	971	318	618	1102	1299	712	1293	215	898	889	564	362	1393	861
1304	1040	612	1052	859	559	1269	440	523	1390	1016	470	512	128	285	609	582	651	43	766	1394	28	1159	933	1006	1197	249	313	708	125	342	516	756	1210	219	643	743	178	703	1065	32	806	1075	653	958	584	415	855	275	406
328	518	1416	338	666	715	1067	1407	1008	1337	1393	396	1315	661	235	151	1087	734	1333	922	299	1221	1308	18	837	333	1237	266	1214	479	40	59	1182	720	659	490	1020	1053	1251	542	731	803	409	704	556	331	1218	314	189	694
216	200	834	247	256	434	1415	227	709	394	482	1367	1325	823	486	625	1156	626	795	254	427	86	607	563	348	1291	1294	701	717	830	126	56	1152	1017	763	782	617	1109	849	934	774	938	796	231	552	1183	35	364	660	663
578	1327	1392	771	104	1057	576	1188	1145	1119	332	1358	83	1359	483	950	389	322	455	1231	393	851	1274	1363	0	161	1344	17	416	79	1086	1026	1106	992	568	138	897	1164	90	1148	879	241	925	1013	407	937	1381	670	1018	350
850	289	746	456	780	346	159	1071	420	1398	683	808	213	1105	340	65	1277	1160	123	3	769	718	545	773	770	245	810	1084	982	558	1082	1099	1324	707	990	205	1239	1114	706	183	211	203	638	294	1039	614	955	268	1232	164
965	528	1354	1127	527	740	278	1293	589	129	1395	253	1036	41	800	117	1406	858	124	206	967	34	72	866	531	1027	8	564	325	534	1139	1227	113	1037	997	172	1066	1271	179	1000	67	1314	361	267	503	237	985	61	1048	907
836	506	413	622	1261	500	585	573	31	336	1192	209	1405	579	185	212	431	1267	633	828	741	677	685	273	1195	817	80	793	875	1317	197	270	414	973	368	824	1104	152	888	529	1061	557	365	1252	181	136	10	187	692	1128
1211	1295	491	1140	387	887	1153	600	405	777	269	344	226	932	408	1320	959	1045	410	180	50	939	291	194	1409	5	1110	248	540	1113	574	1413	744	892	1190	1380	618	913	46	388	82	69	451	572	698	425	1282	47	1073	137
505	433	225	145	905	112	869	945	372	358	280	66	2	586	1223	654	1302	1331	1074	610	116	38	580	1009	551	656	1235	752	906	374	736	1043	376	784	691	214	462	639	974	1326	58	619	1256	163	1038	1079	844	902	577	801
343	308	1178	489	1031	712	870	1311	637	1240	1342	458	87	575	139	726	1208	588	722	335	566	319	968	102	395	1158	1378	356	605	1004	1186	1343	555	36	587	1270	635	818	481	872	1225	1203	39	1112	646	106	603	903	757	831
762	1338	64	385	723	7	1365	1384	1024	77	1318	1124	1033	919	497	1272	381	838	488	1059	1023	569	513	446	1098	1350	175	1051	339	1396	1230	1418	750	688	1168	655	662	477	201	1408	171	1146	1248	89	369	1135	1126	1012	554	127
1123	23	553	45	1348	517	94	184	250	983	725	1353	259	1002	1288	48	947	1078	351	162	222	1028	49	76	914	1199	597	1154	324	402	999	1254	1118	789	498	1345	21	1377	1356	303	901	302	602	522	92	380	877	1262	910	1275
868	74	532	565	1357	165	908	867	854	367	753	24	207	978	108	786	1187	686	418	936	1299	155	403	988	1180	399	989	1402	511	118	926	1366	301	443	1029	835	430	1147	97	682	883	942	970	441	852	695	1263	334	561	448
320	1339	101	1096	1321	442	1103	788	1046	599	842	265	1092	1296	658	366	647	961	202	525	445	623	258	1347	1371	665	689	783	131	981	510	696	215	820	276	699	930	785	509	896	536	119	452	99	261	1144	1241	306	735	373
1181	745	1375	1077	426	1170	1207	122	1276	923	1322	419	539	363	386	848	467	81	964	949	1209	321	1307	993	1259	472	742	1400	198	856	1316	802	861	345	1264	147	807	1387	1044	971	915	144	236	1134	464	1091	1049	360	260	641
521	590	495	142	317	244	461	1319	1141	962	436	341	93	153	520	1388	304	1032	1369	889	135	450	318	1108	544	815	485	1177	435	979	1379	1205	857	1058	193	1050	918	1335	533	787	13	571	439	53	157	705	96	1336	1362	1136
840	168	880	874	438	645	1093	305	772	943	882	501	507	277	52	972	1107	54	714	583	210	1287	170	865	149	826	1056	169	667	1083	1095	242	680	391	1163	298	954	1120	1417	1285	274	747	650	921	1412	188	460	1062	1198	1076
233	940	295	976	103	606	581	75	73	1346	1069	593	323	668	417	562	232	6	991	537	1081	63	423	502	271	466	1102	548	847	1361	515	1063	1121	1150	349	437	1068	898	1411	223	1329	1161	1328	173	33	878	1129	60	1414	282
778	22	311	84	601	192	25	733	480	1007	567	476	1042	779	1360	292	1116	871	673	468	730	1022	1072	1305	1165	1278	767	11	1025	1289	931	543	42	657	944	640	359	797	375	499	935	262	449	776	649	1404	928	1340	300	1351
424	9	246	839	862	484	1184	1097	240	120	160	546	1376	1101	444	1054	475	827	514	398	492	864	110	421	1090	927	1238	1265	71	1382	754	1266	620	230	595	111	263	357	1215	1303	88	312	196	652	1410	719	1397	504	1194	1298
465	1341	809	1133	876	881	148	1111	400	833	62	315	141	748	1250	713	307	1100	91	1080	1216	596	969	1070	811	154	884	1	352	239	1162	390	290	1273	792	1245	1373	195	1301	469	70	825	644	893	1374	560	1401	764	629	912
20	1010	721	296	863	894	636	1399	326	115	761	679	1206	95	329	678	1115	799	182	790	669	220	337	822	615	674	1349	957	1125	1089	987	676	208	1171	845	401	143	1035	1151	133	986	1258	288	541	956	608	1283	841	729	428
886	78	749	1138	627	478	632	457	697	1117	524	781	952	885	1300	1286	218	804	530	453	150	711	1060	309	890	166	85	1290	327	812	1217	1172	134	1219	264	951	30	1281	234	1166	1155	1255	1226	251	55	671	199	1132	370	948
463	272	693	1088	1389	114	383	447	1323	1142	980	924	284	634	1047	1403	107	286	397	1003	1310	755	378	1247	473	1242	454	616	496	255	377	429	759	109	716	310	684	1243	550	27	243	100	611	1149	1249	1191	1383	287	1196	1015
4	432	1229	1179	19	630	1220	1131	891	998	960	700	422	1055	710	224	1236	98	14	675	1143	963	1297	26	1368	293	1364	724	297	1167	916	728	904	68	791	687	471	829	411	15	570	362	316	1244	1257	493	1212	765	843	1174
732	794	57	1137	1176	1021	613	911	1306	758	1268	1386	900	238	508	538	917	966	977	832	798	1330	1034	283	186	984	631	176	1279	1202	672	130	996	1352	1309	1253	813	648	229	768	621	1233	1001	177	16	920	191	384	953	816
860	190	1260	1224	1213	156	1280	805	12	257	642	895	1094	821	1064	1370	547	174	51	1193	549	355	1372	412	1019	404	946	702	664	1313	371	738	751	204	1157	1005	1234	853	690	217	29	1391	279	1292	604	624	775	140	1014	519
44	929	1332	975	167	1169	353	1312	819	487	1334	535	354	1200	281	105	737	594	1085	1355	909	221	526	252	1189	1201	760	592	1228	146	941	995	1011	873	1030	1041	494	628	382	1173	727	1204	459	1122	598	37	899	132	1175	1385
994	846	1185	1246	121	158	591	392	474	1130	228	330	347	681	739	814	1284	1222	379	938	1004	347	1268	1371	1301	1242	1342	872	611	922	681	670	774	588	698	734	1141	7	296	1260	1132	1142	1353	802	311	508	1401	1033	628	481
1346	169	153	100	129	750	621	952	434	977	662	274	770	39	982	1194	1257	15	733	471	1337	1242	209	947	792	1248	41	358	670	17	316	315	239	151	580	498	486	1274	1331	406	787	338	962	53	20	303	676	1033	1291	18
27	9	1204	1268	1290	1108	724	1146	167	1168	1192	567	1104	934	689	157	943	971	477	987	561	425	630	1075	188	337	753	1005	1118	1129	1045	593	1287	620	830	1061	1376	1140	1024	136	331	484	529	318	1041	1241	63	185	1064	336
103	996	34	42	1213	71	1046	672	107	808	1282	885	1137	1171	890	868	1314	622	742	30	277	574	613	659	909	1125	1238	717	511	877	1208	1069	551	1083	1014	799	66	774	727	506	14	197	52	1260	1382	292	804	979	641	98
913	612	783	1237	1215	1138	1163	960	790	1294	1370	1401	859	812	546	339	789	611	927	1079	397	509	908	216	616	456	894	1020	697	1049	1392	324	47	233	655	1082	1195	1418	19	418	1197	544	833	478	889	211	254	632	809	1128
998	502	368	1198	439	1364	1043	451	826	1286	333	615	829	582	519	757	526	235	45	226	1022	32	636	108	1084	991	693	795	1395	1339	926	309	132	150	393	558	537	970	922	198	491	171	822	1101	1367	591	997	1166	523	831
1121	703	332	836	156	1313	313	184	777	392	1053	1044	1115	639	858	1328	902	1253	168	357	1310	712	1048	1311	535	680	193	637	552	1023	1307	443	737	669	1036	488	213	988	525	930	1301	72	1281	942	1278	281	448	627	143	1153
179	138	1240	743	1102	1062	539	295	570	344	1403	853	1357	312	1058	113	644	205	1182	1093	117	701	190	245	1280	1205	1243	865	416	146	262	1323	1095	1277	1021	549	663	147	1396	854	1368	445	261	255	866	1002	834	878	1284	869
608	1417	364	114	965	928	1029	363	1107	1091	323	181	1289	96	82	1409	163	648	158	907	112	444	1203	1377	1267	109	584	469	1183	1180	755	1092	1266	263	257	604	377	16	516	0	686	900	545	562	840	1390	566	1351	679	1231
493	624	665	950	963	1261	1359	401	479	711	200	944	1057	1308	905	430	93	1179	597	564	275	852	667	1060	1259	1250	772	90	550	675	1326	116	1245	1164	647	714	1312	1404	893	411	210	1086	677	1378	1385	326	1214	1265	1103	1211
681	1218	1304	706	828	389	547	404	720	924	832	371	1178	744	279	120	449	490	1414	240	976	252	1335	217	1332	589	587	961	1120	67	1408	794	846	354	957	945	196	453	427	370	189	568	782	1055	214	126	575	660	596	633
883	408	1080	610	705	864	682	413	287	475	599	201	251	1141	1032	1411	825	898	1345	993	860	975	174	891	320	1299	58	1112	964	497	325	1165	353	1157	442	349	46	228	1154	994	149	899	215	500	1155	64	1099	1116	1122	635
128	1135	980	396	1303	1415	1384	507	748	1006	1008	118	572	1317	904	1222	793	1144	1025	1219	543	187	334	192	273	1302	65	807	773	536	7	769	29	969	391	1000	752	617	85	335	735	781	115	373	288	51	819	619	594	165
278	154	1236	462	26	721	246	1342	776	24	1011	1353	464	684	708	383	1200	1239	81	884	779	1	588	614	101	470	54	1262	499	956	1132	183	694	925	1252	70	508	1071	510	855	83	86	841	437	629	494	88	983	119	99
731	487	249	236	431	802	280	290	106	5	145	361	521	1399	1407	605	28	1256	110	285	1136	687	1063	272	441	815	293	1374	548	916	1324	380	342	44	1068	642	178	638	415	557	203	283	640	48	1355	412	1380	1227	92	520
248	579	892	1123	581	1117	367	91	862	50	839	867	653	1119	256	244	1300	317	343	1152	921	144	887	476	387	1111	981	532	186	989	2	785	556	221	346	59	847	131	1130	958	1249	1052	984	125	1397	1318	527	463	645	1131
379	911	1319	286	999	1059	1100	875	823	643	139	457	1348	1391	160	1279	195	818	124	1366	939	300	398	1216	1018	903	691	374	1255	1167	472	881	1077	440	77	800	432	384	123	104	857	465	1190	1383	850	1225	1047	972	1191	1073
423	260	289	992	1264	603	241	767	1327	1114	250	835	1051	399	455	1373	746	803	1221	400	55	973	626	305	554	121	814	1149	1387	386	1220	1358	986	438	798	918	176	1388	1175	265	161	1389	328	229	788	137	517	4	598	266
725	84	1206	1003	207	1309	710	838	995	1106	25	40	302	1361	6	917	426	1189	805	407	458	473	524	345	355	699	1148	666	1039	702	1365	515	756	935	560	1223	656	402	780	618	1185	375	433	1271	127	298	1007	1143	1224	141
403	713	1325	657	1322	920	1362	1017	664	530	3	896	388	1273	736	372	294	191	948	607	1105	10	496	405	1306	915	1416	271	1258	1147	1028	968	102	871	1338	990	31	941	914	429	269	534	863	1076	1196	505	454	673	801	985
43	514	820	1354	1315	553	762	1010	1074	362	225	33	122	813	1188	350	1298	601	937	650	1292	259	1109	938	668	180	1097	218	152	726	966	459	1246	1329	142	222	202	1402	683	573	243	199	1150	571	837	420	1363	646	231	360
563	1174	1139	729	1381	365	1042	1087	949	674	1400	600	1004	768	194	816	1081	761	923	1296	873	1394	559	341	321	1254	1412	1186	359	759	208	821	1343	1096	912	845	861	69	882	946	1177	953	21	308	722	36	1352	695	12	851
422	466	238	1334	1336	220	38	1110	175	282	631	784	651	22	467	876	212	1230	450	140	1126	771	1088	11	707	856	1172	247	1321	79	1269	1019	910	1030	1232	173	1184	1142	843	951	901	932	204	177	13	849	751	880	352	592
533	1070	730	307	382	1285	1228	1209	1013	1159	1009	329	232	159	1072	1181	1034	447	978	936	1347	234	1413	291	94	297	296	1145	428	390	1202	810	483	1229	409	452	583	888	1169	378	602	555	414	1201	230	1393	242	796	23	155
1066	1369	811	424	766	310	78	1234	148	1333	806	35	284	135	105	268	954	715	590	749	481	1207	929	1316	376	1272	585	1127	492	417	446	738	1276	817	319	474	522	734	528	1379	764	623	565	1187	1151	74	1288	1344	1371	628
1065	745	503	576	1134	698	874	634	739	541	49	688	1360	1089	394	895	89	1012	1035	1176	1330	1233	164	480	1270	879	1350	1341	340	1161	578	1295	460	716	685	1293	330	62	253	482	1251	1113	540	696	704	166	1078	461	1050	577
1124	75	1015	959	1275	1085	485	304	1226	369	723	569	518	1372	1217	130	299	1405	824	827	133	1349	134	974	495	37	1199	182	57	897	61	227	327	1040	351	468	654	366	381	419	258	1160	778	1210	870	791	919	1375	842	60
1098	322	1026	758	1340	1090	1406	1398	931	436	206	224	1235	504	1162	301	76	395	760	671	728	1173	348	1263	97	170	385	1056	162	512	1283	844	1133	652	747	606	1193	87	314	1356	595	1054	513	347	797	1016	1247	410	80	531
421	872	709	754	658	609	1158	940	906	264	763	625	649	786	489	848	1244	775	718	1037	95	740	661	356	1297	765	1038	1410	1212	933	1305	955	690	586	270	692	538	311	1386	741	501	1170	56	678	172	542	1001	435	1094	1031
68	700	967	8	886	1027	276	732	1320	306	1067	719	267	111	223	73	237	1156	219	256	171	115	877	70	1038	1021	1256	636	108	683	751	1353	1096	1408	891	610	57	135	1288	89	164	157	1277	1019	1086	769	131	872	470	737