2,1
26	111	193	58	180	227	83	144	99	142	181	55	109	166	167	202	132	61	117	201	70	194	76	59	173	236	155	24	68	190	19	98	35	47	131	208	211	146	209	102	171	159	183	20	207	5	195	199	172	120
49	1	2	124	60	10	63	56	46	6	78	119	116	52	69	138	214	196	7	238	39	130	165	87	176	203	103	127	229	170	72	226	222	91	223	215	43	169	21	184	37	198	75	187	237	186	210	154	189	95
148	67	66	168	22	38	234	225	101	192	224	136	232	121	204	114	149	90	41	80	105	81	32	129	106	48	110	25	53	17	147	51	14	152	82	84	220	29	3	23	128	45	161	97	191	42	160	79	213	12
112	11	185	85	134	143	162	178	104	34	108	50	163	174	175	4	133	44	96	212	28	135	145	182	216	71	118	188	235	137	74	231	218	94	151	150	205	93	18	27	36	57	31	65	140	89	158	30	86	92
141	126	153	13	197	77	230	179	177	206	219	200	33	62	122	107	88	54	139	100	16	115	164	40	0	73	8	233	157	221	217	156	123	113	64	15	228	125	9	182	134	151	216	211	95	73	222	67	191	24
226	50	108	195	113	162	57	213	64	139	188	75	32	12	11	124	120	147	93	102	18	59	62	198	210	180	223	161	27	44	174	159	45	181	175	123	35	112	201	43	83	90	194	155	212	39	169	204	208	8
225	101	63	119	148	89	220	170	52	78	183	178	7	233	79	218	227	152	160	206	66	36	117	143	185	42	33	228	163	13	177	53	229	104	67	30	6	37	150	9	122	232	92	131	142	137	5	46	31	149
138	22	49	38	71	73	14	41	224	222	197	172	203	200	236	234	187	237	196	158	24	23	82	65	184	205	76	157	171	20	127	16	55	192	28	69	51	106	97	15	230	68	125	219	145	96	17	99	34	47
209	182	146	110	21	215	88	48	211	135	132	84	105	10	72	136	54	173	98	176	100	3	114	231	87	85	221	235	61	190	29	191	19	193	199	186	0	115	86	140	1	133	217	26	109	116	202	128	167	207
151	4	214	95	40	126	144	58	153	56	74	164	2	107	166	121	70	81	165	111	103	134	168	189	25	77	141	179	60	216	130	91	129	94	238	156	118	80	154	108	195	121	128	27	138	26	107	22	25	151
67	220	226	195	60	125	148	74	80	228	180	109	86	137	173	156	46	19	11	130	235	139	131	35	61	17	209	216	4	119	99	62	168	43	22	63	182	112	48	134	227	150	56	98	94	191	128	45	96	81
7	206	230	183	217	167	2	196	103	114	162	65	110	18	10	87	101	29	70	77	207	142	165	179	97	49	234	187	203	144	201	138	42	5	215	225	3	194	85	68	53	72	192	232	161	69	166	64	47	71
59	54	198	155	127	205	102	50	129	154	208	229	157	199	218	190	52	40	83	92	27	221	16	174	200	117	171	213	39	222	184	204	15	55	145	89	164	124	193	121	149	51	132	126	233	108	0	152	12	38
113	26	66	76	116	219	100	197	58	231	237	13	136	181	107	212	106	73	120	175	84	105	118	214	176	170	189	141	44	21	163	177	210	75	8	122	33	88	224	91	186	104	172	24	82	9	23	135	178	57
31	79	140	160	238	211	169	158	111	123	188	151	34	20	6	93	25	37	146	30	32	202	147	90	223	36	115	14	133	78	159	236	1	143	95	28	153	185	41	30	173	17	163	168	7	117	119	143	144	166
121	179	100	10	112	92	172	177	21	168	77	48	123	78	102	221	44	61	79	95	186	26	229	64	217	148	94	191	212	35	194	169	76	39	14	58	160	220	209	52	224	22	104	3	130	152	163	134	206	74
198	11	236	167	31	200	36	93	81	108	68	47	232	115	216	203	228	42	113	137	59	199	143	60	55	189	56	180	19	170	116	125	202	57	223	66	226	237	67	37	91	0	90	222	201	50	9	2	213	166
188	218	132	207	114	101	97	156	165	5	205	149	103	34	99	17	215	89	45	29	43	88	65	72	18	183	87	159	135	120	73	107	16	211	23	71	24	174	181	46	173	4	38	106	85	190	12	15	82	195
178	138	40	83	210	33	20	80	238	140	141	49	235	30	219	154	185	129	69	131	233	214	8	176	196	184	124	182	118	25	230	51	110	54	231	142	133	63	84	208	175	197	127	13	139	53	7	158	6	28
70	98	161	151	62	193	157	204	105	111	96	136	164	109	150	171	32	75	147	1	27	117	128	227	41	146	86	122	145	153	119	187	234	225	144	192	155	126	162	8	46	162	73	166	194	23	36	189	234	187
42	108	187	106	117	47	91	87	201	105	221	198	238	134	145	220	191	152	113	92	181	204	51	188	213	176	131	121	94	168	13	86	154	177	111	133	214	56	17	8	230	166	124	130	211	237	60	80	132	174
157	178	125	137	53	48	185	11	232	193	115	208	228	116	68	96	215	43	95	41	57	90	199	143	141	61	235	76	165	205	93	182	196	49	170	148	83	122	33	69	136	23	20	114	218	58	110	139	112	62
29	104	150	169	77	210	229	75	36	103	39	219	189	144	32	18	175	0	190	65	31	119	135	194	1	173	89	16	19	22	160	222	164	158	27	197	35	28	98	123	200	50	63	151	37	40	156	85	163	34
7	44	231	26	153	120	171	183	126	72	212	54	179	209	2	30	102	155	12	142	167	236	88	223	15	70	226	84	180	184	225	127	172	101	99	79	10	71	38	192	59	159	9	46	81	3	73	118	109	162
195	107	129	64	55	45	227	203	217	67	21	5	233	25	147	161	6	82	128	74	24	97	186	149	66	52	138	4	206	216	14	207	234	146	140	78	224	100	202	183	93	91	198	28	114	129	47	225	154	21
171	167	34	52	202	116	80	237	63	144	65	173	109	102	225	156	84	104	38	118	17	53	88	82	119	214	8	47	27	121	120	162	124	24	145	203	134	60	126	128	236	0	26	70	238	196	92	30	90	153
183	159	20	16	89	66	141	136	15	146	190	95	148	205	169	97	140	152	28	184	56	106	40	191	54	213	228	94	113	220	185	170	188	45	207	139	107	226	93	133	143	189	48	57	114	208	130	87	151	25
158	231	168	204	37	67	91	138	122	36	96	142	12	99	161	164	199	29	55	187	85	149	42	217	115	195	215	198	100	216	46	147	79	157	197	76	111	181	192	110	73	71	39	103	175	9	108	61	176	64
11	163	129	10	3	131	206	182	14	150	50	194	222	75	74	229	132	218	166	210	219	179	154	201	32	186	78	230	13	117	165	49	224	23	155	35	51	98	77	177	232	6	43	105	235	211	81	18	200	62
137	112	5	59	174	212	223	123	58	193	86	19	22	4	2	180	101	127	125	178	172	68	221	233	135	7	33	160	31	69	21	1	44	72	41	234	209	83	227	125	24	154	53	34	99	216	224	138	203	229
204	74	145	71	157	209	90	149	178	234	168	151	20	147	152	138	75	117	89	16	99	194	11	139	213	79	7	17	163	140	59	103	169	113	48	93	4	125	177	69	26	18	215	160	164	27	134	203	94	114
2	8	42	231	127	56	198	41	101	24	29	106	92	31	217	189	182	65	154	207	133	176	19	23	136	43	212	25	118	6	108	30	238	37	175	97	183	63	208	1	233	124	219	50	12	193	119	76	150	87
28	66	144	148	197	45	70	112	201	170	223	221	72	3	227	172	162	104	214	236	230	51	156	68	80	109	192	142	130	222	73	44	229	34	179	216	78	165	143	122	96	199	195	166	228	81	185	111	0	82
158	13	171	52	121	202	98	102	225	187	115	95	132	32	137	120	100	237	224	46	205	135	226	210	58	83	181	5	36	146	174	55	88	61	47	21	49	85	64	14	155	126	153	105	161	40	116	35	235	211
167	128	110	77	10	53	131	196	159	220	67	9	62	188	191	39	57	200	54	180	173	218	107	190	129	123	33	186	84	86	38	206	232	60	91	15	141	184	22	117	8	179	154	194	120	118	89	17	25	238
102	180	163	235	230	42	218	165	83	109	132	140	178	125	179	221	38	104	103	160	167	32	199	158	237	20	209	183	189	133	70	135	14	186	80	193	220	73	228	143	136	122	210	204	18	110	69	162	168	50
145	51	98	195	47	155	188	124	154	31	4	203	131	60	166	93	214	19	223	190	219	88	71	149	10	105	9	96	106	171	6	184	205	49	169	79	141	41	46	181	113	43	57	170	234	36	37	85	137	66
65	101	5	89	127	174	15	225	173	217	222	216	81	23	172	227	118	142	177	153	77	76	123	95	236	120	156	68	100	182	64	40	92	87	201	75	34	157	3	128	39	72	35	97	121	74	22	152	211	202
138	63	107	30	232	59	198	208	58	164	90	116	82	196	187	192	24	129	139	21	126	27	78	25	151	197	55	200	12	194	161	56	117	53	112	134	111	119	231	52	144	226	33	185	91	1	176	159	191	224
206	146	115	54	207	233	8	229	150	99	2	215	212	130	147	108	67	175	86	26	0	13	238	29	16	61	213	45	11	62	17	28	44	94	148	7	48	84	114	68	135	190	198	154	218	226	74	211	228	22
153	64	22	235	111	119	1	191	132	224	216	94	115	47	144	42	170	181	143	10	157	88	48	188	59	138	6	150	131	166	78	35	70	43	232	31	214	228	39	30	83	53	82	69	147	98	7	148	200	20
201	186	93	29	110	161	215	192	185	75	4	156	73	46	17	220	176	25	211	179	163	91	90	149	212	171	18	85	182	71	109	219	190	134	225	165	146	2	189	114	0	28	221	19	34	37	213	99	141	196
80	14	3	65	202	151	45	8	97	159	205	26	54	72	198	158	23	21	139	142	208	152	234	227	180	50	168	123	27	174	77	128	24	103	175	60	32	207	203	229	56	164	122	222	101	5	107	129	127	118
55	113	58	126	66	130	193	204	61	89	206	177	68	87	40	100	125	86	223	209	15	173	230	124	51	233	167	36	9	133	117	178	238	63	52	108	84	102	236	194	162	183	41	197	195	172	121	154	105	120
187	145	44	74	38	92	112	226	81	140	79	106	231	57	184	135	96	13	104	136	95	12	62	237	67	218	217	199	160	210	16	11	137	76	33	155	116	169	49	223	123	238	154	210	192	164	127	42	12	34
142	43	229	205	28	16	87	156	29	158	48	183	190	66	116	185	167	84	9	159	169	69	149	88	139	199	122	131	101	221	141	217	76	103	174	175	70	54	161	0	187	6	119	98	82	99	123	211	223	235
79	27	160	165	209	85	100	166	40	171	50	118	92	58	46	21	143	74	133	140	104	67	145	155	8	3	164	208	77	120	24	110	146	186	80	37	5	62	126	147	96	72	61	44	108	197	31	94	121	2
238	33	1	83	138	97	12	204	47	53	135	107	232	41	75	42	57	136	71	182	224	128	219	129	157	105	214	163	210	127	148	202	64	178	59	63	168	106	192	73	124	30	102	176	195	212	38	233	189	4
196	152	230	51	15	222	144	112	117	213	231	111	154	215	36	20	181	236	86	81	203	207	132	201	90	60	56	7	22	198	19	179	35	34	220	23	52	227	180	134	130	17	45	225	162	32	218	151	14	49
113	89	10	226	95	68	193	55	26	65	177	115	78	200	153	93	18	125	170	172	237	25	194	91	150	216	39	114	184	234	206	173	11	137	228	109	13	188	191	94	36	22	140	124	13	206	205	175	192	54
59	169	4	209	53	120	167	0	236	191	122	195	175	37	161	118	81	132	184	106	153	79	123	119	196	124	103	9	108	22	35	206	107	62	2	21	147	102	105	211	3	237	84	187	229	46	70	189	115	87
56	101	218	72	29	215	31	12	34	64	139	97	219	33	6	148	228	42	140	93	164	168	208	178	38	104	95	1	226	110	144	99	159	83	157	65	13	227	172	207	77	143	149	138	26	232	180	128	199	17
233	146	203	68	185	170	63	27	220	216	100	16	30	10	88	91	8	182	90	47	112	125	116	78	162	190	135	130	151	14	28	200	58	94	150	154	134	127	204	43	212	166	25	15	202	76	194	152	129	225
