0,1
680	262	552	304	645	52	555	157	252	622	657	615	27	556	238	280	282	192	223	367	12	293	581	64	550	57	236	677	693	102	191	309	169	172	78	43	303	336	305	260	383	497	358	35	173	392	327	242	438	429
45	131	508	351	494	181	632	142	217	276	253	317	569	473	664	195	583	143	188	183	211	194	7	343	220	463	190	271	257	475	408	445	624	563	196	510	33	244	532	559	229	604	565	228	370	601	6	387	661	518
171	176	92	396	691	417	511	522	433	31	442	161	22	544	386	274	571	302	623	240	605	152	524	218	452	681	333	602	504	575	24	375	264	65	76	277	426	492	16	548	487	203	448	69	476	410	97	323	538	68
694	163	235	592	96	425	658	34	47	381	560	483	193	299	110	486	231	431	577	175	663	627	84	105	300	72	259	668	374	437	428	100	284	261	285	403	440	237	620	278	341	567	462	449	477	572	197	444	115	566
140	1	133	233	441	457	109	489	116	611	460	167	537	151	634	230	582	500	126	414	372	296	292	153	56	334	570	399	222	107	272	121	70	349	306	450	520	626	612	447	558	662	141	179	60	648	329	91	298	94
254	678	118	80	154	599	88	669	513	136	50	114	295	467	580	273	241	245	424	98	215	679	166	405	633	83	672	322	61	146	353	507	249	59	479	533	512	164	585	139	119	398	210	11	637	266	491	28	129	279
10	81	307	549	629	108	311	482	584	579	600	639	111	546	14	214	160	687	26	451	184	99	643	435	25	407	411	378	326	345	514	379	646	501	649	519	495	312	159	37	66	205	609	596	226	130	289	573	536	301
174	227	354	149	212	101	689	287	594	654	75	332	225	384	147	23	488	113	402	568	308	656	695	177	692	365	155	576	603	38	361	505	638	619	389	170	595	339	419	377	469	499	219	248	325	651	138	58	162	2
208	250	614	87	443	391	590	539	348	199	106	29	531	466	418	17	30	564	315	63	281	352	685	124	660	608	20	359	187	207	165	586	224	439	478	587	625	269	104	288	458	318	547	541	517	36	394	561	297	19
310	598	267	112	456	120	291	509	85	275	659	132	202	400	616	189	198	617	247	5	148	607	178	485	413	145	471	204	415	3	628	397	525	316	432	529	21	335	362	562	640	481	127	49	39	593	314	423	331	618
683	647	404	294	474	484	251	368	635	588	42	390	388	117	493	270	324	0	9	55	553	636	455	319	385	688	434	18	670	666	186	86	613	503	46	168	610	221	436	671	684	578	258	137	330	376	454	158	180	521
32	150	263	103	347	551	540	350	516	665	213	465	206	690	542	255	412	328	346	427	589	686	421	470	459	373	48	673	506	621	82	355	95	446	67	534	422	380	201	357	128	144	401	209	286	498	268	90	41	644
337	416	234	366	53	243	79	51	526	338	340	515	535	557	313	554	232	631	591	185	682	62	480	523	597	246	134	461	360	290	182	364	641	642	4	44	472	468	135	430	650	674	71	630	464	655	15	393	216	74
676	606	406	667	93	530	283	543	321	652	89	342	653	382	409	13	453	77	675	200	545	574	122	363	344	54	395	239	356	528	371	420	502	40	490	256	73	8	496	156	123	369	320	527	125	265	462	634	596	102
564	105	642	693	381	174	361	121	684	168	96	68	215	689	535	293	455	80	667	75	347	196	551	662	382	130	145	634	250	270	426	526	202	158	615	245	359	515	603	294	252	295	377	183	176	650	602	467	692	194
638	664	297	360	338	119	217	42	207	671	358	181	480	459	177	525	104	470	17	8	260	587	374	240	375	113	152	90	345	302	160	598	474	488	298	163	18	580	94	134	78	647	287	43	58	41	509	690	246	230
199	166	399	332	536	110	463	314	76	191	504	476	369	32	136	224	648	561	93	208	115	548	265	351	343	33	643	69	461	219	264	20	555	316	39	370	579	417	572	609	77	521	247	36	531	433	497	528	173	144
19	22	372	563	212	189	182	27	539	35	28	554	292	223	340	63	175	37	40	180	85	188	606	600	624	44	353	26	153	524	197	209	589	72	576	54	216	179	318	534	30	434	500	155	12	142	342	66	365	441
568	70	258	311	259	210	257	449	172	412	99	272	10	614	646	505	448	384	469	442	674	46	443	3	553	681	428	162	195	507	649	592	55	405	413	203	248	436	67	506	394	610	25	147	269	402	454	315	263	656
666	641	333	97	322	331	611	651	138	379	14	100	232	499	621	282	352	368	117	238	291	570	465	266	120	665	313	89	556	279	578	320	83	327	154	190	677	324	285	330	341	227	423	201	633	437	388	538	11	371
141	364	184	305	427	306	586	596	233	420	234	591	5	339	329	653	150	254	513	107	672	249	186	82	185	397	657	255	108	304	239	149	386	401	317	391	31	590	116	165	50	363	167	652	404	464	453	466	516	344
510	451	95	612	281	403	543	484	502	261	122	211	400	101	60	88	262	456	348	308	390	655	169	430	660	29	380	143	307	373	87	419	103	296	220	547	61	475	409	213	349	546	236	569	335	24	277	577	367	637
123	680	235	64	498	560	275	387	4	588	659	581	562	408	114	445	545	658	290	625	635	496	432	362	276	148	565	654	557	424	206	626	530	421	288	45	512	477	164	129	533	283	452	81	444	228	84	645	511	286
128	218	159	571	549	415	156	425	74	47	170	627	200	640	644	79	237	139	303	59	56	619	242	193	48	346	334	495	471	567	299	694	0	457	192	106	483	321	411	1	102	52	222	559	253	607	482	492	267	440
501	537	628	679	685	214	527	632	62	396	274	205	221	244	522	520	541	407	92	584	204	289	668	422	582	378	356	21	326	613	593	550	357	478	468	683	132	490	91	225	616	278	300	131	354	414	393	6	523	161
137	540	573	73	98	675	529	337	544	491	435	447	418	135	187	686	2	687	15	312	605	268	429	438	57	608	503	86	323	125	256	112	350	663	620	9	514	389	629	126	109	446	355	485	494	481	517	678	53	231
34	273	604	601	301	691	171	472	65	328	146	310	599	508	71	473	376	585	16	623	178	23	583	280	682	51	558	124	695	38	618	597	319	271	594	118	462	552	595	439	198	661	416	532	486	336	383	140	49	639
542	493	410	385	325	406	243	489	519	229	669	458	636	622	630	631	450	366	566	688	398	133	226	575	617	431	251	127	13	241	395	309	7	670	479	518	284	487	673	151	574	157	460	111	392	676	444	245	467	3
359	558	608	514	356	472	327	554	368	69	235	581	513	411	511	477	238	193	202	140	80	610	483	609	42	13	402	206	499	345	656	688	548	658	372	264	661	508	157	394	253	103	431	176	364	377	125	639	489	147
395	236	637	215	382	396	41	580	109	376	199	545	617	17	591	522	122	421	106	646	185	579	244	227	351	261	517	405	515	588	415	168	14	398	676	618	422	120	324	478	348	679	680	629	18	154	650	526	564	88
101	188	51	274	1	342	569	177	195	426	4	670	237	555	172	105	416	279	589	540	441	349	29	490	26	85	446	145	371	93	458	503	306	124	198	9	369	262	584	104	420	487	222	79	451	295	240	43	630	578
607	187	65	5	15	113	568	341	662	300	229	281	362	439	234	302	77	685	456	299	443	430	64	452	587	87	301	328	75	586	307	3	128	535	72	35	97	121	74	432	164	182	259	519	572	410	419	332	636	173
590	30	625	59	290	150	58	461	167	570	518	566	470	390	495	319	667	445	129	350	181	139	437	126	27	78	374	633	25	225	329	512	539	642	333	191	12	217	373	365	56	117	216	492	53	468	112	134	644	201
313	197	286	448	335	130	681	611	91	257	16	316	481	380	54	219	293	284	99	406	476	408	538	626	429	0	269	462	272	440	213	45	651	640	450	532	507	263	84	114	464	355	119	534	118	663	33	138	223	634
23	550	249	159	115	127	239	509	560	339	160	37	358	292	506	686	536	175	571	413	68	449	454	386	143	605	108	325	338	357	137	582	297	266	510	144	657	494	690	285	49	165	488	265	459	110	403	337	179	689
220	585	424	473	504	674	210	546	414	231	562	151	190	367	654	389	52	524	305	649	94	501	531	276	346	133	7	693	659	207	304	457	141	486	208	543	275	418	309	161	614	83	466	289	169	194	616	404	553	400
496	260	132	224	252	694	258	525	214	62	655	20	551	434	544	375	278	204	142	520	96	76	541	604	63	574	31	438	603	672	583	47	592	282	645	170	11	529	6	537	61	653	67	549	623	24	602	677	331	255
409	455	40	280	116	298	469	475	254	648	595	242	647	479	577	427	81	615	251	320	82	98	86	363	613	245	397	391	379	250	241	687	505	166	668	330	228	599	294	246	344	205	211	60	627	463	528	412	601	310
664	184	606	407	267	326	152	673	643	343	71	209	575	148	230	460	203	50	596	682	287	360	158	516	530	631	621	678	370	315	399	669	273	156	8	39	146	163	212	556	19	192	523	392	401	149	683	312	288	131
641	2	48	381	186	675	671	652	218	317	666	500	684	283	89	497	322	136	383	527	271	425	665	624	95	303	270	321	435	353	162	567	474	480	465	243	347	92	180	318	107	542	22	467	447	248	90	597	444	336
502	442	268	557	620	471	28	66	340	547	70	200	565	366	433	232	436	38	563	226	695	493	73	482	619	44	598	34	21	247	57	334	453	632	660	378	352	183	296	612	428	189	593	533	111	256	594	635	135	308
691	233	354	102	123	388	485	171	32	393	100	559	385	46	323	314	311	178	36	174	221	55	692	600	573	491	277	561	576	484	155	638	153	361	417	552	628	291	521	423	384	622	498	10	387	196	243	3	206	414
660	30	140	623	72	321	570	282	146	425	101	543	38	314	493	327	302	668	475	503	81	150	87	587	339	616	685	407	31	388	624	467	157	529	248	458	499	574	628	65	453	104	46	392	305	315	595	37	292	516
125	128	396	549	689	505	124	289	555	614	393	552	370	459	108	580	381	646	450	70	527	531	123	235	675	220	202	254	372	577	356	502	9	147	67	2	143	105	120	608	452	528	680	583	605	240	100	471	79	167
640	402	264	249	319	488	95	307	34	695	181	404	118	97	6	634	694	468	42	90	530	355	462	382	359	10	107	255	205	348	682	589	322	567	135	83	676	546	338	508	650	26	301	261	246	365	557	564	418	300
276	16	138	88	311	691	395	412	429	670	677	362	454	190	686	484	245	617	58	389	206	415	134	127	533	43	413	182	25	15	526	597	76	649	191	566	424	666	159	142	466	371	588	279	207	40	501	166	360	126
55	133	476	216	222	75	178	460	194	600	229	422	189	386	435	433	384	136	479	604	23	559	41	85	218	591	20	483	333	267	36	280	330	414	560	436	519	681	692	269	160	465	464	286	674	440	406	487	325	573
54	428	630	609	290	558	599	368	278	18	57	294	265	401	49	5	74	353	313	192	610	69	89	611	633	201	626	93	60	310	497	257	19	651	121	665	444	376	434	238	509	618	513	667	223	326	155	537	548	219
161	48	639	568	117	514	606	12	473	511	442	217	439	612	607	171	193	346	613	29	340	645	426	363	592	259	506	664	132	94	98	82	28	420	53	498	596	619	283	342	227	252	562	11	571	137	27	615	598	629
632	554	66	550	576	643	456	621	199	521	647	387	169	620	474	451	683	380	669	551	561	352	274	242	331	351	110	328	539	544	482	590	102	470	673	233	366	379	258	652	540	541	91	122	385	47	398	491	518	158
547	237	515	556	306	416	437	0	271	71	403	430	662	45	212	208	374	399	68	33	625	188	603	335	129	304	200	62	24	116	661	115	463	432	131	525	523	303	427	622	228	678	375	672	293	524	103	285	260	230
545	119	347	394	291	495	210	354	130	184	586	183	582	378	405	80	196	272	377	287	73	490	232	343	284	334	344	64	277	308	663	21	231	141	536	446	213	179	658	578	99	657	299	655	256	654	84	443	329	162
114	32	316	565	494	168	275	690	77	224	214	262	324	579	56	367	485	251	569	687	671	234	594	266	397	457	581	688	152	431	244	170	492	281	350	593	332	512	553	364	239	438	3	198	419	486	44	638	538	148
411	204	63	341	357	17	648	445	296	247	50	8	317	447	584	174	149	520	693	361	478	641	337	323	241	164	480	635	408	653	481	358	627	472	250	92	109	336	165	517	318	659	268	96	510	61	172	175	225	7
145	417	1	113	309	139	297	203	298	441	637	679	163	656	448	563	477	263	156	409	173	383	59	391	153	195	504	469	522	631	320	243	209	186	534	154	575	86	106	185	400	585	636	151	542	684	197	288	78	226
221	390	423	496	500	4	39	211	253	51	144	489	112	421	373	187	369	236	601	111	410	349	461	532	176	270	13	295	177	455	644	345	602	572	312	22	14	507	35	180	535	449	52	215	642	273	301	373	106	58
149	235	58	222	257	336	620	9	92	191	690	686	160	81	355	232	24	325	145	461	449	393	217	85	161	491	30	411	466	556	477	335	644	119	331	455	136	538	443	279	666	39	8	97	649	229	471	407	661	321
183	535	583	641	302	334	531	142	544	84	378	617	285	165	32	154	431	437	396	64	213	240	132	328	516	658	276	413	286	610	120	249	129	80	383	234	546	674	616	67	38	513	627	399	388	205	681	125	46	430
103	560	464	358	168	319	575	317	7	263	202	83	79	570	359	255	390	505	613	260	268	241	23	362	473	294	427	295	33	245	494	622	170	543	27	489	96	458	548	34	254	533	529	133	596	688	592	368	668	63
116	648	484	147	164	501	252	14	568	656	408	582	40	307	289	262	650	100	351	269	577	566	595	450	482	444	419	291	318	111	195	326	584	670	410	239	43	555	493	259	349	409	155	65	445	540	110	324	481	42
55	514	181	504	175	51	507	652	293	5	478	631	603	421	384	625	422	78	654	589	49	91	186	365	352	108	214	372	343	143	502	615	346	369	341	554	683	677	423	224	425	559	636	94	379	646	412	687	441	72
695	442	525	203	139	208	549	657	448	327	198	389	104	292	243	74	101	537	338	522	579	621	691	166	382	585	521	672	193	542	618	73	237	567	381	495	463	651	608	590	62	281	459	532	265	392	99	360	558	273
498	308	18	298	330	220	156	16	470	509	122	258	22	547	508	387	474	159	578	288	487	527	342	211	401	528	385	59	177	68	665	282	614	403	418	605	456	312	314	290	121	348	284	452	472	586	523	176	439	397
70	56	102	300	511	563	536	185	375	667	588	29	371	597	117	660	373	272	679	41	105	492	571	118	446	576	53	297	574	278	246	598	163	50	611	606	694	655	12	414	632	506	689	95	520	146	60	231	675	601
320	380	280	4	171	242	173	267	680	196	309	534	647	233	565	207	404	634	499	86	135	287	432	36	182	659	305	0	640	447	643	274	465	580	266	316	127	630	629	303	167	594	199	28	356	416	599	638	569	642
329	137	304	600	126	395	169	277	227	353	226	435	123	519	467	662	367	350	607	144	626	179	204	433	244	200	219	394	639	114	113	500	88	47	37	623	10	15	429	201	52	106	337	228	451	460	488	496	664	75
420	210	462	438	469	215	192	57	370	541	19	645	604	271	296	323	212	374	256	48	562	25	209	453	301	684	98	424	21	45	663	115	150	140	250	157	366	44	685	89	633	221	76	572	190	162	310	518	405	539
82	440	564	247	490	669	194	524	180	551	476	66	457	172	333	148	454	138	561	61	251	218	299	512	20	692	573	417	436	339	345	130	612	178	400	54	377	13	517	676	557	107	93	187	225	426	197	261	510	87
550	253	347	530	361	475	141	26	184	354	678	238	11	230	434	311	313	248	587	206	128	322	189	6	332	593	515	545	340	131	71	174	31	483	402	124	363	17	693	428	415	503	485	109	236	406	552	468	628	624
35	223	364	591	152	619	90	526	1	376	112	357	653	486	497	553	480	602	270	69	275	151	153	386	391	188	134	344	671	306	609	635	216	2	479	581	673	3	398	264	158	315	682	283	77	637	509	287	211	84
157	577	65	335	396	66	465	218	91	538	480	408	212	167	684	262	9	669	418	491	355	295	255	125	677	63	623	671	169	523	264	685	426	532	151	603	19	215	291	591	509	686	522	486	452	147	443	502	512	97
191	616	521	513	201	92	322	422	670	428	11	604	690	572	341	77	286	420	609	84	74	61	261	635	595	446	106	631	237	302	76	552	348	624	20	128	72	434	397	621	601	659	527	559	429	531	109	437	232	112
83	206	599	526	390	602	75	630	558	208	143	231	436	283	329	409	21	200	332	51	312	617	47	596	37	4	116	193	162	642	681	611	401	58	391	466	610	664	148	445	487	32	687	369	174	357	108	293	343	459
399	457	632	280	292	608	576	511	366	615	384	477	592	569	160	67	270	137	692	484	183	8	211	371	29	688	548	620	563	96	130	376	190	307	50	456	619	514	433	586	518	461	561	568	219	565	345	380	657	528
439	182	258	48	360	161	389	435	524	638	114	496	247	328	641	490	127	337	36	411	288	560	475	303	431	588	150	672	30	42	506	95	56	115	382	545	495	142	44	216	614	674	246	405	654	562	342	321	598	326
209	451	508	0	463	222	539	52	649	33	481	661	136	520	26	119	320	593	188	323	594	85	118	94	284	257	605	46	38	499	653	189	407	413	250	368	517	650	318	129	23	544	100	354	349	34	665	57	122	198
691	316	104	230	645	683	398	6	680	385	224	425	103	689	87	90	395	652	582	455	353	45	265	478	555	43	474	28	73	410	444	113	364	498	171	597	31	533	694	606	131	489	547	324	289	306	214	133	248	493
537	111	155	135	516	501	580	438	304	146	448	388	367	462	271	350	244	430	612	529	181	482	640	542	145	179	471	676	194	69	228	117	467	472	41	590	325	186	668	377	427	646	667	259	197	305	546	251	225	636
54	229	266	338	564	375	633	634	432	625	416	296	192	53	575	35	227	1	78	315	12	567	243	311	124	644	361	363	308	693	154	2	330	185	660	278	442	393	662	176	273	281	82	585	240	629	300	503	336	110
25	272	600	386	205	245	249	334	173	570	666	378	441	282	18	550	584	294	274	80	515	574	469	556	479	505	99	453	648	164	310	285	126	89	121	347	351	421	464	333	139	356	22	381	79	70	16	71	132	578
583	695	379	327	639	627	269	253	643	541	158	500	423	144	579	663	403	10	234	344	447	340	298	204	530	424	359	313	17	276	373	651	49	372	123	618	449	3	256	656	14	166	678	483	346	352	223	221	27	400
217	551	370	519	165	549	543	287	655	235	60	279	402	554	679	180	536	301	613	383	658	476	314	105	622	387	202	141	626	365	339	394	153	62	134	101	460	275	637	673	178	309	175	510	195	238	40	152	55	607
374	88	488	299	497	566	184	159	331	540	473	507	571	440	187	675	236	647	220	297	553	5	13	199	260	239	156	242	412	458	213	120	86	149	207	172	168	406	392	535	138	203	98	319	177	317	254	470	263	15
140	107	581	454	290	39	557	485	414	468	163	7	534	93	494	525	417	358	59	450	81	362	267	252	210	415	419	587	68	682	589	196	241	404	492	233	573	268	24	226	277	170	64	504	102	628	368	223	71	447
437	392	666	643	653	71	185	542	555	575	421	578	129	396	507	586	431	337	489	50	657	319	549	538	27	635	177	336	49	146	551	422	673	390	623	570	198	44	85	409	157	249	535	612	506	403	357	77	263	630
533	397	132	245	102	128	1	634	642	140	658	41	625	572	215	691	693	514	562	137	536	387	94	540	663	452	434	115	228	138	609	616	523	584	588	300	3	559	267	386	495	400	182	190	369	156	273	255	272	475
78	30	114	5	622	206	290	280	602	569	170	135	590	237	258	201	607	351	407	26	149	420	498	4	246	486	468	573	14	417	359	589	511	531	504	233	413	445	360	38	676	194	148	328	204	354	257	543	552	320
253	469	338	458	368	512	143	261	45	380	519	223	34	120	428	265	291	399	98	243	598	576	640	287	601	349	597	362	84	433	669	100	316	448	508	88	627	292	347	29	134	180	317	528	172	141	367	298	432	548
672	28	352	404	373	214	266	619	453	297	59	64	494	66	196	221	70	355	24	218	374	104	318	125	456	370	121	443	183	391	131	470	200	188	229	610	510	307	631	126	395	216	325	311	478	554	685	179	648	451
662	97	283	342	565	485	385	60	108	430	42	670	67	544	136	411	688	74	684	341	442	414	165	105	615	366	52	591	31	175	383	301	256	418	168	161	241	103	332	269	117	556	679	142	649	406	270	487	282	195
553	169	93	309	238	81	660	459	17	79	345	279	220	502	343	524	109	480	37	449	412	130	382	677	315	176	637	477	427	621	371	86	208	333	6	644	46	560	217	159	492	193	0	90	61	264	304	87	212	251
491	15	426	481	10	539	244	62	641	53	39	331	463	645	636	596	377	667	144	401	558	379	465	314	277	546	235	187	222	639	626	557	526	274	593	51	330	550	695	471	252	611	571	614	259	19	419	174	530	9
207	205	356	620	18	296	561	363	646	375	564	285	454	65	75	54	310	284	110	127	55	164	461	466	275	7	11	450	600	151	503	574	68	518	464	286	690	202	152	308	326	613	364	276	72	166	595	488	150	329
541	537	482	327	56	344	580	353	490	230	16	389	80	173	219	509	632	278	361	305	211	163	532	501	23	592	655	322	191	682	111	515	605	472	346	587	69	181	158	227	281	119	313	58	96	527	2	675	294	674
378	585	209	517	680	651	582	689	324	398	624	376	20	497	12	124	32	534	415	423	116	438	567	439	76	73	312	681	186	139	629	440	106	425	513	692	145	321	82	254	268	133	340	563	388	155	225	579	213	289
365	83	262	47	608	288	424	650	678	483	21	358	171	335	248	467	547	460	479	505	568	240	493	162	496	199	455	661	43	473	154	671	236	686	499	694	101	36	197	231	348	604	242	224	167	48	302	447	91	295
107	306	118	436	656	444	299	192	668	441	594	239	484	659	410	293	522	40	381	665	603	339	25	226	402	652	429	618	63	123	617	8	350	545	271	112	33	13	664	372	384	416	408	529	520	654	393	89	394	435
178	446	599	35	474	99	638	566	153	462	260	247	683	647	581	203	303	476	189	232	323	57	250	405	160	633	95	687	606	210	628	577	22	334	457	500	184	92	521	147	113	516	234	583	525	122	173	108	192	632
224	563	649	445	635	531	675	487	251	428	288	450	481	190	524	213	278	334	465	534	158	27	654	546	65	510	657	153	330	211	111	423	86	24	162	614	647	194	607	422	96	234	255	644	222	139	514	576	511	561
265	305	621	322	243	253	292	259	578	121	285	266	125	212	551	474	565	553	360	181	527	366	485	694	88	530	447	339	191	425	41	492	328	206	185	493	172	273	431	44	547	174	124	141	93	673	392	671	564	636
687	73	289	152	131	555	91	43	407	679	314	169	413	528	484	628	231	148	49	164	53	581	46	293	17	294	526	459	175	226	409	13	167	617	346	61	217	391	354	347	176	203	478	250	70	688	588	105	608	623
404	50	135	427	20	264	544	209	583	103	80	643	596	634	470	36	556	87	48	385	410	499	406	411	64	376	412	433	327	394	230	559	417	420	522	115	397	114	655	183	95	566	123	237	454	280	429	326	432	67
350	5	306	525	507	584	396	154	468	187	418	277	523	512	374	40	268	669	218	501	473	389	99	587	76	301	307	295	60	364	602	106	290	444	56	505	438	683	118	267	318	663	116	77	513	247	370	640	383	62
82	442	336	79	249	678	263	204	456	616	159	161	19	269	248	658	622	324	676	455	233	557	606	168	618	241	387	656	229	365	536	112	537	312	612	648	344	597	127	549	166	520	589	282	434	695	625	150	75	449
580	627	10	42	469	157	519	128	225	90	379	14	639	372	408	12	11	642	685	362	665	577	15	689	373	329	414	645	283	227	378	480	138	535	435	545	208	494	232	491	192	424	572	653	296	7	539	686	458	421
477	380	109	437	170	2	624	84	399	620	430	58	637	94	133	605	567	529	476	313	472	129	257	586	308	100	402	579	446	6	137	300	610	672	102	670	631	246	340	393	426	215	165	97	238	356	130	668	552	466
568	517	416	18	302	667	448	575	405	660	207	677	236	228	316	560	23	500	71	321	515	595	310	632	270	254	403	297	210	343	199	304	242	9	542	78	361	626	342	33	436	633	216	693	415	351	239	419	558	692
377	540	122	358	21	179	98	503	201	591	101	85	261	562	315	72	252	613	178	195	155	543	331	299	3	69	240	582	646	319	182	149	400	200	47	600	156	401	352	275	441	479	348	140	550	457	390	34	171	338
35	681	55	202	604	83	594	384	52	585	462	516	325	398	317	369	611	332	45	205	367	467	57	593	107	518	51	163	496	219	609	554	375	666	363	29	256	244	28	464	598	145	180	661	439	37	143	603	498	452
108	650	461	25	245	113	26	532	690	359	451	395	506	142	497	320	119	371	570	81	117	453	223	368	16	54	460	662	349	388	381	674	303	615	272	490	147	323	32	682	126	274	189	483	337	39	92	30	619	443
509	160	214	638	104	221	311	309	641	186	574	504	66	573	298	279	184	89	287	386	345	196	0	680	74	286	630	651	193	31	173	291	260	262	508	335	8	235	571	475	355	134	521	38	629	341	488	132	489	592
684	4	659	353	590	495	146	271	68	198	538	120	281	22	569	541	652	691	144	220	63	486	463	284	333	188	482	533	177	258	1	276	197	599	151	664	136	502	110	440	59	382	471	601	357	548	458	607	360	452
436	659	399	370	429	573	361	56	471	115	633	472	531	104	296	375	650	246	93	201	191	658	538	220	53	174	489	466	423	606	329	126	113	646	397	627	567	504	288	562	603	564	320	368	273	624	165	609	183	409
677	196	346	591	356	492	622	549	570	32	285	108	140	145	590	445	447	592	5	418	474	565	681	507	396	485	634	240	459	260	63	87	661	571	137	172	552	82	588	175	537	179	559	136	304	8	602	470	642	141
364	52	306	347	669	385	26	239	493	89	110	463	613	477	468	510	271	303	95	290	597	536	678	585	695	250	439	227	657	398	194	446	188	327	508	406	275	11	582	121	672	689	203	43	511	631	193	284	289	543
354	295	440	545	187	117	476	625	384	92	596	509	266	426	473	258	50	412	379	166	51	387	500	245	579	57	151	675	111	23	342	453	30	345	644	692	158	506	73	146	230	611	269	65	405	277	534	331	437	178
393	454	586	441	249	416	131	326	645	91	12	415	321	216	59	16	195	419	147	420	499	102	486	653	478	464	343	282	314	4	98	612	410	259	198	328	505	224	330	358	18	244	551	299	528	171	281	22	617	390
487	160	27	156	264	362	237	581	365	135	594	518	88	671	62	616	521	236	431	186	238	382	177	129	105	417	524	70	33	514	153	204	647	38	386	527	670	501	383	554	114	94	414	693	395	380	607	72	583	430
444	481	0	257	310	557	498	401	248	214	425	576	525	569	86	130	682	337	686	253	13	530	433	628	97	351	488	334	25	563	181	450	265	29	388	212	28	294	374	577	169	438	96	223	155	209	578	123	605	434
455	561	687	517	143	391	173	37	666	533	482	541	363	435	544	349	152	218	242	532	228	503	45	34	41	247	457	302	231	118	623	691	495	338	497	119	608	211	626	83	235	369	66	469	31	662	519	138	324	232
664	685	54	297	540	558	229	427	222	283	359	599	512	651	556	55	667	360	322	422	372	208	348	458	683	315	522	47	366	550	122	604	400	255	1	312	575	649	494	526	587	112	555	243	467	309	373	378	479	84
449	256	572	300	340	90	668	520	462	262	154	67	199	635	402	180	403	610	103	279	615	460	99	614	157	2	159	116	278	149	80	120	432	654	542	456	287	600	421	601	638	207	263	442	40	125	75	673	333	132
319	161	6	392	513	128	618	535	3	274	19	268	176	483	261	163	292	46	280	523	267	15	325	35	568	620	44	641	389	484	547	293	480	376	381	353	584	413	529	49	307	71	598	14	688	69	663	301	276	200
553	133	58	205	630	225	560	367	164	182	109	318	680	515	106	134	60	660	652	7	215	197	192	428	490	316	311	443	411	10	407	241	539	61	491	636	317	21	85	168	344	452	17	640	332	451	648	170	189	679
336	291	254	424	619	107	313	39	621	190	690	142	252	404	566	167	475	286	574	76	355	234	206	251	639	78	593	448	589	298	305	339	226	694	210	676	516	9	357	162	185	643	219	548	100	144	323	101	394	595
68	461	64	308	674	217	148	48	341	502	632	270	665	42	465	74	377	202	580	127	77	124	408	496	233	36	139	79	272	656	350	221	684	546	184	150	81	629	24	335	213	352	655	20	637	371	142	654	201	535
31	270	221	187	215	347	377	17	129	566	673	40	361	298	331	363	190	366	238	1	68	176	533	521	501	480	538	398	7	640	255	526	287	442	316	544	113	48	260	314	51	434	582	183	261	305	21	667	413	604
658	655	339	11	23	259	154	91	386	140	284	470	456	681	92	441	391	510	217	560	590	463	691	304	207	41	552	76	694	111	178	464	568	417	688	652	438	121	338	119	179	601	345	616	19	355	264	665	374	452
453	299	256	274	682	690	670	437	14	563	505	630	466	356	375	415	527	219	515	445	488	330	164	73	225	351	561	497	449	213	579	600	116	106	451	30	664	61	649	236	329	663	237	83	473	644	45	352	450	516
525	509	204	623	90	642	549	344	168	607	545	393	624	47	615	55	172	485	620	633	202	152	159	118	142	405	636	423	648	212	67	573	621	80	484	425	576	612	265	71	279	555	278	622	669	585	310	687	250	193
13	357	223	462	230	4	123	160	482	532	695	683	296	578	493	446	22	406	382	335	637	372	343	486	371	297	647	478	474	416	189	10	491	323	254	185	447	318	631	328	613	477	609	145	8	134	231	675	436	575
110	562	50	300	380	233	546	539	368	557	214	46	524	641	440	692	9	499	277	195	581	547	182	550	530	400	358	430	570	396	271	115	229	677	403	409	177	289	109	293	428	171	285	242	666	125	457	632	465	6
408	175	420	101	608	200	591	99	82	653	605	638	161	2	346	44	407	42	114	198	611	326	281	399	354	322	57	93	163	136	88	170	580	5	12	220	519	62	141	494	103	79	139	245	240	597	288	628	247	126
350	313	517	511	427	389	618	218	534	144	490	56	241	686	267	181	127	84	340	503	378	337	203	25	385	551	522	243	651	222	97	334	419	158	131	584	272	353	257	468	392	404	567	188	210	70	43	598	467	433
246	401	672	65	507	536	120	28	542	678	395	660	495	476	459	571	269	291	693	586	384	426	208	302	64	26	367	321	85	74	153	381	676	54	679	373	332	87	479	105	528	149	251	569	565	258	306	124	614	184
197	394	295	162	341	63	211	460	117	364	52	439	262	448	523	58	216	531	192	629	599	548	603	137	602	311	661	283	500	133	625	360	435	86	553	0	252	135	303	49	324	572	362	359	487	234	253	60	276	537
263	483	36	504	583	186	383	512	418	232	370	268	199	342	34	589	308	390	228	469	325	514	508	147	680	617	226	155	518	169	96	39	481	53	502	558	104	475	541	429	166	645	668	280	556	205	167	414	349	662
239	650	194	411	654	27	249	593	431	266	20	592	102	107	410	422	559	543	206	77	671	78	165	421	402	643	639	248	317	174	100	596	369	397	112	376	132	619	455	59	66	235	348	489	513	379	320	388	595	587
180	498	89	626	138	24	674	336	365	659	634	506	146	286	443	646	656	574	540	128	412	564	201	196	319	173	301	471	37	292	577	333	108	627	156	151	227	18	432	282	98	143	657	594	327	69	472	157	130	520
32	33	315	95	72	81	294	535	273	309	191	148	458	312	529	122	244	94	610	424	454	461	635	685	75	16	689	588	209	554	150	606	684	492	290	38	35	3	496	275	307	387	29	15	444	224	34	228	307	264
634	282	132	81	275	386	604	414	293	227	448	687	342	33	203	291	487	299	2	455	525	333	339	197	157	39	270	32	631	131	429	322	224	144	500	317	217	511	353	580	533	123	225	630	668	559	592	22	255	97
438	362	498	435	257	593	470	169	405	153	116	402	82	42	8	71	595	318	691	127	330	546	349	590	509	599	107	268	548	346	23	75	529	354	641	517	326	449	238	179	5	492	66	134	393	411	638	9	120	573
14	285	571	37	512	218	136	40	267	91	86	357	253	375	26	327	12	464	328	141	602	504	639	672	477	577	495	163	110	586	667	193	616	250	693	584	561	534	374	363	69	111	46	226	337	526	416	399	302	214
620	451	619	201	80	122	387	137	598	395	372	208	431	114	305	482	427	213	303	396	297	659	344	211	519	25	229	259	459	47	650	475	54	389	63	311	607	315	85	537	443	329	109	646	350	10	358	555	544	189
623	249	515	684	528	391	313	466	460	321	106	513	279	594	78	422	320	683	192	84	128	547	473	409	52	521	45	93	404	272	160	15	205	177	237	645	164	478	423	176	420	139	535	304	484	627	7	679	341	653
135	41	36	202	73	156	19	209	172	124	287	665	310	490	241	290	178	190	565	44	474	591	359	244	656	306	286	234	457	183	610	276	450	440	56	280	377	258	212	384	59	351	485	175	3	68	261	50	397	88
603	629	644	271	43	576	113	540	67	165	501	606	462	556	368	210	642	673	385	543	18	232	51	105	281	553	588	503	532	410	415	536	53	408	283	635	686	100	11	676	660	235	600	65	159	308	230	57	263	376
262	335	49	454	463	514	432	578	204	162	24	403	138	233	115	479	30	83	60	314	274	481	692	264	219	669	572	104	148	146	125	170	608	248	294	527	442	417	216	471	185	612	682	367	140	392	597	150	643	570
