0,1
211	97	114	6	126	52	157	131	80	142	223	151	358	102	43	56	326	170	66	260	317	275	194	1	173	47	350	166	225	288	154	186	227	345	322	295	329	274	105	121	12	348	146	99	281	331	65	188	119	212
26	164	78	293	27	189	252	181	64	195	307	24	253	318	98	76	362	130	354	69	100	113	219	34	87	57	152	204	207	236	228	29	92	70	88	17	110	191	238	172	25	111	337	231	20	59	147	37	240	259
230	334	258	276	215	187	138	202	336	255	193	264	36	10	61	81	124	365	356	351	270	245	261	364	346	35	305	301	19	108	5	278	263	104	167	60	21	277	106	139	127	49	208	58	75	266	355	192	148	38
280	197	184	163	132	249	279	68	183	0	50	347	174	303	55	304	218	242	83	155	175	251	63	129	312	335	287	198	86	210	160	46	291	162	308	176	84	311	199	340	262	2	137	222	324	116	120	338	196	180
205	282	32	299	7	9	103	91	39	28	327	310	353	169	342	190	226	267	206	153	217	361	30	109	325	72	213	136	309	269	247	101	168	357	229	224	323	171	257	161	149	298	285	214	115	241	316	314	359	117
48	107	333	328	302	294	82	95	67	96	22	254	244	339	159	315	144	209	296	90	41	233	300	53	178	273	341	332	51	14	297	272	3	23	128	165	201	45	235	237	42	232	79	185	349	220	268	112	11	150
234	85	246	134	143	271	290	182	306	319	4	133	44	250	289	284	203	135	145	71	118	330	363	216	74	360	248	94	343	93	18	283	292	313	31	321	140	89	158	286	141	243	13	77	352	179	177	200	33	62
122	344	54	239	16	40	256	73	8	221	156	123	320	15	125	265	43	197	351	198	49	250	27	152	295	172	226	145	286	263	203	278	235	192	113	356	303	363	168	269	288	191	148	116	188	158	328	205	196	77
22	208	177	247	280	174	126	203	43	228	226	298	335	11	109	255	117	17	148	81	60	319	260	274	112	342	131	196	67	328	265	329	7	304	48	2	166	209	80	186	239	259	29	291	301	128	321	344	251	351
87	18	320	61	63	325	357	188	162	124	282	364	273	191	261	270	234	266	74	64	47	71	210	256	152	194	94	129	50	98	86	269	275	168	121	313	52	40	83	27	314	16	308	214	318	102	110	330	360	307
278	35	350	189	119	362	89	139	125	103	300	264	56	167	127	55	271	4	173	15	108	0	241	254	96	331	69	38	113	26	359	343	324	295	286	58	157	13	136	107	180	106	346	120	145	84	105	322	361	218
161	279	44	355	172	250	289	213	347	268	236	91	104	24	82	341	326	225	288	31	227	207	160	338	179	169	158	276	123	217	339	20	6	249	25	327	146	230	32	253	90	36	303	242	133	78	159	363	244	143
95	28	153	185	41	349	164	220	165	155	59	222	198	122	306	151	101	215	150	211	140	183	299	352	70	219	154	79	46	178	30	205	75	333	212	272	190	88	358	224	142	317	267	93	1	252	263	257	73	243
232	290	223	284	309	281	294	99	296	10	354	3	283	348	45	334	233	345	237	206	53	51	132	170	311	195	111	171	149	141	68	305	231	365	147	238	100	144	57	332	197	138	134	23	54	187	62	92	200	135
336	245	202	115	258	19	175	340	310	130	323	216	302	176	114	221	97	315	181	65	49	277	262	292	246	297	293	37	184	72	5	12	285	137	199	85	163	201	204	34	156	9	337	76	235	14	248	33	116	42
39	287	240	312	193	21	182	77	8	66	229	356	192	353	316	118	210	31	261	140	85	190	191	15	84	358	260	239	229	315	348	4	126	131	44	292	87	207	89	363	56	90	35	116	205	77	203	117	12	296
75	36	311	195	70	162	356	350	49	181	54	197	173	163	333	77	44	8	46	33	72	160	189	115	208	42	110	10	293	186	304	297	252	116	119	359	182	94	325	179	41	26	14	334	172	232	303	108	35	348
206	309	97	55	299	147	191	99	134	180	271	336	127	281	355	66	67	258	242	238	263	294	143	121	326	185	130	174	196	105	58	151	82	314	239	266	153	245	167	321	269	149	31	96	247	85	37	50	39	230
145	176	210	358	337	166	22	211	364	254	138	349	95	343	267	104	25	122	120	3	282	335	83	251	76	203	101	60	88	113	144	248	237	183	212	283	29	253	141	117	351	346	103	40	290	61	322	318	270	150
217	213	190	276	315	111	123	249	64	302	313	19	286	4	331	324	207	260	332	158	339	306	118	228	175	257	20	274	296	69	219	287	342	177	329	165	300	45	164	129	323	27	199	81	308	84	80	30	128	202
12	341	159	156	169	74	224	365	124	209	363	198	277	79	139	47	288	56	24	361	48	90	78	240	289	233	43	136	0	201	192	106	340	317	155	1	102	52	222	235	316	226	236	291	184	246	234	241	262	285
261	63	62	140	18	205	221	244	265	264	152	312	92	327	204	307	220	142	21	100	93	295	114	279	148	68	250	229	51	292	132	91	259	225	278	214	131	168	59	320	6	11	161	354	223	137	28	353	98	17
32	298	243	255	135	187	284	330	188	15	345	275	268	305	57	319	216	347	194	86	215	125	256	218	112	352	133	357	9	338	2	38	272	126	109	5	13	53	231	34	227	273	344	89	301	157	171	65	328	146
310	87	360	73	107	16	362	178	154	23	71	193	280	200	7	170	193	228	216	176	0	239	253	33	305	286	97	68	123	241	363	312	287	219	357	276	295	183	98	301	47	79	136	292	243	188	299	152	114	212
322	163	127	53	178	362	272	300	38	236	52	268	128	332	357	107	256	161	153	291	213	109	341	20	241	290	60	230	205	279	88	94	132	120	16	17	63	326	222	81	263	200	84	143	8	306	308	57	242	234
29	194	307	89	298	220	176	333	196	206	311	40	267	296	24	118	37	248	273	337	90	304	245	5	67	105	226	233	45	142	216	102	28	253	211	260	239	204	27	158	181	238	289	113	252	182	55	125	224	66
124	162	56	359	2	327	321	364	339	348	131	246	179	133	136	164	30	137	82	140	85	70	237	80	168	353	0	232	34	104	92	31	126	284	144	119	65	208	106	323	47	58	145	247	138	87	139	95	121	285
15	42	122	302	344	6	317	156	114	97	218	203	346	99	134	54	303	159	190	199	3	35	141	215	93	286	173	235	188	171	312	347	343	149	48	185	169	186	338	265	25	295	257	32	165	358	229	320	36	351
167	12	264	266	292	157	183	98	365	170	314	115	243	197	228	100	101	324	250	198	352	79	345	225	18	76	111	217	281	43	231	293	219	110	73	210	174	330	361	71	354	342	275	147	9	108	277	175	207	227
61	276	151	189	152	64	340	129	10	259	283	14	270	50	319	356	74	331	166	13	184	280	154	201	294	51	349	254	316	269	117	49	255	310	23	155	77	177	262	244	301	274	62	325	112	261	59	278	123	193
86	19	22	4	360	180	172	68	221	329	328	7	33	160	287	334	21	1	44	41	335	83	309	26	355	202	116	91	135	363	214	315	288	187	69	209	297	148	249	130	11	271	103	299	305	192	336	223	313	78
96	350	150	191	39	46	75	251	195	146	258	212	318	72	240	282	295	74	145	71	157	210	282	149	332	321	168	262	20	354	152	138	252	117	319	333	99	195	11	336	189	79	7	341	163	260	59	269	169	258
322	290	198	189	355	150	87	130	343	351	120	299	15	243	92	363	233	275	265	149	199	88	164	64	145	274	32	226	51	59	5	333	201	3	77	234	263	128	122	79	35	273	66	80	238	348	335	75	177	206
106	353	193	14	134	43	129	30	178	93	42	157	58	124	39	364	312	345	295	107	195	85	159	186	27	25	154	347	55	104	101	12	111	56	297	261	103	300	73	187	172	339	292	167	188	57	72	328	1	337
279	325	262	89	112	18	97	183	54	91	113	140	155	136	181	284	99	121	126	223	182	269	266	185	281	283	314	304	176	13	197	237	344	318	362	352	332	17	356	44	212	239	244	84	236	119	247	8	114	118
46	307	138	215	23	147	65	319	74	324	229	127	235	218	168	200	160	117	37	217	320	70	357	21	350	278	0	68	139	222	308	162	143	313	109	108	173	69	216	137	225	41	105	285	257	336	311	144	171	327
29	329	165	38	9	305	110	306	179	360	100	277	221	259	180	210	219	354	271	151	240	227	301	123	253	341	338	231	49	115	52	94	330	174	296	346	340	202	133	7	342	10	33	207	48	141	321	208	359	276
19	272	53	161	26	83	309	169	194	288	264	260	132	224	252	258	214	62	20	2	286	204	142	96	76	192	196	63	95	31	289	293	317	47	22	282	256	170	11	6	163	61	349	67	131	24	268	255	302	40
280	116	298	358	254	135	248	242	316	81	232	251	82	98	86	245	250	241	291	166	36	228	294	246	205	211	60	34	310	323	184	28	267	326	152	156	71	209	303	220	148	230	190	203	16	50	90	153	287	102
146	158	213	191	4	175	331	334	365	270	249	315	45	125	78	361	4	100	176	276	363	49	15	40	196	93	324	184	8	241	160	307	182	270	174	289	25	234	74	119	135	128	20	269	288	362	16	194	99	22
26	36	83	345	110	56	274	93	22	205	152	206	119	255	158	237	203	280	212	301	7	284	64	316	30	48	329	352	114	219	246	350	322	45	286	220	331	150	67	164	80	264	132	4	97	338	181	75	258	315
176	277	281	142	251	42	69	113	183	224	160	134	343	236	235	325	175	365	253	283	312	295	337	340	155	169	225	85	106	267	98	54	120	147	188	260	88	178	91	109	1	214	296	52	342	137	201	11	82	25
9	242	262	306	50	288	174	103	10	320	290	278	344	271	148	341	95	213	70	298	166	349	23	141	310	232	20	252	179	192	239	133	294	102	257	0	362	234	297	78	17	47	170	135	35	285	319	266	363	185
180	53	123	29	302	222	317	189	327	34	268	250	143	73	90	121	138	199	304	346	240	59	43	6	282	291	159	336	351	13	31	39	19	12	191	115	194	146	263	227	104	126	37	335	168	245	275	3	127	348
197	347	157	247	254	293	62	353	122	21	321	259	261	46	300	165	136	153	272	270	94	2	111	333	156	248	287	202	128	279	243	139	217	149	96	303	204	18	100	244	276	49	309	71	72	289	326	76	299	172
354	361	273	218	238	99	324	314	144	200	256	28	328	57	241	311	323	186	14	131	65	357	173	8	318	313	233	330	151	207	33	184	27	51	77	24	60	216	193	32	364	215	229	223	359	79	161	171	211	101
356	198	5	107	163	129	118	221	55	230	177	58	66	182	130	154	360	61	89	231	339	68	87	40	125	86	196	190	140	15	334	16	358	210	124	249	307	332	167	292	265	117	305	355	63	226	308	108	84	195
116	162	41	105	208	187	145	44	209	74	38	92	228	112	269	81	49	103	31	181	129	128	339	107	359	320	95	201	335	133	223	120	71	29	294	220	186	284	192	174	301	88	104	79	98	75	272	364	28	211
256	174	238	254	276	279	64	81	314	280	22	99	213	248	272	2	21	228	191	3	37	241	180	194	70	148	167	150	320	305	226	4	289	35	31	251	34	130	77	313	118	290	104	103	166	307	134	107	265	95
120	97	154	281	139	159	38	83	147	220	350	79	87	164	140	340	65	13	149	363	101	124	301	142	26	190	336	328	17	176	128	175	352	165	63	273	312	179	16	30	10	216	357	321	277	108	125	100	342	143
364	246	292	42	14	287	153	46	90	235	9	334	214	202	308	316	123	135	6	229	311	343	127	25	15	337	184	76	170	257	358	144	168	359	218	146	40	32	327	126	207	133	296	152	157	75	109	145	162	356
291	222	178	136	264	270	23	41	85	341	20	141	230	36	330	244	253	250	297	52	160	182	286	189	338	54	362	177	249	7	339	319	80	61	261	282	278	206	349	18	351	232	196	49	67	300	5	74	55	205
269	221	44	192	86	69	331	198	332	89	114	186	201	345	58	93	88	60	266	183	1	247	121	138	187	322	240	72	324	181	310	365	255	245	43	348	260	51	224	156	84	236	267	223	50	302	105	19	333	155
96	263	57	197	317	294	219	161	48	185	215	117	56	12	295	262	344	217	59	163	203	171	193	298	39	29	293	360	315	268	259	275	323	132	94	98	82	28	354	53	172	347	283	227	252	11	92	137	27	285
225	243	209	309	66	346	355	151	210	329	199	234	288	325	169	173	284	119	326	111	204	8	274	242	110	353	231	318	102	73	299	233	258	239	361	91	122	47	211	158	106	237	78	306	303	0	271	71	112	45
212	208	68	33	195	188	113	335	129	304	200	62	24	116	115	131	114	216	341	304	6	334	253	22	63	286	271	265	198	350	21	230	294	159	307	180	65	67	309	335	185	88	38	85	352	186	154	348	228	231
330	304	155	246	49	312	93	180	17	319	217	145	286	143	25	316	66	208	62	115	120	321	204	357	152	310	134	365	56	32	88	273	12	142	114	31	358	130	341	26	73	109	364	285	42	221	41	279	29	43
291	195	307	144	58	209	133	332	19	282	103	161	276	150	69	125	183	135	112	274	266	159	336	126	216	141	81	317	99	247	107	238	277	175	349	149	9	36	253	203	213	178	138	185	189	119	170	263	227	2
165	329	335	106	7	301	352	228	98	123	122	44	234	202	207	61	83	169	78	84	297	51	196	8	33	16	90	288	124	343	13	192	46	315	48	309	166	52	256	77	229	270	140	187	65	146	172	248	186	200
280	337	361	85	80	132	167	97	117	324	151	265	347	148	252	240	313	53	163	258	87	290	314	168	82	191	3	127	100	35	292	359	147	230	20	255	113	345	231	348	104	318	129	245	333	331	116	0	92	325
271	128	34	205	45	308	24	241	60	232	27	158	79	215	162	139	250	311	220	91	327	338	181	236	284	118	298	283	89	14	272	201	75	322	287	323	268	63	300	137	259	261	95	6	4	96	136	257	68	194
354	76	154	320	197	355	360	340	267	157	224	173	5	226	193	219	294	72	251	198	108	254	295	94	160	306	339	278	174	239	353	222	64	293	176	39	15	21	131	50	30	233	206	356	334	302	70	289	225	1
305	111	212	190	184	363	105	223	47	71	188	28	101	303	296	57	244	243	262	346	164	102	281	328	179	264	67	351	242	344	237	156	11	182	275	54	177	18	342	40	38	86	235	153	210	23	326	299	74	214
218	249	269	350	10	37	199	171	121	362	55	211	110	260	59	22	203	117	46	23	137	94	58	29	235	86	62	354	289	328	147	262	340	256	113	254	68	274	42	133	357	202	288	166	63	265	208	299	198	276
9	157	17	178	333	235	251	274	259	202	249	277	295	229	95	302	109	154	120	81	158	24	6	115	30	216	345	287	195	228	85	58	192	271	149	170	0	313	332	125	129	194	71	137	28	324	84	354	39	8
242	188	252	162	275	227	276	191	77	299	245	103	293	239	310	340	319	92	20	318	124	32	343	364	350	240	60	64	106	250	161	232	222	1	330	272	294	344	130	72	136	80	50	189	23	196	97	67	38	279
142	212	151	12	215	317	132	307	46	119	113	190	359	29	336	254	164	168	7	145	146	83	296	79	201	263	185	348	31	131	356	320	305	128	253	33	255	213	268	179	236	27	210	96	160	347	34	262	140	45
133	280	197	285	93	165	278	63	116	349	37	147	363	325	217	260	14	66	90	329	11	40	315	183	270	35	100	360	219	327	126	230	338	88	365	86	289	326	111	346	334	328	362	358	234	43	69	238	267	241
205	155	65	171	47	110	321	135	42	55	352	181	261	144	175	51	57	117	301	5	207	174	10	233	248	187	107	78	152	134	49	91	186	112	361	108	214	218	257	143	123	341	355	41	306	52	2	353	36	224
53	167	269	94	286	342	26	3	225	199	114	203	139	208	89	98	61	337	198	148	104	291	243	74	101	44	322	209	311	292	323	166	163	54	25	153	193	76	13	73	237	138	19	226	48	223	184	309	62	281
308	150	265	264	99	87	180	273	283	316	18	298	339	220	156	16	331	221	122	258	22	256	105	206	244	159	127	288	15	182	351	211	246	21	141	59	177	335	68	247	282	266	4	75	200	169	312	314	290	121
357	284	304	204	297	82	176	303	231	70	56	102	300	173	172	118	338	51	32	81	36	247	130	171	116	85	97	253	306	22	105	184	73	43	189	54	52	7	197	251	64	35	28	145	63	218	167	177	10	146
98	288	159	265	65	155	339	191	267	306	14	173	222	1	237	231	223	351	180	37	338	67	204	312	314	230	361	152	103	252	261	186	114	179	177	240	330	198	249	193	151	334	248	256	51	91	363	287	342	113
178	350	187	207	7	84	169	322	254	271	332	279	263	142	349	44	45	39	229	290	66	69	168	27	74	5	58	346	276	77	85	285	4	163	211	161	238	268	307	171	282	251	119	341	59	57	13	33	18	89
201	292	331	16	116	101	213	189	235	280	133	272	244	336	94	166	54	170	107	110	299	117	325	175	35	162	20	196	194	47	298	26	100	353	358	266	333	10	354	129	12	344	29	111	275	300	68	43	40	46
140	182	31	106	316	318	96	158	48	232	289	80	108	118	259	310	70	124	227	273	264	73	144	81	359	75	21	208	185	323	3	253	243	115	149	134	269	109	154	24	88	56	41	141	131	125	340	355	93	156
17	320	30	145	199	326	295	132	176	79	137	206	202	328	234	293	130	49	157	236	246	50	242	239	55	62	28	25	216	221	121	357	172	205	167	278	76	22	102	78	218	105	135	258	277	291	8	0	123	262
153	181	347	329	317	281	192	224	127	228	296	53	274	308	257	165	2	6	297	150	200	309	327	188	362	212	260	311	92	319	294	60	11	195	214	245	63	304	303	87	302	226	146	61	343	209	95	34	99	64
301	190	97	122	42	255	160	147	219	225	138	220	120	217	143	32	233	83	136	345	71	203	19	286	82	174	15	250	52	164	356	348	283	139	364	284	38	184	321	128	126	90	360	324	337	241	270	9	36	23
104	335	112	215	365	305	86	210	72	352	247	313	148	197	315	183	179	309	43	216	32	124	256	226	339	119	329	181	94	8	257	36	283	222	9	292	47	261	169	228	192	81	11	333	344	6	206	245	72	157
317	352	194	314	40	19	191	65	107	248	213	186	132	91	266	259	74	120	185	25	138	70	148	256	12	22	97	81	60	181	109	128	276	169	326	63	273	275	87	167	350	131	229	264	184	180	171	147	200	228
61	227	92	172	90	9	346	201	255	340	237	199	297	348	37	66	21	262	304	310	71	139	336	306	364	202	3	177	49	47	351	69	219	353	161	267	287	215	341	329	59	143	280	233	141	17	338	111	238	144
363	151	192	278	308	116	76	166	78	18	282	365	355	301	239	84	307	159	101	204	173	142	245	106	174	303	77	324	11	125	320	183	176	332	105	231	14	44	302	103	212	234	93	75	246	316	55	20	290	193
258	72	313	5	88	208	328	232	269	300	56	82	83	218	112	1	146	274	39	95	217	127	261	284	51	175	168	360	4	223	98	235	295	42	58	268	134	89	323	79	152	206	285	271	145	32	154	220	157	150
163	319	242	123	108	343	54	349	244	236	86	344	342	113	265	62	247	339	35	270	41	162	43	243	80	286	160	67	260	137	64	190	211	121	253	254	8	226	16	196	289	126	29	24	356	27	361	165	96	130
