2,1
68	101	20	114	55	91	161	39	59	10	19	146	155	60	151	58	82	121	106	166	1	137	47	72	66	78	67	144	103	49	120	87	69	165	154	26	61	56	24	131	119	21	169	132	90	97	102	80	43	148
83	136	35	63	81	2	70	98	38	52	171	174	99	158	128	95	112	143	117	41	32	76	48	25	53	142	124	51	14	160	29	3	23	129	163	37	164	162	45	109	134	42	79	138	153	145	12	173	22	85
6	105	110	133	130	104	34	150	108	50	111	116	127	4	5	44	147	96	84	152	28	75	7	46	17	11	168	71	118	135	172	74	94	149	93	18	27	36	57	31	65	140	89	30	86	92	141	126	13	77
167	159	33	62	122	107	88	54	139	100	16	115	40	0	73	8	170	157	156	123	113	64	15	125	9	99	80	33	6	93	118	113	165	64	142	156	163	152	130	153	167	91	173	125	1	8	65	135	52	47
24	113	85	118	20	73	158	32	153	30	33	42	65	76	160	124	92	86	68	95	93	137	141	136	173	150	100	166	131	77	43	156	48	53	104	88	109	47	7	102	140	143	12	79	5	17	91	167	44	9
45	157	52	64	0	39	128	4	69	161	31	84	22	149	125	116	170	115	78	94	172	114	40	105	154	13	51	101	2	121	98	168	163	148	72	75	147	110	155	132	96	89	152	27	162	139	106	146	83	145
107	112	54	129	18	103	16	21	123	59	134	3	60	63	6	36	165	46	122	135	151	127	11	119	171	58	28	1	23	61	10	81	120	138	50	34	108	57	144	67	62	142	111	35	14	169	71	8	26	90
41	174	99	164	25	19	29	133	70	130	49	117	38	80	15	74	97	55	126	87	56	159	37	66	82	136	150	101	64	57	133	63	48	52	139	119	89	166	93	173	156	105	78	75	137	171	25	158	86	18
15	132	164	70	51	98	136	0	138	43	79	20	169	83	161	148	50	173	151	157	25	109	89	121	108	95	1	68	137	40	126	22	147	133	27	131	11	167	30	17	61	13	129	162	166	75	122	74	82	130
26	101	16	102	91	134	52	69	10	87	23	54	44	104	86	152	62	141	7	88	78	67	64	80	19	47	160	113	106	170	105	93	46	124	45	2	59	92	53	165	142	128	6	149	139	41	135	37	125	72
5	145	29	111	71	114	171	150	120	34	28	9	163	81	85	24	76	107	14	154	116	42	156	31	112	56	84	65	21	103	77	115	8	168	100	97	60	118	158	174	48	172	49	110	96	12	155	119	32	36
73	153	144	55	33	3	39	18	38	159	143	58	90	140	63	127	4	146	66	99	94	35	57	123	117	17	10	86	11	112	114	61	124	92	136	3	29	40	74	22	121	147	126	54	60	89	18	164	161	98
140	124	127	69	67	86	38	5	148	115	162	92	31	23	134	87	21	90	145	17	55	110	76	163	141	146	53	74	96	113	95	118	136	33	62	81	166	103	45	50	52	71	79	153	6	8	7	58	147	10
151	123	35	120	171	130	158	41	12	144	119	129	94	164	159	54	102	11	43	165	97	108	19	68	89	29	13	78	106	93	143	27	44	101	155	72	64	25	61	46	128	117	51	99	126	32	47	28	116	160
73	83	75	105	142	9	63	132	60	65	156	3	167	112	70	170	131	104	107	172	40	154	168	161	114	98	152	137	174	150	4	111	48	91	20	139	59	22	121	49	18	77	125	37	14	56	2	84	39	109
57	88	135	1	100	85	66	30	0	173	80	82	138	157	169	15	34	122	149	36	16	26	24	42	133	7	100	15	146	56	168	166	133	154	61	46	113	26	116	83	31	74	77	109	30	72	86	44	169	17
130	21	70	52	58	81	27	78	165	35	95	170	60	68	74	138	44	149	112	104	156	148	14	121	10	47	143	102	59	22	61	41	166	144	150	163	174	11	136	31	48	36	126	75	117	157	97	32	91	3
115	86	114	28	76	55	39	79	56	90	19	128	92	122	140	57	93	66	67	37	120	0	98	77	103	9	2	134	123	145	101	62	137	5	169	147	34	17	99	111	29	43	88	108	116	132	160	154	107	89
73	16	109	50	26	64	23	71	65	24	87	45	100	72	151	42	125	167	18	46	94	4	135	38	106	113	85	152	12	15	82	171	155	40	83	96	33	20	80	141	49	168	30	1	162	129	69	131	146	8
153	172	161	124	159	118	25	119	51	110	54	164	142	133	63	84	105	173	127	13	139	53	7	158	6	17	67	89	95	162	44	13	14	121	170	9	71	115	35	112	8	10	118	131	16	158	133	83	160	163
133	130	172	159	42	61	146	167	155	36	113	68	85	69	32	134	60	20	56	108	49	112	151	17	129	65	76	16	116	22	107	47	147	41	92	114	28	96	48	57	50	53	72	80	43	171	7	87	121	110
40	26	105	94	37	8	104	54	84	35	103	51	63	149	2	30	136	27	156	140	39	137	102	169	148	124	99	118	158	119	71	170	77	86	59	31	9	46	81	3	73	34	166	1	64	55	45	145	75	109
93	67	115	5	126	25	173	33	6	132	0	74	24	97	58	21	106	66	52	164	4	128	88	14	139	163	18	12	161	100	122	165	160	152	153	95	150	174	143	138	168	70	142	79	10	120	13	98	141	89
62	131	23	157	82	111	125	83	44	90	154	78	117	127	144	29	101	135	123	15	38	91	11	19	162	96	22	114	78	151	137	104	156	129	33	55	37	134	49	16	133	142	168	79	86	5	139	38	81	146
114	159	69	81	29	162	139	49	92	157	23	66	52	76	47	132	172	28	87	88	105	101	127	19	79	21	128	135	168	104	107	7	8	153	95	97	161	20	67	166	96	129	125	37	43	91	6	147	0	16
116	137	133	32	122	118	130	90	84	93	64	136	150	35	173	31	148	126	164	26	138	74	119	113	123	12	33	160	54	3	108	25	13	143	22	141	100	78	151	65	124	4	156	51	70	102	174	5	134	82
115	57	53	73	44	80	61	72	140	62	50	103	154	24	99	10	83	68	117	27	110	9	77	56	30	149	2	85	59	60	98	39	40	167	158	171	142	152	109	145	121	36	131	165	55	42	89	48	155	106
169	34	14	58	146	18	38	45	112	111	75	144	41	86	94	71	11	120	1	17	46	163	63	170	15	100	2	8	63	56	66	17	20	15	167	7	158	53	30	107	113	124	0	121	38	136	155	26	34	57
41	144	125	93	138	22	151	38	57	63	91	48	123	170	102	134	110	96	115	16	4	11	97	3	148	81	1	173	44	50	8	51	129	98	68	43	156	86	20	117	60	78	122	79	133	169	165	17	35	107
52	167	85	19	39	46	33	103	159	13	88	74	150	73	99	36	139	54	161	136	29	131	100	53	72	171	108	69	128	90	109	15	25	127	6	7	40	94	59	24	111	37	132	12	95	101	10	121	5	67
120	147	84	140	157	89	45	162	141	21	135	28	75	137	145	71	62	27	164	76	130	9	172	42	32	105	112	55	163	118	124	14	18	66	114	56	2	83	61	153	155	116	113	30	82	168	70	49	80	142
0	34	104	149	92	31	152	154	126	146	23	143	166	119	65	64	106	26	47	58	87	77	174	158	160	83	6	2	46	82	29	32	101	20	151	24	150	96	85	124	98	5	72	34	30	110	113	67	144	152
99	150	136	106	116	169	142	88	7	56	64	59	113	26	46	166	174	29	104	24	119	31	163	134	94	173	93	112	124	75	146	10	109	49	18	128	20	162	67	133	16	127	11	71	118	101	39	17	158	77
32	145	3	69	2	48	151	36	147	4	105	161	5	97	130	143	89	33	27	117	125	8	42	54	153	140	15	41	79	172	47	14	168	74	65	137	108	144	126	55	19	23	156	91	92	114	149	43	62	25
138	6	164	30	22	37	83	148	61	63	90	171	1	60	80	58	50	12	129	152	76	103	68	87	28	66	159	160	35	45	70	139	53	167	72	131	38	51	165	141	107	73	44	86	34	157	57	78	120	154
122	96	9	40	100	84	81	21	111	155	0	82	170	13	135	52	121	110	98	102	123	85	115	95	132	21	1	37	56	127	120	172	8	27	93	84	157	15	130	139	100	146	154	118	45	149	99	25	164	85
106	40	83	87	82	159	158	59	92	120	79	145	77	15	81	49	132	164	151	166	32	34	85	136	35	51	5	126	38	3	20	109	123	162	75	172	105	58	66	165	71	64	103	41	10	14	129	43	124	30
134	88	42	110	76	39	60	122	113	148	128	153	78	50	24	93	140	80	130	168	27	25	149	170	55	111	96	12	102	56	53	167	6	73	69	133	52	101	112	169	57	72	104	1	137	31	63	156	89	107
18	97	98	54	91	125	154	142	131	157	22	99	141	121	144	150	2	19	108	67	47	86	26	171	13	173	161	16	61	45	11	62	17	28	44	94	7	48	84	143	119	174	8	114	118	46	33	138	100	23
147	65	155	74	135	115	127	90	9	163	29	160	117	37	4	36	70	152	21	146	95	0	68	139	116	4	94	152	100	84	81	137	20	52	105	23	54	106	13	49	146	113	114	168	42	40	169	69	132	136
135	165	37	143	111	166	25	49	139	105	20	116	15	82	8	64	52	162	22	16	148	5	108	156	169	118	40	28	124	38	18	141	167	74	109	147	80	104	17	11	67	121	35	36	107	119	68	160	153	59
88	114	71	172	27	158	152	137	173	65	73	132	136	43	168	97	46	2	126	144	70	93	100	129	72	19	12	77	95	150	99	53	154	21	164	149	117	45	91	26	170	161	131	6	174	127	51	3	85	81
90	62	84	55	76	101	34	133	115	89	83	103	157	130	92	128	48	151	79	1	60	163	78	140	122	4	54	123	142	56	155	145	96	32	125	112	47	57	120	31	159	146	30	110	113	171	58	41	138	9
