0,1
99	60	119	103	83	120	10	24	136	58	79	35	126	21	1	102	19	66	68	137	84	140	59	2	81	116	70	47	105	55	121	53	38	135	39	109	67	26	48	41	32	61	56	85	76	14	52	20	131	29
3	97	108	134	37	91	114	133	63	82	112	43	106	45	42	104	142	127	111	98	6	138	90	34	118	50	87	4	5	44	124	96	75	7	46	17	95	71	80	101	141	143	128	74	28	11	94	23	22	117
93	18	27	36	57	31	65	12	89	110	30	86	92	132	25	13	69	77	129	51	49	78	130	72	33	62	122	107	88	54	100	16	115	40	0	73	8	139	123	113	64	15	125	9	130	108	60	115	57	73
123	65	54	39	61	67	108	73	11	13	82	36	98	1	111	41	44	50	68	81	24	115	141	43	47	102	72	3	14	22	4	62	99	40	77	74	114	53	51	18	110	35	60	84	104	129	8	128	131	6
109	26	127	97	107	119	15	140	112	70	55	105	85	132	56	78	37	66	12	116	33	126	142	45	117	46	21	28	31	133	143	113	130	125	137	23	95	100	52	94	9	90	49	64	27	48	101	138	88	122
118	38	120	75	83	136	5	16	91	69	32	79	10	76	58	34	134	80	57	87	42	93	7	139	121	19	92	71	106	29	86	135	17	30	2	59	63	25	96	0	124	89	20	103	45	35	57	48	11	30
133	78	63	124	81	74	15	140	118	19	18	90	88	129	27	116	80	32	108	34	104	94	96	136	43	99	130	131	12	11	105	123	52	107	8	29	75	87	64	48	68	101	77	50	59	57	100	83	35	109
4	85	84	79	113	45	142	44	2	39	61	114	28	62	40	69	117	89	58	86	72	103	119	91	26	7	106	51	121	1	17	143	110	66	36	93	128	0	42	33	60	10	13	102	53	70	120	67	30	6
126	37	56	9	135	139	92	141	137	122	5	125	46	31	47	97	112	22	49	38	71	73	14	41	25	98	111	138	132	95	21	115	54	24	23	82	65	76	3	20	127	16	134	55	40	91	13	11	20	26
49	85	80	109	39	43	21	0	61	58	133	33	130	82	117	115	60	13	76	123	98	17	11	35	66	140	139	38	24	92	102	44	40	16	78	56	90	67	74	134	72	94	81	34	138	6	29	122	108	48
18	111	141	32	125	114	89	64	110	135	91	63	5	87	31	112	107	15	28	25	57	41	142	36	97	124	27	59	136	100	47	23	22	83	12	55	7	103	70	26	79	46	50	30	77	75	9	84	4	119
88	8	96	143	106	131	93	1	113	127	73	104	69	95	128	2	19	137	99	62	10	20	65	3	37	120	54	118	116	126	45	14	129	71	53	51	86	132	121	101	68	52	42	105	22	9	112	99	68	106
81	55	141	53	57	138	128	120	127	34	108	48	5	99	56	131	18	96	134	95	115	94	17	101	21	74	22	84	116	82	62	50	38	45	137	7	67	52	73	78	31	125	23	35	20	36	92	122	102	30
0	90	119	4	93	106	89	79	2	143	39	12	58	133	77	87	113	33	136	59	9	110	1	6	8	139	71	124	86	10	85	142	26	103	118	41	76	14	88	140	126	42	54	69	91	105	11	43	15	28
132	97	19	68	121	29	13	109	98	63	111	37	27	44	130	117	114	72	64	25	61	46	123	129	51	80	49	32	47	135	83	75	60	65	66	3	112	70	16	104	107	24	40	100	7	31	54	141	109	30
112	19	57	77	143	116	44	108	85	11	136	48	66	60	28	21	96	109	76	88	31	125	27	52	0	36	103	86	94	61	114	2	41	91	81	79	47	37	93	95	92	5	99	39	34	35	17	129	59	126
29	62	67	102	113	117	132	68	72	128	56	9	97	16	90	50	104	64	23	65	24	45	120	42	130	111	46	4	87	122	98	15	82	141	78	10	40	38	83	55	70	123	32	33	89	20	80	43	12	140
49	30	106	121	26	14	1	73	69	107	3	18	22	8	58	115	138	75	71	100	142	101	134	74	124	131	118	137	25	119	51	110	54	135	133	63	84	105	127	13	139	53	7	6	78	32	49	66	19	7
8	4	0	47	49	114	115	128	23	35	106	113	10	36	69	67	44	14	46	30	129	26	77	136	108	9	32	62	70	73	17	91	27	133	110	55	100	13	16	142	54	59	33	2	82	112	138	124	42	81
95	74	66	102	85	68	105	75	84	104	72	58	107	116	137	1	48	135	71	134	97	80	131	31	98	43	37	50	39	141	127	20	12	53	34	101	7	18	118	89	25	96	122	3	109	5	83	63	76	60
88	22	126	28	125	52	99	119	130	140	143	57	41	78	65	29	120	15	121	117	87	51	94	103	40	92	6	61	90	38	93	132	56	79	24	21	86	111	123	139	64	11	45	19	133	130	11	90	42	61
55	22	85	118	52	94	7	134	102	106	16	49	87	90	12	110	63	123	15	73	112	68	37	38	143	100	21	33	40	1	80	42	47	111	96	6	70	136	60	97	51	101	0	141	122	72	10	142	133	64
103	2	114	74	132	138	119	116	27	24	84	46	25	36	139	104	75	105	127	91	9	81	19	117	13	26	131	120	56	135	17	8	14	71	65	5	29	82	130	66	79	129	34	95	28	53	48	128	11	3
18	4	108	39	78	77	54	43	58	41	89	57	137	98	113	140	62	44	50	61	125	126	88	86	76	30	92	99	45	121	32	31	93	67	115	83	59	107	69	124	35	23	20	109	101	47	103	0	32	54