0,0
83	136	248	192	204	226	149	155	138	212	56	154	218	214	55	58	243	114	127	169	26	60	80	111	163	132	35	10	202	117	106	61	142	87	237	129	6	168	24	233	241	19	188	49	246	98	1	178	59	189
152	63	76	69	191	46	119	170	193	242	20	47	147	5	166	184	205	2	222	70	91	68	52	102	148	32	251	7	252	39	211	176	105	165	215	116	195	182	78	25	207	131	181	72	236	239	175	220	103	235
238	130	167	43	120	180	21	162	37	210	75	109	199	48	227	198	121	144	201	99	95	159	67	66	219	22	213	38	124	101	196	209	160	90	41	81	185	110	53	17	208	51	14	161	82	84	232	29	3	23
146	128	45	172	97	203	42	171	79	225	12	112	11	216	85	134	143	173	190	104	34	108	50	183	186	187	4	133	44	96	224	28	135	174	145	194	250	71	118	223	249	137	74	245	230	94	151	150	244	93
18	27	36	57	31	65	140	89	158	30	86	92	141	126	153	13	197	77	229	179	177	206	231	200	33	62	122	107	88	54	139	100	16	115	164	40	234	0	73	8	247	157	240	221	217	156	123	113	64	15
228	125	9	219	183	200	204	4	149	136	193	44	102	141	88	169	251	42	40	114	203	247	100	231	151	213	217	177	95	139	53	142	143	91	205	65	22	107	24	43	119	77	47	179	215	116	115	156	122	192
41	195	161	25	187	49	158	145	169	94	103	247	218	186	189	18	236	143	27	83	227	122	80	78	43	205	108	237	63	168	79	181	137	182	120	149	176	45	197	226	39	194	162	164	92	62	75	202	104	12
11	239	32	213	179	131	8	50	207	215	64	172	52	113	89	57	35	101	107	212	74	44	124	59	242	234	184	152	31	150	2	180	192	246	123	90	191	138	147	221	142	93	129	38	117	220	7	200	118	77
163	73	248	174	159	5	102	66	209	36	119	249	188	222	42	33	60	198	13	244	53	70	139	67	30	6	216	37	178	9	155	157	153	141	46	177	165	112	22	71	14	203	190	154	148	245	196	225	233	24
23	82	65	76	235	20	127	16	204	55	230	28	69	51	106	97	15	130	68	125	183	111	173	96	17	99	34	47	56	175	241	160	219	146	110	21	170	121	88	48	171	217	135	193	132	84	185	105	10	72
136	54	208	98	211	100	3	114	91	87	85	134	156	61	228	29	229	223	252	19	232	240	251	199	0	115	86	140	1	133	81	26	231	201	109	206	116	243	128	167	250	151	4	166	238	95	40	126	214	144
58	224	210	251	82	146	17	203	226	63	98	187	13	11	125	173	224	91	102	157	16	237	40	141	35	201	120	248	0	131	198	128	24	219	61	89	181	189	108	175	145	162	211	242	83	232	107	164	80	132
104	235	165	69	127	251	223	112	78	31	131	17	222	150	90	149	123	96	242	168	193	137	53	45	71	10	214	218	87	191	98	192	54	119	203	171	86	198	35	5	110	196	11	43	216	72	33	99	93	81
29	225	246	182	79	194	27	234	19	64	244	177	130	25	61	46	67	74	195	190	32	47	28	83	233	75	185	9	63	232	60	65	162	145	70	139	240	219	221	97	187	95	241	4	48	212	156	103	59	220
22	134	125	158	18	174	94	114	37	14	56	23	2	115	77	237	189	146	57	62	154	88	7	151	227	49	101	148	236	217	201	142	80	147	138	252	231	224	36	16	157	188	42	175	129	3	109	82	85	210
68	1	228	111	250	211	172	207	102	50	178	128	161	52	40	92	155	166	144	243	159	117	20	39	152	133	202	8	163	167	41	15	55	230	89	229	140	124	24	173	184	121	186	205	183	51	132	169	126	143
108	0	208	12	197	38	113	26	66	76	116	30	247	100	209	180	135	179	160	164	58	199	215	153	122	13	136	213	249	107	200	34	106	73	120	206	176	245	84	238	105	118	6	248	170	239	226	204	91	141
44	21	181	158	88	151	251	37	119	133	4	35	72	154	44	86	150	220	214	166	70	14	191	30	207	135	221	15	148	63	196	109	7	40	102	204	26	97	138	229	90	81	250	46	31	230	36	54	74	170
61	226	147	153	219	55	35	117	203	115	95	25	134	37	39	145	194	232	29	79	103	172	36	175	78	116	223	185	105	218	108	114	102	221	247	240	152	58	74	137	224	113	227	41	10	139	136	66	130	100
181	246	159	47	60	186	75	48	26	92	215	188	211	111	8	156	64	243	27	241	52	250	144	222	212	62	184	18	77	236	90	88	195	110	119	248	196	50	76	132	245	122	155	21	121	70	207	252	165	93
161	168	231	158	84	68	104	101	204	228	169	43	14	31	208	210	91	123	97	22	149	44	164	3	249	180	220	174	59	177	6	11	190	242	189	98	176	81	32	42	135	28	162	214	56	19	213	238	57	151
182	86	67	167	128	125	0	112	94	187	163	9	2	133	209	143	191	126	109	99	148	225	5	13	216	34	17	179	89	45	157	234	65	72	205	54	87	197	120	73	107	16	199	178	244	192	23	71	193	24
173	200	7	170	51	251	46	124	4	38	106	85	63	12	15	82	53	118	206	138	40	166	83	183	198	96	202	160	33	217	20	230	80	239	171	140	233	141	49	127	30	1	237	229	154	142	129	201	69	235
131	146	150	94	75	211	136	32	146	166	215	16	68	28	102	210	39	236	30	126	152	8	72	36	41	71	140	73	96	163	221	53	47	142	27	114	226	239	181	159	124	76	138	104	63	80	35	133	147	7
191	195	51	206	85	192	175	101	230	42	76	139	105	156	194	136	72	127	184	130	154	228	49	86	13	188	33	104	38	231	102	170	234	210	46	173	47	97	79	95	90	147	78	16	141	5	143	80	151	129
241	116	232	111	140	189	37	209	182	40	148	134	240	70	14	68	247	150	12	163	55	7	128	197	215	227	243	174	180	41	179	117	223	250	15	208	204	216	18	213	96	238	229	145	224	114	239	52	172	153
214	166	138	185	74	190	119	162	64	87	152	200	201	237	84	149	132	103	56	235	75	212	155	246	110	60	25	91	24	164	89	100	218	30	249	112	220	171	9	73	199	26	106	71	225	17	8	142	65	133
29	82	242	94	245	53	48	181	11	131	222	211	4	168	120	122	54	43	58	169	57	113	196	207	252	61	178	88	158	92	99	45	121	32	226	177	31	93	67	115	83	59	107	161	69	124	244	23	20	221
109	233	248	39	219	62	157	205	125	236	251	108	77	21	6	203	36	167	202	137	165	160	146	198	0	187	193	159	81	1	34	217	144	19	22	66	135	10	2	126	176	27	183	118	35	28	98	123	186	3
50	63	44	213	107	246	151	251	240	61	148	252	88	97	48	210	105	30	55	117	198	157	124	47	206	79	28	76	34	36	12	45	25	17	168	122	106	182	90	161	64	20	224	67	190	177	160	154	169	84
212	8	73	120	16	226	176	60	209	110	63	216	221	50	101	136	147	38	105	200	180	208	78	103	214	181	44	196	210	109	81	205	51	11	217	117	198	206	150	57	98	233	41	162	111	182	131	163	128	183
20	27	13	242	197	249	91	125	115	68	17	218	127	203	178	123	52	19	39	86	220	161	90	251	189	201	211	213	145	29	140	148	53	72	88	190	79	236	69	85	132	102	194	192	222	55	191	7	40	107
59	24	188	37	248	12	94	108	172	10	9	5	67	133	157	84	164	246	89	45	224	130	243	144	28	239	250	137	155	71	62	175	230	135	193	231	112	174	118	124	241	18	66	202	56	2	83	204	167	166
116	113	151	30	82	179	70	49	80	247	142	0	34	104	232	92	31	152	154	126	146	23	143	225	119	65	64	106	26	47	58	187	223	229	158	160	138	87	139	95	121	199	15	42	122	153	22	227	228	6
1	156	114	97	61	184	74	21	99	168	134	54	4	159	235	240	252	3	35	141	100	93	238	77	173	177	245	171	33	234	76	244	149	48	185	169	186	46	215	75	25	14	129	207	32	237	165	195	219	43
170	36	96	112	19	66	175	219	178	139	170	243	24	121	30	26	246	156	158	131	208	69	29	98	6	247	212	155	228	119	48	145	149	206	239	146	76	133	16	182	42	82	102	169	215	34	83	99	137	51
128	135	132	9	251	137	150	217	46	41	126	214	29	187	115	18	5	239	10	120	230	84	51	154	202	185	113	200	111	94	21	1	192	242	246	33	243	44	165	206	57	110	173	112	129	53	116	228	20	223
72	249	159	76	117	172	226	183	238	194	167	178	142	133	247	73	130	250	26	0	196	123	241	6	193	197	219	3	175	155	205	166	141	153	244	204	203	40	236	240	96	245	170	158	43	81	189	82	86	13
7	35	124	108	36	235	231	80	38	88	77	83	60	34	79	234	121	215	54	67	237	210	23	174	176	24	118	28	87	71	222	16	50	90	157	104	102	139	99	122	4	75	152	148	221	140	119	114	59	160
45	188	78	181	138	109	17	31	225	156	143	198	8	252	64	177	146	163	195	229	248	19	144	49	11	207	70	39	145	63	184	105	56	32	149	131	2	48	125	164	191	233	68	101	69	199	98	227	106	232
103	161	27	85	89	12	66	136	42	182	127	168	213	15	169	58	216	93	186	95	47	14	220	190	74	65	179	61	97	162	212	100	55	218	147	224	151	209	91	92	208	180	171	62	25	107	52	134	201	30
22	37	211	20	168	32	178	186	228	227	76	75	123	201	172	145	79	242	18	183	240	211	161	134	235	234	132	80	149	182	126	5	51	243	218	15	181	43	60	122	155	205	14	42	212	104	77	174	106	47
54	109	56	52	175	166	16	163	86	102	209	154	81	170	40	160	249	244	99	123	188	137	140	203	168	222	20	193	252	65	211	74	37	212	239	184	98	78	22	15	221	133	53	186	214	159	101	85	157	151
135	32	196	145	139	77	182	30	246	4	147	25	49	248	201	41	247	242	205	148	189	23	185	91	174	197	42	108	245	128	235	69	47	114	187	63	171	84	117	24	177	237	100	113	218	115	234	76	169	215
206	138	219	105	172	141	55	178	119	43	150	155	33	14	13	6	199	153	183	181	165	251	3	95	90	180	144	58	207	136	228	161	208	5	236	11	158	176	21	164	34	106	27	67	7	82	44	94	39	92
130	198	10	57	38	2	232	107	173	12	103	59	167	8	226	17	229	97	70	224	125	241	200	156	0	35	18	112	190	87	80	50	220	149	116	129	131	96	243	68	142	83	134	121	64	62	225	216	51	79
75	110	162	122	36	194	191	240	146	143	73	111	60	89	88	217	250	202	179	195	231	1	120	238	28	48	31	132	127	118	104	124	152	66	192	233	210	61	223	19	230	29	9	26	213	227	46	72	93	204
126	71	45	64	156	247	71	146	126	10	90	22	85	152	241	222	18	118	88	6	7	45	207	4	144	204	97	30	77	153	131	176	139	94	42	69	46	210	180	181	37	211	14	218	103	115	166	149	25	28
33	22	99	97	26	234	8	79	77	86	49	63	150	233	125	15	36	224	38	178	251	180	87	18	240	209	7	91	83	60	64	144	177	101	30	187	48	185	213	85	193	114	41	80	208	160	107	120	67	75
56	45	16	247	133	190	186	134	225	118	223	113	109	231	69	207	4	119	191	174	140	142	183	42	44	181	88	161	219	248	117	222	98	227	51	148	66	89	237	58	171	192	124	132	81	129	184	232	54	92
239	166	154	93	214	169	228	151	175	152	1	164	23	52	155	116	188	106	198	11	82	25	110	9	71	158	137	50	196	221	103	10	235	147	167	95	241	70	131	203	202	246	20	244	205	218	72	194	74	102
130	0	128	141	96	242	195	78	17	47	212	135	252	35	24	139	40	112	229	245	206	53	123	29	5	250	61	201	215	216	34	14	236	143	73	90	170	121	138	226	176	163	55	189	149	59	43	6	179	27
243	159	249	162	204	13	31	39	19	12	217	115	220	146	57	230	104	126	37	172	168	199	32	182	3	127	84	197	108	211	157	76	100	238	62	105	122	21	68	200	28	46	145	165	136	153	173	65	94	2
111	210	156	126	211	106	226	24	47	44	3	76	102	198	250	216	174	248	107	40	54	218	110	74	122	5	100	112	50	8	132	230	194	105	79	46	2	231	84	183	142	212	12	31	43	53	206	42	147	193
211	110	132	22	151	20	65	195	225	239	146	128	202	46	177	5	159	210	117	156	190	157	235	252	58	97	38	104	137	74	13	66	12	209	143	133	251	203	228	42	185	180	226	49	14	54	127	244	55	126
138	57	11	107	9	27	134	70	51	86	36	181	223	34	154	199	250	23	171	135	81	41	234	161	238	176	160	95	18	75	240	243	90	118	242	218	232	220	214	231	131	147	248	83	30	153	89	237	221	129
165	142	71	241	120	45	69	167	145	15	178	33	187	172	113	79	1	213	72	236	124	116	24	115	246	48	186	140	192	47	59	136	37	103	29	164	119	91	196	166	98	205	109	224	122	179	16	121	31	188
169	87	28	249	88	229	158	52	21	193	206	217	99	43	4	207	201	84	73	162	200	32	60	168	19	227	77	6	197	80	100	183	144	56	194	53	216	67	173	247	112	93	10	141	111	102	35	68	152	175
114	170	25	94	96	208	76	0	130	230	108	82	64	125	123	182	3	198	163	7	2	44	106	26	148	39	155	204	63	212	85	101	17	78	189	40	62	50	245	61	191	174	149	184	219	8	215	105	150	233
139	222	92	175	22	79	188	21	168	87	53	125	172	147	166	210	191	2	83	107	240	3	34	169	170	128	100	59	70	35	95	56	4	212	122	31	248	37	106	108	207	64	101	220	235	190	184	116	91	153
201	250	192	21	233	196	88	202	132	28	195	143	147	121	54	29	184	146	15	133	91	124	6	197	80	177	55	199	158	24	186	126	185	227	116	93	94	19	198	212	135	157	141	22	9	183	136	110	166	30
207	51	33	101	211	125	83	77	58	103	63	226	68	175	161	176	115	204	75	2	89	122	84	170	120	73	78	96	109	7	155	12	114	117	243	67	16	182	82	181	235	48	0	128	144	60	251	62	247	156
225	118	159	46	208	41	150	69	3	151	90	47	31	27	232	172	129	248	160	223	215	72	242	174	189	219	154	38	190	111	216	4	137	164	52	100	81	134	193	14	171	188	113	203	218	10	145	59	119	56
