2,1
59	35	47	98	101	55	75	58	152	5	176	130	167	39	78	19	1	2	117	10	95	6	161	121	20	132	99	194	72	61	56	90	68	46	165	177	138	70	174	155	180	154	52	129	83	110	143	49	63	192
7	26	105	60	111	127	201	188	128	24	43	76	142	21	200	103	87	69	160	120	67	66	172	38	198	114	163	102	124	169	168	196	41	80	81	32	91	48	25	53	187	17	116	51	14	82	84	186	29	3
23	149	190	37	191	166	189	45	134	97	181	119	109	42	131	145	79	193	162	148	179	171	170	12	112	11	22	106	85	144	195	104	34	108	50	136	146	147	4	133	44	96	178	28	135	173	182	71	118	159
199	137	74	184	94	151	150	175	93	18	27	36	57	31	65	140	89	158	30	86	92	141	126	153	13	77	183	185	33	62	122	107	88	54	139	100	16	115	164	40	0	73	8	197	157	156	123	113	64	15
125	9	72	4	135	183	98	125	167	43	56	66	150	93	8	47	22	65	179	6	82	146	196	187	1	130	77	192	102	24	78	149	123	175	189	176	133	46	90	53	161	101	154	158	170	188	138	15	116	28
123	64	31	170	154	151	22	85	45	131	190	113	13	55	9	186	72	110	168	79	104	124	30	145	27	112	20	106	115	92	140	44	76	180	166	33	66	15	142	68	191	133	84	41	17	53	52	185	49	47
51	184	32	195	152	181	109	18	188	100	21	42	69	24	48	43	7	65	138	187	171	201	54	75	200	125	173	127	90	29	132	137	19	93	99	198	148	97	116	12	1	5	121	26	73	78	102	0	39	135
175	4	167	95	150	86	16	172	141	143	128	56	164	36	2	163	105	101	107	38	70	182	37	192	155	6	40	153	25	77	161	130	91	169	94	118	80	88	117	136	159	96	114	82	147	89	98	156	199	83
126	157	122	176	146	103	144	149	59	183	3	60	63	134	74	46	139	119	162	174	11	177	58	28	129	23	61	10	81	158	120	189	178	50	179	34	108	57	193	197	67	62	194	165	111	35	14	196	87	71
160	8	11	47	171	81	27	82	77	45	64	131	133	105	197	91	157	191	118	43	181	177	172	25	119	174	150	154	34	44	52	168	68	17	160	116	189	129	54	94	20	175	21	163	192	8	50	149	88	138
38	43	139	67	148	167	102	64	0	76	110	153	35	174	97	160	17	85	119	61	145	80	181	154	69	188	178	190	161	58	13	195	21	142	150	11	122	33	89	49	123	40	24	72	169	155	94	16	95	109
112	39	193	159	117	108	63	189	65	66	120	56	164	98	131	60	152	34	177	6	82	184	18	113	32	74	133	90	106	5	78	31	151	128	15	28	25	173	41	157	194	103	171	27	59	158	125	107	47	179
87	22	83	12	55	7	124	70	91	26	79	199	50	30	77	75	9	84	4	136	88	201	8	96	172	127	146	93	1	143	186	73	197	166	162	99	183	10	20	3	37	180	168	200	126	45	14	129	71	187
51	86	132	121	101	182	52	42	105	81	111	192	141	137	170	68	191	48	118	147	100	140	144	185	29	149	116	138	134	23	54	44	165	62	92	57	135	53	196	115	2	19	175	156	198	104	163	130	36	46
176	114	105	73	45	189	103	195	184	99	177	98	21	79	17	35	178	158	6	90	172	175	81	182	119	131	31	64	115	53	134	43	97	160	193	96	78	5	179	61	11	138	74	33	154	83	125	13	130	198
7	31	54	142	109	30	87	111	172	15	187	174	72	70	108	96	46	85	124	180	37	138	17	133	26	66	143	44	81	27	186	99	195	199	4	74	182	193	104	51	105	179	69	126	97	123	110	201	77	56
150	8	16	151	63	14	128	100	45	107	92	162	95	40	156	65	1	173	119	90	106	200	148	62	60	86	53	102	125	41	160	24	181	166	80	190	52	116	22	82	140	71	58	89	131	171	20	189	139	35
176	158	29	135	152	115	6	55	36	196	146	117	113	170	91	59	144	13	67	88	98	120	101	121	48	136	175	79	197	42	76	184	191	94	43	147	38	47	168	19	68	64	145	112	114	185	11	9	157	73
154	5	50	129	75	149	18	93	169	192	155	28	198	21	2	34	159	32	134	33	137	161	153	57	165	127	49	23	177	118	61	163	84	164	178	3	194	83	183	0	25	132	39	141	188	10	130	167	103	12
122	78	193	116	68	64	26	115	128	93	10	173	171	111	21	160	104	74	92	58	136	81	52	182	39	79	169	77	126	98	18	167	95	48	112	44	41	35	14	78	144	27	108	75	76	22	117	3	134	155
145	137	14	82	70	26	8	164	191	187	105	10	200	66	55	117	49	36	134	126	162	9	175	96	89	193	17	179	160	72	100	35	144	13	16	46	58	71	33	2	75	130	113	104	172	157	67	153	54	152
68	77	97	163	177	192	42	44	182	173	165	146	127	91	73	121	31	151	186	37	50	39	133	116	149	167	53	201	95	7	18	122	25	119	3	99	5	83	199	76	60	88	22	115	150	141	194	107	120	132
135	57	41	196	185	29	109	15	110	87	143	94	103	40	197	6	61	183	138	85	93	125	108	101	23	180	176	158	198	86	111	123	64	195	174	19	131	4	38	112	142	114	34	51	118	188	147	154	20	148
28	69	168	98	189	32	45	129	181	27	166	81	84	80	30	128	171	12	161	159	156	169	74	178	170	124	79	139	47	59	56	24	48	90	78	190	43	136	0	106	65	155	1	102	52	11	184	92	21	63
62	140	162	56	156	115	42	94	91	166	104	187	155	105	61	169	192	8	116	180	47	57	137	80	41	145	76	168	75	121	130	189	111	183	53	49	151	119	86	144	33	176	159	186	185	20	110	154	167	68
37	85	0	196	102	132	98	54	77	129	115	47	28	90	61	80	185	119	107	180	181	156	176	148	124	79	140	152	161	125	68	105	150	13	160	200	21	130	127	22	153	43	86	169	195	62	163	95	36	19
49	108	123	96	164	48	67	157	33	76	189	116	103	34	51	175	121	69	97	18	38	198	146	155	149	178	11	92	144	46	118	137	42	136	45	59	64	16	191	50	5	190	135	63	20	70	57	27	171	81
170	114	126	117	83	131	40	183	174	75	14	168	110	166	72	66	78	101	35	197	12	58	55	7	167	177	201	23	39	6	99	44	145	104	41	143	15	151	139	188	10	187	2	1	192	128	84	165	52	134
179	88	74	4	111	87	199	109	182	138	173	186	56	53	60	25	91	24	120	89	100	31	154	30	3	112	162	122	113	9	73	193	147	172	141	26	159	158	106	184	71	93	17	8	142	65	133	29	82	32
194	94	63	55	82	70	154	36	109	28	40	196	185	48	129	162	76	173	165	17	111	105	61	201	71	85	167	142	169	67	30	84	12	47	25	34	60	88	45	100	161	20	64	42	171	107	120	168	79	186
72	164	127	53	180	44	155	86	38	176	52	167	128	189	78	107	11	162	154	112	172	109	117	20	103	19	60	41	157	13	88	94	132	120	16	17	63	116	194	81	50	160	84	143	8	174	79	57	51	73
29	166	68	89	123	150	175	181	198	187	7	40	69	59	24	118	37	98	12	148	90	10	108	5	67	105	111	110	45	142	101	102	28	191	115	135	71	62	27	168	183	147	9	113	151	184	55	125	18	66
124	163	56	146	2	91	83	39	130	161	131	152	178	133	136	196	30	137	82	140	85	70	49	80	199	193	0	200	34	104	92	31	126	23	144	119	65	64	106	26	47	58	145	179	138	87	139	95	121	158
15	42	122	153	22	182	6	1	156	114	97	61	74	21	99	134	54	4	159	188	192	201	3	35	141	100	93	77	173	177	190	171	33	76	197	149	48	185	169	186	46	75	25	14	129	32	165	195	43	170
36	96	35	124	24	6	170	72	186	102	174	177	79	67	182	148	145	2	61	88	104	137	34	29	169	197	99	58	32	143	74	30	92	85	116	53	62	87	97	0	138	173	164	120	199	3	163	70	66	101
24	46	148	7	143	119	150	127	129	130	138	5	108	136	170	178	179	126	67	4	29	94	146	191	26	184	103	168	83	153	105	182	71	190	10	64	75	31	113	134	140	89	164	160	163	87	60	18	144	20
106	114	177	16	181	49	11	133	59	125	39	17	183	116	56	200	162	3	79	2	48	63	36	101	99	68	77	69	118	104	109	33	27	139	141	8	42	54	199	149	15	41	112	88	93	58	195	47	14	117
188	74	65	154	167	97	161	142	166	55	196	19	187	23	175	194	91	92	185	124	43	62	25	157	180	6	147	30	22	37	76	61	90	193	1	80	50	12	145	152	28	66	173	128	35	45	70	156	53	197
72	131	201	38	51	186	158	107	73	44	86	34	176	57	78	120	174	151	122	96	9	40	100	84	172	81	21	111	165	159	155	0	82	192	13	135	52	169	121	110	98	102	123	85	115	95	132	189	171	198
32	137	50	149	118	17	100	8	25	173	121	32	191	106	27	39	155	132	30	185	1	120	190	160	159	104	167	111	175	55	117	194	181	58	201	154	21	18	97	73	77	90	150	200	15	130	164	44	45	91
60	132	38	31	14	98	195	100	157	20	140	133	189	96	160	69	85	166	131	168	42	4	102	81	179	73	50	18	158	79	19	47	71	187	51	155	191	151	7	124	174	9	70	161	122	6	197	93	173	32
49	162	120	80	170	41	46	153	103	43	57	123	156	89	190	37	104	66	65	5	88	125	15	193	118	136	184	23	145	127	137	109	177	142	77	76	48	152	68	138	178	64	40	92	87	113	106	110	34	101
186	3	95	84	135	188	39	83	72	35	75	97	121	22	36	172	128	154	201	141	180	74	171	105	10	63	182	194	107	30	199	59	163	58	143	90	116	82	149	167	164	24	129	139	21	126	27	78	25	55
169	12	165	56	117	53	112	134	111	119	198	52	144	181	33	91	1	159	192	185	146	115	54	176	200	8	196	150	99	2	183	130	147	108	67	175	86	26	0	13	114	29	16	61	45	11	62	17	28	44
94	148	54	109	56	52	175	166	16	163	86	102	143	154	81	170	40	160	36	89	99	123	188	137	140	122	168	120	20	193	45	65	111	74	37	60	19	184	98	78	22	15	1	133	53	186	88	159	101	85
175	184	138	115	85	53	14	21	68	58	189	117	93	46	152	18	47	131	84	28	170	20	160	133	64	24	45	165	105	69	42	0	10	195	132	31	146	37	120	113	6	30	144	43	35	149	177	71	154	157
108	159	25	102	136	78	111	23	40	73	87	185	22	4	66	179	110	15	162	114	65	51	39	36	9	5	198	168	94	176	52	77	86	89	145	55	128	126	196	90	118	151	72	181	182	17	44	173	74	38
103	137	180	187	107	119	143	81	88	166	169	79	106	135	156	192	7	172	96	13	139	104	8	95	194	62	41	97	164	16	163	76	150	161	147	141	140	127	186	123	48	183	60	148	75	34	193	49	82	153
191	26	158	1	101	11	57	2	199	200	32	201	129	155	67	83	124	142	190	109	27	63	98	121	59	178	171	29	3	125	100	197	174	130	54	61	188	92	70	122	134	33	56	19	12	112	91	80	50	167
99	116	70	178	193	138	30	4	117	152	166	137	110	16	26	36	155	116	52	119	163	173	66	167	45	141	169	22	198	69	109	56	177	33	164	82	1	95	64	150	184	51	187	120	175	102	9	89	81	151
5	99	28	40	129	171	15	110	111	165	66	68	148	65	12	51	176	79	3	138	46	47	80	20	57	115	198	70	71	17	163	6	78	35	183	140	152	112	200	120	145	190	173	194	31	149	89	26	156	49
196	8	91	72	29	126	146	186	172	128	139	27	88	168	39	136	81	76	105	13	60	201	58	174	179	130	181	56	184	43	116	125	50	178	98	162	22	102	86	48	32	54	142	177	34	135	30	141	42	143
164	101	121	16	134	189	154	169	4	62	93	118	160	108	97	187	33	63	67	9	137	124	191	117	166	157	18	114	188	0	96	104	36	182	195	23	77	82	61	155	100	92	85	109	150	53	84	90	151	113
