0,1
367	210	241	230	211	302	264	161	163	43	226	72	24	152	172	329	379	428	312	298	65	147	6	188	160	296	91	316	278	217	432	295	415	377	354	61	1	142	294	381	154	107	111	260	34	326	386	252	130	251
421	175	47	337	187	240	314	380	116	7	338	193	434	10	26	181	146	183	78	323	114	151	208	70	266	149	80	131	388	390	392	88	81	56	238	37	66	307	310	12	249	419	126	223	100	393	435	98	262	99
102	287	84	402	101	282	400	398	425	236	76	97	173	119	198	164	340	192	113	129	194	443	52	27	245	324	219	64	109	345	110	299	105	227	300	315	416	121	328	69	214	327	279	391	57	87	410	319	368	92
397	29	261	202	17	291	2	59	63	25	347	418	301	403	170	20	378	253	166	174	257	124	322	207	276	190	309	365	332	36	138	184	191	414	325	357	350	195	120	35	366	19	277	426	225	189	108	5	231	334
330	212	157	383	204	318	339	104	303	222	60	176	197	21	333	106	288	139	127	49	281	401	58	167	75	441	431	270	148	38	218	228	336	242	317	349	247	132	117	305	335	68	308	0	50	274	269	362	55	422
280	389	199	406	83	155	275	205	376	387	186	86	46	297	162	437	375	408	304	258	137	404	196	180	9	259	32	358	263	444	103	39	28	215	374	169	412	293	206	153	439	30	255	213	136	373	346	168	433	229
224	171	311	267	115	407	48	394	361	353	82	95	67	96	22	254	244	343	159	341	144	209	405	355	90	41	233	331	359	53	178	273	411	351	51	14	417	272	285	3	23	128	165	201	45	370	235	399	237	42
232	79	185	430	220	268	112	11	150	234	85	246	134	143	429	271	360	290	182	364	306	372	384	385	4	133	44	352	250	289	284	203	135	145	423	71	118	396	442	216	74	438	248	94	436	93	18	283	292	313
31	321	140	89	158	286	342	348	141	382	409	243	13	77	424	179	177	427	200	33	62	122	363	344	54	395	239	356	16	371	420	40	256	73	8	440	413	221	156	123	369	320	15	125	265	436	131	145	195	230
96	168	162	444	201	165	45	233	308	381	93	283	89	149	272	299	311	234	388	87	203	293	7	218	395	67	435	382	220	17	342	142	74	58	420	373	189	99	385	315	252	400	285	327	62	154	361	102	270	320
245	117	214	437	216	301	179	43	383	120	127	123	317	396	188	230	371	338	394	417	193	19	326	334	223	424	11	337	348	296	250	5	124	406	246	411	94	359	114	313	429	345	81	307	21	143	86	405	163	369
364	31	32	357	305	368	71	33	367	427	343	202	53	145	119	434	356	375	321	118	61	35	430	390	291	148	316	310	195	254	181	384	10	130	227	12	363	403	103	44	333	374	404	72	244	422	362	110	134	366
171	185	258	273	259	64	330	267	63	323	208	54	69	355	29	139	306	28	97	147	68	46	260	341	209	266	265	377	27	243	126	25	174	131	242	319	219	336	47	156	392	83	442	412	137	191	352	60	65	263
279	112	432	16	104	312	274	298	433	98	318	228	217	241	4	378	48	358	436	225	418	261	22	278	121	49	18	304	222	77	125	443	401	56	151	2	353	441	212	39	109	376	190	172	88	387	1	100	269	229
85	66	339	397	0	438	275	80	138	170	157	186	271	251	309	354	324	232	210	177	325	36	328	207	24	414	402	129	415	3	365	200	211	423	192	187	182	386	332	389	282	50	194	52	303	351	128	161	40	92
166	144	20	295	152	237	264	167	41	15	55	108	107	380	372	173	184	38	248	51	256	221	329	224	268	197	294	113	26	322	76	116	30	204	180	419	160	314	199	425	421	13	136	213	141	255	34	106	73	350
408	206	176	84	340	238	105	6	370	226	347	300	277	196	431	331	8	289	344	90	91	360	280	82	9	23	57	231	287	335	416	413	169	439	239	158	111	379	290	276	262	349	281	37	240	146	440	288	346	292
115	14	133	78	159	235	153	257	426	399	95	284	409	297	42	164	428	155	59	135	198	122	175	407	101	215	236	150	140	183	391	398	70	247	410	79	302	253	178	249	286	205	75	393	132	322	296	197	219	308
401	116	385	0	290	102	299	222	248	303	188	47	263	223	306	272	121	192	33	103	341	92	416	345	436	435	140	77	389	191	98	230	250	143	49	137	170	197	183	196	136	376	152	251	302	378	390	388	175	212
156	274	76	139	174	114	124	350	105	22	168	96	68	291	132	419	276	179	311	164	160	225	80	319	218	301	304	51	129	372	215	115	18	357	97	294	384	287	145	430	211	382	228	203	369	282	150	42	148	281
245	59	200	324	16	90	241	50	443	362	173	63	20	70	243	27	267	296	409	312	219	310	375	210	307	130	407	75	119	368	213	110	78	342	343	273	182	193	264	434	288	292	249	176	104	41	270	153	15	166
151	280	328	356	361	161	316	371	208	128	348	305	364	163	134	195	254	74	231	111	87	216	331	394	365	189	289	56	224	426	352	421	358	317	414	370	31	236	404	318	336	112	253	237	293	333	337	269	359	172
425	309	159	252	106	427	71	262	17	8	321	199	65	133	29	403	298	194	207	94	347	340	181	28	53	48	344	422	131	351	108	4	240	349	397	393	363	122	313	43	58	169	286	57	235	398	113	295	377	44
178	61	257	220	88	214	204	158	314	32	417	177	93	69	374	395	19	297	39	209	383	205	125	135	21	355	36	167	202	198	256	187	247	246	380	1	217	144	423	278	66	386	258	283	437	35	284	360	259	37
40	85	332	171	34	180	7	402	64	26	329	126	72	54	99	67	429	244	30	155	12	142	439	441	325	308	408	413	10	327	420	265	438	9	46	81	3	73	229	109	162	107	320	55	45	366	406	221	323	277
261	146	25	147	399	6	338	330	24	432	186	149	440	322	52	138	260	206	14	405	100	411	232	396	23	410	95	392	117	238	335	379	415	157	326	79	266	120	13	354	444	89	62	387	279	339	82	367	226	381
83	255	300	346	154	334	442	190	127	185	428	285	239	101	391	227	123	201	271	242	38	91	11	275	418	141	60	184	400	431	86	433	353	2	268	233	412	118	315	424	234	84	373	5	165	242	110	57	228	8
77	292	29	415	343	112	5	396	156	146	275	133	333	444	276	310	381	338	79	242	148	425	216	320	160	307	173	149	377	87	108	314	345	181	41	227	303	212	26	308	290	408	304	83	121	138	6	252	117	3
414	210	124	399	348	298	382	215	193	166	0	94	421	264	185	43	317	13	7	217	225	398	232	60	351	96	172	325	335	145	370	384	139	337	24	213	71	260	432	152	20	280	344	262	16	207	278	222	285	201
350	397	18	195	228	23	143	99	4	354	246	302	255	122	150	119	176	163	114	59	259	248	253	367	376	109	75	358	17	31	288	157	341	353	428	142	422	19	393	11	263	219	322	392	378	440	281	312	2	48
125	407	101	69	158	98	179	369	374	366	434	202	433	435	426	136	42	357	286	170	409	272	58	93	95	283	395	74	65	199	97	162	266	293	365	401	418	92	230	279	62	25	244	273	437	30	339	37	76	295
243	383	85	1	375	80	186	50	352	328	231	372	235	28	66	332	423	35	45	70	430	340	53	379	182	72	131	177	161	380	326	137	38	51	241	405	391	237	387	168	245	226	159	355	107	73	44	86	209	34
287	349	323	410	197	120	258	183	282	189	403	21	368	165	301	194	256	82	347	269	400	334	169	424	311	416	102	330	402	171	198	32	362	47	46	442	389	261	178	36	174	221	203	55	88	61	277	49	250	429
270	155	427	364	153	40	233	116	291	336	9	360	342	10	309	196	67	265	318	188	254	191	39	57	200	346	180	441	406	190	431	33	84	439	359	438	271	141	184	22	240	8	234	113	386	412	54	296	115	247
327	249	12	140	175	321	151	127	363	206	110	411	100	284	394	147	390	144	111	106	104	208	204	164	419	319	313	300	105	274	214	192	305	90	268	385	329	52	294	239	103	371	63	417	443	14	132	129	404	224
135	356	205	420	289	315	218	68	167	15	78	324	331	297	267	373	436	413	91	257	81	211	154	128	238	130	229	126	299	64	361	123	118	89	27	236	306	134	316	388	56	220	187	223	251	101	230	69	409	32
181	115	229	4	146	241	211	138	338	22	299	152	189	23	293	363	437	227	356	315	141	386	427	78	95	260	433	80	436	93	371	238	47	53	360	111	98	64	192	235	164	224	329	202	73	357	206	212	221	148
414	438	10	20	292	35	275	264	90	391	43	417	158	157	392	232	237	136	166	413	39	297	12	320	144	431	305	114	143	139	110	132	351	370	69	384	29	316	91	175	213	188	119	269	46	17	37	222	25	45
312	94	310	294	265	160	88	219	324	168	156	262	147	21	96	415	207	18	201	313	247	225	233	71	419	165	198	180	176	257	186	354	406	191	435	28	296	383	404	170	422	131	65	253	365	8	97	323	26	72
425	194	151	401	281	258	300	442	274	77	128	24	103	273	60	407	308	255	389	344	321	161	341	171	159	62	387	252	5	107	163	129	396	118	55	113	177	58	126	66	287	330	242	256	337	89	327	430	68	87
40	100	271	332	86	326	250	307	261	15	215	16	328	185	276	124	193	51	280	353	36	426	133	117	368	284	251	63	432	52	108	205	367	102	358	382	301	333	162	183	195	424	246	244	302	121	154	105	412	345
208	187	145	440	405	74	38	385	228	409	81	400	278	309	184	135	226	13	223	104	349	283	67	218	380	199	291	272	11	137	76	362	355	375	49	335	127	182	150	123	240	210	48	197	298	248	378	348	82	410
343	282	172	390	377	376	372	373	267	411	2	169	318	288	421	245	364	83	142	359	109	249	27	346	319	59	418	361	254	381	285	259	408	243	398	130	395	434	374	239	70	393	134	289	399	200	234	220	19	268
347	336	306	167	99	116	444	277	290	428	173	331	33	441	236	403	6	84	178	179	3	85	209	190	340	311	204	101	34	286	429	339	231	263	402	92	397	304	214	79	1	443	334	122	388	54	379	416	174	56
140	149	317	270	155	352	203	32	125	112	303	57	120	31	439	423	30	366	196	420	153	369	14	314	41	394	9	295	342	217	350	279	266	230	61	0	7	216	42	50	44	75	322	325	106	108	74	129	213	389
349	282	22	35	307	383	426	165	157	415	154	207	229	107	276	118	70	178	2	37	194	97	395	83	323	104	3	79	101	175	143	305	159	348	295	406	331	105	31	269	34	246	241	197	319	128	206	191	261	81
147	180	371	120	313	265	394	340	387	281	412	436	38	100	245	317	220	87	95	273	149	372	65	13	411	125	244	439	134	140	182	26	202	289	139	167	17	249	294	351	360	435	63	279	359	190	16	30	10	386
422	327	296	401	345	108	350	152	124	135	123	170	42	14	382	427	46	90	338	9	342	399	421	255	290	150	144	6	127	216	251	298	431	25	15	148	76	320	142	366	153	146	310	407	189	40	433	247	126	346
133	302	263	166	75	396	145	413	364	297	240	164	136	270	205	23	41	85	254	20	417	358	36	390	50	314	438	352	52	160	278	292	176	420	326	221	54	370	379	385	7	389	325	400	61	312	267	443	322	311
357	18	222	248	226	250	49	67	341	5	74	55	218	398	235	44	192	86	69	286	441	198	264	89	391	186	201	353	58	93	88	60	402	381	1	19	121	138	187	280	339	257	410	72	330	181	434	373	57	238
414	43	356	380	51	440	156	429	236	223	155	300	219	161	48	185	215	117	56	12	301	442	309	217	403	163	203	171	193	367	39	29	337	368	321	268	259	437	430	132	94	98	82	28	362	53	172	355	283	227
252	11	92	137	27	384	225	243	209	315	66	374	363	151	392	444	199	234	288	418	169	173	409	388	333	111	204	8	274	242	110	328	361	416	318	102	405	425	233	258	365	239	369	91	122	47	424	158	106	237
78	306	376	0	271	71	112	45	212	208	68	33	195	188	113	335	129	304	200	62	24	116	115	131	393	266	303	59	228	177	375	397	293	103	285	260	230	419	119	347	291	428	210	354	130	184	109	183	404	378
80	196	272	377	287	73	423	232	343	284	334	344	64	277	308	21	231	141	332	213	179	253	408	99	211	299	4	256	432	84	329	162	114	32	316	174	168	275	96	77	224	214	262	324	336	241	140	412	329	333
75	425	9	61	440	264	36	221	380	121	66	135	216	205	273	276	317	201	109	249	361	305	339	17	240	56	86	143	284	295	52	12	158	208	320	103	418	125	150	405	309	303	151	343	170	195	62	190	294	296
245	341	287	396	326	231	100	333	188	73	49	112	330	329	184	148	171	145	217	7	191	11	258	26	31	426	189	253	196	281	33	192	180	285	427	153	42	299	118	32	360	186	51	382	19	27	165	63	415	142
41	46	179	297	334	99	43	302	4	432	101	378	166	417	301	126	433	48	241	58	207	362	443	102	181	123	242	90	354	313	267	255	178	346	230	114	402	388	423	67	444	408	60	132	141	81	59	8	364	257
278	422	237	204	16	25	98	177	22	353	124	122	115	161	88	392	93	172	399	54	76	336	344	200	14	435	159	119	203	227	410	397	13	134	263	310	355	421	116	106	328	393	223	29	107	268	69	424	414	375
57	401	288	187	311	243	374	271	18	74	279	144	369	35	265	146	44	304	259	244	365	350	238	232	6	2	372	438	314	214	210	133	228	300	307	250	322	366	164	80	340	77	429	183	234	321	312	84	215	78
428	357	130	356	127	290	182	92	220	89	390	368	306	272	211	149	83	437	120	136	213	292	386	138	155	167	152	71	387	409	140	411	65	384	68	327	0	169	147	298	274	406	85	168	53	97	117	315	175	91
441	377	383	209	163	87	430	420	436	229	82	261	202	185	3	291	280	110	335	371	20	37	113	23	337	252	104	246	235	389	129	96	156	236	256	391	197	128	34	247	342	45	47	24	316	412	283	79	162	139
10	28	347	367	363	419	439	345	270	331	416	277	351	376	319	385	137	95	262	442	248	352	381	324	194	266	332	154	293	55	338	38	394	157	308	224	269	358	173	5	226	193	219	407	72	251	325	198	108	254
434	349	94	404	286	282	160	105	40	398	413	323	359	174	239	218	222	64	431	176	403	39	15	21	131	395	50	30	233	206	370	199	275	373	212	348	70	400	289	225	318	1	260	111	379	51	263	168	143	55
79	136	341	114	335	329	394	10	167	44	141	40	441	9	121	411	388	195	128	143	108	277	438	234	144	115	206	338	168	437	120	64	75	209	361	248	106	306	417	405	407	312	217	223	280	11	129	363	6	177
345	97	442	149	252	256	396	390	439	349	427	409	82	182	380	220	187	32	429	175	381	60	314	236	163	28	134	399	264	65	243	308	309	263	245	52	218	368	112	51	151	384	440	188	358	360	310	21	369	176
436	183	431	235	414	419	216	23	222	230	105	42	292	77	46	351	265	364	392	434	58	78	423	138	165	71	387	25	334	162	185	208	81	215	261	122	123	325	244	298	87	174	241	294	146	352	17	301	339	205
336	145	95	85	152	378	125	321	330	214	63	109	430	142	24	232	180	173	194	12	94	322	286	444	16	84	33	39	41	398	239	317	406	250	421	287	271	327	191	357	416	385	328	107	36	193	137	379	113	98
273	413	124	311	131	400	18	412	425	153	89	295	198	353	158	169	0	371	219	47	362	189	38	313	103	382	242	72	326	418	156	249	395	375	348	203	127	408	275	359	304	133	34	404	30	164	2	55	435	86
291	433	320	76	99	340	386	299	130	57	238	367	4	20	262	374	354	227	178	92	181	331	270	224	276	410	424	305	258	372	160	150	365	333	247	302	284	300	8	337	366	332	221	403	274	1	373	237	199	135
288	229	307	211	253	192	316	53	420	201	266	257	281	297	226	48	157	132	391	443	240	401	101	80	50	432	279	255	197	67	323	166	19	119	26	268	179	74	190	29	27	70	285	184	91	90	7	389	83	254
246	207	170	428	159	31	22	233	100	278	343	350	289	213	260	376	155	315	269	148	422	415	283	355	212	96	37	154	318	290	139	140	202	45	282	3	93	402	161	62	393	319	116	200	377	293	171	225	147	344
196	117	370	14	66	228	346	186	172	68	267	296	272	426	104	35	356	251	56	5	13	231	204	126	49	324	88	118	342	73	383	111	303	397	15	54	347	102	43	69	259	59	61	110	210	414	196	286	178	265
92	87	258	133	127	345	353	36	114	208	410	181	6	351	104	324	94	112	414	90	305	113	174	146	30	8	301	325	11	244	374	321	9	32	201	43	222	282	205	224	421	115	257	4	33	179	56	432	261	173
171	385	47	400	373	214	212	183	251	19	272	65	431	347	250	157	256	72	151	328	372	366	243	227	119	364	129	295	249	322	428	85	378	307	66	51	339	356	264	311	423	390	50	303	58	128	176	76	344	369
230	326	198	424	382	215	169	46	145	408	211	327	21	182	367	111	186	304	417	53	246	35	276	265	363	1	34	306	323	12	377	309	124	284	229	248	2	74	279	197	137	190	274	273	82	293	44	434	440	110
25	393	118	130	343	397	26	386	292	38	18	80	200	192	348	218	396	266	164	280	29	126	433	302	91	95	394	403	139	100	381	125	216	70	16	206	132	189	341	387	240	442	285	63	259	158	320	144	109	426
383	444	162	287	10	312	191	84	332	438	122	375	106	78	262	228	79	271	392	398	67	103	237	335	57	17	291	20	117	368	253	49	185	300	283	354	143	281	419	73	123	330	412	108	193	97	3	331	52	338
48	435	232	231	443	269	83	416	14	166	286	388	221	27	217	270	380	165	37	31	376	235	60	150	225	42	194	402	296	180	405	411	255	313	105	336	401	202	141	430	437	62	134	101	418	346	99	275	395	178
175	195	121	238	40	371	154	294	370	55	407	359	88	314	299	288	429	184	223	159	167	28	415	389	342	135	187	329	236	333	220	136	297	234	41	5	384	199	260	239	156	242	131	213	120	86	355	207	172	168
155	23	138	315	360	149	203	365	98	319	177	142	317	254	263	247	15	140	107	427	308	152	337	310	290	204	39	45	163	340	7	22	245	93	13	358	160	289	318	59	334	81	413	362	436	252	278	210	352	350
75	68	406	77	439	316	241	425	233	61	268	24	226	349	357	277	170	64	102	116	420	188	267	148	409	404	96	69	361	54	379	441	219	89	298	0	422	153	71	196	161	391	209	399	147	350	12	367	434	181
46	140	342	277	394	87	376	198	311	441	369	72	81	114	273	33	28	400	108	11	106	103	125	256	430	188	383	405	409	127	95	257	444	221	423	122	315	147	364	239	128	425	424	56	158	357	211	3	363	66
378	47	393	17	336	16	326	78	52	79	55	30	53	43	280	142	116	166	386	327	229	107	23	193	243	362	5	35	414	92	59	90	371	412	289	232	181	321	121	129	298	160	208	320	167	228	18	73	71	328
20	199	156	200	307	396	403	259	345	374	353	61	337	124	310	136	49	201	276	314	149	69	91	63	77	294	29	360	67	31	245	104	99	88	300	236	420	283	417	223	339	219	222	216	40	206	407	131	168	150
385	270	308	432	4	234	191	261	415	323	8	26	2	267	281	297	312	210	9	113	346	366	15	428	354	272	421	231	351	349	301	317	246	70	372	148	238	152	76	83	388	381	12	207	100	34	98	21	329	408
318	25	255	93	274	322	373	375	146	37	190	288	263	74	437	44	241	138	119	384	404	80	418	368	96	268	45	422	36	306	117	24	27	169	264	154	176	157	115	295	109	313	39	180	1	258	440	173	344	111
410	143	13	159	316	217	213	226	330	242	189	85	139	50	183	296	401	442	144	391	14	145	348	10	416	137	291	434	433	331	333	224	237	260	290	209	358	192	303	250	254	347	350	68	161	389	266	253	184	32
182	426	269	65	215	249	247	279	62	411	86	227	235	413	153	233	123	118	395	162	262	178	105	367	0	163	335	220	431	151	304	443	380	214	278	42	387	19	130	429	271	171	251	197	177	341	60	51	287	174
436	64	230	218	419	244	22	94	194	133	175	397	399	359	340	361	325	195	292	164	202	406	309	54	377	110	155	120	265	179	285	438	205	58	172	324	48	7	165	252	185	84	286	332	275	392	225	89	334	398
293	379	427	97	204	435	439	355	284	302	305	352	299	102	187	75	282	141	402	343	319	212	356	203	382	112	6	248	132	101	338	57	240	390	126	370	196	82	170	365	186	41	38	134	135	93	208	287	416	212
41	43	167	104	50	127	223	30	201	303	374	332	1	293	19	428	197	243	391	355	8	281	139	297	371	324	71	252	387	4	377	319	320	432	296	85	88	413	406	307	35	203	294	354	221	317	27	131	363	268
40	233	157	16	77	273	112	420	129	215	184	202	369	245	226	100	2	126	113	200	102	69	290	271	214	229	170	134	89	397	128	360	199	36	336	380	147	138	431	66	257	94	265	83	148	419	285	49	73	44
219	198	153	392	196	80	321	160	7	405	182	425	434	255	150	318	5	114	106	263	58	359	364	247	101	284	115	415	82	22	240	140	316	118	206	444	194	375	311	186	266	276	327	442	272	84	32	433	12	204
172	298	192	242	72	24	28	232	253	335	145	323	3	236	191	54	349	427	249	278	342	164	340	78	339	348	347	25	356	408	248	421	48	383	156	414	250	26	231	55	344	132	370	384	234	14	358	135	417	64
163	259	137	379	154	63	404	65	258	418	439	185	38	95	218	365	227	381	283	149	166	146	412	177	403	306	390	329	213	174	207	437	300	423	237	357	179	162	301	261	190	426	171	20	143	309	211	239	295	45
