2,1
111	80	127	98	52	1	315	34	218	105	106	276	294	108	254	114	138	47	266	306	88	164	316	24	295	213	26	43	299	291	92	27	206	297	183	170	194	320	102	304	59	65	154	148	231	207	25	277	244	139
282	37	226	56	64	147	181	205	224	187	113	308	163	186	305	180	130	36	10	202	199	270	302	223	104	289	35	121	19	219	211	157	119	61	70	5	228	253	131	280	241	227	87	76	293	162	175	126	60	197
69	21	321	78	193	252	49	229	225	58	174	75	240	312	132	20	38	184	100	255	152	188	212	6	172	196	303	236	68	151	0	251	173	142	268	55	167	83	269	198	63	129	274	281	275	215	86	259	46	313
310	273	298	195	2	137	257	284	116	120	296	210	242	32	264	7	9	103	91	39	28	287	272	191	169	300	230	318	261	109	285	72	136	271	222	189	214	249	314	171	204	161	149	263	267	115	117	48	107	288
260	238	155	99	95	190	67	66	96	22	166	124	192	247	101	159	245	144	278	209	30	12	90	41	208	81	160	233	176	110	153	53	178	17	258	51	14	262	82	84	311	29	3	23	146	128	165	201	217	168
45	50	97	235	57	237	42	232	79	185	307	220	112	11	150	234	85	246	134	143	182	279	4	133	44	250	203	135	145	71	118	290	319	216	74	317	248	94	301	93	18	283	292	31	140	89	158	286	141	243
13	77	309	179	177	200	33	62	122	54	239	16	40	256	73	8	221	156	123	15	125	265	27	43	192	202	170	142	171	252	190	158	224	79	221	320	138	237	102	311	250	273	271	44	39	53	157	213	57	64
89	217	0	210	13	181	40	308	107	129	126	164	159	17	279	11	299	259	133	207	148	262	269	270	16	273	250	235	191	24	229	61	243	132	131	225	205	198	113	183	150	261	74	317	87	244	112	106	275	213
154	171	196	91	223	153	175	43	64	141	307	282	211	28	25	151	287	136	168	78	145	27	120	298	82	47	155	22	281	248	302	238	70	26	79	202	303	291	218	75	201	300	4	139	88	230	98	296	125	93
264	199	292	267	290	95	108	165	143	232	99	158	10	20	310	241	312	289	204	50	178	45	128	67	147	206	109	1	71	162	51	86	121	101	142	52	209	105	203	111	195	146	68	166	233	226	222	285	249	301
228	149	304	138	179	23	54	44	62	92	234	309	53	258	219	2	274	200	172	104	272	177	189	46	227	224	173	130	316	134	65	236	319	6	297	41	187	294	114	184	318	216	5	239	29	137	85	163	34	124
156	9	176	81	276	76	14	265	286	306	278	31	56	212	193	21	321	182	77	115	8	277	295	192	97	60	118	188	194	257	220	271	247	48	57	221	49	110	288	12	231	253	283	169	32	36	73	240	266	144
311	55	33	3	39	18	174	38	170	190	252	58	90	140	127	320	251	246	94	315	123	117	197	63	284	83	152	314	254	161	116	214	15	119	19	263	280	313	96	167	69	30	237	72	37	100	102	245	80	268
84	160	7	305	208	242	42	157	122	135	180	256	186	185	66	35	59	255	293	215	260	103	272	148	142	95	45	269	198	217	270	117	43	265	90	266	162	288	267	285	246	58	87	132	212	89	222	79	7	293
78	260	231	255	74	249	26	298	58	79	91	247	208	294	217	219	132	167	64	77	240	291	259	21	297	114	197	102	172	116	165	245	81	176	123	188	276	92	35	14	61	148	228	100	242	178	293	44	108	3
316	48	159	223	168	211	113	258	11	304	261	31	104	36	76	198	47	166	224	305	95	289	42	125	241	318	207	266	60	55	321	56	268	248	238	230	194	262	57	93	88	177	66	308	134	67	37	209	0	90
94	135	199	50	9	226	2	251	149	320	173	202	221	212	265	115	101	271	97	220	279	5	201	254	103	34	278	17	130	89	272	65	72	191	87	174	120	288	107	280	143	23	295	24	182	189	46	286	4	38
106	85	183	12	15	82	203	186	138	40	253	218	160	33	301	270	170	140	141	310	200	30	227	154	213	129	69	131	233	222	8	184	215	244	313	290	311	25	239	51	110	54	195	142	133	63	84	216	317	205
127	319	314	256	7	158	6	300	70	98	307	151	284	193	157	250	105	283	96	136	164	109	296	171	315	264	147	1	27	117	302	235	41	146	86	273	234	145	153	119	312	243	225	144	192	155	126	162	19	10
204	121	282	263	156	18	53	16	206	52	214	43	287	83	75	246	267	179	29	32	292	185	45	122	190	309	232	274	99	210	257	22	196	111	62	181	285	169	73	152	277	39	80	281	180	299	150	112	68	71
28	20	128	275	163	237	49	161	236	137	306	118	187	124	139	269	303	175	59	13	252	229	119	285	137	203	105	184	17	154	49	16	310	266	297	43	28	26	54	194	80	36	42	41	85	279	73	251	32	8
196	114	35	161	37	101	28	259	47	321	117	137	314	304	240	103	127	169	235	0	199	136	230	80	175	299	226	95	319	174	150	156	153	54	316	188	242	257	236	210	160	85	33	132	92	151	271	13	7	22
70	96	67	308	130	302	309	262	263	233	261	123	49	171	292	211	145	76	277	218	228	279	79	62	318	307	185	313	116	200	77	214	212	190	59	98	170	207	155	129	68	296	245	183	253	102	306	83	219	232
197	165	121	224	48	115	97	126	189	166	168	34	51	229	58	252	27	216	107	18	38	42	139	241	105	294	75	16	176	86	152	255	270	143	180	273	46	142	269	45	64	90	179	223	50	5	288	118	63	20
225	72	266	124	173	40	140	131	119	14	297	110	78	300	12	55	303	222	237	293	298	305	285	320	193	104	41	191	311	148	178	15	289	227	251	10	164	146	149	195	2	315	17	128	84	310	52	163	134	182
265	282	74	215	272	111	192	87	264	295	260	138	231	249	56	194	203	301	53	60	25	91	24	274	89	100	31	254	154	213	244	30	3	283	112	208	267	122	113	9	73	234	258	147	221	172	141	239	26	159
280	106	250	238	184	71	281	248	8	65	243	133	29	82	286	312	94	268	162	181	11	108	4	206	120	43	317	57	44	61	284	220	88	204	158	99	32	201	177	287	93	69	291	23	276	109	19	186	39	209
157	205	125	135	21	6	36	167	202	198	256	187	247	246	81	1	290	217	144	275	278	66	181	268	158	136	215	256	53	105	144	243	238	89	276	153	299	245	219	16	17	271	84	38	164	102	179	8	228	109
148	74	159	87	137	216	25	30	184	190	142	156	133	195	209	313	109	96	282	158	98	245	291	267	120	150	112	19	182	29	24	286	196	101	310	80	293	174	263	166	189	2	312	155	136	108	6	230	292	317
163	3	277	124	162	177	257	262	233	51	72	307	274	45	121	76	318	198	247	34	79	149	69	23	207	99	266	200	204	191	37	31	264	66	0	303	314	193	213	240	268	203	152	102	4	302	43	70	32	138
270	197	246	256	143	234	7	254	319	58	83	301	299	248	294	206	46	93	185	297	114	88	61	194	290	95	47	272	208	85	260	222	201	202	170	116	35	160	309	255	181	77	288	53	131	67	275	62	39	241
304	107	253	306	305	84	285	278	60	250	239	279	289	8	97	113	212	228	243	54	40	217	71	188	210	140	175	65	151	127	186	110	265	258	153	168	28	147	215	180	144	235	280	106	183	104	164	271	219	57
44	259	105	176	125	165	18	192	49	90	12	227	73	52	38	103	276	311	273	320	244	237	14	132	129	172	232	224	135	100	281	252	33	249	59	218	242	321	167	15	78	199	68	75	41	11	298	117	50	157
91	1	81	211	154	315	238	130	229	126	64	123	118	89	27	236	134	56	220	187	223	300	21	179	16	9	171	316	214	141	111	205	17	225	10	86	26	5	284	22	178	42	283	48	36	139	119	55	161	287
251	296	122	82	169	226	261	94	92	146	269	115	20	308	13	128	295	221	231	145	63	173	320	206	120	92	106	147	169	277	301	317	292	293	91	66	56	79	197	251	188	117	160	5	72	128	219	57	87	242
236	20	155	190	144	159	211	147	54	85	98	78	290	76	235	294	261	197	108	52	263	227	257	241	140	77	279	168	86	171	184	174	262	32	115	187	172	260	216	182	69	41	53	215	133	16	49	320	4	166
270	265	268	185	137	154	102	101	313	42	105	176	208	84	139	47	277	225	292	218	319	231	210	191	91	109	310	114	175	81	301	287	316	123	198	246	141	275	302	14	13	230	194	136	300	161	186	221	3	95
314	251	298	311	157	158	271	252	283	188	280	11	135	156	317	145	160	34	222	106	99	33	276	258	67	7	312	207	315	306	94	39	92	308	318	10	250	38	2	297	12	103	307	148	8	201	17	240	97	70
199	125	212	180	0	35	18	112	170	87	80	50	196	149	116	129	254	309	284	68	142	83	134	256	64	62	239	193	51	238	281	110	162	122	36	304	146	228	73	111	60	89	88	220	179	195	266	1	120	28
48	31	132	127	118	232	224	299	255	248	61	19	29	226	26	253	243	288	93	274	242	71	269	138	124	63	9	37	143	27	6	209	104	267	96	278	177	21	79	200	219	169	126	46	56	151	43	57	192	153
247	296	165	213	131	66	293	65	282	5	217	15	189	113	25	273	206	249	23	45	272	163	264	305	204	286	100	183	117	40	295	75	229	285	214	259	223	128	72	237	244	291	203	121	74	22	164	303	245	152
202	233	173	107	205	30	44	59	130	234	150	58	167	119	90	82	55	289	178	24	321	181	148	141	22	287	284	185	282	152	153	221	165	91	280	157	98	42	310	175	176	10	265	163	241	149	93	252	315	276
12	252	193	153	3	292	241	192	110	57	308	89	70	250	164	40	267	284	289	205	270	206	67	314	297	28	8	31	176	54	15	253	97	16	237	203	272	269	134	20	212	180	79	80	264	190	258	143	179	257
224	194	141	173	207	51	317	309	225	195	313	291	208	228	261	169	17	99	287	34	235	126	242	71	161	295	282	156	68	246	316	26	65	49	233	305	93	298	279	247	120	140	66	91	129	88	39	259	311	121
154	9	227	303	60	108	58	244	146	260	30	219	204	240	56	222	43	81	117	285	186	209	50	116	248	111	263	42	286	22	216	86	48	32	214	125	171	62	189	101	150	162	200	4	196	33	63	137	306	230
202	18	114	226	135	310	96	136	104	36	177	268	318	23	184	77	82	61	271	188	100	92	85	109	181	262	84	266	90	319	113	44	185	321	256	131	315	73	245	127	165	229	288	197	94	251	7	38	231	69
147	158	25	75	83	218	119	19	122	293	278	123	299	277	41	24	211	307	64	238	14	159	55	45	144	239	59	249	232	223	87	274	302	107	21	133	167	132	11	236	103	106	163	5	98	300	148	174	215	170
243	294	76	213	142	149	155	118	254	275	217	6	53	183	157	27	201	320	220	168	124	312	301	128	1	152	52	304	290	138	234	139	210	281	265	145	198	255	178	283	10	105	102	191	172	112	95	46	151	175
2	29	276	13	37	72	166	74	130	199	0	78	221	273	47	160	115	35	280	182	187	296	22	142	58	190	95	13	242	167	218	70	283	36	20	276	49	248	157	291	273	46	315	192	169	134	200	262	42	254
285	182	260	262	105	65	230	318	27	282	173	62	6	115	200	185	321	234	125	294	306	46	8	64	33	161	82	253	103	276	214	245	56	100	168	279	141	140	274	4	267	143	311	191	310	120	130	30	229	164
53	81	22	0	31	210	128	38	123	102	209	277	211	139	154	61	196	122	101	63	216	132	70	118	37	180	59	151	150	250	305	231	52	17	284	87	72	259	208	21	39	205	95	272	35	213	288	99	184	117
197	266	108	3	264	251	292	107	297	271	308	9	181	124	91	106	67	2	247	157	198	146	302	171	298	232	233	179	244	104	79	207	319	270	29	220	12	34	241	218	227	97	215	228	42	90	219	202	315	50
10	193	255	51	1	147	278	135	176	248	96	162	83	13	44	153	204	77	222	169	144	26	48	160	269	309	145	152	119	148	258	54	68	301	199	155	167	280	16	158	138	88	263	36	47	112	116	78	252	273
320	312	170	14	28	242	174	317	293	190	58	172	94	221	240	134	127	281	43	45	225	25	15	246	175	76	20	300	203	287	217	149	129	254	159	142	243	66	165	304	109	235	40	32	166	314	126	206	55	133
92	316	249	286	268	75	178	194	113	189	71	188	265	136	11	261	23	226	41	85	195	291	98	212	290	137	80	283	24	177	7	111	303	18	57	223	289	237	49	5	74	296	163	275	192	86	69	89	114	186
201	256	93	60	73	183	257	19	239	121	187	295	236	110	131	313	238	299	307	224	156	84	173	201	104	167	140	125	32	311	3	310	270	116	63	199	268	65	148	114	66	308	282	38	124	172	203	224	256	6