0,1
189	43	148	253	47	105	231	80	238	49	214	24	245	10	35	59	142	237	119	102	19	149	217	64	170	152	249	240	190	213	180	113	116	21	120	56	162	164	220	136	132	167	161	60	20	38	26	229	83	247
61	188	157	178	159	226	163	111	210	0	171	106	127	6	55	191	37	228	130	63	1	202	176	215	175	69	58	129	46	259	193	246	201	207	166	5	98	75	114	232	2	233	131	219	70	121	68	76	52	192
169	32	186	7	9	103	91	39	268	222	87	250	204	154	242	138	267	155	78	25	234	223	109	205	72	187	262	199	235	147	261	257	185	115	117	48	254	225	194	173	99	95	67	66	248	22	124	101	172	144
209	236	183	90	41	81	160	110	241	53	17	181	51	14	184	82	84	258	29	3	23	146	128	165	168	45	196	97	230	42	195	79	252	12	112	11	224	85	134	143	243	218	104	34	182	108	50	198	211	212
4	133	44	96	251	28	203	135	174	145	263	255	71	118	208	227	266	137	216	74	264	139	94	151	150	244	93	18	27	36	57	31	65	140	89	158	30	86	92	141	126	153	13	197	77	260	179	177	206	100
200	33	62	122	107	88	54	239	16	40	256	73	8	221	156	123	15	125	265	145	235	53	24	267	173	78	47	184	151	136	200	263	44	239	132	262	65	254	123	73	261	125	234	249	94	68	43	259	180	201
206	43	50	260	148	34	220	93	193	168	92	212	27	254	77	45	183	174	155	162	167	150	25	118	192	231	189	17	139	94	163	11	113	44	228	198	172	259	188	8	190	221	61	136	68	52	157	207	245	152
244	29	49	85	185	129	70	88	64	250	180	261	195	48	205	252	121	243	222	219	225	131	235	38	246	62	31	104	74	58	256	91	75	143	18	218	89	226	116	138	79	63	105	156	144	241	214	124	137	223
86	255	32	171	107	19	41	101	83	149	264	178	57	154	114	117	248	119	173	39	109	262	213	216	73	258	100	187	175	80	12	84	181	42	122	135	0	140	35	146	236	210	37	4	103	30	59	99	78	132
87	36	179	232	257	230	108	2	40	191	72	90	209	161	194	197	120	211	233	26	7	141	1	145	5	102	66	265	247	196	128	268	33	126	239	60	10	123	13	184	53	67	158	6	203	165	56	9	238	240
234	142	133	217	46	159	47	251	112	22	177	166	71	201	14	253	153	98	111	237	263	95	147	182	267	115	208	54	242	24	23	82	65	186	76	204	176	3	20	127	16	134	200	55	81	28	202	164	69	51
106	97	199	169	249	15	130	125	96	224	266	151	160	227	229	110	215	21	170	17	268	131	50	181	109	11	189	240	112	65	250	205	191	223	266	169	186	262	160	128	125	22	110	63	238	161	18	60	103	40
93	142	265	209	124	17	99	132	7	167	253	194	79	102	260	74	149	161	67	106	144	202	52	41	123	162	105	117	192	246	158	219	235	58	148	87	153	159	89	128	140	154	243	150	43	155	62	108	38	248
180	90	211	86	119	224	116	45	189	19	247	266	240	96	263	206	165	185	11	92	73	5	230	146	236	184	196	217	101	181	120	171	81	179	21	136	220	34	31	32	6	115	141	71	33	118	143	204	193	53
145	133	95	23	245	61	35	226	255	50	127	187	114	183	55	94	244	113	173	227	233	166	130	188	10	225	239	175	12	169	78	103	44	195	9	218	72	234	168	129	110	134	8	214	201	249	198	163	64	76
222	63	242	199	54	69	203	29	139	257	28	97	147	68	46	252	13	200	250	258	221	27	126	25	174	131	256	51	259	160	47	156	191	83	75	228	137	176	60	65	241	3	112	70	16	104	107	267	40	237
98	238	213	208	231	4	111	48	91	20	216	59	254	22	164	121	49	18	152	77	125	37	14	56	151	2	84	205	212	39	109	57	190	172	88	135	1	100	262	229	85	66	215	30	0	178	268	80	82	138
170	182	157	223	186	264	251	15	122	261	232	210	177	197	36	26	207	24	42	262	21	143	222	246	61	248	76	256	35	93	79	59	103	92	242	44	198	120	241	265	68	14	199	209	47	141	184	58	258	60
75	36	68	196	70	132	133	254	49	256	54	212	174	189	127	77	44	8	46	33	72	202	130	115	125	42	110	10	107	187	228	73	253	116	119	23	183	94	71	180	41	26	14	109	173	137	206	108	35	9
207	15	97	55	17	264	231	99	135	181	138	13	199	91	16	66	67	259	237	223	179	217	144	121	134	166	163	175	197	105	58	182	82	57	243	257	154	260	153	210	100	150	31	96	233	85	37	50	39	160
146	245	213	240	53	167	22	190	7	255	208	147	95	89	143	104	25	126	120	3	267	5	122	83	252	76	157	101	60	88	113	145	249	238	149	162	242	29	141	268	117	87	172	103	40	6	61	239	186	93
151	218	250	191	251	86	111	123	225	64	258	195	19	131	4	38	112	171	261	114	158	34	51	118	229	176	185	20	148	28	69	194	168	98	177	232	165	32	45	164	129	219	27	211	81	188	84	80	30	128
203	12	161	159	156	169	74	224	170	124	209	200	198	230	79	139	47	59	56	24	193	48	90	78	248	215	246	43	136	0	201	192	106	227	65	155	1	102	52	222	235	216	226	236	11	184	247	234	241	263
214	262	63	62	140	18	205	221	244	266	265	152	21	92	178	204	2	220	142	116	139	51	96	253	211	189	140	100	161	112	95	119	33	90	16	210	248	235	262	217	133	75	196	251	104	184	219	76	227	106
171	218	56	181	82	258	84	76	66	12	194	87	0	47	196	16	3	8	207	132	183	220	30	150	174	235	222	67	157	73	29	200	126	54	180	61	25	92	128	192	145	206	37	164	23	27	35	210	190	122
28	176	263	257	177	135	186	244	249	208	204	240	214	234	175	248	160	261	79	213	65	19	22	117	193	52	168	88	68	162	184	161	224	139	31	105	21	231	264	259	107	205	83	178	142	134	74	97	91	7
151	189	104	32	182	69	81	225	254	136	229	237	148	169	197	101	43	154	6	49	195	242	149	80	129	57	152	114	96	95	241	115	256	99	233	223	2	141	165	156	26	167	265	102	33	191	166	13	252	268
108	172	78	93	4	51	113	70	53	116	143	133	219	10	123	72	137	62	247	103	202	24	138	215	110	9	77	125	158	127	130	85	59	60	98	39	40	230	221	226	147	255	216	109	201	121	36	188	266	228
55	42	89	48	238	106	267	153	232	173	34	179	14	58	146	155	212	18	38	236	239	112	111	75	243	41	86	260	71	11	250	262	17	46	163	245	170	15	217	45	187	227	64	144	90	253	120	50	5	199
246	1	118	63	20	198	185	159	209	100	94	124	251	211	44	140	131	203	119	63	175	88	72	191	201	184	85	131	263	78	190	11	237	68	250	223	38	179	81	232	8	148	182	155	90	145	267	94	57	229
169	19	66	174	217	180	138	116	227	24	120	30	26	244	155	206	228	261	69	29	98	6	160	112	102	200	239	48	168	122	204	237	145	76	119	258	219	42	82	101	143	131	34	83	99	136	51	23	72	166
108	137	20	193	266	94	74	37	124	163	2	152	191	212	13	79	188	195	4	226	232	70	32	146	93	196	156	121	207	7	198	177	58	184	5	245	36	182	46	149	55	88	96	47	256	183	61	85	233	248
238	95	25	92	87	109	241	148	254	178	35	142	80	159	133	0	218	114	77	170	268	53	3	162	31	45	67	259	62	39	175	150	107	186	235	201	84	86	189	242	222	251	263	22	8	97	113	246	202	215
54	40	192	71	252	185	140	65	151	127	181	110	208	203	153	28	147	190	144	264	106	104	164	247	194	57	44	230	234	176	125	165	18	49	90	12	213	73	52	250	103	260	115	257	63	216	209	14	243	129
172	265	135	100	224	33	221	59	231	173	167	15	78	199	68	75	41	11	161	117	240	157	91	1	81	211	154	128	130	229	126	262	43	64	105	253	118	89	27	249	50	134	60	132	56	220	187	223	197	236
38	255	210	123	158	267	21	179	16	9	171	139	214	141	111	205	17	225	10	9	126	37	159	235	188	108	94	21	139	242	232	228	18	53	23	52	120	135	96	73	1	158	132	137	111	29	246	202	237	46
51	221	170	50	182	102	197	123	264	180	190	38	14	69	166	169	164	149	20	88	110	73	174	93	176	162	247	132	128	168	209	187	141	18	31	19	42	47	195	140	218	60	199	193	210	10	266	239	122	222
80	6	205	105	249	32	163	49	156	79	89	153	41	181	219	161	198	43	57	260	85	248	240	103	66	231	5	186	165	15	201	155	106	131	192	81	227	154	202	243	125	158	136	77	76	96	124	229	104	256
226	237	145	113	64	40	92	87	185	120	250	34	101	133	194	3	254	212	142	196	39	83	72	109	259	35	75	97	121	234	22	235	188	179	63	107	30	207	59	268	58	178	238	215	82	157	167	224	24	129
139	251	126	27	78	25	263	55	177	12	173	56	244	53	112	134	111	214	206	265	267	228	246	91	1	232	200	183	252	233	54	184	242	216	204	150	99	2	191	130	230	261	67	253	86	26	257	13	213	241
16	61	45	11	62	17	28	44	94	148	7	48	84	217	119	258	8	114	118	46	33	225	138	203	172	223	100	23	189	211	147	65	159	236	74	135	115	127	90	9	245	29	262	160	117	37	220	4	36	70
152	21	146	175	95	0	68	255	116	143	98	108	208	151	137	52	71	144	171	215	137	129	200	37	165	228	77	72	154	22	20	52	182	240	192	167	185	91	196	141	158	231	64	258	195	208	254	198	193	49
173	139	50	4	205	147	78	22	213	53	83	91	114	7	203	70	47	164	94	166	179	23	155	132	73	1	170	111	182	161	177	190	204	42	150	163	201	196	252	10	48	35	64	75	43	6	143	85	20	93
245	142	202	152	31	39	157	259	59	30	144	257	115	211	160	240	109	146	219	54	3	69	29	98	158	134	242	181	253	46	17	138	176	25	45	171	222	82	232	88	153	119	247	148	243	246	21	248	236	18
251	221	206	71	165	151	260	149	159	131	80	229	197	90	110	99	2	189	263	0	28	254	19	34	37	244	194	141	156	14	65	230	198	8	97	175	26	72	188	174	265	168	123	27	192	77	128	24	103	193
60	32	235	227	241	56	180	122	255	101	224	5	107	129	127	118	55	113	58	126	66	130	214	231	61	89	233	207	68	87	40	100	256	125	86	186	239	15	191	16	185	124	51	264	167	36	9	133	117	178
268	250	63	52	108	84	102	212	266	215	162	183	195	41	258	238	172	121	154	105	120	200	208	187	145	44	234	74	38	92	225	228	220	112	209	249	261	81	216	140	237	79	106	262	57	184	135	226	96	13
223	104	136	95	12	62	267	67	218	217	199	210	11	137	76	33	116	169	49	252	3	203	79	204	179	65	150	15	81	97	224	70	135	184	141	26	80	111	20	121	259	49	239	254	91	154	12	56	171	120