1,0,1,0
91	59	76	96	70	102	110	10	43	128	144	35	145	52	1	49	19	135	38	66	24	21	69	78	127	47	61	116	149	120	2	114	79	117	105	119	68	90	39	56	147	82	26	87	63	41	85	32	55	136
60	97	25	53	72	98	58	81	51	14	48	67	20	140	29	3	111	103	143	37	142	45	151	95	42	118	134	121	99	112	6	83	146	104	34	131	50	101	4	5	44	132	84	133	108	75	7	46	17	109
106	71	80	141	150	152	137	74	28	11	94	23	22	130	93	18	27	36	57	31	65	12	89	124	30	86	92	129	126	13	77	138	139	33	62	122	107	88	54	100	16	115	40	0	73	8	148	123	113	64
15	125	9	134	131	12	66	128	57	95	8	80	59	53	96	56	92	79	26	23	145	43	34	108	132	47	24	121	25	65	140	110	104	64	61	33	89	70	113	152	62	127	54	133	98	36	143	76	67	114
92	138	13	130	115	24	4	78	112	103	152	91	42	85	137	96	128	129	22	100	65	148	53	142	107	73	0	39	89	69	7	104	58	40	67	16	139	43	3	6	36	47	116	61	18	88	11	60	124	1
131	10	145	17	126	136	149	120	59	50	51	34	44	102	134	133	86	62	123	35	14	68	71	32	8	114	26	41	118	54	127	25	19	29	72	151	70	140	111	95	143	80	122	15	74	55	132	87	81	56
125	37	66	77	82	12	98	108	97	2	33	49	20	119	94	45	117	46	99	146	21	84	79	101	28	31	30	93	147	76	141	23	106	113	57	90	52	27	9	64	109	48	110	38	105	135	150	75	83	63
121	5	144	69	27	39	11	66	73	44	79	117	131	49	124	37	146	67	118	30	64	94	13	53	136	46	62	144	35	52	123	97	152	89	50	76	92	112	45	75	33	22	38	88	9	14	143	149	140	59
139	146	6	68	43	151	25	133	34	76	142	64	27	5	47	131	44	71	51	115	17	45	11	79	143	95	150	89	53	77	20	1	21	13	8	61	50	116	55	141	62	28	54	121	49	70	97	136	126	107
135	148	48	16	122	82	3	92	104	46	38	112	60	31	88	117	105	106	127	18	81	74	91	93	149	63	86	85	147	14	128	119	33	15	140	145	19	41	83	109	24	118	94	69	101	129	39	111	138	137
73	96	100	102	124	12	75	84	32	114	80	144	42	29	152	52	0	58	57	123	35	113	130	66	110	37	134	4	103	30	59	99	78	132	87	36	56	65	125	23	108	2	40	67	72	90	22	98	9	120
10	26	7	24	34	17	79	33	109	63	60	66	32	39	72	55	41	83	121	133	123	18	0	76	98	64	111	40	38	5	56	61	35	70	139	74	99	28	25	128	108	101	150	125	106	84	80	129	131	22
46	149	11	111	133	22	77	64	67	148	49	59	42	29	150	53	86	10	28	110	62	61	124	70	79	37	17	139	141	97	54	48	131	125	129	43	3	18	137	138	123	102	19	1	117	74	89	63	119	126
47	136	103	113	99	68	50	2	65	60	14	115	152	94	142	121	40	27	114	16	31	20	78	83	5	95	132	35	39	134	92	143	96	147	45	56	116	98	55	109	4	41	15	0	93	101	12	69	38	26
80	66	146	30	76	100	81	52	7	51	32	36	58	71	87	25	112	128	140	85	13	107	72	34	106	73	127	108	120	130	84	105	118	6	151	145	44	21	144	75	8	122	33	88	90	91	104	24	82	9
23	135	57	129	120	118	23	97	86	67	147	69	5	71	150	21	45	110	131	136	53	142	89	92	94	138	17	58	30	78	113	36	148	31	116	50	38	62	33	52	85	34	105	106	117	55	88	81	1	6
72	17	7	121	69	60	30	15	56	102	92	26	44	150	149	140	10	12	57	54	127	137	37	125	89	74	31	77	61	99	116	78	104	95	63	107	128	8	86	138	45	115	108	84	90	40	81	80	85	142
1	136	111	87	135	82	118	70	65	62	53	51	16	83	147	41	24	148	145	25	52	22	126	71	58	110	146	20	0	124	35	131	144	29	117	139	96	123	55	36	109	133	97	113	122	91	59	13	67	88
98	101	48	120	105	79	151	42	106	76	23	4	94	130	49	14	43	152	119	100	38	27	47	6	19	66	68	46	64	132	112	114	3	11	9	143	73	141	5	50	129	75	18	93	33	39	28	103	21	2
34	32	134	86	44	21	113	31	36	99	148	91	61	11	95	85	79	19	76	81	60	47	103	72	108	144	102	143	142	52	56	151	2	152	135	37	77	107	48	88	90	87	125	94	39	34	35	17	139	67
25	147	67	35	39	141	10	126	95	83	7	106	79	96	87	136	103	61	105	134	118	129	58	46	19	135	4	145	71	112	57	133	140	82	60	49	74	66	5	54	40	115	34	80	130	37	32	143	29	55
90	75	85	97	152	36	20	16	13	30	81	26	116	109	110	31	149	41	72	42	119	88	47	142	89	121	78	48	84	43	8	0	150	64	122	27	1	52	146	56	86	102	63	62	12	18	77	125	53	111
108	24	117	144	69	23	128	50	76	113	33	2	139	94	92	14	123	21	138	70	124	127	65	100	15	93	9	101	114	68	104	51	99	132	91	3	120	22	44	38	131	151	59	45	148	6	11	107	137	28
73	98	17	111	69	9	45	66	128	33	32	81	96	84	27	76	68	142	100	17	134	74	98	30	141	83	0	4	36	110	130	8	115	126	62	119	104	41	106	54	35	146	148	144	67	10	46	73	107	72
94	96	106	24	92	145	93	144	139	8	134	65	132	112	117	137	47	105	76	75	86	60	111	41	42	57	77	83	49	78	53	125	130	33	149	23	20	61	68	140	89	29	135	100	13	116	56	11	36	127
113	138	131	150	32	97	6	0	80	31	74	98	17	1	115	16	19	22	120	90	119	104	48	110	143	35	28	58	136	50	63	91	37	40	95	85	108	43	34	121	7	124	142	26	151	114	72	18	54	122
69	51	103	152	2	141	30	62	102	87	27	12	14	39	66	88	148	15	70	128	84	123	126	52	44	101	99	79	10	71	38	133	59	9	46	81	3	73	118	109	107	129	64	55	45	4	82	67	21	5
146	25	147	150	42	72	33	96	22	148	114	145	69	132	142	102	67	151	43	147	99	34	76	59	47	51	78	79	130	97	13	38	49	138	16	125	5	131	134	111	68	127	107	86	80	63	137	62	108	70
76	52	142	63	84	130	35	41	88	23	135	47	118	28	79	69	147	45	132	105	91	136	29	96	19	115	21	111	81	102	1	108	141	7	8	124	74	101	58	20	133	11	100	150	64	37	43	95	6	49
138	0	16	139	140	114	32	90	92	143	94	87	97	66	134	17	46	31	67	151	2	107	26	113	126	123	122	129	12	33	75	54	3	137	25	13	146	22	144	104	78	34	65	93	30	4	38	51	70	152
15	5	116	82	119	57	53	73	44	80	61	72	128	62	50	103	149	24	99	10	83	68	117	27	110	9	77	56	125	127	85	59	60	98	39	40	120	112	86	145	14	109	148	121	36	131	71	55	42	89
48	18	106	111	104	17	101	84	31	20	82	118	53	67	135	148	65	149	2	139	57	16	48	8	144	30	142	70	40	145	28	96	60	121	58	113	115	33	54	136	107	87	91	25	102	94	15	93	45	37