2,0
581	78	572	532	558	274	131	238	152	391	197	171	191	493	169	610	102	456	64	35	27	57	418	284	12	253	365	396	220	43	192	285	264	242	475	196	537	474	414	276	570	408	45	524	650	419	392	327	7	172
52	573	188	257	648	576	260	218	92	663	236	383	588	296	441	161	176	546	33	451	307	533	378	577	445	336	429	494	271	407	142	479	233	540	343	582	444	403	31	217	22	309	505	538	544	541	299	649	317	501
211	194	483	223	440	228	157	640	24	632	578	65	175	163	76	433	262	539	16	6	261	510	183	278	584	489	69	522	437	379	97	303	513	68	664	273	519	647	384	326	34	47	231	173	110	449	452	230	512	374
354	542	84	105	389	72	235	638	428	447	575	100	617	240	222	548	426	329	322	259	181	478	386	442	595	190	377	410	115	381	140	1	133	370	509	109	116	193	375	167	633	151	607	349	555	462	126	244	277	153
56	605	630	661	107	252	121	70	282	450	602	484	599	507	439	304	625	141	179	60	237	345	91	280	94	229	333	118	80	154	88	639	203	473	295	136	612	620	50	96	114	402	341	553	254	241	245	463	98	215
353	504	166	195	361	623	488	642	302	61	146	520	272	249	59	443	305	500	164	517	139	119	467	210	11	658	266	367	28	129	279	10	81	334	438	108	293	585	586	552	292	398	111	651	14	214	160	657	26	417
184	99	603	311	25	499	565	358	323	486	471	618	492	621	482	457	312	159	37	66	491	569	226	130	289	514	568	174	227	629	149	212	101	659	287	567	626	75	332	225	351	147	23	113	372	308	628	665	177	662
155	549	38	399	611	592	170	460	339	485	435	600	219	248	325	579	138	58	508	2	208	250	587	87	634	563	425	348	199	106	29	593	448	387	17	30	518	315	63	281	352	655	124	631	20	359	187	207	487	224
405	560	598	269	104	288	424	318	596	466	477	36	394	431	297	19	310	571	267	112	559	120	291	469	85	275	624	132	202	400	589	189	198	590	247	5	148	580	178	413	145	204	415	3	601	397	458	316	511	21
335	362	536	613	127	49	39	566	314	423	331	564	653	619	404	294	251	368	476	561	42	481	388	117	270	324	495	0	306	9	300	390	55	143	529	609	455	165	83	411	497	205	550	319	385	608	434	18	301	525
636	186	86	531	503	641	46	168	162	298	556	432	583	221	436	547	654	551	258	137	330	376	454	158	180	521	32	150	263	103	347	350	516	635	213	465	206	660	255	412	328	346	427	562	656	421	470	459	373	48
643	506	594	82	355	95	446	67	534	422	380	201	357	128	144	401	209	286	498	268	90	41	616	337	416	234	366	53	243	79	51	526	338	340	515	535	557	313	554	232	604	591	185	652	62	480	523	597	246	134
461	360	290	182	364	614	615	4	44	472	468	135	430	622	644	71	464	627	15	393	216	74	646	606	406	637	93	530	283	543	321	89	342	382	409	13	453	77	645	200	545	574	122	363	344	54	395	239	356	528
371	420	502	40	490	256	73	8	496	156	123	369	320	527	125	265	595	537	586	618	521	486	401	143	266	594	188	17	442	625	416	324	372	633	330	654	71	56	509	471	456	313	296	123	87	375	120	659	339	124
655	189	197	605	522	203	105	536	269	8	628	318	454	270	372	500	166	176	455	279	96	224	386	641	115	560	659	41	305	76	121	657	297	417	191	136	160	545	173	496	510	134	470	601	196	180	623	423	401	219
69	202	322	42	119	113	33	264	314	349	195	20	172	474	569	526	654	77	390	583	94	466	588	174	36	39	177	620	538	502	232	515	362	499	316	507	155	478	348	329	562	245	22	199	371	600	540	637	27	163
35	495	240	58	664	285	63	158	37	40	388	85	130	43	547	212	567	110	492	246	104	26	577	208	338	145	72	18	54	247	287	252	30	411	12	181	428	402	430	183	260	421	359	182	364	553	99	534	207	559
367	153	613	582	46	373	3	497	258	282	578	369	404	55	341	461	175	67	420	394	512	25	147	585	263	194	379	591	370	313	293	66	412	238	343	14	188	556	586	291	452	304	257	347	295	216	217	324	419	331
315	138	292	617	70	444	391	10	120	544	498	557	248	89	441	652	565	413	621	624	387	527	643	44	90	154	78	117	190	610	210	272	302	317	445	511	227	306	201	516	230	209	651	471	653	19	639	661	141	330
184	636	265	548	646	97	520	233	353	642	375	5	358	449	150	254	467	524	606	249	186	82	660	335	590	509	108	239	149	327	333	31	537	116	165	50	320	167	345	340	647	382	405	433	424	380	95	546	281	339
616	434	581	261	122	211	576	101	60	88	262	384	308	342	169	361	523	29	630	143	307	87	352	103	296	443	662	61	344	213	332	236	543	24	277	525	368	123	235	64	469	365	275	4	535	463	529	351	457	374
436	290	464	632	593	363	276	459	513	592	501	206	648	408	288	663	426	468	164	129	397	283	381	81	228	84	584	425	286	128	218	159	596	580	156	74	47	170	570	200	579	79	237	139	303	483	56	563	242	193
48	346	334	409	299	625	0	192	106	505	1	102	649	222	253	267	571	612	638	476	432	573	62	396	274	205	221	244	614	440	482	152	506	475	407	92	640	204	442	289	533	422	644	220	142	665	356	21	477	326
453	321	100	399	93	589	357	114	465	148	68	250	360	597	568	490	539	427	604	415	132	91	259	225	561	278	650	300	294	131	354	168	437	59	414	215	549	393	6	11	161	107	223	137	484	28	521	73	98	608
17	337	658	491	435	451	447	298	594	255	418	135	635	618	2	619	15	312	551	268	429	438	57	554	503	86	323	125	256	112	350	564	9	514	389	572	126	626	446	355	485	494	481	517	611	645	231	34	273	550
301	622	627	472	65	328	146	310	508	71	473	376	16	602	178	23	280	615	51	558	124	609	38	319	271	118	462	552	439	198	599	416	532	486	336	383	140	49	542	493	410	385	325	406	243	489	519	229	603	458
450	366	566	607	398	133	226	575	431	251	127	13	241	395	309	7	479	518	284	487	151	574	157	460	111	392	109	171	587	403	629	378	598	234	631	187	144	400	504	162	531	266	633	83	530	53	528	456	480	52
214	555	448	595	75	656	179	541	32	80	185	377	488	45	311	634	38	595	326	394	101	648	88	399	628	108	557	264	658	37	272	286	400	134	132	178	316	661	634	454	420	16	9	165	294	57	349	403	276	453
225	561	234	662	112	130	360	5	290	439	345	510	368	351	42	572	193	157	87	126	79	434	181	164	502	607	80	542	560	544	113	402	75	547	272	636	3	616	244	269	620	443	187	430	497	77	522	663	494	176
333	527	512	653	299	51	198	500	665	185	43	469	635	481	59	600	122	58	427	386	450	121	454	302	199	466	462	603	461	27	374	25	188	474	391	533	128	629	101	56	88	262	503	307	456	517	265	409	197	375
658	342	523	72	195	1	172	286	422	216	431	537	18	97	349	580	659	120	145	565	236	438	325	150	99	276	124	557	129	292	406	380	26	529	13	403	365	528	396	372	222	625	17	338	519	219	369	496	84	622
119	415	437	114	118	548	339	138	217	23	458	65	159	495	74	390	634	127	304	475	489	253	160	117	37	227	327	399	341	567	358	364	285	0	651	139	568	584	398	143	320	376	108	173	419	518	488	235	41	623
465	264	344	346	394	627	504	29	664	165	513	9	405	608	259	179	574	526	606	599	215	266	610	555	595	426	229	363	278	459	367	237	468	540	261	591	559	644	49	115	633	94	337	377	275	421	348	202	133	7
350	571	33	207	412	335	141	506	617	263	279	509	83	587	169	194	295	440	260	132	645	252	258	214	62	20	411	473	410	142	96	76	395	558	63	449	379	530	621	531	47	472	282	534	170	397	6	389	61	418
639	408	24	432	255	309	40	280	116	596	508	576	535	478	242	483	81	511	251	82	98	86	245	250	241	566	166	553	228	586	246	205	211	60	647	310	549	589	516	267	326	152	413	343	71	209	477	220	148	230
583	203	16	50	479	562	287	539	541	158	213	414	355	4	175	331	524	637	448	601	370	649	487	125	655	404	109	554	273	31	451	156	424	8	441	64	400	177	146	163	212	420	656	19	613	626	628	11	392	499
39	401	619	407	563	312	288	149	598	532	618	2	48	624	191	416	445	657	357	69	457	538	582	525	362	577	210	612	564	283	480	89	486	322	136	298	505	383	168	654	588	425	550	93	514	186	95	303	270	446
330	604	638	476	353	162	356	556	611	605	243	347	92	581	543	318	281	107	536	134	201	30	590	293	467	332	317	447	248	90	85	660	444	336	585	306	630	45	137	460	231	515	471	28	66	340	578	35	301	70
579	632	594	53	366	182	328	131	433	161	470	232	436	38	226	573	493	73	482	44	34	21	247	57	334	592	546	378	352	183	296	428	189	614	256	646	308	233	354	102	123	388	485	171	32	393	609	631	46	323
314	311	178	36	174	221	55	570	491	277	484	155	153	361	417	552	291	521	423	384	498	10	387	196	643	67	254	551	569	200	597	180	650	190	545	442	294	316	271	184	22	240	453	520	501	463	452	54	507	490
359	249	12	140	321	151	284	206	110	100	223	147	103	144	111	106	104	208	204	319	313	300	382	105	381	274	192	464	305	602	268	385	329	52	239	492	615	371	435	575	297	652	14	641	648	224	135	661	289	315
218	68	429	167	15	78	455	324	373	91	257	593	154	640	238	642	449	284	176	4	502	537	22	344	535	294	309	660	473	601	119	241	611	385	296	426	341	229	647	146	253	36	643	170	194	585	91	493	242	160
88	319	34	412	434	458	362	368	482	134	284	640	420	366	388	120	508	524	85	465	97	193	656	242	425	272	40	249	559	490	531	42	70	313	46	614	582	488	136	432	481	161	135	374	104	54	220	476	637	285
348	378	9	31	486	157	615	49	227	453	327	287	74	363	617	76	520	267	354	497	326	371	477	277	638	376	522	359	117	551	269	507	581	588	169	467	121	598	344	279	140	430	166	107	649	561	101	616	190	437
574	57	299	87	505	16	192	133	41	408	58	338	665	591	339	456	623	237	624	330	452	182	65	126	325	404	475	265	229	291	12	335	283	627	634	612	570	306	314	353	128	53	142	402	206	361	300	324	454	11
474	137	27	556	601	307	605	66	355	424	181	282	473	540	28	394	81	364	334	286	201	500	146	621	95	352	72	108	664	189	102	264	43	110	375	316	595	492	597	356	515	245	222	386	218	536	618	322	457	329
333	491	289	555	653	15	71	413	548	602	45	429	212	587	663	143	517	566	659	525	377	79	129	547	442	331	24	116	579	115	389	463	542	98	406	47	538	401	228	470	385	261	37	464	103	248	29	276	230	207
350	626	527	138	310	302	544	210	655	184	360	183	80	196	422	441	539	414	647	231	141	213	179	445	99	484	439	256	643	84	502	114	32	346	168	483	382	589	224	578	262	293	489	537	259	67	347	251	450	304
629	529	485	235	632	152	506	170	641	541	223	0	496	239	568	635	123	3	658	580	607	600	418	564	148	403	204	662	17	593	296	558	594	50	340	590	357	174	149	219	8	495	528	233	384	427	468	399	472	323
534	604	241	164	592	205	372	250	92	487	109	336	165	650	318	396	380	96	328	61	172	175	630	159	613	145	1	113	563	225	268	303	309	586	139	553	565	298	417	122	163	440	397	459	240	105	562	575	156	532
543	59	398	577	569	583	652	545	625	243	209	186	576	147	573	448	63	86	106	185	400	498	73	124	151	411	30	358	478	197	504	78	546	294	661	443	513	494	423	4	516	444	200	211	274	253	51	271	154	560
112	609	373	187	369	620	89	111	410	349	292	461	20	176	510	13	194	342	337	572	177	311	455	132	345	433	90	60	312	263	22	552	584	275	435	35	290	180	23	518	646	370	436	390	511	215	130	273	651	198
636	480	162	238	611	639	244	554	199	208	270	493	305	521	10	252	39	68	449	26	321	221	93	18	535	188	25	91	150	216	295	462	173	606	599	125	395	56	171	622	178	367	351	383	278	409	226	48	503	234
288	438	657	633	407	381	246	642	62	127	144	260	446	567	519	203	33	451	82	153	645	619	530	315	254	644	501	391	214	512	392	460	36	195	14	628	533	608	660	77	317	466	415	631	247	2	100	341	365	447
44	596	603	387	131	160	585	258	509	421	301	550	94	7	38	257	69	202	158	281	648	75	232	83	255	320	119	19	191	266	379	431	549	297	280	64	523	526	55	557	167	571	426	308	479	343	52	21	236	419
5	610	514	471	499	428	332	469	654	405	155	393	416	118	217	6	35	608	519	486	512	572	648	472	543	513	199	606	498	535	600	404	209	270	597	544	58	154	502	277	197	198	49	585	468	213	355	237	459	652
544	213	143	377	142	63	602	475	623	30	628	648	46	561	409	382	42	443	473	447	355	43	487	459	557	495	268	133	664	211	303	72	660	327	96	101	423	198	422	51	465	147	9	273	145	154	411	196	122	7
437	652	342	622	62	425	625	102	436	91	468	85	541	335	662	269	181	330	348	331	526	416	84	58	34	504	243	598	257	99	339	394	156	486	56	117	412	224	496	203	234	103	29	661	570	611	415	16	514	408
584	290	365	522	565	207	461	185	121	22	399	472	589	50	244	301	595	298	619	78	271	379	240	129	503	95	543	381	378	64	610	24	4	296	254	509	297	199	86	135	361	149	36	636	440	245	630	371	491	175
321	202	580	538	569	358	383	28	100	319	263	352	511	73	137	554	527	126	139	169	232	605	575	638	329	609	287	94	325	144	210	179	318	650	590	204	657	343	523	47	37	521	10	208	366	52	106	401	604	341
164	508	250	568	316	507	477	105	15	373	67	118	286	255	308	494	201	282	25	564	506	493	314	231	265	560	576	516	168	531	492	614	519	633	510	115	419	285	529	150	140	354	165	157	368	483	277	552	214	44
192	587	320	563	562	299	577	76	278	104	190	533	347	571	542	384	247	276	404	482	370	12	180	485	48	66	172	233	57	148	138	502	49	292	476	600	530	111	20	651	390	421	61	591	130	163	581	178	54	463
267	13	5	334	45	573	93	217	429	187	312	132	225	545	197	402	556	218	177	87	579	253	18	635	665	26	261	184	405	528	534	406	238	11	414	167	393	311	215	490	646	75	206	441	659	322	189	567	119	501
456	195	467	332	81	539	33	340	131	617	174	31	460	124	572	17	455	305	289	433	194	109	236	642	479	116	454	413	353	288	637	279	618	346	223	364	596	152	374	107	400	14	546	230	548	112	357	173	500	555
90	241	326	655	424	275	151	153	324	547	586	588	449	395	540	438	410	480	306	634	123	520	171	2	656	407	161	3	398	264	158	315	170	283	77	518	125	32	344	27	307	200	19	612	627	367	345	237	359	188
41	430	585	551	242	397	227	621	186	260	183	645	127	221	448	272	363	593	176	205	442	524	615	284	239	537	536	607	663	338	159	294	281	212	249	658	644	558	114	350	313	446	21	639	323	55	471	40	60	388
141	337	59	8	166	654	222	470	182	626	92	191	484	35	452	583	478	98	351	453	216	219	417	88	512	624	349	396	310	387	444	553	270	162	375	39	251	80	525	620	134	392	82	432	295	362	574	566	376	69
464	578	601	228	653	450	488	74	108	38	649	146	489	592	262	266	259	6	258	550	431	647	466	389	1	256	369	420	632	559	498	333	462	439	293	458	386	481	391	380	300	220	89	226	643	606	505	613	418	497
317	83	328	120	435	372	136	474	631	445	385	302	155	428	304	469	451	71	640	434	457	427	23	65	582	68	246	0	426	274	160	597	336	53	97	629	603	513	499	209	360	309	599	248	70	229	594	515	356	291
280	110	193	403	79	532	549	113	535	128	252	616	235	517	641	608	362	572	582	75	167	482	36	122	546	347	129	390	22	554	374	52	507	97	187	51	484	556	408	504	579	32	170	570	532	143	625	81	28	577
409	8	66	216	533	344	191	212	269	65	464	538	481	390	319	225	288	548	224	623	56	200	499	357	72	588	336	482	4	383	421	240	151	458	285	274	395	92	181	398	649	295	232	157	560	113	632	570	43	646
359	208	648	235	169	21	303	470	438	341	248	215	243	173	651	613	1	504	424	51	462	495	253	635	244	429	558	664	198	529	433	639	655	293	256	523	554	304	44	133	396	591	403	506	124	237	446	30	214	217
444	486	377	6	251	18	457	338	137	85	119	521	287	306	192	650	358	466	614	593	91	573	557	385	330	597	100	314	125	531	70	16	174	387	320	182	397	480	63	228	323	545	10	257	84	296	440	617	520	643
179	162	552	230	67	103	262	275	384	17	563	20	117	305	193	49	622	427	343	549	123	661	603	3	272	411	185	206	353	308	315	416	340	14	166	325	652	413	27	414	197	634	313	165	37	255	522	310	74	60
291	605	329	659	601	194	492	620	490	258	513	311	259	479	472	562	301	158	502	58	105	276	569	450	378	128	528	525	109	83	393	641	354	62	583	101	342	467	309	610	628	585	374	574	175	517	121	515	471	307
154	38	577	536	511	331	261	360	349	644	388	159	167	544	645	437	135	454	654	434	534	419	487	425	41	379	494	510	260	443	535	242	131	213	120	637	294	207	556	168	376	657	621	352	439	627	463	98	177	142
254	263	484	539	478	107	559	418	290	204	39	366	163	7	561	602	530	407	160	370	318	404	81	345	496	278	555	432	68	333	77	406	571	612	233	449	268	389	604	586	170	64	372	514	519	267	435	488	619	658
584	89	298	0	153	626	448	161	209	147	468	114	279	300	567	102	45	347	116	500	289	322	365	69	369	553	155	430	202	5	249	186	447	145	405	392	28	132	223	24	660	399	497	412	615	171	346	201	647	364
317	491	452	222	59	57	436	13	33	402	199	580	292	367	144	616	229	543	152	442	608	455	234	126	547	422	94	505	54	363	110	662	75	35	236	568	611	282	47	149	355	218	590	239	26	196	507	356	445	606
328	581	596	461	187	189	642	266	426	624	371	129	12	302	663	29	111	537	526	324	299	40	408	532	178	46	578	420	140	127	221	227	246	31	247	106	271	625	96	252	180	501	493	48	400	87	489	80	108	118
474	460	516	130	579	326	451	211	380	281	524	551	73	582	368	238	541	195	134	587	485	115	483	231	410	280	88	297	141	456	93	508	156	633	273	473	592	286	401	15	542	176	79	52	386	332	566	264	50	565
78	55	540	25	477	665	172	205	423	630	76	22	509	334	361	391	476	512	600	265	339	316	441	95	53	589	382	636	219	394	469	2	337	518	546	150	277	188	629	148	220	375	327	351	653	594	572	11	312	245
575	618	599	97	226	146	61	631	607	34	99	576	459	190	465	609	428	122	42	373	362	138	143	32	595	136	71	203	19	350	348	82	527	250	564	164	417	86	656	283	139	284	431	550	184	321	475	640	453	503
638	381	90	241	270	9	36	23	415	104	335	498	112	183	598	210	12	364	159	178	522	476	172	301	605	554	457	91	653	88	176	438	400	200	282	286	71	329	229	273	577	392	524	18	77	300	461	452	363	644
467	480	428	120	281	41	381	546	77	273	212	494	173	438	179	370	414	529	285	156	289	399	193	241	331	209	78	410	628	578	633	528	434	661	253	590	345	202	225	604	295	641	379	29	465	405	141	573	175	602
97	104	219	204	157	527	514	622	275	186	136	288	411	646	616	484	532	587	658	553	537	100	174	456	301	591	317	657	466	606	16	589	80	128	517	645	392	166	270	638	605	66	268	654	388	492	90	207	485	506
468	280	439	198	551	362	236	27	545	127	134	437	626	62	108	376	68	266	445	503	435	332	315	246	544	489	229	339	144	143	243	217	359	213	431	223	662	330	523	148	515	28	550	1	454	663	612	335	263	85
240	12	582	460	235	625	132	325	581	51	316	490	267	535	603	409	472	14	356	647	629	177	32	336	482	67	502	195	333	451	479	598	302	319	171	79	471	145	664	643	621	56	58	355	86	233	540	245	294	476
346	308	499	205	74	349	390	237	406	530	201	230	398	76	199	264	259	623	31	421	448	636	430	39	107	343	497	382	180	298	427	188	221	504	192	344	425	531	185	342	82	624	565	608	386	477	505	322	328	408
655	311	125	440	358	83	137	556	457	538	619	106	63	644	511	274	276	269	112	33	637	318	557	380	8	89	178	87	35	286	483	158	481	54	153	260	247	261	224	488	338	203	442	500	57	568	160	561	95	309
94	639	389	340	211	350	22	297	184	487	444	597	305	534	635	234	303	71	395	539	632	46	324	462	10	115	470	642	599	327	560	139	580	518	249	163	569	341	69	366	116	571	576	563	84	170	220	401	357	42
347	296	443	558	310	162	542	588	91	351	334	455	613	464	463	321	172	126	17	353	554	140	47	372	196	312	19	549	397	354	368	75	182	391	378	103	150	101	564	547	458	631	533	374	133	509	52	314	59	0
609	65	649	584	592	424	432	348	227	218	164	142	169	383	412	665	183	53	519	363	292	651	252	617	548	420	634	272	176	5	254	510	197	191	3	313	659	81	570	601	291	121	567	610	600	18	365	323	304	284
4	329	491	627	377	194	507	226	387	473	394	159	653	181	583	526	611	400	30	43	23	543	255	251	660	279	258	615	496	495	422	367	149	403	449	200	111	92	135	124	11	541	88	20	596	593	559	620	450	271
232	44	168	574	522	650	417	486	257	13	436	105	72	419	525	452	364	117	418	216	283	369	469	293	337	7	129	55	222	501	299	415	24	572	113	375	48	248	167	122	151	575	6	360	208	521	190	210	385	187
555	416	189	114	64	579	25	640	585	73	508	441	630	652	607	228	130	552	250	423	61	461	49	307	493	384	475	447	282	287	393	155	300	147	99	402	306	396	2	429	618	152	161	102	40	239	566	513	214	131
9	256	512	109	516	326	242	60	206	34	520	26	38	96	215	154	165	265	15	277	453	524	562	536	320	238	262	118	70	373	404	371	595	244	231	498	474	426	648	459	290	98	21	407	123	93	413	361	110	146
37	446	577	50	586	594	614	138	119	478	433	352	656	45	278	36	331	519	489	484	439	602	221	273	387	157	174	605	429	177	139	64	235	85	480	427	376	420	130	55	184	242	94	471	95	536	592	330	114	263
528	527	181	10	661	651	578	13	118	362	86	236	252	222	70	514	455	200	558	389	584	386	353	91	551	221	335	256	210	520	240	216	212	516	278	229	46	164	304	414	298	305	429	628	56	468	476	355	255	529
273	368	413	116	440	369	218	325	426	207	194	659	244	407	97	539	2	334	410	366	445	158	121	475	408	662	95	195	163	490	315	301	303	327	72	548	208	657	183	19	124	540	73	285	650	640	82	35	157	297
385	506	566	138	591	283	265	555	14	497	532	563	100	228	76	318	430	155	204	592	83	648	249	102	364	535	663	133	6	279	192	3	165	521	299	109	504	359	247	28	454	7	392	491	37	537	175	69	257	328
427	341	300	643	111	579	372	446	652	103	85	395	142	106	64	585	289	502	127	294	594	393	522	361	319	470	94	606	25	601	93	98	153	277	482	156	302	495	656	435	431	553	513	615	473	331	225	597	388	189
518	203	545	609	604	81	39	583	658	636	655	241	145	187	209	572	214	268	646	421	55	53	274	374	170	123	586	62	282	66	107	61	84	575	23	51	384	474	647	416	530	483	633	398	370	557	292	432	306	182
343	477	501	570	598	141	261	399	290	562	654	173	260	254	262	169	394	307	314	245	308	358	134	464	38	603	479	344	401	363	453	4	339	631	146	635	68	198	26	425	499	22	57	649	140	500	467	418	206	253
63	284	188	21	177	623	642	276	634	87	404	152	486	466	565	311	309	89	638	191	582	101	40	215	258	618	48	174	230	160	626	131	271	148	242	600	411	409	552	653	487	569	665	447	132	201	568	396	492	412
36	248	190	637	538	593	576	80	128	293	337	630	588	365	246	574	224	75	150	33	239	34	595	391	272	251	605	629	180	484	322	503	313	622	456	223	340	356	354	44	171	465	567	205	402	139	267	556	611	143
352	406	613	336	151	231	639	79	27	542	451	108	496	41	351	136	625	113	549	232	457	387	65	515	119	120	378	403	621	449	45	234	0	346	184	517	8	226	219	381	441	291	32	147	217	620	360	541	373	286
452	129	559	460	512	185	434	323	312	420	310	9	333	269	461	233	110	144	105	485	54	448	526	250	589	561	632	162	243	599	31	619	581	130	329	422	536	320	202	375	459	168	547	166	178	47	596	510	18	531
419	122	590	488	49	610	270	88	577	92	213	96	211	443	627	59	238	397	602	275	321	472	519	161	227	571	345	266	469	326	463	281	405	546	367	99	543	580	498	71	12	614	20	508	357	176	390	179	342	220
172	330	534	16	533	114	382	196	296	608	235	259	193	607	159	423	554	493	424	280	74	349	379	437	347	42	433	415	295	644	316	125	199	24	137	438	186	645	60	624	115	52	660	58	550	288	428	587	30	383
471	112	462	117	573	376	458	17	616	149	78	317	263	436	442	67	664	77	507	525	5	480	560	324	478	264	167	380	237	641	348	505	400	511	197	332	509	439	350	544	43	523	1	494	417	126	104	15	450	29
371	11	444	287	481	612	617	377	90	524	154	564	338	489	50	135	53	555	423	455	267	639	350	550	321	600	247	22	597	24	349	151	581	632	342	614	74	212	120	64	101	486	8	602	451	463	578	335	387	46
237	339	481	541	386	474	616	371	482	438	75	135	532	219	458	280	1	123	505	375	645	335	503	377	625	615	2	528	309	574	618	318	543	511	155	15	627	31	157	41	415	381	166	568	341	216	508	167	491	71
37	382	32	262	47	590	292	226	43	608	70	29	212	171	378	110	18	468	209	498	230	274	204	293	239	72	299	344	644	387	178	165	153	73	417	119	462	90	416	558	629	582	203	575	542	6	207	106	104	526
617	134	136	177	493	266	450	55	587	444	604	430	126	624	400	455	122	50	140	506	539	175	362	643	196	44	607	484	218	327	560	571	588	141	285	131	69	252	497	156	405	170	370	311	39	499	88	612	284	30
384	62	485	426	99	376	507	439	402	22	519	128	208	660	200	621	529	190	452	38	365	360	407	214	554	4	473	188	516	114	535	265	221	111	232	100	555	67	319	461	83	205	64	594	289	640	626	610	14	409
584	500	440	524	250	652	316	127	403	609	164	562	180	36	361	231	504	442	94	130	641	373	483	248	428	81	222	117	478	241	24	79	260	544	150	96	460	421	518	246	264	454	488	60	121	109	334	396	413	169
210	89	340	320	307	199	453	235	433	630	213	195	105	181	566	457	240	394	489	383	422	406	369	550	633	306	187	651	579	87	46	470	63	198	54	348	147	138	563	148	215	591	589	492	431	112	305	286	173	623
351	78	278	68	372	329	577	144	302	363	655	57	354	349	160	336	304	113	98	101	82	107	548	312	51	223	495	637	471	654	45	324	27	358	20	597	77	346	249	56	80	229	243	26	385	635	91	379	279	557
331	656	192	86	389	445	595	553	42	19	390	490	61	353	410	298	258	191	576	596	350	13	342	634	259	193	600	93	328	398	66	189	185	271	502	540	570	636	116	255	176	184	28	197	364	534	479	295	97	537
332	58	368	592	510	531	283	459	437	583	182	391	296	411	48	425	572	220	443	646	522	412	132	586	434	0	475	297	561	650	456	536	53	605	290	245	33	163	501	429	451	427	521	333	179	158	523	3	549	108
206	244	145	665	115	84	23	538	397	225	330	287	194	513	355	441	367	118	512	559	345	464	202	9	359	545	448	613	103	388	446	186	227	34	338	76	120	325	530	40	139	435	515	352	533	142	10	35	639	420
662	25	494	257	659	380	247	211	603	366	313	281	168	392	408	133	395	343	628	593	129	254	326	146	620	661	7	393	642	322	598	321	8	399	551	270	308	224	161	619	275	174	585	419	233	467	647	436	323	599
314	291	16	487	632	217	614	137	256	95	480	234	152	606	509	52	125	432	546	552	273	469	251	653	449	277	172	423	317	611	649	49	514	201	418	149	465	59	17	282	547	162	315	261	310	657	337	228	601	11
602	238	476	65	638	143	253	268	288	648	486	272	520	12	92	263	300	664	556	527	472	581	477	424	242	466	85	525	578	631	102	580	294	374	357	347	356	5	496	269	414	267	517	21	401	463	622	404	658	183
301	447	303	236	564	565	663	573	124	569	154	159	74	567	276	151	28	92	420	643	519	495	203	119	423	392	537	538	280	74	446	215	431	410	22	328	499	30	498	445	568	49	362	82	351	346	297	355	41	371
100	382	267	163	649	447	462	199	492	512	387	80	604	446	610	282	235	594	501	149	6	600	157	357	234	481	119	544	591	592	635	452	358	165	367	308	241	534	563	145	438	60	582	590	552	653	585	226	148	246
469	349	128	1	281	112	248	489	573	54	70	483	191	650	608	43	478	404	304	624	619	232	169	662	297	103	323	525	136	242	265	376	166	527	633	569	362	73	605	325	187	46	570	174	37	36	180	638	654	28
113	497	99	44	500	286	634	254	14	142	441	580	546	130	609	154	470	602	338	561	303	519	614	531	643	294	558	339	81	391	302	579	117	53	597	459	275	347	17	122	426	311	354	564	586	123	548	372	185	414
409	171	42	150	495	182	94	510	305	631	287	35	115	422	285	51	195	29	533	189	72	219	146	571	87	355	541	326	595	283	584	258	480	476	402	581	9	487	411	454	406	375	19	432	104	206	190	139	274	613
236	517	416	86	405	436	217	95	392	453	251	648	38	153	91	186	618	494	207	76	639	164	140	23	27	118	298	260	176	179	16	539	464	263	463	507	256	370	209	93	249	524	320	300	641	11	344	30	343	623
85	496	327	415	530	151	8	351	636	574	74	646	555	293	230	550	664	393	7	506	71	557	276	625	134	418	121	278	629	228	20	84	515	511	542	192	48	212	620	455	348	445	364	32	498	374	193	253	96	79
397	273	398	238	220	59	493	57	395	262	289	659	554	644	329	332	532	334	342	222	477	630	444	337	350	63	61	621	336	399	83	360	196	467	536	660	599	125	88	612	503	394	89	626	127	229	143	56	479	64
135	67	385	201	386	361	509	58	642	173	371	124	316	425	365	129	47	295	33	15	583	377	655	389	458	568	340	521	356	657	460	133	502	255	34	373	407	215	601	369	443	172	611	491	381	472	468	437	223	419
108	198	433	485	450	516	175	567	208	540	2	390	328	240	264	637	90	49	572	549	306	577	3	231	69	617	147	216	526	431	290	449	259	211	588	593	545	488	310	126	184	168	400	576	97	301	565	315	317	116
520	368	224	457	607	319	596	456	486	233	75	341	271	204	237	40	665	22	66	296	598	188	396	482	120	474	448	292	440	504	158	353	203	345	284	111	50	606	213	245	102	615	257	227	560	279	156	412	471	439
18	25	137	645	39	250	442	280	312	205	627	473	333	421	359	562	379	12	21	428	331	10	65	656	523	518	528	505	321	538	529	324	52	352	499	556	628	291	114	247	221	535	170	218	537	41	427	434	647	309
62	77	288	420	202	144	270	322	543	194	131	167	466	513	522	313	484	98	651	490	45	547	4	177	106	413	155	578	429	181	318	383	13	252	346	475	152	5	423	363	55	299	269	603	141	243	575	587	553	366
110	559	589	435	107	68	616	330	162	661	161	410	566	214	200	465	92	424	132	31	622	461	403	408	277	225	178	159	307	78	652	632	384	0	26	401	138	514	551	24	239	266	640	451	430	378	183	244	508	417
105	658	197	268	335	380	261	314	101	210	272	82	388	109	160	663	76	51	581	528	549	291	102	286	665	664	190	454	122	73	347	586	265	545	248	278	636	561	75	466	193	584	231	298	648	453	60	329	8	174
545	228	405	232	601	143	436	273	485	630	586	185	160	80	590	579	650	83	635	364	32	320	462	377	213	199	37	55	594	301	561	19	503	649	518	90	614	521	167	566	511	56	120	145	142	556	281	502	578	379
208	248	486	78	317	467	49	516	257	494	205	441	507	347	428	350	501	117	381	623	34	555	52	473	62	222	440	449	576	544	537	242	190	294	539	146	418	132	259	424	660	233	180	597	16	110	411	70	44	662
613	134	288	504	111	367	517	296	330	461	344	651	144	291	158	218	327	125	302	398	202	151	272	571	453	629	538	616	105	587	274	560	290	354	439	206	626	168	21	304	29	196	104	529	88	643	373	389	214	60
458	408	93	546	271	154	479	13	380	558	596	457	115	307	510	451	557	241	299	54	161	339	404	433	469	229	324	640	99	312	438	148	444	337	177	1	204	603	423	126	369	434	75	98	497	329	285	188	69	632
322	465	391	237	472	22	371	492	332	519	45	429	476	340	480	661	385	533	496	573	236	293	421	585	328	216	622	282	617	523	600	403	25	361	224	450	484	169	179	551	435	565	277	283	528	183	35	152	40	211
482	646	10	264	645	620	656	583	524	192	376	207	527	4	574	395	65	82	225	2	541	648	86	166	362	249	598	366	466	76	534	353	536	163	619	584	475	265	175	618	499	419	18	509	135	67	270	481	255	275
72	652	530	374	343	108	137	470	550	297	230	153	498	431	100	308	615	559	17	360	547	602	48	245	625	568	591	310	526	280	378	157	200	23	33	599	611	628	97	448	426	79	85	300	287	182	267	420	217	491
106	490	514	159	432	201	109	94	221	114	178	445	197	474	20	487	122	309	223	609	642	140	365	471	276	356	535	370	58	41	638	186	193	61	570	627	413	387	292	407	149	513	454	477	335	446	631	156	483	634
