0,1
100	110	240	210	56	6	167	329	251	113	170	197	330	43	78	327	227	211	261	207	148	296	157	131	88	208	173	229	195	1	339	119	300	345	121	47	139	204	26	334	52	172	98	224	24	65	247	64	186	245
259	130	27	147	176	305	219	254	34	328	142	164	57	267	249	244	231	272	332	138	111	205	92	187	80	163	25	312	212	303	59	146	37	260	319	126	238	202	97	226	174	275	291	151	36	10	114	81	102	184
257	326	337	222	105	35	217	285	19	241	199	183	335	309	61	70	108	5	20	263	152	69	29	17	87	76	317	189	104	318	60	21	262	106	127	49	196	58	75	336	181	38	346	191	175	213	132	228	264	68
154	0	50	188	223	287	55	288	194	83	258	253	230	63	129	295	304	297	277	86	198	160	46	215	162	274	84	294	322	225	2	137	206	307	116	120	343	180	193	266	32	314	7	9	103	91	39	28	310	293
279	169	324	273	153	342	252	109	308	72	136	315	255	218	321	168	338	306	171	236	161	149	282	269	214	115	299	340	117	48	107	311	278	82	155	99	95	190	67	66	96	22	166	124	192	270	101	159	280	144
301	209	30	242	12	90	41	233	298	53	178	323	276	51	14	281	3	23	128	165	201	45	235	237	42	232	79	185	331	220	268	112	11	150	234	85	246	134	143	271	290	182	302	4	133	44	250	289	284	203
135	145	71	118	316	344	216	74	341	248	94	325	93	18	283	292	313	31	140	89	158	286	141	243	13	77	333	179	177	200	33	62	122	54	239	16	40	256	73	8	221	156	123	320	15	125	265	80	340	101
17	273	131	50	306	109	11	338	198	112	275	257	160	329	227	271	217	289	267	161	128	125	22	320	63	243	162	334	60	103	40	146	94	278	315	186	152	189	16	113	185	224	136	67	209	283	61	2	102	27
281	64	74	167	108	89	43	96	301	124	47	264	56	290	211	145	55	83	4	335	15	0	307	284	69	336	26	309	80	228	223	239	7	210	166	241	213	205	87	139	297	274	302	107	282	207	183	148	234	333
344	173	106	157	98	314	120	13	253	305	208	35	215	276	324	172	270	298	310	345	91	340	104	339	24	82	293	84	250	242	31	325	168	225	123	291	191	6	179	25	304	226	32	341	327	263	247	133	78	180
143	95	28	153	41	219	164	155	59	255	122	151	214	150	303	323	177	70	154	79	46	30	75	230	212	88	308	142	220	93	1	196	188	328	237	268	233	313	99	256	10	20	3	280	346	236	279	178	126	254
45	286	272	296	129	71	206	159	53	158	51	86	132	121	101	232	337	269	52	300	203	195	105	222	81	111	171	244	141	266	285	238	68	265	316	322	312	147	100	218	342	144	317	29	149	197	299	261	138	134
23	54	44	249	187	165	62	92	200	135	326	245	202	115	258	19	175	292	130	216	176	114	318	97	181	65	343	277	262	246	37	184	72	5	321	137	199	85	163	201	204	34	156	9	76	235	14	248	331	116
42	39	287	240	193	21	182	77	8	66	229	192	118	194	294	117	48	57	221	49	110	12	231	332	119	169	288	36	73	330	311	33	259	295	18	174	38	170	190	252	58	90	140	319	127	260	251	7	245	166
116	58	290	111	10	147	300	256	272	250	66	277	254	321	8	155	39	115	338	121	273	317	130	153	303	292	238	76	247	263	156	141	129	285	279	26	295	97	25	286	221	331	55	262	294	123	304	212	189	244
197	96	35	160	211	208	302	237	315	14	261	29	253	324	139	149	320	205	61	299	103	283	134	88	150	310	108	117	332	64	284	172	232	192	4	196	75	220	327	330	50	266	184	282	95	312	245	69	113	305
138	308	236	72	37	217	322	176	36	145	223	27	167	239	60	199	84	80	77	316	306	177	248	233	163	31	210	41	74	190	291	79	47	318	230	24	48	90	78	144	43	136	288	297	343	1	102	52	206	180
202	325	62	313	18	319	164	152	169	287	151	92	246	33	336	252	267	122	174	21	219	70	214	240	100	143	93	204	101	114	185	148	68	104	311	207	99	270	142	159	132	91	3	120	22	44	259	131	213	168
181	59	345	45	209	346	11	161	276	137	225	235	275	98	175	17	81	32	179	195	191	42	162	135	187	28	258	188	183	15	56	269	19	12	173	182	314	57	242	216	301	194	86	215	67	293	165	128	125	0
218	112	94	274	334	278	9	265	2	296	126	109	5	341	53	231	34	227	89	157	171	65	146	87	329	73	107	16	178	154	23	71	193	280	200	323	170	298	249	51	46	326	222	260	224	339	38	106	342	85
268	271	82	328	228	40	166	83	335	234	255	289	20	140	49	340	30	257	201	264	186	243	203	344	229	333	124	110	118	281	119	307	54	337	133	198	226	63	105	251	127	13	241	309	7	158	6	47	145	314
38	219	28	20	289	222	309	149	163	122	311	100	193	216	0	310	230	236	30	151	225	288	133	259	16	126	272	66	8	260	251	157	177	249	54	254	92	147	121	65	238	221	224	40	331	182	67	168	141	305
128	106	107	338	25	167	325	207	261	45	37	119	27	88	295	36	97	12	175	183	29	303	136	42	337	104	328	87	245	154	269	124	209	110	226	282	76	322	258	340	205	73	82	194	275	84	330	231	139	156
9	297	47	79	341	108	253	239	61	280	64	246	129	264	52	314	218	229	10	293	3	166	181	296	165	56	343	250	178	235	74	185	213	176	169	142	271	162	237	223	220	186	13	117	291	180	23	35	267	98
283	188	6	262	105	190	316	81	306	161	300	137	210	344	346	171	179	276	58	324	19	22	273	241	281	286	125	172	68	189	197	7	255	160	31	202	21	1	44	198	256	83	53	247	285	312	91	135	244	59
32	336	69	323	148	287	326	333	214	278	315	101	43	132	134	49	334	192	80	57	263	114	96	204	304	95	94	150	115	191	174	290	145	99	46	321	159	200	195	313	206	2	212	248	277	268	240	26	62	345
155	152	184	140	102	33	307	317	308	118	164	138	242	78	93	284	4	51	113	70	116	143	279	266	201	208	123	72	103	89	24	299	265	77	158	234	127	130	85	60	39	215	232	327	318	196	14	109	292	211
243	131	71	55	298	48	18	203	153	329	173	34	270	146	274	294	332	335	112	233	111	75	339	41	86	228	11	342	257	17	302	63	170	15	217	301	187	227	320	144	90	319	120	50	5	252	199	6	2	317
58	1	157	310	228	259	224	286	37	176	27	227	236	267	178	313	334	255	130	319	94	101	25	289	292	254	316	91	325	121	263	222	43	9	115	253	323	173	166	333	127	262	239	209	229	29	18	304	83	221
246	23	252	219	129	160	72	126	345	307	52	188	277	46	142	341	5	7	290	10	77	250	13	108	230	261	300	79	199	33	41	326	150	84	331	117	3	170	321	97	195	133	275	62	278	190	20	249	322	284
211	118	241	197	112	96	76	139	68	240	217	271	181	124	184	128	113	260	285	26	0	282	266	294	6	279	61	324	132	154	235	12	332	193	207	40	24	116	42	293	167	185	213	329	220	336	98	317	281	344
141	339	337	297	342	36	74	80	306	88	60	318	299	280	54	67	295	187	234	237	152	214	87	71	47	159	148	16	50	287	153	216	104	346	223	320	158	276	99	122	4	175	172	75	202	205	283	14	140	119
114	59	215	291	251	78	242	138	109	203	174	17	31	65	156	143	225	106	8	338	64	343	177	146	163	212	258	273	179	303	19	144	192	49	11	264	198	298	39	145	63	245	105	56	32	149	302	328	204	2
48	125	314	244	164	335	272	69	274	218	210	103	288	89	136	301	312	15	93	311	186	95	270	162	55	147	151	243	92	180	171	315	134	201	30	22	248	90	85	257	268	45	305	231	309	28	66	35	70	200
53	182	131	161	232	137	38	51	226	196	208	340	168	73	191	107	44	86	34	330	247	57	120	327	183	265	296	100	189	81	21	111	165	155	194	256	82	123	269	135	308	206	169	238	110	233	102	295	147	161
53	276	241	64	144	292	293	344	247	177	20	39	332	71	206	69	46	88	192	91	245	22	271	302	198	10	119	184	260	162	25	229	139	223	18	186	330	97	227	4	158	235	345	78	110	113	161	115	72	141
252	28	170	201	290	37	111	143	132	342	244	107	152	281	45	8	146	114	118	23	21	73	148	267	126	180	274	47	237	77	329	210	346	164	90	65	224	157	131	317	195	253	262	128	202	43	312	246	289	163
313	17	199	191	94	5	35	205	93	55	151	242	58	66	255	265	208	154	256	89	103	156	218	68	87	40	251	147	249	86	15	188	219	232	51	278	36	336	133	117	183	238	52	108	277	102	181	321	240	105
311	145	334	74	38	291	308	166	81	301	294	275	176	288	135	96	13	104	136	95	12	62	187	327	160	16	331	137	76	207	228	226	221	305	194	193	127	182	138	168	150	257	123	48	254	60	159	197	213	273
287	326	225	49	82	211	165	272	26	172	222	323	343	284	282	283	11	310	189	339	2	169	233	268	306	337	340	129	304	215	67	83	124	142	261	109	27	264	63	341	121	59	316	248	250	258	171	29	280	307
243	100	80	299	130	297	328	259	239	70	296	134	300	200	234	220	19	167	99	116	338	173	33	335	236	309	6	84	178	179	3	85	209	190	204	101	34	286	324	231	263	92	298	214	79	1	122	54	315	174
56	140	149	270	155	203	32	125	112	303	57	120	31	333	320	30	196	318	153	14	314	41	9	295	217	279	266	230	61	0	7	216	42	50	44	75	322	325	106	175	269	98	319	285	212	185	24	204	343	216
70	304	135	13	117	329	260	158	49	333	132	227	218	42	244	133	311	317	20	320	90	248	284	232	55	237	254	193	137	54	192	97	199	38	12	46	321	110	262	188	65	234	297	176	231	136	265	14	57	104
228	58	194	190	266	11	337	9	27	259	74	275	183	36	307	34	129	66	238	120	23	258	178	140	292	41	327	282	81	247	220	167	157	18	75	161	118	95	222	318	210	264	229	323	107	126	142	223	324	83
322	160	345	246	230	134	279	128	143	71	224	127	45	69	339	181	15	310	33	305	179	286	79	285	48	72	245	24	116	115	257	296	146	334	47	303	166	37	103	29	171	119	91	138	267	196	98	214	272	235
293	252	343	16	121	31	208	169	87	28	242	88	330	273	52	21	291	256	207	99	43	331	216	177	84	319	162	309	32	60	251	168	19	213	77	6	206	80	100	249	341	56	202	53	276	67	261	298	342	93
306	141	346	201	102	35	68	152	280	114	170	25	94	277	217	76	0	130	239	108	82	64	125	123	182	3	198	328	283	2	44	316	26	148	295	155	204	314	212	85	101	17	326	189	40	62	50	255	278	289
269	174	149	184	219	8	215	150	233	290	270	302	344	131	241	164	313	205	281	250	92	180	109	165	5	299	325	96	61	172	175	287	159	7	145	1	113	225	268	191	139	203	315	122	163	332	300	240	105	338
263	156	173	59	153	195	10	308	243	209	186	22	147	340	63	86	106	185	301	73	124	151	30	312	197	288	78	226	294	335	221	4	39	336	200	211	274	253	51	271	154	144	112	187	236	89	111	95	141	2
246	278	138	153	224	2	193	110	298	252	32	116	317	149	108	185	334	134	166	63	158	271	207	155	249	14	262	48	109	162	300	21	226	304	282	104	247	190	58	201	199	324	61	66	44	219	272	112	53	346
335	273	35	241	266	215	329	233	157	248	156	178	6	3	129	208	270	161	281	142	151	221	179	89	286	235	152	170	213	137	164	128	290	114	82	343	23	238	100	307	74	276	172	38	13	285	10	148	187	198
175	55	275	315	16	237	22	49	117	194	65	195	41	4	295	8	342	234	197	126	52	239	40	181	328	301	124	95	25	36	243	339	316	288	140	310	277	293	64	223	27	306	67	50	80	336	154	173	291	92
30	146	54	251	189	9	337	57	125	320	209	51	244	327	93	323	188	79	143	34	205	264	135	91	344	121	184	303	250	180	11	98	28	96	269	214	119	37	191	68	33	85	17	88	231	167	228	127	289	204
118	1	260	102	46	97	332	26	263	267	29	15	163	18	192	253	145	186	299	177	206	242	236	314	311	73	203	255	87	78	284	240	222	159	274	19	77	59	280	43	147	330	182	99	210	141	322	308	165	340
216	144	218	202	150	47	217	62	70	294	123	257	212	24	130	256	171	183	107	211	81	279	305	56	326	83	86	113	84	106	302	287	131	265	12	94	254	115	331	71	321	319	105	122	309	168	101	160	196	200
75	72	258	20	133	103	245	76	296	333	345	313	297	5	7	338	268	312	232	132	111	283	230	120	229	176	0	42	220	227	60	225	341	318	292	45	69	139	136	174	39	169	259	325	261	90	31	66	255	265
329	303	182	42	62	310	84	203	322	2	63	258	307	72	142	121	74	9	14	302	125	345	315	30	46	135	96	171	208	222	1	263	80	320	160	331	232	284	102	101	136	55	34	161	117	70	91	56	229	145
304	65	32	51	234	212	58	334	209	147	176	205	276	23	29	143	301	257	16	156	159	330	314	309	103	22	41	270	344	50	296	244	122	231	78	337	207	255	95	8	272	268	108	323	133	64	243	24	4	219
191	269	193	199	68	287	99	158	154	237	342	79	240	129	326	86	7	85	146	250	211	36	308	120	341	185	327	297	336	295	155	213	169	60	127	325	324	166	28	100	292	318	210	235	73	137	153	186	126	139
319	313	214	282	312	278	260	94	298	144	286	252	291	113	175	88	47	37	241	10	181	52	106	204	311	164	280	333	19	202	105	15	339	247	118	259	228	239	254	25	224	196	256	98	168	21	281	53	92	115
97	152	150	140	321	165	157	262	83	44	192	273	293	89	123	76	277	249	104	43	190	179	162	271	316	149	170	27	82	300	346	246	245	69	294	335	12	180	39	48	343	266	188	66	201	172	77	67	233	57
148	198	138	59	49	317	265	251	290	0	111	20	110	90	216	61	220	130	163	332	178	54	221	267	13	5	306	45	107	93	217	264	187	285	132	225	328	197	299	114	218	177	87	38	253	18	274	141	26	261
184	275	340	151	238	11	134	167	230	215	248	75	206	200	128	189	6	119	227	195	226	81	3	33	131	71	174	31	183	124	17	173	305	289	283	194	109	236	40	338	116	242	112	288	35	279	223	165	157	313
56	324	51	23	125	165	97	32	22	64	36	90	256	108	287	239	265	52	202	116	82	35	304	54	85	73	129	43	173	7	209	145	297	130	28	134	201	305	195	151	10	170	177	309	189	196	75	126	84	192
63	171	115	67	336	9	267	76	330	283	310	17	198	288	135	186	334	100	252	5	31	181	44	59	79	128	308	112	327	83	138	81	342	111	183	182	227	122	120	70	143	62	167	144	212	236	345	105	313	329
118	203	291	99	68	69	154	187	184	191	260	176	215	146	284	106	294	259	237	318	77	296	121	13	46	188	298	290	93	271	152	74	88	53	276	66	302	11	293	159	136	306	251	328	320	275	332	1	231	33
322	223	55	18	319	331	61	300	272	269	26	248	47	78	101	163	148	274	150	326	102	221	211	261	197	312	2	40	218	14	72	255	127	113	119	333	139	213	226	6	279	91	21	315	225	222	243	114	307	253
204	71	286	219	338	160	217	303	80	234	60	34	124	109	216	92	220	25	98	140	123	156	281	240	4	65	194	141	335	20	24	180	175	258	241	247	340	314	179	266	37	57	245	131	254	235	325	208	246	149
104	117	29	161	321	277	262	178	282	133	0	38	42	205	174	200	244	15	58	206	50	30	142	153	45	8	339	299	242	268	207	48	233	257	87	316	157	168	162	317	49	210	295	169	94	273	285	343	164	323
95	172	110	230	158	224	301	280	250	229	270	89	341	12	228	311	16	238	346	289	39	190	41	147	132	214	263	19	185	86	264	166	27	337	96	278	199	3	155	249	107	292	193	137	232	103	344	133	262	238
228	210	11	56	329	94	190	32	43	268	171	257	8	246	65	227	316	208	201	124	339	344	188	72	75	85	112	299	305	157	137	205	19	248	47	221	211	272	250	148	325	119	328	81	183	215	164	258	76	4
321	232	304	66	276	87	262	179	36	265	161	302	218	295	50	249	306	111	326	256	61	343	287	46	336	21	298	271	64	53	200	133	217	1	34	309	285	51	12	197	130	186	322	274	92	174	115	226	192	35
145	169	9	333	181	113	82	261	118	44	230	129	110	25	323	2	320	209	240	30	243	237	26	255	151	6	229	38	18	80	342	206	189	332	219	270	29	126	89	269	91	95	77	139	100	338	125	173	70	16
273	132	182	275	282	251	63	280	109	214	340	147	162	10	284	84	233	71	122	106	78	191	241	79	331	313	67	103	198	296	57	17	259	20	117	327	288	49	185	267	244	314	143	300	116	73	123	108	193	97
