0,0
212	367	98	249	187	6	275	124	226	43	231	167	47	361	198	64	113	166	152	228	328	261	110	365	1	347	52	191	172	236	157	188	195	255	355	324	210	189	87	119	352	12	350	147	80	208	285	66	170	183
184	26	56	97	348	27	142	251	309	65	225	105	24	78	76	99	262	263	131	357	69	293	114	319	34	88	57	297	205	92	322	308	29	230	70	331	17	111	192	100	173	25	222	339	102	20	59	138	37	204
260	130	336	259	215	199	154	338	247	266	359	194	181	36	10	61	81	121	174	257	346	307	242	151	126	276	35	274	303	19	108	5	280	202	104	146	60	21	279	106	139	127	49	218	58	75	267	358	193	148
38	282	368	295	164	132	253	281	68	163	0	50	264	175	305	55	310	207	278	83	155	186	252	63	129	314	323	316	197	86	211	160	46	333	162	334	176	84	335	349	342	245	2	137	223	326	116	120	340	196
180	219	317	32	301	7	9	103	91	39	28	329	312	240	169	353	190	227	269	206	153	217	364	30	109	327	72	213	136	311	270	238	101	168	360	229	224	325	171	258	161	149	300	287	214	115	241	318	291	362
117	48	107	315	330	304	296	82	95	67	96	22	254	244	288	159	341	144	209	298	90	41	233	277	302	53	178	273	343	294	51	14	299	272	3	23	128	165	201	45	235	237	42	232	79	185	351	220	268	112
11	150	234	85	246	134	143	271	290	182	306	337	4	133	44	250	289	284	203	135	145	71	118	332	366	216	74	363	248	94	345	93	18	283	292	313	31	321	140	89	158	286	141	243	13	77	354	179	177	200
33	62	122	344	54	239	356	16	40	256	73	8	221	156	123	320	15	125	265	276	356	251	284	277	366	45	235	197	300	172	209	211	140	292	43	262	226	196	148	177	303	27	190	173	294	143	203	150	285	265
22	276	269	247	329	94	322	241	363	332	300	319	87	11	179	284	367	17	305	121	43	177	217	112	338	272	340	117	283	189	317	60	7	63	81	2	280	360	80	294	48	325	61	29	236	110	74	145	180	321
86	109	18	323	261	194	127	230	263	191	98	210	254	67	196	264	273	203	341	69	295	64	47	71	222	259	157	228	96	355	50	288	304	281	301	173	126	303	52	40	83	27	152	16	102	174	186	167	131	333
128	161	311	35	366	226	124	119	125	89	290	129	103	168	359	267	56	139	364	55	148	274	4	234	15	108	0	188	268	334	38	113	26	362	346	252	365	289	172	58	162	13	136	310	107	208	106	255	120	251
84	105	265	298	214	166	282	44	358	213	271	244	218	350	256	278	91	104	24	82	344	296	324	291	31	232	239	160	209	331	169	158	279	123	220	342	20	6	249	25	330	146	347	32	307	90	36	306	349	133
78	159	207	253	143	95	28	153	185	41	352	164	225	165	155	59	227	198	122	309	151	101	215	150	211	140	183	320	327	70	219	154	79	46	178	30	205	75	336	212	275	190	88	242	361	224	142	318	270	93
1	257	266	250	260	73	243	223	354	328	99	299	10	357	3	286	351	45	345	233	348	237	206	53	51	132	170	314	195	111	171	149	141	68	308	231	368	147	238	100	144	57	335	197	138	134	23	54	187	62
92	200	135	339	245	202	115	258	19	175	343	313	130	326	216	302	176	114	221	97	315	181	65	49	277	262	292	246	297	293	37	184	72	5	12	285	137	199	85	163	201	204	34	156	9	337	76	235	14	248
33	116	42	39	287	240	312	193	21	182	77	8	66	229	356	192	353	316	118	56	286	213	307	278	131	185	166	317	140	123	2	35	81	85	366	288	77	15	197	4	182	87	126	106	95	84	165	287	167	300
55	75	289	94	120	173	338	207	36	67	311	144	70	304	76	181	355	189	49	8	77	105	291	206	190	33	326	261	138	202	119	116	10	54	41	66	330	3	368	276	266	141	42	127	44	46	26	14	180	317
274	282	130	358	35	337	233	316	232	228	306	367	199	300	140	203	345	335	97	364	334	72	265	110	342	186	290	150	197	99	288	331	115	217	176	58	219	82	322	163	264	313	210	96	160	63	108	212	31	245
248	85	37	50	182	39	287	167	175	253	332	162	346	343	174	22	134	7	18	145	153	95	352	149	104	25	83	166	121	344	122	196	101	60	88	113	318	258	246	309	213	254	29	147	143	185	117	360	179	103
40	297	61	230	172	277	191	151	283	247	350	260	329	111	123	351	64	252	195	19	293	4	340	333	270	267	279	158	348	285	118	237	183	239	20	281	303	69	263	294	321	177	240	165	307	45	164	129	257	27
208	81	315	84	80	262	30	128	211	12	365	159	156	169	74	224	170	124	209	200	198	238	79	139	47	295	56	24	193	48	90	78	249	296	242	43	136	0	201	192	106	349	325	155	1	102	52	222	235	324
226	236	308	184	359	234	251	241	269	292	320	62	205	221	244	341	271	152	319	92	336	204	314	220	142	21	100	93	302	114	286	148	68	250	229	51	299	132	91	259	225	278	214	131	168	59	357	6	11	161
363	223	137	28	362	98	17	32	298	243	255	135	187	284	339	188	15	312	354	275	268	305	57	327	216	356	194	86	215	323	125	256	218	112	361	133	366	9	347	2	38	272	126	109	5	13	53	231	34	227
273	353	89	301	157	171	65	328	146	310	87	71	73	107	16	280	178	154	23	269	252	103	0	182	173	79	185	130	280	310	286	178	223	197	33	292	47	83	285	234	105	212	132	319	211	235	344	22	214	140
257	38	266	268	363	85	57	161	335	182	272	265	330	351	179	196	279	215	8	311	317	60	323	88	275	81	118	252	248	224	20	361	52	107	294	324	321	226	188	325	125	176	306	260	307	191	63	281	355	140
356	189	102	137	16	326	17	256	181	322	145	120	360	29	132	94	53	205	243	174	164	162	285	163	365	40	236	312	24	178	37	283	220	127	90	270	109	5	67	108	158	84	131	232	89	45	142	349	124	28
211	128	136	359	366	27	242	199	280	9	146	237	200	105	286	55	338	246	66	231	190	241	316	194	56	289	2	345	339	302	133	144	344	113	30	82	284	70	234	80	0	34	104	92	31	126	296	143	152	119
65	228	106	341	47	58	225	304	138	87	139	95	121	216	15	42	122	153	319	233	6	334	156	114	97	240	222	290	99	168	134	54	320	159	204	208	218	3	35	141	238	93	303	173	230	206	171	329	203	245
212	149	48	185	169	186	239	277	25	273	298	263	32	165	195	251	229	36	96	167	12	276	367	308	157	183	98	213	267	170	301	115	147	197	250	100	101	264	235	342	61	198	150	79	364	247	18	76	111	217
293	43	253	340	219	110	73	210	348	71	39	331	175	207	227	350	151	64	358	129	10	259	295	14	282	50	337	75	74	332	166	13	184	292	154	201	310	51	368	254	333	269	117	49	255	327	23	155	291	77
177	300	262	362	244	354	318	274	62	343	112	261	59	278	123	314	193	86	19	22	4	258	180	172	68	221	347	346	7	33	160	287	352	21	1	44	328	41	353	83	309	26	46	202	116	91	135	72	214	315
288	187	69	209	297	148	249	130	11	271	103	357	299	305	192	336	223	313	78	287	193	108	303	183	149	143	277	216	202	7	59	367	4	253	286	114	295	221	24	172	101	71	75	29	160	237	242	336	209	138
315	213	284	308	15	32	42	5	324	168	185	223	176	153	14	299	120	155	136	140	93	107	212	111	182	79	103	177	350	75	195	121	216	247	264	218	327	257	106	3	128	301	164	197	316	272	189	66	35	340
290	348	347	183	125	43	80	87	346	191	64	51	101	261	360	92	145	30	150	59	279	300	58	77	39	188	289	368	311	113	225	219	187	186	27	78	85	25	338	124	55	157	158	12	322	112	199	56	88	269
53	104	296	73	202	149	206	237	276	306	57	72	126	1	154	295	364	227	89	129	18	97	351	122	361	54	91	134	366	238	167	99	283	172	130	200	297	332	26	244	13	357	178	367	307	45	233	281	17	353
44	314	363	259	48	84	235	119	193	8	114	118	46	33	138	229	23	147	65	159	201	74	222	253	127	90	234	181	217	160	117	37	240	339	70	356	21	146	175	358	0	68	139	345	19	162	143	342	331	109
108	173	69	239	198	137	249	41	105	275	271	359	354	144	171	349	265	29	274	165	38	9	325	110	277	266	179	292	362	100	293	262	215	273	236	226	221	180	210	243	4	231	286	151	365	328	317	123	312	329
263	313	49	115	52	94	352	174	133	7	10	207	319	141	341	208	270	288	161	83	337	169	194	304	285	260	132	224	252	258	214	62	20	2	302	278	204	142	287	96	76	192	196	63	95	31	305	309	335	47
22	282	256	170	11	6	163	61	102	67	131	24	268	255	318	40	280	116	298	333	254	135	248	242	334	321	81	232	251	320	82	98	86	245	250	241	291	355	166	36	330	228	336	294	246	344	205	211	60	34
310	323	184	28	267	326	152	156	343	71	209	303	220	148	230	190	203	16	50	200	114	93	133	139	290	4	81	269	60	323	15	52	182	359	20	289	267	320	261	121	8	64	115	294	241	25	135	180	40	16
56	220	325	106	22	142	36	244	246	93	98	303	341	80	276	232	26	160	354	30	260	7	351	329	362	67	288	227	338	48	83	213	189	262	91	206	360	331	340	45	324	88	228	214	97	250	4	344	294	188
194	147	158	164	176	137	119	298	42	133	350	336	64	245	75	114	174	69	169	263	85	180	291	321	345	240	272	222	175	113	281	81	110	304	334	54	285	150	359	314	92	219	120	109	1	148	191	52	132	212
315	11	82	25	9	238	347	166	50	178	181	103	10	299	134	155	353	278	286	306	95	316	70	205	141	203	23	349	289	185	20	274	235	248	224	302	102	264	0	236	242	319	78	17	47	152	135	35	293	239
273	112	192	225	352	53	123	29	311	251	326	183	255	259	34	275	234	143	73	90	170	121	138	237	313	317	271	59	43	6	179	290	301	159	300	361	13	31	39	19	12	310	115	201	146	270	328	104	126	37
258	168	199	254	283	3	127	357	197	356	157	267	247	261	62	363	122	21	330	266	268	46	309	165	136	153	279	277	94	2	111	342	156	257	295	202	128	287	252	139	217	149	96	243	312	204	18	100	253	284
49	318	71	72	297	335	76	355	172	364	280	218	99	333	323	144	200	256	28	337	57	241	320	346	186	14	131	65	367	173	8	327	282	322	233	339	151	207	33	184	27	51	77	24	60	216	193	32	269	215
229	223	74	79	296	161	171	211	101	366	198	5	107	163	129	118	221	55	230	177	58	66	182	130	154	38	61	89	231	348	68	87	40	125	86	196	190	140	15	343	16	368	210	124	249	307	332	167	292	265
117	305	365	63	226	308	108	84	358	195	116	162	41	105	208	187	145	44	209	210	303	57	146	301	71	305	65	207	145	274	97	136	95	107	29	322	349	295	75	141	365	220	83	104	306	128	184	189	98	340
135	251	22	35	337	97	4	162	154	21	310	323	170	105	280	368	70	175	2	37	191	95	241	178	367	331	3	104	99	293	140	265	336	77	292	255	308	148	31	266	34	87	83	194	316	124	273	240	123	282
128	79	222	319	101	182	127	100	180	278	64	165	38	196	81	321	342	164	226	245	146	248	65	13	320	340	107	144	174	103	26	302	159	108	17	184	134	230	356	325	63	276	205	235	16	30	10	279	339	324
317	120	341	344	346	149	157	125	314	42	14	290	142	46	90	118	9	338	348	354	221	287	130	167	6	189	247	286	197	147	25	15	153	76	166	139	362	150	143	307	229	152	40	32	363	126	355	133	333	213
311	75	109	145	168	360	294	334	260	136	267	202	23	41	85	250	20	141	246	36	315	50	207	96	300	52	160	190	289	176	179	218	291	54	366	177	257	7	343	322	80	61	309	264	228	281	216	353	18	295
244	256	206	49	67	345	5	74	55	249	272	232	44	192	86	69	220	214	198	261	89	114	186	201	349	58	93	88	60	269	183	1	19	121	138	187	277	254	253	72	327	181	313	131	57	238	305	43	352	263
51	224	156	84	236	270	223	155	297	219	161	48	185	215	117	56	12	298	262	347	217	59	163	203	171	193	301	39	29	296	364	330	268	259	275	326	132	94	98	82	28	358	53	172	351	283	227	252	11	92
137	27	285	225	243	209	312	66	350	359	151	210	332	199	234	288	328	169	173	284	119	329	111	204	8	274	242	110	357	231	318	102	73	299	233	258	361	239	365	91	122	47	211	158	106	237	78	306	303	0
271	71	112	45	212	208	68	33	195	188	113	335	129	304	200	62	24	116	115	272	6	32	277	241	197	360	256	342	228	355	38	243	270	161	65	158	116	300	267	121	172	128	316	193	22	338	21	216	117	333
51	43	122	161	32	230	253	215	306	115	103	17	183	321	155	49	152	305	331	288	250	69	56	291	126	25	106	178	367	309	93	229	112	33	62	186	81	189	284	278	351	319	12	146	145	125	31	58	231	245
141	135	109	26	114	130	150	267	287	142	42	316	41	149	29	134	138	334	19	366	73	323	66	314	276	88	119	133	332	290	322	227	166	324	315	90	329	187	273	99	200	343	348	228	167	169	9	36	159	209
144	107	143	191	195	84	175	78	268	293	2	220	216	337	170	7	123	204	234	98	8	360	318	44	240	208	345	61	83	279	120	202	16	124	217	13	271	46	317	48	311	359	52	258	77	340	272	140	205	65
165	180	255	192	203	312	339	213	85	80	132	172	97	117	185	151	232	301	148	257	246	196	53	163	302	87	292	298	168	82	338	294	3	127	100	35	236	361	147	282	20	357	113	347	207	355	104	327	129	252
335	333	116	0	92	266	197	128	34	363	45	310	24	247	60	238	27	158	79	221	162	139	356	313	265	91	256	241	181	325	286	118	300	285	89	14	274	201	75	283	349	270	76	63	320	137	261	263	95	6
4	248	96	136	259	68	194	154	362	342	354	157	224	173	5	226	193	219	277	72	251	198	108	254	297	94	160	308	341	280	174	239	352	222	64	295	176	39	15	21	131	50	30	233	206	358	336	304	70	289
225	1	307	111	212	190	184	365	105	223	47	71	188	28	101	303	296	57	244	243	262	328	164	102	281	330	179	264	67	353	242	346	237	156	11	182	275	54	177	18	344	40	38	86	235	153	210	23	326	299
74	214	218	249	269	350	10	37	199	171	121	364	55	211	110	260	59	22	368	305	74	357	62	23	245	298	78	56	318	102	86	350	64	42	99	46	280	120	213	198	328	274	276	314	292	29	136	129	311	297
131	9	337	188	179	24	189	293	228	17	30	95	210	268	352	158	154	71	201	236	285	257	347	92	125	6	245	217	255	212	261	321	170	219	348	103	250	0	136	249	196	130	227	275	274	28	333	230	213	39
8	84	58	113	191	124	278	202	106	192	168	254	248	279	109	97	313	85	129	345	20	120	164	32	77	367	165	81	60	64	267	253	149	296	351	1	287	336	358	252	277	72	137	80	50	190	23	197	195	67
38	344	240	368	229	12	216	215	151	276	46	160	115	142	363	29	178	194	119	349	7	146	162	83	185	79	317	280	233	31	132	340	323	308	128	324	33	322	145	262	315	360	27	366	96	161	157	34	305	140
45	133	320	271	331	93	334	302	63	116	353	37	147	222	328	238	263	14	66	90	183	11	40	318	299	310	35	100	364	316	291	126	362	342	88	118	86	292	330	111	205	338	332	286	232	235	43	69	239	270
329	354	155	65	171	47	110	259	135	42	55	307	181	306	144	175	51	57	117	356	5	207	174	10	234	251	187	107	78	152	134	49	91	186	112	365	108	214	218	260	143	123	242	241	269	359	41	309	52	2
357	36	224	53	167	272	94	289	346	26	3	225	199	114	203	139	208	89	98	61	339	198	148	104	294	243	74	101	44	325	209	301	295	326	166	163	54	25	153	193	76	13	73	237	138	19	226	48	223	184
350	62	281	311	150	265	264	99	87	180	273	283	319	18	298	343	220	156	16	341	221	122	258	22	256	105	206	244	159	327	127	288	15	182	355	211	246	21	141	59	177	335	68	247	282	266	4	75	200	169
312	314	290	121	361	284	304	204	297	82	176	303	231	70	56	102	300	173	172	363	260	159	75	167	255	36	122	320	346	129	262	22	297	54	52	90	97	187	51	67	196	192	184	111	32	170	35	7	143	343
358	295	159	317	343	116	258	282	91	229	119	300	348	237	293	222	196	298	340	244	168	276	213	1	302	14	105	262	268	294	273	113	274	161	155	249	170	177	175	51	151	169	354	263	37	310	309	65	211	208
361	357	194	20	325	173	207	316	322	230	163	327	85	242	297	333	347	84	187	7	232	332	181	360	44	103	251	45	67	39	240	289	66	69	182	27	74	5	58	248	265	77	98	246	4	269	261	266	362	117
279	158	133	185	292	114	350	352	178	59	57	13	33	18	89	218	236	341	365	16	281	101	231	204	344	290	252	166	179	239	94	180	54	107	110	193	189	35	272	142	47	308	26	100	326	72	275	201	10	198
129	12	162	29	111	238	253	68	43	40	152	364	46	140	197	31	106	223	328	96	171	48	186	299	80	108	118	191	234	320	70	124	353	331	243	73	144	81	363	75	21	259	366	342	296	3	264	267	115	149
134	278	109	154	24	88	56	41	141	280	131	125	351	291	93	156	17	323	330	285	30	145	199	346	227	132	176	79	137	206	202	338	254	303	130	49	157	256	287	8	50	135	78	55	235	62	28	25	216	221
121	368	172	205	167	288	76	22	102	301	0	123	271	153	339	192	224	127	228	306	53	345	318	257	165	2	6	307	150	277	200	319	355	188	148	212	260	349	92	329	304	60	11	195	214	245	63	314	313	87
312	226	146	61	334	209	95	34	99	64	311	190	97	122	42	255	160	147	219	225	138	220	120	217	143	32	233	83	136	356	71	203	19	286	82	174	15	250	52	164	367	359	283	139	315	284	336	38	184	321
128	126	90	247	324	337	241	270	9	36	23	104	335	112	215	183	305	86	210	214	148	200	151	210	328	190	265	11	259	173	92	350	30	36	240	128	6	216	104	354	56	367	81	198	330	115	133	43	364	269
142	107	360	301	278	12	290	242	264	269	139	332	276	159	143	296	191	66	19	25	122	151	116	218	131	183	224	266	50	87	91	70	285	255	22	92	132	65	331	61	170	18	316	323	304	111	60	246	40	201
287	212	231	27	327	198	199	63	219	90	161	178	141	74	310	302	138	71	9	365	185	342	325	192	341	328	37	81	21	275	320	270	171	97	128	208	322	202	267	3	186	49	47	172	69	215	220	271	176	363
334	236	235	230	59	217	223	173	206	261	253	17	313	245	16	180	354	204	194	234	77	177	147	120	169	76	324	247	109	78	274	104	193	84	174	101	106	343	225	11	125	344	200	184	350	105	355	166	14	148
44	318	144	103	233	256	93	75	356	265	55	20	196	254	289	72	330	5	88	293	229	346	232	339	315	56	82	83	239	167	112	1	146	286	39	95	181	238	127	359	357	51	175	168	237	4	244	98	228	309
42	58	329	280	134	89	340	79	152	227	126	283	145	32	154	299	258	157	150	163	336	29	123	108	367	362	213	54	368	252	268	86	243	361	113	321	62	165	358	35	282	41	162	43	260	80	300	160	67	130
