27	167	349	236	415	223	262	367	280	35	450	485	292	575	299	57	345	517	194	466	384	457	52	413	623	392	542	426	222	64	273	241	45	549	537	192	191	476	332	590	402	175	508	33	131	501	445	7	97	351
633	418	572	437	102	483	92	383	12	161	327	487	240	31	425	22	282	407	257	323	410	142	307	348	244	322	548	438	24	593	65	489	329	76	500	333	531	16	6	231	305	521	560	544	455	69	399	218	272	276
176	68	242	630	479	471	172	448	34	183	173	47	358	252	488	274	303	78	378	504	110	377	408	428	190	387	532	43	429	84	105	285	72	607	293	503	441	100	547	609	193	467	619	433	423	197	279	157	379	296
163	152	375	507	493	140	1	469	181	271	109	116	601	171	151	540	617	618	620	580	211	249	524	56	616	238	336	107	220	121	70	516	260	264	228	237	462	277	594	579	179	235	632	91	245	94	391	304	118	80
154	88	608	203	431	136	233	96	114	311	553	217	361	98	474	166	195	229	576	444	497	126	511	188	611	278	253	146	442	513	481	550	59	50	403	60	326	569	164	519	570	139	119	603	210	341	11	396	254	334
495	129	312	61	10	230	81	261	400	108	317	602	587	525	266	512	111	14	214	160	626	26	381	184	99	573	284	25	343	514	309	295	414	599	588	478	591	440	484	159	37	66	447	541	226	130	289	398	174	227
302	149	212	101	628	287	477	595	75	225	631	147	23	113	339	308	597	491	177	155	522	38	510	581	563	170	354	405	419	219	248	325	551	138	58	463	2	208	250	559	87	374	558	389	199	106	29	458	394	353
17	509	475	315	63	281	352	624	124	600	20	359	187	207	443	224	370	568	269	104	288	582	318	482	424	435	36	518	297	19	310	598	267	112	386	120	291	556	85	275	132	202	561	189	198	562	247	5	148	552
178	145	204	3	571	397	499	316	21	335	362	505	583	127	49	494	538	314	331	536	622	589	404	294	251	368	452	533	42	439	388	117	270	324	451	0	306	486	300	390	55	143	492	165	83	411	456	205	567	319
385	578	434	18	301	566	605	186	86	627	546	46	168	162	298	564	432	555	221	133	436	520	141	115	449	258	137	539	330	372	376	454	158	196	460	180	9	259	32	150	263	634	103	347	39	28	350	215	577	417
169	604	529	213	465	206	153	473	629	30	365	255	412	328	346	427	534	625	421	470	459	373	48	612	506	565	82	355	95	446	67	422	380	201	357	128	144	401	209	286	498	268	90	41	586	337	416	234	366	53
243	79	51	526	338	340	515	535	557	313	554	232	610	185	621	62	480	523	246	134	461	360	290	182	364	584	585	4	44	472	468	135	430	592	613	71	464	596	15	393	216	74	615	406	606	93	530	283	543	321
89	342	382	409	13	453	77	614	200	545	574	122	363	344	54	395	239	356	528	371	420	502	40	490	256	73	8	496	156	123	369	320	527	125	265	7	86	305	394	217	420	201	261	493	535	364	492	344	379	67