Mumbai
lentil: 0 0 0 0 0 2 4 2 3 1 1 1 0 4 12 4 2 5 4 4 2 4 3 3 7 8 0 2 3 2 6 4 1 5 1
salt: 0 0 0 0 64 72 49 104 78 103 83 111 58 90 127 123 96 108 95 107 89 114 149 125 108 104 127 142 132 108 135 124 111 131 149
sugar: 0 0 0 0 56 81 80 82 79 136 103 88 118 91 171 154 329 216 146 155 139 176 144 157 114 125 116 189 153 164 106 112 97 119 84
black tea: 0 0 0 0 1 3 0 1 1 0 1 2 2 0 4 4 2 6 1 1 4 3 4 1 0 1 2 1 4 3 1 6 1 0 1
tea: 0 0 0 0 1972 3094 3247 2811 3158 6071 4831 4756 5390 6918 12097 6153 6683 7065 6033 6834 6342 6088 5984 6035 5409 5687 9581 7678 5948 6534 5515 6529 6439 5925 2939
potato: 0 0 0 0 28 25 66 56 56 55 44 53 72 61 63 58 80 65 65 79 75 86 87 62 77 87 156 91 112 121 113 67 105 133 42
rice: 0 0 0 0 265 532 532 326 393 738 469 750 559 825 914 653 902 832 1783 1071 865 1250 1181 1082 1408 945 1233 755 919 946 943 941 970 1089 405
onion: 0 0 0 0 17 40 71 32 30 31 28 33 37 53 52 53 60 139 105 393 227 103 71 63 58 211 181 93 84 86 89 69 95 95 43
tomato: 0 0 0 0 20 34 52 38 34 38 31 43 43 43 63 66 46 55 58 58 46 52 52 34 54 36 62 83 57 103 59 71 47 77 30
Delhi
lentil: 0 0 0 0 1 0 3 0 1 0 0 3 1 3 0 3 2 6 2 7 4 7 3 2 1 27 6 1 1 3 1 2 6 3 4
salt: 1 1 0 0 22 28 11 23 29 69 36 56 59 47 56 54 55 57 51 67 86 69 67 62 68 42 63 66 49 40 60 67 41 53 140
sugar: 0 0 0 0 36 51 35 17 28 62 75 93 78 76 84 83 91 172 99 76 86 152 100 123 85 106 127 175 128 95 84 94 85 140 65
black tea: 0 0 0 0 0 2 3 0 0 0 4 1 1 0 3 1 0 0 1 1 3 0 1 1 1 0 3 1 1 0 0 0 1 0 1
tea: 7 12 5 11 1083 1350 1528 1568 1859 3263 2941 3403 3161 6026 6080 3773 3299 4513 5099 5848 4695 4215 3506 3363 3691 3991 5855 4664 4147 3464 3922 3750 4162 3330 1708
potato: 2 0 0 1 4 18 30 14 14 32 41 29 45 22 45 41 47 35 33 31 38 25 58 31 34 46 54 24 46 40 28 20 32 62 10
rice: 3 3 0 2 145 395 311 251 269 705 524 532 627 1013 1611 684 612 801 1922 1121 826 1046 791 775 977 711 1037 747 964 705 734 628 599 721 341
onion: 1 0 0 0 7 20 41 9 6 24 11 27 42 16 20 24 30 47 37 332 333 169 69 47 80 110 45 81 55 38 34 50 34 38 23
tomato: 0 0 0 0 0 16 30 24 11 30 12 17 43 204 24 19 22 47 21 53 36 23 37 21 28 37 18 54 36 98 29 25 24 22 11
Bengaluru
lentil: 0 0 0 0 0 2 0 0 1 2 9 1 0 0 0 0 1 4 5 6 1 4 4 0 2 0 4 3 3 3 2 3 5 1 2
salt: 0 0 0 0 17 14 23 23 25 32 24 22 27 31 45 51 43 39 33 60 57 53 53 55 40 42 37 96 94 75 89 58 58 65 71
sugar: 0 0 0 0 32 27 23 33 21 30 39 43 84 59 83 59 137 92 75 70 76 74 82 281 144 46 74 107 143 73 71 103 121 109 58
black tea: 0 0 0 0 0 1 1 0 1 1 2 2 2 1 0 1 1 1 2 0 2 0 0 0 1 0 0 0 3 0 2 4 3 4 0
tea: 0 0 0 0 999 1107 1184 911 1170 1790 1864 2124 1750 2412 3728 2556 2963 2588 2825 2923 3065 3608 2688 2836 2918 3265 4054 3383 3402 2643 3225 2855 3158 3822 1782
potato: 0 0 0 0 10 12 17 9 22 31 51 27 17 33 48 46 62 16 29 20 17 29 43 25 24 18 29 25 33 32 28 30 46 58 34
rice: 0 0 0 0 154 210 169 158 167 377 271 327 348 417 305 346 469 363 498 626 396 573 458 711 802 454 512 417 491 422 460 350 423 642 218
onion: 0 0 0 0 8 17 20 9 9 17 10 15 14 15 28 22 20 59 40 133 152 48 28 22 29 23 26 32 74 30 34 30 17 38 19
tomato: 0 0 0 0 4 7 9 16 15 14 8 15 15 23 23 17 19 32 19 18 16 26 27 27 26 16 20 13 14 53 30 25 25 25 21
Kolkata
lentil: 0 0 0 0 0 0 0 0 0 1 0 0 0 0 0 0 0 0 1 0 0 1 2 1 0 3 0 0 0 1 0 1 0 1 1
salt: 0 0 0 0 17 16 25 18 65 72 63 59 51 32 30 66 23 32 47 21 42 91 79 92 62 51 51 67 63 62 58 63 53 60 36
sugar: 0 0 0 0 7 15 3 5 14 17 15 12 12 12 55 22 244 15 16 19 11 98 13 14 26 45 20 43 18 35 25 20 13 18 18
black tea: 0 0 0 0 0 0 1 0 0 0 0 0 0 1 0 1 0 0 1 0 0 0 1 1 0 0 0 0 0 0 0 0 2 0 2
tea: 0 0 0 0 1095 889 665 526 631 1349 1141 1342 1368 943 1928 2018 1816 2571 2079 1898 2050 1606 1741 1438 2233 1763 2443 1999 1847 1392 1255 1233 1491 1171 512
potato: 0 0 0 0 6 4 22 7 3 5 6 2 20 7 34 12 18 8 12 8 9 10 12 9 8 11 13 9 9 10 13 3 6 5 2
rice: 0 0 0 0 60 88 62 51 77 159 122 142 130 120 145 122 249 166 553 217 207 442 317 331 796 172 274 168 391 319 462 208 159 251 96
onion: 0 0 0 0 1 6 3 3 2 4 12 6 8 7 4 7 7 17 15 67 26 11 6 9 8 12 10 7 12 21 30 15 34 25 50
tomato: 0 0 0 0 0 3 0 4 21 0 2 1 5 4 3 5 4 4 20 12 3 9 6 36 3 12 12 0 5 56 7 19 3 3 6
Hyderabad
lentil: 0 0 0 0 1 0 0 0 0 0 0 0 0 0 1 0 0 0 3 2 0 0 0 1 0 1 2 0 0 0 0 1 1 2 0
salt: 0 0 0 0 1 2 2 4 10 8 9 13 4 12 21 12 15 8 17 6 5 9 7 8 4 8 3 12 9 5 8 12 4 8 18
sugar: 0 0 0 0 2 4 4 1 6 8 4 16 6 14 25 13 14 21 24 9 9 14 20 18 14 21 15 17 20 13 8 4 13 18 8
black tea: 0 0 0 0 0 0 0 0 0 1 1 0 0 0 1 0 1 0 0 0 0 0 0 0 0 0 0 0 0 0 0 0 0 0 0
tea: 0 0 0 0 168 231 186 165 294 504 442 674 597 821 1027 801 1068 1076 1136 1258 996 1240 661 900 792 747 1177 805 683 493 562 773 654 557 604
potato: 0 0 0 0 2 2 0 1 0 2 6 1 0 6 9 3 3 5 4 2 7 1 2 5 2 2 2 8 2 3 12 6 6 6 1
rice: 0 0 0 0 16 68 34 27 14 129 79 76 76 134 108 86 203 106 111 89 214 122 122 114 119 132 130 49 77 104 81 183 78 97 67
onion: 0 0 0 0 2 1 1 0 1 2 6 4 1 1 2 1 0 7 2 27 19 23 10 5 3 1 1 5 5 5 4 4 8 3 1
tomato: 0 0 0 0 1 2 0 0 0 1 10 3 5 4 7 5 0 15 0 4 0 4 5 4 2 5 5 5 1 5 2 5 8 4 4
Lucknow
lentil: 0 0 0 0 0 0 0 0 0 0 0 0 0 0 0 0 0 0 0 0 0 1 0 0 1 0 0 0 1 0 0 0 0 1 0
salt: 0 0 0 0 1 0 0 5 4 0 0 2 1 3 2 1 1 1 2 2 1 2 1 1 2 2 2 6 8 1 1 1 2 1 18
sugar: 0 0 0 0 0 3 0 4 4 4 5 25 3 9 7 5 5 70 30 17 14 15 20 7 30 12 9 4 3 11 18 3 1 5 3
black tea: 0 0 0 0 0 0 0 0 0 0 0 0 1 0 0 0 0 0 0 0 0 0 0 0 0 0 0 0 0 0 0 0 0 0 0
tea: 0 0 0 0 74 82 113 116 201 473 86 179 126 283 383 243 131 170 202 155 239 254 193 183 196 179 261 150 214 139 150 164 229 251 132
potato: 0 0 0 0 0 1 0 0 1 1 1 0 1 3 0 0 0 25 0 4 0 0 0 14 1 5 7 3 4 0 2 0 0 5 7
rice: 0 0 0 0 4 12 9 14 21 50 22 21 18 42 17 29 35 36 39 36 16 49 37 45 29 37 22 41 68 56 43 34 23 63 28
onion: 0 0 0 0 1 2 1 3 0 1 1 0 1 1 2 4 1 1 2 22 9 7 18 2 2 1 1 1 5 1 2 0 0 0 1
tomato: 0 0 0 0 0 0 4 5 1 0 1 0 0 1 1 5 1 1 1 0 0 0 0 18 1 0 1 3 2 3 0 0 1 1 3
Jaipur
lentil: 0 0 0 0 0 0 0 0 0 0 1 0 0 0 1 0 1 0 0 0 0 0 1 0 1 0 0 0 0 0 0 0 0 1 3
salt: 0 0 0 0 0 1 0 0 3 1 1 1 5 3 3 1 2 0 1 1 2 7 3 3 4 5 3 2 3 3 0 3 1 2 10
sugar: 0 0 0 0 1 6 4 3 4 4 2 0 2 5 9 6 7 1 5 8 5 6 9 11 3 7 6 6 8 7 4 3 4 6 3
black tea: 0 0 0 0 0 0 0 0 0 0 0 0 0 0 0 2 0 0 0 0 0 0 0 0 0 0 0 0 0 0 0 0 0 0 0
tea: 0 0 0 0 99 95 116 136 109 173 142 190 220 201 326 169 187 761 414 177 189 194 190 238 267 285 544 325 361 257 175 317 238 292 158
potato: 0 0 0 0 1 2 1 1 0 1 0 0 0 2 0 0 3 2 0 2 0 1 1 3 2 2 1 0 1 1 1 1 1 7 2
rice: 0 0 0 0 3 23 19 22 34 38 32 21 31 29 58 37 35 64 71 41 27 29 40 67 24 25 82 43 161 36 29 18 50 78 38
onion: 0 0 0 0 0 0 2 0 1 2 0 0 2 1 2 2 18 158 276 314 250 211 148 33 1 195 124 26 4 5 9 4 0 10 2
tomato: 0 0 0 0 1 0 4 2 20 1 0 0 0 2 2 0 1 3 1 0 1 1 1 0 2 1 2 0 5 2 0 0 2 3 1
Chandigarh
lentil: 0 0 0 0 0 0 0 0 0 0 0 1 0 0 1 0 0 1 0 0 0 0 0 0 0 0 0 0 0 0 0 0 2 0 0
salt: 0 0 0 0 2 3 0 1 0 3 8 4 0 3 3 1 0 2 3 1 3 5 2 0 1 3 2 6 1 3 5 0 5 9 9
sugar: 0 0 0 0 0 4 2 3 0 7 1 1 4 4 2 3 8 4 1 6 6 5 7 2 0 5 5 8 3 10 15 5 3 14 3
black tea: 0 0 0 0 0 0 0 0 0 0 0 0 0 1 0 0 0 0 0 0 0 0 0 1 0 0 0 0 2 0 0 1 0 0 0
tea: 0 0 0 0 55 60 72 72 117 161 219 179 151 205 297 150 222 357 277 594 431 233 251 137 169 210 245 269 322 143 163 156 233 230 51
potato: 0 0 0 0 1 0 0 0 1 3 0 0 1 5 2 4 2 2 2 1 1 1 2 1 1 0 0 1 1 0 0 0 0 3 1
rice: 0 0 0 0 8 15 16 8 8 52 28 47 29 1377 921 1031 475 438 644 870 333 525 200 28 115 26 19 30 67 49 35 27 21 23 23
onion: 0 0 0 0 2 2 1 0 0 5 0 3 1 2 1 1 2 1 6 22 9 4 5 1 1 0 0 3 3 3 2 0 3 0 0
tomato: 0 0 0 0 2 0 1 0 0 2 0 2 1 6 0 3 6 1 5 2 1 4 2 2 0 1 1 1 2 6 0 1 1 0 1
Chennai
lentil: 0 0 0 0 0 0 0 0 1 0 0 0 0 0 0 0 0 0 0 0 0 0 0 0 0 0 0 0 0 0 0 1 1 1 0
salt: 0 0 0 0 4 3 3 1 0 3 1 2 3 4 5 1 2 3 2 3 3 3 10 8 30 4 2 11 6 5 2 3 4 5 3
sugar: 0 0 0 0 0 1 2 2 1 4 4 3 3 1 3 3 4 2 3 6 3 0 5 2 4 3 5 3 3 5 0 0 3 2 0
black tea: 0 0 0 0 0 0 0 0 0 0 0 0 0 0 0 0 0 0 0 0 0 0 0 0 0 0 0 0 0 0 0 0 0 0 0
tea: 0 0 0 0 81 104 143 96 152 217 205 306 203 289 381 344 177 246 263 233 294 461 301 253 292 433 400 344 316 347 301 338 313 401 218
potato: 0 0 0 0 1 4 0 5 2 2 3 0 1 1 4 6 2 1 3 2 3 1 2 0 1 3 3 5 1 1 3 3 1 3 0
rice: 0 0 0 0 17 16 18 13 20 38 38 24 24 42 28 24 29 12 52 35 33 66 54 47 45 43 59 55 41 36 39 27 51 37 23
onion: 0 0 0 0 1 0 2 0 0 1 1 20 0 2 1 0 1 2 0 5 2 0 2 2 3 1 1 1 2 2 2 5 2 3 0
tomato: 0 0 0 0 1 0 1 0 2 0 1 4 0 4 2 0 0 2 2 1 2 0 1 0 1 1 1 1 1 5 1 3 1 2 0
Bhubaneshwar
lentil: 0 0 0 0 0 0 0 0 0 0 0 0 0 0 0 0 0 0 0 0 0 0 0 0 0 0 0 0 0 0 0 0 0 0 0
salt: 0 0 0 0 0 0 0 1 0 2 1 1 0 0 2 3 2 2 4 0 4 2 3 1 4 2 0 2 0 4 5 1 6 0 4
sugar: 0 0 0 0 0 0 1 1 0 2 2 0 2 1 4 3 1 1 1 0 0 0 1 1 0 0 0 3 1 3 1 0 2 1 0
black tea: 0 0 0 0 0 0 0 0 0 0 0 1 0 0 0 0 0 0 0 0 0 0 0 0 0 0 0 1 0 0 0 0 0 0 0
tea: 0 0 0 0 15 16 42 29 48 82 195 111 103 144 306 148 168 332 365 176 108 61 97 103 107 174 171 246 197 90 175 173 116 156 45
potato: 0 0 0 0 0 0 1 5 4 2 0 1 0 0 2 4 0 2 0 1 0 0 0 1 1 0 2 2 1 1 1 0 1 5 0
rice: 0 0 0 0 2 11 14 2 8 4 16 14 24 23 18 15 26 9 22 22 10 15 14 14 34 15 22 29 35 34 18 23 22 17 10
onion: 0 0 0 0 0 1 0 0 1 1 0 1 0 1 2 0 0 1 0 3 0 1 1 1 1 3 0 2 2 1 2 1 0 2 0
tomato: 0 0 0 0 0 0 1 0 1 0 0 2 0 0 0 0 3 1 0 0 0 0 0 1 1 0 1 2 0 1 1 3 1 1 0
Jammu
lentil: 0 0 0 0 0 0 0 0 0 0 0 0 0 0 0 0 0 0 0 0 1 0 0 0 0 0 0 0 0 0 0 0 0 0 0
salt: 0 0 0 0 0 2 0 3 3 7 2 1 3 3 3 2 1 4 0 2 2 11 1 4 5 2 0 0 0 0 0 1 2 0 0
sugar: 0 0 0 0 0 6 7 2 1 1 6 5 7 2 0 0 3 3 0 0 0 2 1 0 3 0 2 0 1 0 0 1 0 1 0
black tea: 0 0 0 0 0 0 0 2 0 0 0 0 0 0 1 0 0 0 0 0 0 0 0 0 0 0 0 0 0 0 0 0 1 0 0
tea: 0 0 0 0 68 130 165 141 119 134 111 154 153 320 343 186 207 152 140 143 131 176 147 130 135 51 64 31 40 21 6 15 22 35 5
potato: 0 0 0 0 5 8 0 0 0 3 2 1 0 0 0 0 1 0 1 2 0 0 0 0 0 1 3 0 0 0 0 0 1 1 0
rice: 0 0 0 0 4 17 16 16 11 20 8 16 19 28 7 14 19 10 12 10 15 23 16 17 16 1 8 0 2 3 3 0 1 2 7
onion: 0 0 0 0 3 3 1 3 0 1 0 1 1 1 2 5 3 3 0 9 12 2 1 0 2 0 2 0 0 0 0 0 0 0 0
tomato: 0 0 0 0 0 1 3 5 0 1 0 0 1 0 0 0 0 0 1 0 0 0 1 0 0 0 0 0 0 0 0 0 0 0 0
Bhopal
lentil: 0 0 0 0 0 0 0 0 0 0 0 0 0 0 0 0 0 0 0 0 0 0 0 1 0 0 0 0 0 0 0 0 0 0 0
salt: 0 0 0 0 0 0 1 0 0 0 1 1 0 0 0 1 0 1 0 1 0 1 1 0 0 0 1 3 0 0 1 2 4 1 1
sugar: 0 0 0 0 1 5 1 2 2 4 1 0 0 0 2 3 0 2 0 1 1 0 1 0 0 1 0 0 2 2 0 1 2 0 2
black tea: 0 0 0 0 0 0 0 0 0 0 0 0 0 0 0 1 0 0 0 0 0 0 0 0 0 0 0 0 0 0 0 0 0 0 0
tea: 0 0 0 0 34 50 87 56 62 49 44 70 59 124 295 115 152 159 90 104 148 133 255 109 312 94 164 100 115 87 83 99 196 148 74
potato: 0 0 0 0 0 3 4 1 0 0 0 0 0 0 1 0 1 0 0 0 1 2 1 1 1 1 1 0 0 1 0 0 0 0 1
rice: 0 0 0 0 2 21 9 8 7 15 9 26 10 19 12 13 34 15 40 33 33 44 36 63 23 20 9 12 16 12 10 24 34 40 22
onion: 0 0 0 0 0 4 2 0 0 1 1 0 1 0 1 1 2 1 4 7 4 1 0 3 0 0 1 1 1 3 2 0 1 0 0
tomato: 0 0 0 0 0 1 2 0 0 0 0 0 2 1 2 2 1 0 5 0 0 1 0 0 0 0 0 0 2 2 3 0 0 0 0
Patna
lentil: 0 0 0 0 0 0 0 0 0 0 0 0 0 0 0 0 0 0 0 0 0 0 0 0 0 0 0 0 0 0 0 0 0 0 0
salt: 0 0 0 0 0 1 1 0 2 0 1 0 0 0 3 2 1 2 1 0 1 2 2 0 0 1 2 2 8 1 1 3 1 1 3
sugar: 0 0 0 0 0 3 1 0 0 0 3 0 1 3 3 1 0 0 2 1 0 11 0 1 1 2 1 2 1 1 2 1 0 1 0
black tea: 0 0 0 0 0 0 0 0 0 0 0 0 0 0 0 0 0 0 0 0 0 0 0 0 0 0 0 0 0 0 0 0 0 0 0
tea: 0 0 0 0 11 46 54 37 68 80 92 64 91 110 188 97 120 73 110 129 121 118 117 95 186 98 194 166 82 54 79 81 94 132 44
potato: 0 0 0 0 0 1 0 0 0 0 0 0 0 0 4 1 2 0 0 0 1 1 0 0 2 0 0 1 1 1 0 1 0 2 0
rice: 0 0 0 0 6 11 21 2 10 22 5 14 7 36 10 14 21 17 14 23 22 35 9 23 21 15 13 14 6 10 21 12 9 6 5
onion: 0 0 0 0 0 1 4 0 1 0 0 0 0 2 0 2 0 1 0 8 11 30 1 1 1 0 0 1 0 0 0 0 1 2 0
tomato: 0 0 0 0 0 0 1 1 0 0 1 0 0 0 2 1 1 1 0 1 0 0 0 0 0 0 0 1 0 3 0 0 0 1 0
Indore
lentil: 0 0 0 0 0 0 0 0 0 0 0 0 0 0 0 0 0 0 0 0 0 0 0 0 0 0 0 0 0 0 0 0 1 0 0
salt: 0 0 0 0 1 0 1 2 0 0 0 0 1 0 0 0 1 1 2 0 3 0 1 2 1 2 0 2 1 0 2 3 4 0 2
sugar: 0 0 0 0 1 0 0 0 1 2 3 0 5 0 3 4 4 0 10 3 5 1 5 5 3 7 4 10 11 4 2 5 4 2 2
black tea: 0 0 0 0 0 0 0 0 0 0 0 0 0 0 0 0 0 0 0 0 0 0 0 0 0 0 0 0 0 0 0 0 0 0 0
tea: 0 0 0 0 47 56 47 33 66 90 85 114 144 104 399 137 153 208 153 108 358 174 138 112 123 138 173 141 134 88 95 113 117 173 69
potato: 0 0 0 0 0 0 0 0 0 2 0 0 1 0 1 4 5 1 3 1 1 1 0 5 0 0 1 0 3 0 1 0 0 0 1
rice: 0 0 0 0 8 10 10 5 4 16 14 10 14 11 16 13 17 15 89 12 17 18 39 54 16 9 21 27 39 38 23 24 23 16 8
onion: 0 0 0 0 0 0 0 0 1 2 1 0 0 0 1 2 1 1 2 4 8 5 2 1 1 0 1 1 0 2 0 0 1 0 0
tomato: 0 0 0 0 0 0 1 0 1 0 0 1 1 0 0 0 1 0 0 0 1 0 1 0 0 0 2 0 1 0 1 0 2 0 0
Nagpur
lentil: 0 0 0 0 0 0 0 0 0 0 1 0 0 0 0 0 0 1 0 0 0 0 0 0 0 0 0 0 2 0 0 0 0 0 0
salt: 0 0 0 0 2 2 1 0 2 2 1 0 0 1 2 0 0 1 2 2 4 1 0 1 0 4 1 0 4 0 2 1 5 0 4
sugar: 0 0 0 0 1 1 0 0 0 0 1 0 0 0 0 4 1 1 1 5 2 2 0 0 3 3 1 8 4 3 0 2 4 1 0
black tea: 0 0 0 0 0 0 1 0 0 0 0 0 0 0 0 0 0 0 0 2 0 0 0 0 0 0 0 0 0 0 0 0 0 0 0
tea: 0 0 0 0 50 60 74 73 97 67 63 87 94 124 145 95 52 79 75 89 150 122 117 110 89 123 229 198 178 146 107 104 132 99 67
potato: 0 0 0 0 0 1 1 0 1 0 2 1 0 1 2 1 0 0 2 2 1 0 1 0 0 0 2 0 4 0 4 1 2 0 0
rice: 0 0 0 0 12 12 19 5 76 33 16 13 5 15 5 30 27 10 19 22 53 16 17 10 8 17 16 14 23 40 30 8 13 48 11
onion: 0 0 0 0 0 1 3 0 2 1 0 1 2 0 1 1 0 1 2 29 12 2 1 2 1 0 0 1 6 0 1 0 1 1 0
tomato: 0 0 0 0 0 0 2 0 0 2 1 1 0 1 1 0 0 0 1 1 1 1 0 0 1 0 0 10 1 3 1 0 2 1 1
Kanpur
lentil: 0 0 0 0 0 0 0 0 0 0 3 3 1 1 4 2 0 0 0 0 0 0 0 0 0 0 0 0 0 0 0 0 0 0 0
salt: 0 0 0 0 0 0 0 0 0 1 0 2 1 1 0 0 0 0 0 5 0 4 1 1 0 0 0 1 0 0 0 1 8 7 10
sugar: 0 0 0 0 0 0 0 0 2 0 0 2 1 1 8 15 3 8 2 7 0 39 3 4 1 0 6 1 0 0 3 0 12 1 0
black tea: 0 0 0 0 0 0 0 0 0 0 0 0 0 0 0 0 0 0 0 0 0 0 0 0 0 0 0 0 0 0 0 0 0 0 0
tea: 0 0 0 0 7 24 32 32 33 72 45 38 86 97 113 94 158 49 77 52 72 224 79 85 35 26 91 27 36 114 153 129 132 158 28
potato: 0 0 0 0 0 0 1 1 0 1 0 2 1 4 4 1 0 0 0 2 0 2 0 0 0 0 0 0 0 0 0 0 6 1 1
rice: 0 0 0 0 1 8 10 2 4 9 5 6 8 22 20 36 21 10 4 18 30 82 22 15 9 3 6 9 5 8 11 5 23 80 3
onion: 0 0 0 0 0 1 0 0 0 0 0 0 0 0 0 2 6 0 0 13 7 3 1 0 0 0 0 1 2 0 0 0 4 1 0
tomato: 0 0 0 0 0 0 3 0 0 0 0 1 0 0 2 0 1 0 0 2 2 0 0 0 0 0 0 1 0 0 0 1 0 2 1
Ludhiana
lentil: 0 0 0 0 0 0 0 0 0 0 0 0 0 0 0 0 0 0 0 0 0 0 0 0 0 0 0 0 0 0 0 0 0 1 0
salt: 0 0 0 0 0 1 0 1 13 0 1 0 0 0 0 1 0 4 1 0 2 1 1 2 0 0 1 1 1 2 1 2 0 2 1
sugar: 0 0 0 0 3 0 1 0 0 1 1 1 1 0 2 0 2 2 5 2 1 2 1 0 2 3 0 3 3 4 4 0 3 5 1
black tea: 0 0 0 0 0 0 0 0 0 0 0 0 0 0 0 0 0 0 0 0 0 0 0 0 0 0 0 0 0 2 0 0 0 0 0
tea: 0 0 0 0 19 41 44 21 29 49 60 61 115 88 146 189 111 97 114 247 66 89 50 118 92 112 168 191 102 75 80 66 68 58 38
potato: 0 0 0 0 0 1 0 1 0 1 2 7 0 0 0 1 1 1 1 0 0 1 0 2 0 4 0 1 1 1 1 0 1 0 2
rice: 0 0 0 0 9 13 7 2 5 19 4 24 18 823 977 317 542 345 395 521 832 256 168 13 19 15 7 11 17 12 9 9 13 15 10
onion: 0 0 0 0 0 1 0 0 0 0 0 2 3 0 0 3 0 0 22 31 39 3 5 0 1 0 0 0 0 0 0 0 0 0 0
tomato: 0 0 0 0 0 0 0 0 0 0 0 0 0 0 0 2 0 1 1 0 0 0 0 1 0 0 0 0 2 2 0 1 0 0 1
Varanasi
lentil: 0 0 0 0 0 0 0 0 0 0 0 0 0 0 0 0 0 0 0 0 0 0 0 0 0 0 0 0 0 0 0 0 0 0 0
salt: 0 0 0 0 1 0 1 0 1 0 0 0 0 0 0 0 0 0 0 0 0 0 0 0 0 0 1 1 0 0 0 0 0 1 1
sugar: 0 0 0 0 0 0 0 1 0 2 0 0 1 0 0 2 5 0 2 2 1 0 0 2 4 1 0 4 2 2 0 2 1 1 0
black tea: 0 0 0 0 0 0 0 0 0 0 0 0 0 0 0 0 0 0 0 0 0 0 0 0 0 0 0 0 0 0 0 0 0 0 0
tea: 0 0 0 0 25 18 16 13 40 151 95 40 52 130 110 91 94 67 65 30 89 94 53 85 74 89 129 55 50 39 28 61 95 67 52
potato: 0 0 0 0 0 0 0 0 0 1 0 0 0 0 0 0 0 2 0 0 0 0 1 0 0 0 0 0 0 0 1 0 1 0 0
rice: 0 0 0 0 2 8 3 3 3 10 9 8 7 12 2 10 508 96 8 7 3 3 15 12 12 5 10 13 1 7 9 17 20 8 5
onion: 0 0 0 0 0 0 0 0 0 2 0 0 1 0 0 0 0 1 0 5 4 2 2 1 2 0 0 0 0 0 1 0 0 4 1
tomato: 0 0 0 0 0 0 0 0 1 3 0 0 0 1 0 0 0 0 0 2 0 0 1 0 0 0 0 0 0 0 1 0 0 0 0
Guwahati
lentil: 0 0 0 0 0 0 0 0 0 0 0 0 0 0 0 0 0 0 0 0 0 0 0 0 0 0 0 0 0 0 0 0 0 0 0
salt: 0 0 0 0 0 1 0 1 1 1 0 1 1 0 0 3 2 2 4 2 1 2 1 0 1 1 5 1 0 1 0 1 1 3 2
sugar: 0 0 0 0 1 9 0 1 1 3 0 1 14 27 2 1 31 1 0 2 1 2 1 7 3 2 36 3 1 2 1 2 1 2 2
black tea: 0 0 0 0 0 0 0 0 0 0 0 0 1 0 2 0 0 0 0 0 0 0 0 0 0 0 0 0 0 0 0 0 0 0 0
tea: 0 0 0 0 38 73 43 79 123 78 93 80 66 100 263 226 168 72 56 48 48 256 111 374 116 135 152 285 262 246 90 72 122 122 58
potato: 0 0 0 0 0 1 0 1 1 1 0 1 2 3 1 4 0 2 0 0 1 0 3 1 0 1 3 1 3 8 1 0 3 1 0
rice: 0 0 0 0 3 9 2 5 2 12 6 9 7 21 25 10 13 9 3 17 15 17 17 7 9 16 12 12 18 33 23 29 29 23 17
onion: 0 0 0 0 0 1 1 1 0 2 1 0 1 0 0 1 0 0 0 2 4 1 1 0 0 1 0 0 2 0 1 1 1 0 1
tomato: 0 0 0 0 0 0 0 0 1 0 0 0 1 1 0 3 1 0 0 0 1 0 0 0 0 0 1 1 0 6 5 0 0 1 0
Dehradun
lentil: 0 0 0 0 0 0 0 0 0 0 0 0 0 0 0 0 0 0 0 0 0 0 0 0 0 0 0 0 0 0 0 0 0 1 0
salt: 0 0 0 0 0 0 0 0 1 1 3 2 0 4 3 2 0 2 3 0 1 1 0 2 0 2 0 1 2 1 0 0 1 2 4
sugar: 0 0 0 0 0 1 0 1 1 5 2 4 4 3 4 1 0 2 2 1 0 1 1 6 0 0 1 0 0 0 0 0 0 0 0
black tea: 0 0 0 0 0 0 0 0 0 0 0 0 0 0 0 0 0 0 0 0 0 0 0 0 0 0 0 0 0 0 0 0 0 0 0
tea: 0 0 0 0 12 20 27 14 31 109 83 89 131 85 117 107 65 94 65 71 65 219 102 50 62 39 93 59 76 83 86 55 64 110 25
potato: 0 0 0 0 0 0 0 0 1 0 0 2 2 0 0 0 1 1 2 0 1 1 1 0 0 1 1 1 2 2 0 0 1 0 0
rice: 0 0 0 0 2 4 2 2 5 26 17 16 20 22 14 11 10 11 8 4 5 15 8 15 5 6 4 6 10 12 9 5 14 14 6
onion: 0 0 0 0 0 0 0 0 0 5 1 1 0 2 2 0 1 1 0 3 1 2 0 1 0 0 0 0 1 0 1 0 0 0 1
tomato: 0 0 0 0 0 0 0 0 0 0 0 0 0 0 0 0 1 0 0 0 0 1 2 0 0 0 0 0 0 0 0 0 0 0 1
Jodhpur
lentil: 0 0 0 0 0 0 0 1 0 0 0 0 0 0 0 1 0 0 0 0 0 0 0 0 0 0 0 0 0 0 0 0 0 0 3
salt: 0 0 0 0 0 0 0 0 0 0 0 0 1 0 0 0 2 0 4 1 0 1 0 1 0 1 0 1 0 0 0 0 0 4 0
sugar: 0 0 0 0 0 1 0 0 0 1 0 1 0 0 0 1 0 1 1 0 3 0 0 0 0 13 1 0 0 0 0 0 2 0 1
black tea: 0 0 0 0 0 0 0 0 0 0 0 0 0 0 0 0 0 0 0 0 0 0 0 0 0 0 0 0 0 0 0 0 0 0 0
tea: 0 0 0 0 38 41 37 36 31 24 10 24 50 76 82 57 39 24 40 36 67 199 25 57 64 107 117 62 52 47 35 73 70 50 22
potato: 0 0 0 0 0 0 0 0 0 0 0 0 1 0 0 0 0 1 0 0 0 1 0 0 0 0 1 1 0 0 1 0 0 0 0
rice: 0 0 0 0 2 9 8 7 1 3 2 2 0 9 1 5 12 2 8 19 4 5 11 9 3 15 1 13 9 3 3 11 4 5 6
onion: 0 0 0 0 0 0 0 0 0 0 0 0 0 0 0 2 0 0 2 0 0 1 4 1 0 5 6 0 0 0 0 1 0 2 0
tomato: 0 0 0 0 0 0 0 0 1 1 1 0 0 1 0 1 0 0 1 0 1 0 0 0 1 0 0 1 0 0 0 0 0 0 2
Cuttack
lentil: 0 0 0 0 0 0 0 0 0 0 0 0 0 0 0 0 0 0 0 0 0 0 0 0 0 0 0 0 0 0 0 0 0 0 0
salt: 0 0 0 0 1 0 0 0 0 1 0 0 1 1 2 0 4 1 0 0 1 3 4 1 0 2 0 1 1 0 0 0 1 1 0
sugar: 0 0 0 0 1 0 0 0 1 0 0 1 0 1 5 0 0 0 0 1 0 0 1 0 0 0 0 0 3 1 2 0 0 0 0
black tea: 0 0 0 0 0 0 0 0 0 0 0 0 0 0 0 0 0 0 0 0 0 0 0 0 0 0 0 0 0 0 0 0 0 0 0
tea: 0 0 0 0 27 16 14 40 17 52 69 40 54 61 108 65 63 51 49 53 59 53 52 31 45 42 80 43 115 263 140 196 110 47 40
potato: 0 0 0 0 0 1 0 4 0 3 0 0 0 1 1 3 0 0 0 0 0 0 1 0 0 0 1 0 0 2 1 0 0 0 0
rice: 0 0 0 0 2 4 2 6 3 11 4 8 8 4 5 4 9 3 6 5 12 2 5 3 2 5 4 8 6 6 5 6 5 7 5
onion: 0 0 0 0 0 0 0 0 0 0 0 0 1 1 3 0 2 0 1 2 2 0 0 0 0 0 0 1 0 0 0 1 0 0 0
tomato: 0 0 0 0 0 0 0 0 1 0 0 0 0 0 1 0 0 0 0 0 0 0 0 0 0 0 0 1 1 0 0 0 0 0 0
