716.0 799.0 820.0 770.0 714.0 829.0 927.0
640.0 608.0 518.0 738.0 653.0 661.0 611.0
626.0 618.0 461.0 491.0 482.0 532.0 484.0
1210.0 1420.0 1539.0 902.0 716.0 799.0 820.0
491.0 482.0 532.0 484.0 534.0 424.0 591.0
516.0 490.0 459.0 400.0 361.0 270.0 238.0
704.0 658.0 746.0 545.0 691.0 640.0 608.0
400.0 361.0 270.0 238.0 217.0 190.0 176.0
809.0 885.0 911.0 1354.0 1522.0 2225.0 2554.0
1131.0 1260.0 750.0 852.0 733.0 722.0 742.0
778.0 762.0 514.0 676.0 626.0 618.0 461.0
820.0 770.0 714.0 829.0 927.0 753.0 778.0
829.0 927.0 753.0 778.0 719.0 878.0 1131.0
799.0 820.0 770.0 714.0 829.0 927.0 753.0
582.0 550.0 580.0 500.0 489.0 529.0 533.0
1589.0 1210.0 1420.0 1539.0 902.0 716.0 799.0
643.0 373.0 696.0 710.0 764.0 615.0 692.0
1254.0 1400.0 1418.0 1223.0 1115.0 1534.0 1211.0
710.0 764.0 615.0 692.0 766.0 795.0 701.0
320.0 704.0 658.0 746.0 545.0 691.0 640.0
4264.0 3939.0 4181.0 3584.0 2818.0 2499.0 1992.0
2554.0 3786.0 4264.0 3939.0 4181.0 3584.0 2818.0
1100.0 1121.0 1589.0 1774.0 1724.0 1752.0 1600.0
475.0 516.0 490.0 459.0 400.0 361.0 270.0
484.0 534.0 424.0 591.0 554.0 560.0 442.0
361.0 270.0 238.0 217.0 190.0 176.0 241.0
1115.0 1534.0 1211.0 880.0 836.0 672.0 814.0
545.0 691.0 640.0 608.0 518.0 738.0 653.0
762.0 514.0 676.0 626.0 618.0 461.0 491.0
3786.0 4264.0 3939.0 4181.0 3584.0 2818.0 2499.0
911.0 1354.0 1522.0 2225.0 2554.0 3786.0 4264.0
1904.0 1100.0 1121.0 1589.0 1774.0 1724.0 1752.0
1158.0 809.0 885.0 911.0 1354.0 1522.0 2225.0
573.0 558.0 582.0 550.0 580.0 500.0 489.0
373.0 696.0 710.0 764.0 615.0 692.0 766.0
852.0 1167.0 858.0 1158.0 809.0 885.0 911.0
442.0 580.0 456.0 343.0 408.0 573.0 558.0
770.0 714.0 829.0 927.0 753.0 778.0 719.0
3584.0 2818.0 2499.0 1992.0 1254.0 1400.0 1418.0
534.0 424.0 591.0 554.0 560.0 442.0 580.0
532.0 484.0 534.0 424.0 591.0 554.0 560.0
1400.0 1418.0 1223.0 1115.0 1534.0 1211.0 880.0
738.0 653.0 661.0 611.0 1225.0 942.0 1334.0
1203.0 1904.0 1100.0 1121.0 1589.0 1774.0 1724.0
489.0 529.0 533.0 539.0 475.0 516.0 490.0
490.0 459.0 400.0 361.0 270.0 238.0 217.0
1260.0 750.0 852.0 733.0 722.0 742.0 643.0
1724.0 1752.0 1600.0 1589.0 1210.0 1420.0 1539.0
529.0 533.0 539.0 475.0 516.0 490.0 459.0
4181.0 3584.0 2818.0 2499.0 1992.0 1254.0 1400.0
701.0 813.0 852.0 1167.0 858.0 1158.0 809.0
1211.0 880.0 836.0 672.0 814.0 778.0 762.0
885.0 911.0 1354.0 1522.0 2225.0 2554.0 3786.0
424.0 591.0 554.0 560.0 442.0 580.0 456.0
270.0 238.0 217.0 190.0 176.0 241.0 250.0
580.0 456.0 343.0 408.0 573.0 558.0 582.0
241.0 250.0 250.0 669.0 503.0 519.0 400.0
1334.0 893.0 1150.0 1203.0 1904.0 1100.0 1121.0
836.0 672.0 814.0 778.0 762.0 514.0 676.0
3939.0 4181.0 3584.0 2818.0 2499.0 1992.0 1254.0
795.0 701.0 813.0 852.0 1167.0 858.0 1158.0
750.0 852.0 733.0 722.0 742.0 643.0 373.0
514.0 676.0 626.0 618.0 461.0 491.0 482.0
1522.0 2225.0 2554.0 3786.0 4264.0 3939.0 4181.0
176.0 241.0 250.0 250.0 669.0 503.0 519.0
880.0 836.0 672.0 814.0 778.0 762.0 514.0
539.0 475.0 516.0 490.0 459.0 400.0 361.0
1121.0 1589.0 1774.0 1724.0 1752.0 1600.0 1589.0
893.0 1150.0 1203.0 1904.0 1100.0 1121.0 1589.0
550.0 580.0 500.0 489.0 529.0 533.0 539.0
813.0 852.0 1167.0 858.0 1158.0 809.0 885.0
238.0 217.0 190.0 176.0 241.0 250.0 250.0
733.0 722.0 742.0 643.0 373.0 696.0 710.0
852.0 733.0 722.0 742.0 643.0 373.0 696.0
676.0 626.0 618.0 461.0 491.0 482.0 532.0
1354.0 1522.0 2225.0 2554.0 3786.0 4264.0 3939.0
2225.0 2554.0 3786.0 4264.0 3939.0 4181.0 3584.0
554.0 560.0 442.0 580.0 456.0 343.0 408.0
580.0 500.0 489.0 529.0 533.0 539.0 475.0
343.0 408.0 573.0 558.0 582.0 550.0 580.0
190.0 176.0 241.0 250.0 250.0 669.0 503.0
456.0 343.0 408.0 573.0 558.0 582.0 550.0
687.0 604.0 428.0 413.0 320.0 704.0 658.0
558.0 582.0 550.0 580.0 500.0 489.0 529.0
1150.0 1203.0 1904.0 1100.0 1121.0 1589.0 1774.0
2818.0 2499.0 1992.0 1254.0 1400.0 1418.0 1223.0
482.0 532.0 484.0 534.0 424.0 591.0 554.0
1223.0 1115.0 1534.0 1211.0 880.0 836.0 672.0
618.0 461.0 491.0 482.0 532.0 484.0 534.0
1589.0 1774.0 1724.0 1752.0 1600.0 1589.0 1210.0
500.0 489.0 529.0 533.0 539.0 475.0 516.0
217.0 190.0 176.0 241.0 250.0 250.0 669.0
1600.0 1589.0 1210.0 1420.0 1539.0 902.0 716.0
608.0 518.0 738.0 653.0 661.0 611.0 1225.0
764.0 615.0 692.0 766.0 795.0 701.0 813.0
746.0 545.0 691.0 640.0 608.0 518.0 738.0
1167.0 858.0 1158.0 809.0 885.0 911.0 1354.0
1420.0 1539.0 902.0 716.0 799.0 820.0 770.0
766.0 795.0 701.0 813.0 852.0 1167.0 858.0
742.0 643.0 373.0 696.0 710.0 764.0 615.0
1774.0 1724.0 1752.0 1600.0 1589.0 1210.0 1420.0
719.0 878.0 1131.0 1260.0 750.0 852.0 733.0
691.0 640.0 608.0 518.0 738.0 653.0 661.0
1752.0 1600.0 1589.0 1210.0 1420.0 1539.0 902.0
408.0 573.0 558.0 582.0 550.0 580.0 500.0
518.0 738.0 653.0 661.0 611.0 1225.0 942.0
658.0 746.0 545.0 691.0 640.0 608.0 518.0
610.0 569.0 481.0 427.0 765.0 656.0 687.0
428.0 413.0 320.0 704.0 658.0 746.0 545.0
604.0 428.0 413.0 320.0 704.0 658.0 746.0
1539.0 902.0 716.0 799.0 820.0 770.0 714.0
2499.0 1992.0 1254.0 1400.0 1418.0 1223.0 1115.0
753.0 778.0 719.0 878.0 1131.0 1260.0 750.0
1418.0 1223.0 1115.0 1534.0 1211.0 880.0 836.0
778.0 719.0 878.0 1131.0 1260.0 750.0 852.0
591.0 554.0 560.0 442.0 580.0 456.0 343.0
696.0 710.0 764.0 615.0 692.0 766.0 795.0
692.0 766.0 795.0 701.0 813.0 852.0 1167.0
461.0 491.0 482.0 532.0 484.0 534.0 424.0
672.0 814.0 778.0 762.0 514.0 676.0 626.0
459.0 400.0 361.0 270.0 238.0 217.0 190.0
858.0 1158.0 809.0 885.0 911.0 1354.0 1522.0
814.0 778.0 762.0 514.0 676.0 626.0 618.0
714.0 829.0 927.0 753.0 778.0 719.0 878.0
902.0 716.0 799.0 820.0 770.0 714.0 829.0
615.0 692.0 766.0 795.0 701.0 813.0 852.0
533.0 539.0 475.0 516.0 490.0 459.0 400.0
413.0 320.0 704.0 658.0 746.0 545.0 691.0
560.0 442.0 580.0 456.0 343.0 408.0 573.0
1992.0 1254.0 1400.0 1418.0 1223.0 1115.0 1534.0
878.0 1131.0 1260.0 750.0 852.0 733.0 722.0
722.0 742.0 643.0 373.0 696.0 710.0 764.0
927.0 753.0 778.0 719.0 878.0 1131.0 1260.0
1534.0 1211.0 880.0 836.0 672.0 814.0 778.0
1654.0 1629.0 1631.0 1580.0 1528.0 1552.0 1465.0
1180.0 1128.0 1053.0 1083.0 1030.0 972.0 1035.0
1272.0 1269.0 1228.0 921.0 1106.0 1200.0 1184.0
1556.0 1672.0 1666.0 1620.0 1654.0 1629.0 1631.0
921.0 1106.0 1200.0 1184.0 1212.0 1145.0 1120.0
996.0 976.0 779.0 916.0 851.0 818.0 812.0
1050.0 1018.0 992.0 1034.0 1116.0 1180.0 1128.0
916.0 851.0 818.0 812.0 796.0 790.0 832.0
1752.0 1828.0 1838.0 1865.0 2095.0 2410.0 2527.0
1163.0 1143.0 1150.0 949.0 1048.0 1228.0 1309.0
1541.0 1732.0 1864.0 1881.0 1946.0 1801.0 1750.0
1467.0 1430.0 1409.0 1538.0 1661.0 1714.0 1591.0
1331.0 1346.0 1343.0 1384.0 1272.0 1269.0 1228.0
1631.0 1580.0 1528.0 1552.0 1465.0 1572.0 1589.0
1552.0 1465.0 1572.0 1589.0 1501.0 1484.0 1467.0
1629.0 1631.0 1580.0 1528.0 1552.0 1465.0 1572.0
758.0 837.0 854.0 832.0 953.0 900.0 1034.0
1577.0 1556.0 1672.0 1666.0 1620.0 1654.0 1629.0
1541.0 1569.0 1471.0 1391.0 1368.0 1338.0 1334.0
3918.0 3404.0 3142.0 3012.0 2877.0 2711.0 2101.0
1391.0 1368.0 1338.0 1334.0 1339.0 1365.0 1316.0
1225.0 1050.0 1018.0 992.0 1034.0 1116.0 1180.0
1030.0 972.0 1035.0 1114.0 1541.0 1732.0 1864.0
4088.0 3984.0 3904.0 3708.0 3873.0 4069.0 4049.0
2527.0 2947.0 4088.0 3984.0 3904.0 3708.0 3873.0
1713.0 1665.0 1563.0 1514.0 1540.0 1590.0 1562.0
1075.0 996.0 976.0 779.0 916.0 851.0 818.0
1184.0 1212.0 1145.0 1120.0 1090.0 1106.0 939.0
851.0 818.0 812.0 796.0 790.0 832.0 925.0
2877.0 2711.0 2101.0 1828.0 1210.0 1459.0 1312.0
1034.0 1116.0 1180.0 1128.0 1053.0 1083.0 1030.0
1346.0 1343.0 1384.0 1272.0 1269.0 1228.0 921.0
2947.0 4088.0 3984.0 3904.0 3708.0 3873.0 4069.0
1838.0 1865.0 2095.0 2410.0 2527.0 2947.0 4088.0
1750.0 1713.0 1665.0 1563.0 1514.0 1540.0 1590.0
1481.0 1752.0 1828.0 1838.0 1865.0 2095.0 2410.0
786.0 793.0 758.0 837.0 854.0 832.0 953.0
1569.0 1471.0 1391.0 1368.0 1338.0 1334.0 1339.0
1316.0 1254.0 1395.0 1481.0 1752.0 1828.0 1838.0
1732.0 1864.0 1881.0 1946.0 1801.0 1750.0 1713.0
939.0 941.0 907.0 842.0 798.0 786.0 793.0
1580.0 1528.0 1552.0 1465.0 1572.0 1589.0 1501.0
3708.0 3873.0 4069.0 4049.0 3918.0 3404.0 3142.0
1150.0 949.0 1048.0 1228.0 1309.0 1225.0 1050.0
1212.0 1145.0 1120.0 1090.0 1106.0 939.0 941.0
1200.0 1184.0 1212.0 1145.0 1120.0 1090.0 1106.0
3404.0 3142.0 3012.0 2877.0 2711.0 2101.0 1828.0
1083.0 1030.0 972.0 1035.0 1114.0 1541.0 1732.0
1801.0 1750.0 1713.0 1665.0 1563.0 1514.0 1540.0
953.0 900.0 1034.0 1145.0 1075.0 996.0 976.0
976.0 779.0 916.0 851.0 818.0 812.0 796.0
1430.0 1409.0 1538.0 1661.0 1714.0 1591.0 1541.0
1540.0 1590.0 1562.0 1577.0 1556.0 1672.0 1666.0
900.0 1034.0 1145.0 1075.0 996.0 976.0 779.0
3904.0 3708.0 3873.0 4069.0 4049.0 3918.0 3404.0
1316.0 1324.0 1316.0 1254.0 1395.0 1481.0 1752.0
2101.0 1828.0 1210.0 1459.0 1312.0 1331.0 1346.0
1828.0 1838.0 1865.0 2095.0 2410.0 2527.0 2947.0
1145.0 1120.0 1090.0 1106.0 939.0 941.0 907.0
818.0 812.0 796.0 790.0 832.0 925.0 919.0
941.0 907.0 842.0 798.0 786.0 793.0 758.0
925.0 919.0 956.0 896.0 814.0 809.0 813.0
1864.0 1881.0 1946.0 1801.0 1750.0 1713.0 1665.0
1210.0 1459.0 1312.0 1331.0 1346.0 1343.0 1384.0
1946.0 1801.0 1750.0 1713.0 1665.0 1563.0 1514.0
1365.0 1316.0 1324.0 1316.0 1254.0 1395.0 1481.0
1409.0 1538.0 1661.0 1714.0 1591.0 1541.0 1569.0
1035.0 1114.0 1541.0 1732.0 1864.0 1881.0 1946.0
1343.0 1384.0 1272.0 1269.0 1228.0 921.0 1106.0
2095.0 2410.0 2527.0 2947.0 4088.0 3984.0 3904.0
832.0 925.0 919.0 956.0 896.0 814.0 809.0
1828.0 1210.0 1459.0 1312.0 1331.0 1346.0 1343.0
1145.0 1075.0 996.0 976.0 779.0 916.0 851.0
1665.0 1563.0 1514.0 1540.0 1590.0 1562.0 1577.0
1881.0 1946.0 1801.0 1750.0 1713.0 1665.0 1563.0
837.0 854.0 832.0 953.0 900.0 1034.0 1145.0
1324.0 1316.0 1254.0 1395.0 1481.0 1752.0 1828.0
812.0 796.0 790.0 832.0 925.0 919.0 956.0
1661.0 1714.0 1591.0 1541.0 1569.0 1471.0 1391.0
1538.0 1661.0 1714.0 1591.0 1541.0 1569.0 1471.0
1384.0 1272.0 1269.0 1228.0 921.0 1106.0 1200.0
1865.0 2095.0 2410.0 2527.0 2947.0 4088.0 3984.0
2410.0 2527.0 2947.0 4088.0 3984.0 3904.0 3708.0
1090.0 1106.0 939.0 941.0 907.0 842.0 798.0
854.0 832.0 953.0 900.0 1034.0 1145.0 1075.0
842.0 798.0 786.0 793.0 758.0 837.0 854.0
790.0 832.0 925.0 919.0 956.0 896.0 814.0
907.0 842.0 798.0 786.0 793.0 758.0 837.0
949.0 1048.0 1228.0 1309.0 1225.0 1050.0 1018.0
793.0 758.0 837.0 854.0 832.0 953.0 900.0
3984.0 3904.0 3708.0 3873.0 4069.0 4049.0 3918.0
3873.0 4069.0 4049.0 3918.0 3404.0 3142.0 3012.0
1106.0 1200.0 1184.0 1212.0 1145.0 1120.0 1090.0
3012.0 2877.0 2711.0 2101.0 1828.0 1210.0 1459.0
1269.0 1228.0 921.0 1106.0 1200.0 1184.0 1212.0
1563.0 1514.0 1540.0 1590.0 1562.0 1577.0 1556.0
972.0 1035.0 1114.0 1541.0 1732.0 1864.0 1881.0
832.0 953.0 900.0 1034.0 1145.0 1075.0 996.0
796.0 790.0 832.0 925.0 919.0 956.0 896.0
1562.0 1577.0 1556.0 1672.0 1666.0 1620.0 1654.0
1128.0 1053.0 1083.0 1030.0 972.0 1035.0 1114.0
1368.0 1338.0 1334.0 1339.0 1365.0 1316.0 1324.0
992.0 1034.0 1116.0 1180.0 1128.0 1053.0 1083.0
1254.0 1395.0 1481.0 1752.0 1828.0 1838.0 1865.0
1672.0 1666.0 1620.0 1654.0 1629.0 1631.0 1580.0
1093.0 1163.0 1143.0 1150.0 949.0 1048.0 1228.0
1339.0 1365.0 1316.0 1324.0 1316.0 1254.0 1395.0
1591.0 1541.0 1569.0 1471.0 1391.0 1368.0 1338.0
1514.0 1540.0 1590.0 1562.0 1577.0 1556.0 1672.0
1501.0 1484.0 1467.0 1430.0 1409.0 1538.0 1661.0
1116.0 1180.0 1128.0 1053.0 1083.0 1030.0 972.0
1590.0 1562.0 1577.0 1556.0 1672.0 1666.0 1620.0
798.0 786.0 793.0 758.0 837.0 854.0 832.0
1053.0 1083.0 1030.0 972.0 1035.0 1114.0 1541.0
1018.0 992.0 1034.0 1116.0 1180.0 1128.0 1053.0
1169.0 1062.0 964.0 1093.0 1163.0 1143.0 1150.0
1228.0 1309.0 1225.0 1050.0 1018.0 992.0 1034.0
1048.0 1228.0 1309.0 1225.0 1050.0 1018.0 992.0
1666.0 1620.0 1654.0 1629.0 1631.0 1580.0 1528.0
4069.0 4049.0 3918.0 3404.0 3142.0 3012.0 2877.0
1572.0 1589.0 1501.0 1484.0 1467.0 1430.0 1409.0
3142.0 3012.0 2877.0 2711.0 2101.0 1828.0 1210.0
1589.0 1501.0 1484.0 1467.0 1430.0 1409.0 1538.0
1120.0 1090.0 1106.0 939.0 941.0 907.0 842.0
1471.0 1391.0 1368.0 1338.0 1334.0 1339.0 1365.0
1334.0 1339.0 1365.0 1316.0 1324.0 1316.0 1254.0
1228.0 921.0 1106.0 1200.0 1184.0 1212.0 1145.0
1459.0 1312.0 1331.0 1346.0 1343.0 1384.0 1272.0
779.0 916.0 851.0 818.0 812.0 796.0 790.0
1395.0 1481.0 1752.0 1828.0 1838.0 1865.0 2095.0
1143.0 1150.0 949.0 1048.0 1228.0 1309.0 1225.0
1312.0 1331.0 1346.0 1343.0 1384.0 1272.0 1269.0
1114.0 1541.0 1732.0 1864.0 1881.0 1946.0 1801.0
964.0 1093.0 1163.0 1143.0 1150.0 949.0 1048.0
1528.0 1552.0 1465.0 1572.0 1589.0 1501.0 1484.0
1620.0 1654.0 1629.0 1631.0 1580.0 1528.0 1552.0
1338.0 1334.0 1339.0 1365.0 1316.0 1324.0 1316.0
1062.0 964.0 1093.0 1163.0 1143.0 1150.0 949.0
1034.0 1145.0 1075.0 996.0 976.0 779.0 916.0
1309.0 1225.0 1050.0 1018.0 992.0 1034.0 1116.0
1106.0 939.0 941.0 907.0 842.0 798.0 786.0
4049.0 3918.0 3404.0 3142.0 3012.0 2877.0 2711.0
1484.0 1467.0 1430.0 1409.0 1538.0 1661.0 1714.0
1714.0 1591.0 1541.0 1569.0 1471.0 1391.0 1368.0
1465.0 1572.0 1589.0 1501.0 1484.0 1467.0 1430.0
2711.0 2101.0 1828.0 1210.0 1459.0 1312.0 1331.0
1986.0 1700.0 1650.0 1733.0 1843.0 1833.0 1933.0
2600.0 2525.0 2625.0 2600.0 2558.0 2443.0 2464.0
2525.0 2625.0 2600.0 2558.0 2443.0 2464.0 2379.0
4600.0 4983.0 5250.0 4875.0 4733.0 4650.0 5300.0
6200.0 5614.0 5200.0 5140.0 5200.0 5029.0 4933.0
2500.0 2350.0 2533.0 2600.0 2525.0 2625.0 2600.0
2625.0 2600.0 2558.0 2443.0 2464.0 2379.0 1986.0
1650.0 1733.0 1843.0 1833.0 1933.0 1925.0 1900.0
1700.0 1650.0 1733.0 1843.0 1833.0 1933.0 1925.0
3867.0 4357.0 4600.0 4983.0 5250.0 4875.0 4733.0
6100.0 6200.0 5614.0 5200.0 5140.0 5200.0 5029.0
4357.0 4600.0 4983.0 5250.0 4875.0 4733.0 4650.0
2350.0 2533.0 2600.0 2525.0 2625.0 2600.0 2558.0
2533.0 2600.0 2525.0 2625.0 2600.0 2558.0 2443.0
5300.0 6100.0 6200.0 5614.0 5200.0 5140.0 5200.0
1567.0 1520.0 1540.0 1500.0 1500.0 1500.0 1350.0
1825.0 1625.0 1600.0 1567.0 1520.0 1540.0 1500.0
1940.0 1825.0 1625.0 1600.0 1567.0 1520.0 1540.0
1520.0 1540.0 1500.0 1500.0 1500.0 1350.0 1160.0
1625.0 1600.0 1567.0 1520.0 1540.0 1500.0 1500.0
1800.0 1800.0 1940.0 1825.0 1625.0 1600.0 1567.0
1600.0 1567.0 1520.0 1540.0 1500.0 1500.0 1500.0
1800.0 1940.0 1825.0 1625.0 1600.0 1567.0 1520.0
2512.0 2502.0 2300.0 2407.0 2444.0 2554.0 2542.0
1480.0 1630.0 1978.0 1793.0 1493.0 1782.0 2105.0
1654.0 1611.0 1452.0 1180.0 1244.0 1250.0 1270.0
2405.0 2446.0 2281.0 2491.0 2512.0 2502.0 2300.0
1530.0 1546.0 1576.0 1524.0 1407.0 1435.0 1284.0
1137.0 1224.0 1186.0 1417.0 1506.0 1480.0 1630.0
1524.0 1407.0 1435.0 1284.0 1239.0 1450.0 1314.0
2520.0 2596.0 2713.0 2657.0 3095.0 3600.0 3760.0
1598.0 1340.0 1450.0 1379.0 1307.0 1242.0 1388.0
1899.0 2192.0 2214.0 1986.0 1888.0 1568.0 1573.0
2108.0 1902.0 1630.0 1587.0 1654.0 1611.0 1452.0
2300.0 2407.0 2444.0 2554.0 2542.0 2475.0 2163.0
2554.0 2542.0 2475.0 2163.0 1978.0 1796.0 1899.0
2502.0 2300.0 2407.0 2444.0 2554.0 2542.0 2475.0
2361.0 2405.0 2446.0 2281.0 2491.0 2512.0 2502.0
1618.0 1616.0 1623.0 1592.0 1814.0 1900.0 1983.0
1592.0 1814.0 1900.0 1983.0 2013.0 2237.0 2117.0
1251.0 1137.0 1224.0 1186.0 1417.0 1506.0 1480.0
5485.0 5250.0 5239.0 5560.0 5204.0 5075.0 4984.0
3760.0 4133.0 5485.0 5250.0 5239.0 5560.0 5204.0
1600.0 1530.0 1546.0 1576.0 1524.0 1407.0 1435.0
2542.0 2475.0 2163.0 1978.0 1796.0 1899.0 2192.0
1407.0 1435.0 1284.0 1239.0 1450.0 1314.0 1274.0
3099.0 2896.0 2821.0 2514.0 2213.0 1825.0 1947.0
1417.0 1506.0 1480.0 1630.0 1978.0 1793.0 1493.0
1902.0 1630.0 1587.0 1654.0 1611.0 1452.0 1180.0
4133.0 5485.0 5250.0 5239.0 5560.0 5204.0 5075.0
2713.0 2657.0 3095.0 3600.0 3760.0 4133.0 5485.0
2620.0 2455.0 2524.0 2519.0 2334.0 2229.0 2346.0
2487.0 2520.0 2596.0 2713.0 2657.0 3095.0 3600.0
1616.0 1623.0 1592.0 1814.0 1900.0 1983.0 2013.0
2268.0 2357.0 2388.0 2487.0 2520.0 2596.0 2713.0
1238.0 1254.0 1241.0 1250.0 1249.0 1300.0 1360.0
2407.0 2444.0 2554.0 2542.0 2475.0 2163.0 1978.0
1450.0 1379.0 1307.0 1242.0 1388.0 1251.0 1137.0
4701.0 3750.0 3594.0 3099.0 2896.0 2821.0 2514.0
1793.0 1493.0 1782.0 2105.0 2262.0 2525.0 2675.0
2551.0 2620.0 2455.0 2524.0 2519.0 2334.0 2229.0
1500.0 1539.0 1542.0 1529.0 1600.0 1530.0 1546.0
1546.0 1576.0 1524.0 1407.0 1435.0 1284.0 1239.0
2192.0 2214.0 1986.0 1888.0 1568.0 1573.0 1618.0
1414.0 1458.0 1415.0 1451.0 1500.0 1539.0 1542.0
1539.0 1542.0 1529.0 1600.0 1530.0 1546.0 1576.0
2117.0 2103.0 2268.0 2357.0 2388.0 2487.0 2520.0
2821.0 2514.0 2213.0 1825.0 1947.0 2108.0 1902.0
2596.0 2713.0 2657.0 3095.0 3600.0 3760.0 4133.0
1435.0 1284.0 1239.0 1450.0 1314.0 1274.0 1366.0
1254.0 1241.0 1250.0 1249.0 1300.0 1360.0 1414.0
1274.0 1366.0 1366.0 1380.0 1421.0 1450.0 1555.0
2675.0 2662.0 2561.0 2551.0 2620.0 2455.0 2524.0
2213.0 1825.0 1947.0 2108.0 1902.0 1630.0 1587.0
5250.0 5239.0 5560.0 5204.0 5075.0 4984.0 4701.0
2237.0 2117.0 2103.0 2268.0 2357.0 2388.0 2487.0
2214.0 1986.0 1888.0 1568.0 1573.0 1618.0 1616.0
1630.0 1587.0 1654.0 1611.0 1452.0 1180.0 1244.0
3095.0 3600.0 3760.0 4133.0 5485.0 5250.0 5239.0
1314.0 1274.0 1366.0 1366.0 1380.0 1421.0 1450.0
2514.0 2213.0 1825.0 1947.0 2108.0 1902.0 1630.0
1529.0 1600.0 1530.0 1546.0 1576.0 1524.0 1407.0
2662.0 2561.0 2551.0 2620.0 2455.0 2524.0 2519.0
1458.0 1415.0 1451.0 1500.0 1539.0 1542.0 1529.0
2103.0 2268.0 2357.0 2388.0 2487.0 2520.0 2596.0
1284.0 1239.0 1450.0 1314.0 1274.0 1366.0 1366.0
1888.0 1568.0 1573.0 1618.0 1616.0 1623.0 1592.0
1986.0 1888.0 1568.0 1573.0 1618.0 1616.0 1623.0
1587.0 1654.0 1611.0 1452.0 1180.0 1244.0 1250.0
2657.0 3095.0 3600.0 3760.0 4133.0 5485.0 5250.0
3600.0 3760.0 4133.0 5485.0 5250.0 5239.0 5560.0
1160.0 1150.0 1238.0 1254.0 1241.0 1250.0 1249.0
1415.0 1451.0 1500.0 1539.0 1542.0 1529.0 1600.0
1250.0 1249.0 1300.0 1360.0 1414.0 1458.0 1415.0
1450.0 1314.0 1274.0 1366.0 1366.0 1380.0 1421.0
1241.0 1250.0 1249.0 1300.0 1360.0 1414.0 1458.0
1379.0 1307.0 1242.0 1388.0 1251.0 1137.0 1224.0
1360.0 1414.0 1458.0 1415.0 1451.0 1500.0 1539.0
2561.0 2551.0 2620.0 2455.0 2524.0 2519.0 2334.0
3594.0 3099.0 2896.0 2821.0 2514.0 2213.0 1825.0
1611.0 1452.0 1180.0 1244.0 1250.0 1270.0 1201.0
1300.0 1360.0 1414.0 1458.0 1415.0 1451.0 1500.0
1451.0 1500.0 1539.0 1542.0 1529.0 1600.0 1530.0
1239.0 1450.0 1314.0 1274.0 1366.0 1366.0 1380.0
2346.0 2361.0 2405.0 2446.0 2281.0 2491.0 2512.0
1630.0 1978.0 1793.0 1493.0 1782.0 2105.0 2262.0
1814.0 1900.0 1983.0 2013.0 2237.0 2117.0 2103.0
1186.0 1417.0 1506.0 1480.0 1630.0 1978.0 1793.0
2357.0 2388.0 2487.0 2520.0 2596.0 2713.0 2657.0
2446.0 2281.0 2491.0 2512.0 2502.0 2300.0 2407.0
1481.0 1598.0 1340.0 1450.0 1379.0 1307.0 1242.0
2013.0 2237.0 2117.0 2103.0 2268.0 2357.0 2388.0
1573.0 1618.0 1616.0 1623.0 1592.0 1814.0 1900.0
1978.0 1796.0 1899.0 2192.0 2214.0 1986.0 1888.0
1506.0 1480.0 1630.0 1978.0 1793.0 1493.0 1782.0
1249.0 1300.0 1360.0 1414.0 1458.0 1415.0 1451.0
1978.0 1793.0 1493.0 1782.0 2105.0 2262.0 2525.0
1224.0 1186.0 1417.0 1506.0 1480.0 1630.0 1978.0
2056.0 1633.0 1394.0 1481.0 1598.0 1340.0 1450.0
1242.0 1388.0 1251.0 1137.0 1224.0 1186.0 1417.0
1307.0 1242.0 1388.0 1251.0 1137.0 1224.0 1186.0
2281.0 2491.0 2512.0 2502.0 2300.0 2407.0 2444.0
2475.0 2163.0 1978.0 1796.0 1899.0 2192.0 2214.0
3750.0 3594.0 3099.0 2896.0 2821.0 2514.0 2213.0
2163.0 1978.0 1796.0 1899.0 2192.0 2214.0 1986.0
1623.0 1592.0 1814.0 1900.0 1983.0 2013.0 2237.0
1983.0 2013.0 2237.0 2117.0 2103.0 2268.0 2357.0
1825.0 1947.0 2108.0 1902.0 1630.0 1587.0 1654.0
1576.0 1524.0 1407.0 1435.0 1284.0 1239.0 1450.0
2388.0 2487.0 2520.0 2596.0 2713.0 2657.0 3095.0
1340.0 1450.0 1379.0 1307.0 1242.0 1388.0 1251.0
1394.0 1481.0 1598.0 1340.0 1450.0 1379.0 1307.0
2444.0 2554.0 2542.0 2475.0 2163.0 1978.0 1796.0
2491.0 2512.0 2502.0 2300.0 2407.0 2444.0 2554.0
1900.0 1983.0 2013.0 2237.0 2117.0 2103.0 2268.0
1633.0 1394.0 1481.0 1598.0 1340.0 1450.0 1379.0
1542.0 1529.0 1600.0 1530.0 1546.0 1576.0 1524.0
1388.0 1251.0 1137.0 1224.0 1186.0 1417.0 1506.0
1150.0 1238.0 1254.0 1241.0 1250.0 1249.0 1300.0
1796.0 1899.0 2192.0 2214.0 1986.0 1888.0 1568.0
1568.0 1573.0 1618.0 1616.0 1623.0 1592.0 1814.0
1947.0 2108.0 1902.0 1630.0 1587.0 1654.0 1611.0
2896.0 2821.0 2514.0 2213.0 1825.0 1947.0 2108.0
710.0 621.0 569.0 746.0 1077.0 1139.0 1145.0
380.0 338.0 405.0 356.0 366.0 398.0 328.0
750.0 1339.0 1509.0 1245.0 1153.0 1164.0 970.0
621.0 569.0 746.0 1077.0 1139.0 1145.0 1413.0
1164.0 970.0 899.0 1337.0 1741.0 1878.0 2019.0
921.0 795.0 716.0 718.0 704.0 1164.0 1127.0
795.0 716.0 718.0 704.0 1164.0 1127.0 1352.0
800.0 716.0 855.0 724.0 750.0 1339.0 1509.0
724.0 750.0 1339.0 1509.0 1245.0 1153.0 1164.0
569.0 746.0 1077.0 1139.0 1145.0 1413.0 1195.0
1245.0 1153.0 1164.0 970.0 899.0 1337.0 1741.0
1139.0 1145.0 1413.0 1195.0 1137.0 1150.0 1125.0
746.0 1077.0 1139.0 1145.0 1413.0 1195.0 1137.0
405.0 356.0 366.0 398.0 328.0 305.0 305.0
338.0 405.0 356.0 366.0 398.0 328.0 305.0
681.0 710.0 621.0 569.0 746.0 1077.0 1139.0
1390.0 1096.0 690.0 803.0 648.0 768.0 755.0
855.0 724.0 750.0 1339.0 1509.0 1245.0 1153.0
1509.0 1245.0 1153.0 1164.0 970.0 899.0 1337.0
1339.0 1509.0 1245.0 1153.0 1164.0 970.0 899.0
716.0 855.0 724.0 750.0 1339.0 1509.0 1245.0
1077.0 1139.0 1145.0 1413.0 1195.0 1137.0 1150.0
1153.0 1164.0 970.0 899.0 1337.0 1741.0 1878.0
716.0 718.0 704.0 1164.0 1127.0 1352.0 1409.0
1613.0 921.0 795.0 716.0 718.0 704.0 1164.0
1096.0 690.0 803.0 648.0 768.0 755.0 761.0
1600.0 1550.0 1700.0 1893.0 2255.0 2200.0 2300.0
3378.0 3338.0 3010.0 3595.0 4050.0 2983.0 3319.0
1423.0 1368.0 1419.0 1322.0 1272.0 1330.0 1400.0
1330.0 1400.0 1176.0 1554.0 1596.0 1607.0 1162.0
1217.0 1300.0 1600.0 1383.0 2163.0 1250.0 1167.0
2163.0 3640.0 2284.0 2750.0 2500.0 1967.0 2043.0
3595.0 4050.0 2983.0 3319.0 2611.0 2552.0 2877.0
2300.0 1429.0 1300.0 1400.0 1200.0 1125.0 1200.0
1600.0 1383.0 2163.0 1250.0 1167.0 1233.0 2506.0
3000.0 2163.0 3640.0 2284.0 2750.0 2500.0 1967.0
1550.0 1700.0 1893.0 2255.0 2200.0 2300.0 3000.0
1200.0 1200.0 1217.0 1300.0 1600.0 1383.0 2163.0
1368.0 1419.0 1322.0 1272.0 1330.0 1400.0 1176.0
1419.0 1322.0 1272.0 1330.0 1400.0 1176.0 1554.0
1400.0 1735.0 1470.0 1423.0 1368.0 1419.0 1322.0
2611.0 2552.0 2877.0 3389.0 3583.0 3306.0 3004.0
3455.0 3897.0 3075.0 2312.0 2506.0 2911.0 3350.0
6000.0 3000.0 2163.0 3640.0 2284.0 2750.0 2500.0
2552.0 2877.0 3389.0 3583.0 3306.0 3004.0 2721.0
1167.0 1233.0 2506.0 1537.0 1472.0 1887.0 1431.0
1607.0 1162.0 1625.0 1285.0 1618.0 1470.0 1838.0
3010.0 3595.0 4050.0 2983.0 3319.0 2611.0 2552.0
1250.0 1167.0 1233.0 2506.0 1537.0 1472.0 1887.0
2983.0 3319.0 2611.0 2552.0 2877.0 3389.0 3583.0
3338.0 3010.0 3595.0 4050.0 2983.0 3319.0 2611.0
1429.0 1300.0 1400.0 1200.0 1125.0 1200.0 1200.0
1400.0 1200.0 1125.0 1200.0 1200.0 1217.0 1300.0
3640.0 2284.0 2750.0 2500.0 1967.0 2043.0 2300.0
1272.0 1330.0 1400.0 1176.0 1554.0 1596.0 1607.0
3897.0 3075.0 2312.0 2506.0 2911.0 3350.0 3796.0
2506.0 1537.0 1472.0 1887.0 1431.0 1400.0 1400.0
1887.0 1431.0 1400.0 1400.0 1735.0 1470.0 1423.0
1300.0 1600.0 1383.0 2163.0 1250.0 1167.0 1233.0
1735.0 1470.0 1423.0 1368.0 1419.0 1322.0 1272.0
1300.0 1400.0 1200.0 1125.0 1200.0 1200.0 1217.0
1200.0 1217.0 1300.0 1600.0 1383.0 2163.0 1250.0
1176.0 1554.0 1596.0 1607.0 1162.0 1625.0 1285.0
1431.0 1400.0 1400.0 1735.0 1470.0 1423.0 1368.0
2163.0 1250.0 1167.0 1233.0 2506.0 1537.0 1472.0
1625.0 1285.0 1618.0 1470.0 1838.0 1715.0 1327.0
1400.0 1400.0 1735.0 1470.0 1423.0 1368.0 1419.0
4050.0 2983.0 3319.0 2611.0 2552.0 2877.0 3389.0
3319.0 2611.0 2552.0 2877.0 3389.0 3583.0 3306.0
1125.0 1200.0 1200.0 1217.0 1300.0 1600.0 1383.0
2988.0 3378.0 3338.0 3010.0 3595.0 4050.0 2983.0
1554.0 1596.0 1607.0 1162.0 1625.0 1285.0 1618.0
1537.0 1472.0 1887.0 1431.0 1400.0 1400.0 1735.0
1596.0 1607.0 1162.0 1625.0 1285.0 1618.0 1470.0
1470.0 1423.0 1368.0 1419.0 1322.0 1272.0 1330.0
1900.0 4050.0 2988.0 3378.0 3338.0 3010.0 3595.0
3075.0 2312.0 2506.0 2911.0 3350.0 3796.0 2625.0
1322.0 1272.0 1330.0 1400.0 1176.0 1554.0 1596.0
1200.0 1125.0 1200.0 1200.0 1217.0 1300.0 1600.0
1400.0 1176.0 1554.0 1596.0 1607.0 1162.0 1625.0
5850.0 3455.0 3897.0 3075.0 2312.0 2506.0 2911.0
2877.0 3389.0 3583.0 3306.0 3004.0 2721.0 3050.0
4050.0 2988.0 3378.0 3338.0 3010.0 3595.0 4050.0
1162.0 1625.0 1285.0 1618.0 1470.0 1838.0 1715.0
1383.0 2163.0 1250.0 1167.0 1233.0 2506.0 1537.0
3650.0 6000.0 3000.0 2163.0 3640.0 2284.0 2750.0
1472.0 1887.0 1431.0 1400.0 1400.0 1735.0 1470.0
1233.0 2506.0 1537.0 1472.0 1887.0 1431.0 1400.0
1832.0 1846.0 1800.0 1784.0 1700.0 1834.0 1982.0
1050.0 1037.0 1000.0 1000.0 1000.0 1117.0 1316.0
1525.0 1420.0 1350.0 1350.0 1350.0 1350.0 1350.0
1678.0 1719.0 1700.0 1789.0 1832.0 1846.0 1800.0
900.0 900.0 900.0 833.0 800.0 800.0 800.0
1000.0 1000.0 1000.0 1000.0 1013.0 1050.0 1037.0
833.0 800.0 800.0 800.0 800.0 800.0 800.0
1000.0 1000.0 1000.0 1000.0 988.0 988.0 1000.0
1524.0 1700.0 1600.0 1560.0 1736.0 1914.0 1991.0
1463.0 1684.0 1772.0 1700.0 1700.0 1617.0 1478.0
1350.0 1670.0 1683.0 1630.0 1525.0 1420.0 1350.0
1800.0 1784.0 1700.0 1834.0 1982.0 1900.0 1795.0
1834.0 1982.0 1900.0 1795.0 1700.0 1500.0 1463.0
1846.0 1800.0 1784.0 1700.0 1834.0 1982.0 1900.0
800.0 800.0 800.0 800.0 817.0 858.0 900.0
1650.0 1678.0 1719.0 1700.0 1789.0 1832.0 1846.0
1300.0 1289.0 1250.0 1214.0 1194.0 1163.0 1100.0
3683.0 3250.0 3100.0 2967.0 2500.0 2500.0 2500.0
1214.0 1194.0 1163.0 1100.0 1000.0 1000.0 900.0
1000.0 1000.0 1000.0 1000.0 1000.0 1013.0 1050.0
1000.0 1117.0 1316.0 1500.0 1524.0 1700.0 1600.0
4800.0 4520.0 4467.0 4800.0 4467.0 4000.0 3967.0
3320.0 3767.0 4800.0 4520.0 4467.0 4800.0 4467.0
2000.0 1919.0 1900.0 1867.0 1843.0 1800.0 1800.0
900.0 900.0 900.0 900.0 833.0 800.0 800.0
1350.0 1350.0 1350.0 1200.0 1150.0 1150.0 1120.0
800.0 800.0 800.0 800.0 800.0 800.0 883.0
2500.0 2500.0 2500.0 1800.0 1500.0 1500.0 1400.0
1000.0 1013.0 1050.0 1037.0 1000.0 1000.0 1000.0
1670.0 1683.0 1630.0 1525.0 1420.0 1350.0 1350.0
3767.0 4800.0 4520.0 4467.0 4800.0 4467.0 4000.0
1991.0 2000.0 1919.0 1900.0 1867.0 1843.0 1800.0
833.0 800.0 800.0 800.0 800.0 800.0 817.0
1289.0 1250.0 1214.0 1194.0 1163.0 1100.0 1000.0
1700.0 1600.0 1560.0 1736.0 1914.0 1991.0 2000.0
1784.0 1700.0 1834.0 1982.0 1900.0 1795.0 1700.0
4800.0 4467.0 4000.0 3967.0 3683.0 3250.0 3100.0
1000.0 1000.0 988.0 988.0 1000.0 1000.0 1000.0
1350.0 1350.0 1200.0 1150.0 1150.0 1120.0 1000.0
1350.0 1350.0 1350.0 1350.0 1200.0 1150.0 1150.0
3250.0 3100.0 2967.0 2500.0 2500.0 2500.0 1800.0
1000.0 1000.0 1117.0 1316.0 1500.0 1524.0 1700.0
1914.0 1991.0 2000.0 1919.0 1900.0 1867.0 1843.0
817.0 858.0 900.0 900.0 900.0 900.0 900.0
900.0 900.0 833.0 800.0 800.0 800.0 800.0
1684.0 1772.0 1700.0 1700.0 1617.0 1478.0 1300.0
1843.0 1800.0 1800.0 1650.0 1678.0 1719.0 1700.0
4467.0 4800.0 4467.0 4000.0 3967.0 3683.0 3250.0
2500.0 1800.0 1500.0 1500.0 1400.0 1350.0 1670.0
858.0 900.0 900.0 900.0 900.0 900.0 900.0
1350.0 1200.0 1150.0 1150.0 1120.0 1000.0 1000.0
800.0 800.0 800.0 800.0 800.0 883.0 900.0
1000.0 1000.0 950.0 908.0 833.0 800.0 800.0
883.0 900.0 900.0 900.0 967.0 1200.0 1100.0
1600.0 1560.0 1736.0 1914.0 1991.0 2000.0 1919.0
1500.0 1500.0 1400.0 1350.0 1670.0 1683.0 1630.0
4520.0 4467.0 4800.0 4467.0 4000.0 3967.0 3683.0
1772.0 1700.0 1700.0 1617.0 1478.0 1300.0 1289.0
1316.0 1500.0 1524.0 1700.0 1600.0 1560.0 1736.0
1683.0 1630.0 1525.0 1420.0 1350.0 1350.0 1350.0
900.0 3200.0 3320.0 3767.0 4800.0 4520.0 4467.0
800.0 883.0 900.0 900.0 900.0 967.0 1200.0
1800.0 1500.0 1500.0 1400.0 1350.0 1670.0 1683.0
900.0 900.0 900.0 900.0 900.0 833.0 800.0
1919.0 1900.0 1867.0 1843.0 1800.0 1800.0 1650.0
1560.0 1736.0 1914.0 1991.0 2000.0 1919.0 1900.0
800.0 800.0 800.0 817.0 858.0 900.0 900.0
800.0 800.0 800.0 800.0 883.0 900.0 900.0
1700.0 1617.0 1478.0 1300.0 1289.0 1250.0 1214.0
1700.0 1700.0 1617.0 1478.0 1300.0 1289.0 1250.0
1630.0 1525.0 1420.0 1350.0 1350.0 1350.0 1350.0
3200.0 3320.0 3767.0 4800.0 4520.0 4467.0 4800.0
1150.0 1150.0 1120.0 1000.0 1000.0 950.0 908.0
800.0 800.0 817.0 858.0 900.0 900.0 900.0
950.0 908.0 833.0 800.0 800.0 800.0 800.0
800.0 800.0 883.0 900.0 900.0 900.0 967.0
1000.0 950.0 908.0 833.0 800.0 800.0 800.0
1000.0 988.0 988.0 1000.0 1000.0 1000.0 1000.0
800.0 800.0 800.0 800.0 800.0 817.0 858.0
1736.0 1914.0 1991.0 2000.0 1919.0 1900.0 1867.0
4467.0 4000.0 3967.0 3683.0 3250.0 3100.0 2967.0
1350.0 1350.0 1350.0 1350.0 1350.0 1200.0 1150.0
2967.0 2500.0 2500.0 2500.0 1800.0 1500.0 1500.0
1420.0 1350.0 1350.0 1350.0 1350.0 1350.0 1350.0
1900.0 1867.0 1843.0 1800.0 1800.0 1650.0 1678.0
1117.0 1316.0 1500.0 1524.0 1700.0 1600.0 1560.0
800.0 817.0 858.0 900.0 900.0 900.0 900.0
800.0 800.0 800.0 883.0 900.0 900.0 900.0
1800.0 1650.0 1678.0 1719.0 1700.0 1789.0 1832.0
1037.0 1000.0 1000.0 1000.0 1117.0 1316.0 1500.0
1350.0 1350.0 1350.0 1350.0 1350.0 1350.0 1200.0
1000.0 1000.0 1013.0 1050.0 1037.0 1000.0 1000.0
1719.0 1700.0 1789.0 1832.0 1846.0 1800.0 1784.0
1000.0 1000.0 1000.0 1000.0 1000.0 988.0 988.0
1478.0 1300.0 1289.0 1250.0 1214.0 1194.0 1163.0
1867.0 1843.0 1800.0 1800.0 1650.0 1678.0 1719.0
1700.0 1500.0 1463.0 1684.0 1772.0 1700.0 1700.0
1013.0 1050.0 1037.0 1000.0 1000.0 1000.0 1117.0
1800.0 1800.0 1650.0 1678.0 1719.0 1700.0 1789.0
908.0 833.0 800.0 800.0 800.0 800.0 800.0
1000.0 1000.0 1000.0 1117.0 1316.0 1500.0 1524.0
1000.0 1000.0 1000.0 1013.0 1050.0 1037.0 1000.0
1245.0 1286.0 1038.0 1000.0 1000.0 1000.0 1000.0
988.0 1000.0 1000.0 1000.0 1000.0 1000.0 1000.0
988.0 988.0 1000.0 1000.0 1000.0 1000.0 1000.0
1700.0 1789.0 1832.0 1846.0 1800.0 1784.0 1700.0
4000.0 3967.0 3683.0 3250.0 3100.0 2967.0 2500.0
1900.0 1795.0 1700.0 1500.0 1463.0 1684.0 1772.0
3100.0 2967.0 2500.0 2500.0 2500.0 1800.0 1500.0
1795.0 1700.0 1500.0 1463.0 1684.0 1772.0 1700.0
1200.0 1150.0 1150.0 1120.0 1000.0 1000.0 950.0
1250.0 1214.0 1194.0 1163.0 1100.0 1000.0 1000.0
1350.0 1350.0 1350.0 1350.0 1350.0 1350.0 1350.0
1500.0 1400.0 1350.0 1670.0 1683.0 1630.0 1525.0
900.0 833.0 800.0 800.0 800.0 800.0 800.0
1120.0 1000.0 1000.0 950.0 908.0 833.0 800.0
1000.0 1000.0 1000.0 988.0 988.0 1000.0 1000.0
1400.0 1350.0 1670.0 1683.0 1630.0 1525.0 1420.0
1500.0 1524.0 1700.0 1600.0 1560.0 1736.0 1914.0
1038.0 1000.0 1000.0 1000.0 1000.0 1000.0 988.0
1700.0 1834.0 1982.0 1900.0 1795.0 1700.0 1500.0
1789.0 1832.0 1846.0 1800.0 1784.0 1700.0 1834.0
1286.0 1038.0 1000.0 1000.0 1000.0 1000.0 1000.0
900.0 900.0 900.0 900.0 900.0 900.0 833.0
1000.0 1000.0 1000.0 1000.0 1000.0 1000.0 1013.0
1150.0 1120.0 1000.0 1000.0 950.0 908.0 833.0
3967.0 3683.0 3250.0 3100.0 2967.0 2500.0 2500.0
1500.0 1463.0 1684.0 1772.0 1700.0 1700.0 1617.0
1617.0 1478.0 1300.0 1289.0 1250.0 1214.0 1194.0
1982.0 1900.0 1795.0 1700.0 1500.0 1463.0 1684.0
2500.0 2500.0 1800.0 1500.0 1500.0 1400.0 1350.0
1050.0 975.0 967.0 1099.0 990.0 1172.0 1400.0
1420.0 1149.0 1310.0 2109.0 1324.0 1459.0 1421.0
1133.0 968.0 1001.0 981.0 923.0 943.0 870.0
870.0 860.0 747.0 716.0 951.0 899.0 939.0
1617.0 1512.0 1515.0 1564.0 1420.0 1149.0 1310.0
1576.0 1617.0 1530.0 1561.0 1658.0 1512.0 1575.0
1137.0 1073.0 1041.0 1070.0 1015.0 1050.0 975.0
2109.0 1324.0 1459.0 1421.0 1239.0 2006.0 1279.0
975.0 967.0 1099.0 990.0 1172.0 1400.0 1535.0
1149.0 1310.0 2109.0 1324.0 1459.0 1421.0 1239.0
1459.0 1421.0 1239.0 2006.0 1279.0 1227.0 1022.0
1515.0 1564.0 1420.0 1149.0 1310.0 2109.0 1324.0
1304.0 1361.0 1270.0 1213.0 1067.0 956.0 941.0
1413.0 1304.0 1361.0 1270.0 1213.0 1067.0 956.0
1530.0 1561.0 1658.0 1512.0 1575.0 1660.0 1620.0
1067.0 956.0 941.0 1137.0 1073.0 1041.0 1070.0
1239.0 2006.0 1279.0 1227.0 1022.0 1101.0 1289.0
1552.0 1688.0 1605.0 1576.0 1617.0 1530.0 1561.0
1022.0 1101.0 1289.0 1413.0 1304.0 1361.0 1270.0
2226.0 1999.0 1995.0 1912.0 1598.0 1314.0 1396.0
2006.0 1279.0 1227.0 1022.0 1101.0 1289.0 1413.0
1001.0 981.0 923.0 943.0 870.0 860.0 747.0
950.0 1127.0 1552.0 1688.0 1605.0 1576.0 1617.0
899.0 939.0 943.0 853.0 913.0 699.0 749.0
1512.0 1575.0 1660.0 1620.0 1707.0 1352.0 1360.0
1620.0 1707.0 1352.0 1360.0 1617.0 1512.0 1515.0
1041.0 1070.0 1015.0 1050.0 975.0 967.0 1099.0
747.0 716.0 951.0 899.0 939.0 943.0 853.0
1360.0 1617.0 1512.0 1515.0 1564.0 1420.0 1149.0
1213.0 1067.0 956.0 941.0 1137.0 1073.0 1041.0
941.0 1137.0 1073.0 1041.0 1070.0 1015.0 1050.0
3822.0 3746.0 3745.0 3024.0 2861.0 2482.0 2226.0
3766.0 3822.0 3746.0 3745.0 3024.0 2861.0 2482.0
2911.0 3766.0 3822.0 3746.0 3745.0 3024.0 2861.0
990.0 1172.0 1400.0 1535.0 1615.0 1675.0 2205.0
968.0 1001.0 981.0 923.0 943.0 870.0 860.0
1127.0 1552.0 1688.0 1605.0 1576.0 1617.0 1530.0
1227.0 1022.0 1101.0 1289.0 1413.0 1304.0 1361.0
1658.0 1512.0 1575.0 1660.0 1620.0 1707.0 1352.0
1999.0 1995.0 1912.0 1598.0 1314.0 1396.0 1133.0
1535.0 1615.0 1675.0 2205.0 2236.0 2295.0 2911.0
923.0 943.0 870.0 860.0 747.0 716.0 951.0
716.0 951.0 899.0 939.0 943.0 853.0 913.0
1575.0 1660.0 1620.0 1707.0 1352.0 1360.0 1617.0
860.0 747.0 716.0 951.0 899.0 939.0 943.0
1324.0 1459.0 1421.0 1239.0 2006.0 1279.0 1227.0
1598.0 1314.0 1396.0 1133.0 968.0 1001.0 981.0
1352.0 1360.0 1617.0 1512.0 1515.0 1564.0 1420.0
943.0 870.0 860.0 747.0 716.0 951.0 899.0
1605.0 1576.0 1617.0 1530.0 1561.0 1658.0 1512.0
1564.0 1420.0 1149.0 1310.0 2109.0 1324.0 1459.0
1995.0 1912.0 1598.0 1314.0 1396.0 1133.0 968.0
956.0 941.0 1137.0 1073.0 1041.0 1070.0 1015.0
1073.0 1041.0 1070.0 1015.0 1050.0 975.0 967.0
1396.0 1133.0 968.0 1001.0 981.0 923.0 943.0
1617.0 1530.0 1561.0 1658.0 1512.0 1575.0 1660.0
1015.0 1050.0 975.0 967.0 1099.0 990.0 1172.0
1101.0 1289.0 1413.0 1304.0 1361.0 1270.0 1213.0
1099.0 990.0 1172.0 1400.0 1535.0 1615.0 1675.0
1361.0 1270.0 1213.0 1067.0 956.0 941.0 1137.0
981.0 923.0 943.0 870.0 860.0 747.0 716.0
1400.0 1535.0 1615.0 1675.0 2205.0 2236.0 2295.0
1512.0 1515.0 1564.0 1420.0 1149.0 1310.0 2109.0
1314.0 1396.0 1133.0 968.0 1001.0 981.0 923.0
1310.0 2109.0 1324.0 1459.0 1421.0 1239.0 2006.0
1070.0 1015.0 1050.0 975.0 967.0 1099.0 990.0
1270.0 1213.0 1067.0 956.0 941.0 1137.0 1073.0
1289.0 1413.0 1304.0 1361.0 1270.0 1213.0 1067.0
1561.0 1658.0 1512.0 1575.0 1660.0 1620.0 1707.0
1172.0 1400.0 1535.0 1615.0 1675.0 2205.0 2236.0
951.0 899.0 939.0 943.0 853.0 913.0 699.0
1660.0 1620.0 1707.0 1352.0 1360.0 1617.0 1512.0
967.0 1099.0 990.0 1172.0 1400.0 1535.0 1615.0
1279.0 1227.0 1022.0 1101.0 1289.0 1413.0 1304.0
1421.0 1239.0 2006.0 1279.0 1227.0 1022.0 1101.0
1688.0 1605.0 1576.0 1617.0 1530.0 1561.0 1658.0
1912.0 1598.0 1314.0 1396.0 1133.0 968.0 1001.0
1707.0 1352.0 1360.0 1617.0 1512.0 1515.0 1564.0
1703.0 1641.0 1813.0 1543.0 1520.0 1519.0 1761.0
1200.0 1210.0 1107.0 1131.0 1059.0 1128.0 1148.0
1255.0 1270.0 1215.0 1045.0 999.0 1010.0 974.0
1826.0 1894.0 1668.0 1604.0 1703.0 1641.0 1813.0
1045.0 999.0 1010.0 974.0 1029.0 1020.0 1026.0
964.0 952.0 823.0 837.0 952.0 948.0 872.0
1170.0 1130.0 1152.0 1166.0 1173.0 1200.0 1210.0
837.0 952.0 948.0 872.0 897.0 892.0 879.0
2154.0 2217.0 2235.0 2273.0 2422.0 2592.0 2771.0
1219.0 1264.0 1135.0 1082.0 1100.0 1131.0 1181.0
1537.0 1714.0 1933.0 2034.0 2032.0 1776.0 1853.0
1561.0 1575.0 1565.0 1555.0 1610.0 1668.0 1711.0
1524.0 1480.0 1362.0 1275.0 1255.0 1270.0 1215.0
1813.0 1543.0 1520.0 1519.0 1761.0 1844.0 1855.0
1519.0 1761.0 1844.0 1855.0 1713.0 1536.0 1561.0
1641.0 1813.0 1543.0 1520.0 1519.0 1761.0 1844.0
906.0 1001.0 1007.0 989.0 974.0 978.0 984.0
1782.0 1826.0 1894.0 1668.0 1604.0 1703.0 1641.0
1766.0 1801.0 1830.0 1730.0 667.0 1392.0 1420.0
3774.0 3406.0 3307.0 3263.0 3241.0 2623.0 2566.0
1730.0 667.0 1392.0 1420.0 1416.0 1415.0 1328.0
1182.0 1170.0 1130.0 1152.0 1166.0 1173.0 1200.0
1059.0 1128.0 1148.0 1391.0 1537.0 1714.0 1933.0
4213.0 4564.0 4375.0 4214.0 4240.0 4109.0 4033.0
2771.0 3526.0 4213.0 4564.0 4375.0 4214.0 4240.0
1727.0 1604.0 1600.0 1614.0 1580.0 1784.0 1742.0
970.0 964.0 952.0 823.0 837.0 952.0 948.0
974.0 1029.0 1020.0 1026.0 1001.0 1001.0 954.0
952.0 948.0 872.0 897.0 892.0 879.0 918.0
3241.0 2623.0 2566.0 2477.0 1903.0 1746.0 1364.0
1166.0 1173.0 1200.0 1210.0 1107.0 1131.0 1059.0
1480.0 1362.0 1275.0 1255.0 1270.0 1215.0 1045.0
3526.0 4213.0 4564.0 4375.0 4214.0 4240.0 4109.0
2235.0 2273.0 2422.0 2592.0 2771.0 3526.0 4213.0
1853.0 1727.0 1604.0 1600.0 1614.0 1580.0 1784.0
2018.0 2154.0 2217.0 2235.0 2273.0 2422.0 2592.0
855.0 862.0 906.0 1001.0 1007.0 989.0 974.0
1801.0 1830.0 1730.0 667.0 1392.0 1420.0 1416.0
1177.0 1325.0 1719.0 2018.0 2154.0 2217.0 2235.0
1714.0 1933.0 2034.0 2032.0 1776.0 1853.0 1727.0
954.0 919.0 949.0 912.0 912.0 855.0 862.0
1543.0 1520.0 1519.0 1761.0 1844.0 1855.0 1713.0
4214.0 4240.0 4109.0 4033.0 3774.0 3406.0 3307.0
1135.0 1082.0 1100.0 1131.0 1181.0 1182.0 1170.0
1029.0 1020.0 1026.0 1001.0 1001.0 954.0 919.0
1010.0 974.0 1029.0 1020.0 1026.0 1001.0 1001.0
3406.0 3307.0 3263.0 3241.0 2623.0 2566.0 2477.0
1131.0 1059.0 1128.0 1148.0 1391.0 1537.0 1714.0
1776.0 1853.0 1727.0 1604.0 1600.0 1614.0 1580.0
974.0 978.0 984.0 992.0 970.0 964.0 952.0
952.0 823.0 837.0 952.0 948.0 872.0 897.0
1575.0 1565.0 1555.0 1610.0 1668.0 1711.0 1766.0
1580.0 1784.0 1742.0 1782.0 1826.0 1894.0 1668.0
978.0 984.0 992.0 970.0 964.0 952.0 823.0
4375.0 4214.0 4240.0 4109.0 4033.0 3774.0 3406.0
1328.0 1228.0 1177.0 1325.0 1719.0 2018.0 2154.0
2566.0 2477.0 1903.0 1746.0 1364.0 1524.0 1480.0
2217.0 2235.0 2273.0 2422.0 2592.0 2771.0 3526.0
1020.0 1026.0 1001.0 1001.0 954.0 919.0 949.0
948.0 872.0 897.0 892.0 879.0 918.0 1043.0
919.0 949.0 912.0 912.0 855.0 862.0 906.0
918.0 1043.0 1054.0 921.0 948.0 1321.0 1193.0
1933.0 2034.0 2032.0 1776.0 1853.0 1727.0 1604.0
1903.0 1746.0 1364.0 1524.0 1480.0 1362.0 1275.0
2032.0 1776.0 1853.0 1727.0 1604.0 1600.0 1614.0
1415.0 1328.0 1228.0 1177.0 1325.0 1719.0 2018.0
1565.0 1555.0 1610.0 1668.0 1711.0 1766.0 1801.0
1148.0 1391.0 1537.0 1714.0 1933.0 2034.0 2032.0
1362.0 1275.0 1255.0 1270.0 1215.0 1045.0 999.0
2422.0 2592.0 2771.0 3526.0 4213.0 4564.0 4375.0
879.0 918.0 1043.0 1054.0 921.0 948.0 1321.0
2477.0 1903.0 1746.0 1364.0 1524.0 1480.0 1362.0
992.0 970.0 964.0 952.0 823.0 837.0 952.0
1604.0 1600.0 1614.0 1580.0 1784.0 1742.0 1782.0
2034.0 2032.0 1776.0 1853.0 1727.0 1604.0 1600.0
1001.0 1007.0 989.0 974.0 978.0 984.0 992.0
1228.0 1177.0 1325.0 1719.0 2018.0 2154.0 2217.0
872.0 897.0 892.0 879.0 918.0 1043.0 1054.0
1610.0 1668.0 1711.0 1766.0 1801.0 1830.0 1730.0
1555.0 1610.0 1668.0 1711.0 1766.0 1801.0 1830.0
1275.0 1255.0 1270.0 1215.0 1045.0 999.0 1010.0
2273.0 2422.0 2592.0 2771.0 3526.0 4213.0 4564.0
2592.0 2771.0 3526.0 4213.0 4564.0 4375.0 4214.0
1001.0 1001.0 954.0 919.0 949.0 912.0 912.0
1007.0 989.0 974.0 978.0 984.0 992.0 970.0
912.0 912.0 855.0 862.0 906.0 1001.0 1007.0
892.0 879.0 918.0 1043.0 1054.0 921.0 948.0
949.0 912.0 912.0 855.0 862.0 906.0 1001.0
1082.0 1100.0 1131.0 1181.0 1182.0 1170.0 1130.0
862.0 906.0 1001.0 1007.0 989.0 974.0 978.0
4564.0 4375.0 4214.0 4240.0 4109.0 4033.0 3774.0
4240.0 4109.0 4033.0 3774.0 3406.0 3307.0 3263.0
999.0 1010.0 974.0 1029.0 1020.0 1026.0 1001.0
3263.0 3241.0 2623.0 2566.0 2477.0 1903.0 1746.0
1270.0 1215.0 1045.0 999.0 1010.0 974.0 1029.0
1600.0 1614.0 1580.0 1784.0 1742.0 1782.0 1826.0
1128.0 1148.0 1391.0 1537.0 1714.0 1933.0 2034.0
989.0 974.0 978.0 984.0 992.0 970.0 964.0
897.0 892.0 879.0 918.0 1043.0 1054.0 921.0
1742.0 1782.0 1826.0 1894.0 1668.0 1604.0 1703.0
1210.0 1107.0 1131.0 1059.0 1128.0 1148.0 1391.0
667.0 1392.0 1420.0 1416.0 1415.0 1328.0 1228.0
1152.0 1166.0 1173.0 1200.0 1210.0 1107.0 1131.0
1325.0 1719.0 2018.0 2154.0 2217.0 2235.0 2273.0
1894.0 1668.0 1604.0 1703.0 1641.0 1813.0 1543.0
1295.0 1219.0 1264.0 1135.0 1082.0 1100.0 1131.0
1416.0 1415.0 1328.0 1228.0 1177.0 1325.0 1719.0
1711.0 1766.0 1801.0 1830.0 1730.0 667.0 1392.0
1614.0 1580.0 1784.0 1742.0 1782.0 1826.0 1894.0
1713.0 1536.0 1561.0 1575.0 1565.0 1555.0 1610.0
1173.0 1200.0 1210.0 1107.0 1131.0 1059.0 1128.0
1784.0 1742.0 1782.0 1826.0 1894.0 1668.0 1604.0
912.0 855.0 862.0 906.0 1001.0 1007.0 989.0
1107.0 1131.0 1059.0 1128.0 1148.0 1391.0 1537.0
1130.0 1152.0 1166.0 1173.0 1200.0 1210.0 1107.0
1129.0 1176.0 1236.0 1295.0 1219.0 1264.0 1135.0
1131.0 1181.0 1182.0 1170.0 1130.0 1152.0 1166.0
1100.0 1131.0 1181.0 1182.0 1170.0 1130.0 1152.0
1668.0 1604.0 1703.0 1641.0 1813.0 1543.0 1520.0
4109.0 4033.0 3774.0 3406.0 3307.0 3263.0 3241.0
1844.0 1855.0 1713.0 1536.0 1561.0 1575.0 1565.0
3307.0 3263.0 3241.0 2623.0 2566.0 2477.0 1903.0
1855.0 1713.0 1536.0 1561.0 1575.0 1565.0 1555.0
1026.0 1001.0 1001.0 954.0 919.0 949.0 912.0
1830.0 1730.0 667.0 1392.0 1420.0 1416.0 1415.0
1420.0 1416.0 1415.0 1328.0 1228.0 1177.0 1325.0
1215.0 1045.0 999.0 1010.0 974.0 1029.0 1020.0
1746.0 1364.0 1524.0 1480.0 1362.0 1275.0 1255.0
823.0 837.0 952.0 948.0 872.0 897.0 892.0
1719.0 2018.0 2154.0 2217.0 2235.0 2273.0 2422.0
1264.0 1135.0 1082.0 1100.0 1131.0 1181.0 1182.0
1364.0 1524.0 1480.0 1362.0 1275.0 1255.0 1270.0
1391.0 1537.0 1714.0 1933.0 2034.0 2032.0 1776.0
1236.0 1295.0 1219.0 1264.0 1135.0 1082.0 1100.0
1520.0 1519.0 1761.0 1844.0 1855.0 1713.0 1536.0
1604.0 1703.0 1641.0 1813.0 1543.0 1520.0 1519.0
1392.0 1420.0 1416.0 1415.0 1328.0 1228.0 1177.0
1176.0 1236.0 1295.0 1219.0 1264.0 1135.0 1082.0
984.0 992.0 970.0 964.0 952.0 823.0 837.0
1181.0 1182.0 1170.0 1130.0 1152.0 1166.0 1173.0
1001.0 954.0 919.0 949.0 912.0 912.0 855.0
4033.0 3774.0 3406.0 3307.0 3263.0 3241.0 2623.0
1536.0 1561.0 1575.0 1565.0 1555.0 1610.0 1668.0
1668.0 1711.0 1766.0 1801.0 1830.0 1730.0 667.0
1761.0 1844.0 1855.0 1713.0 1536.0 1561.0 1575.0
2623.0 2566.0 2477.0 1903.0 1746.0 1364.0 1524.0
1608.0 1669.0 1700.0 1767.0 1766.0 1879.0 1723.0
1418.0 1350.0 1310.0 1260.0 1093.0 1100.0 1150.0
1400.0 1400.0 1300.0 1191.0 1100.0 1100.0 1108.0
1260.0 1093.0 1100.0 1150.0 1157.0 1125.0 1150.0
1300.0 1191.0 1100.0 1100.0 1108.0 1109.0 1280.0
1580.0 1575.0 1703.0 1943.0 1732.0 1608.0 1669.0
1100.0 1108.0 1109.0 1280.0 1400.0 1300.0 1254.0
1293.0 1210.0 1250.0 1250.0 1586.0 1635.0 1605.0
2403.0 2497.0 2456.0 2383.0 2550.0 2639.0 2550.0
1701.0 1743.0 1915.0 2342.0 2308.0 2340.0 2247.0
1697.0 1782.0 1541.0 1468.0 1418.0 1350.0 1310.0
1890.0 1844.0 1800.0 1946.0 2468.0 2248.0 1748.0
1946.0 2468.0 2248.0 1748.0 1693.0 1660.0 1701.0
1800.0 1890.0 1844.0 1800.0 1946.0 2468.0 2248.0
1050.0 1050.0 1050.0 1050.0 1050.0 1403.0 1513.0
2060.0 1824.0 1750.0 1737.0 1747.0 1840.0 1900.0
3054.0 2581.0 2953.0 3587.0 3400.0 3422.0 2458.0
1737.0 1747.0 1840.0 1900.0 1720.0 1650.0 1590.0
1844.0 1580.0 1575.0 1703.0 1943.0 1732.0 1608.0
1766.0 1879.0 1723.0 1911.0 2403.0 2497.0 2456.0
3504.0 3650.0 4688.0 4744.0 4600.0 4673.0 4750.0
1400.0 1300.0 1191.0 1100.0 1100.0 1108.0 1109.0
1150.0 1157.0 1125.0 1150.0 1150.0 853.0 859.0
3400.0 3422.0 2458.0 2233.0 2033.0 1942.0 1600.0
1943.0 1732.0 1608.0 1669.0 1700.0 1767.0 1766.0
1782.0 1541.0 1468.0 1418.0 1350.0 1310.0 1260.0
3650.0 4688.0 4744.0 4600.0 4673.0 4750.0 4762.0
1932.0 2523.0 2919.0 3439.0 3504.0 3650.0 4688.0
1108.0 1109.0 1280.0 1400.0 1300.0 1254.0 1300.0
1824.0 1750.0 1737.0 1747.0 1840.0 1900.0 1720.0
2497.0 2456.0 2383.0 2550.0 2639.0 2550.0 2442.0
1844.0 1800.0 1946.0 2468.0 2248.0 1748.0 1693.0
4673.0 4750.0 4762.0 4619.0 3054.0 2581.0 2953.0
1250.0 1250.0 1586.0 1635.0 1605.0 1844.0 1580.0
1157.0 1125.0 1150.0 1150.0 853.0 859.0 914.0
1100.0 1150.0 1157.0 1125.0 1150.0 1150.0 853.0
2581.0 2953.0 3587.0 3400.0 3422.0 2458.0 2233.0
1767.0 1766.0 1879.0 1723.0 1911.0 2403.0 2497.0
1050.0 1403.0 1513.0 1400.0 1400.0 1300.0 1191.0
1191.0 1100.0 1100.0 1108.0 1109.0 1280.0 1400.0
1743.0 1915.0 2342.0 2308.0 2340.0 2247.0 2060.0
2328.0 2195.0 2088.0 2227.0 2025.0 1920.0 1944.0
4600.0 4673.0 4750.0 4762.0 4619.0 3054.0 2581.0
1590.0 1624.0 1909.0 2550.0 2487.0 2003.0 1900.0
2458.0 2233.0 2033.0 1942.0 1600.0 1697.0 1782.0
1403.0 1513.0 1400.0 1400.0 1300.0 1191.0 1100.0
1125.0 1150.0 1150.0 853.0 859.0 914.0 1000.0
1109.0 1280.0 1400.0 1300.0 1254.0 1300.0 1223.0
914.0 1000.0 1000.0 1000.0 985.0 1007.0 1050.0
1300.0 1223.0 1200.0 1191.0 1176.0 1100.0 1162.0
2033.0 1942.0 1600.0 1697.0 1782.0 1541.0 1468.0
4744.0 4600.0 4673.0 4750.0 4762.0 4619.0 3054.0
1650.0 1590.0 1624.0 1909.0 2550.0 2487.0 2003.0
1915.0 2342.0 2308.0 2340.0 2247.0 2060.0 1824.0
1723.0 1911.0 2403.0 2497.0 2456.0 2383.0 2550.0
1541.0 1468.0 1418.0 1350.0 1310.0 1260.0 1093.0
2919.0 3439.0 3504.0 3650.0 4688.0 4744.0 4600.0
1254.0 1300.0 1223.0 1200.0 1191.0 1176.0 1100.0
2233.0 2033.0 1942.0 1600.0 1697.0 1782.0 1541.0
2442.0 2331.0 2281.0 2328.0 2195.0 2088.0 2227.0
4688.0 4744.0 4600.0 4673.0 4750.0 4762.0 4619.0
1050.0 1050.0 1050.0 1050.0 1403.0 1513.0 1400.0
1624.0 1909.0 2550.0 2487.0 2003.0 1900.0 1932.0
1280.0 1400.0 1300.0 1254.0 1300.0 1223.0 1200.0
2308.0 2340.0 2247.0 2060.0 1824.0 1750.0 1737.0
2342.0 2308.0 2340.0 2247.0 2060.0 1824.0 1750.0
1468.0 1418.0 1350.0 1310.0 1260.0 1093.0 1100.0
2523.0 2919.0 3439.0 3504.0 3650.0 4688.0 4744.0
3439.0 3504.0 3650.0 4688.0 4744.0 4600.0 4673.0
1150.0 853.0 859.0 914.0 1000.0 1000.0 1000.0
1050.0 1050.0 1050.0 1403.0 1513.0 1400.0 1400.0
1000.0 1000.0 985.0 1007.0 1050.0 1050.0 1050.0
1300.0 1254.0 1300.0 1223.0 1200.0 1191.0 1176.0
1000.0 1000.0 1000.0 985.0 1007.0 1050.0 1050.0
1250.0 1586.0 1635.0 1605.0 1844.0 1580.0 1575.0
1007.0 1050.0 1050.0 1050.0 1050.0 1050.0 1403.0
4750.0 4762.0 4619.0 3054.0 2581.0 2953.0 3587.0
1093.0 1100.0 1150.0 1157.0 1125.0 1150.0 1150.0
3587.0 3400.0 3422.0 2458.0 2233.0 2033.0 1942.0
1350.0 1310.0 1260.0 1093.0 1100.0 1150.0 1157.0
2331.0 2281.0 2328.0 2195.0 2088.0 2227.0 2025.0
1879.0 1723.0 1911.0 2403.0 2497.0 2456.0 2383.0
1050.0 1050.0 1403.0 1513.0 1400.0 1400.0 1300.0
1400.0 1300.0 1254.0 1300.0 1223.0 1200.0 1191.0
2088.0 2227.0 2025.0 1920.0 1944.0 1876.0 1800.0
1669.0 1700.0 1767.0 1766.0 1879.0 1723.0 1911.0
1747.0 1840.0 1900.0 1720.0 1650.0 1590.0 1624.0
1703.0 1943.0 1732.0 1608.0 1669.0 1700.0 1767.0
1416.0 1293.0 1210.0 1250.0 1250.0 1586.0 1635.0
1720.0 1650.0 1590.0 1624.0 1909.0 2550.0 2487.0
2247.0 2060.0 1824.0 1750.0 1737.0 1747.0 1840.0
2281.0 2328.0 2195.0 2088.0 2227.0 2025.0 1920.0
1693.0 1660.0 1701.0 1743.0 1915.0 2342.0 2308.0
1732.0 1608.0 1669.0 1700.0 1767.0 1766.0 1879.0
2195.0 2088.0 2227.0 2025.0 1920.0 1944.0 1876.0
1000.0 985.0 1007.0 1050.0 1050.0 1050.0 1050.0
1700.0 1767.0 1766.0 1879.0 1723.0 1911.0 2403.0
1575.0 1703.0 1943.0 1732.0 1608.0 1669.0 1700.0
2346.0 1461.0 1454.0 1416.0 1293.0 1210.0 1250.0
1635.0 1605.0 1844.0 1580.0 1575.0 1703.0 1943.0
1586.0 1635.0 1605.0 1844.0 1580.0 1575.0 1703.0
4762.0 4619.0 3054.0 2581.0 2953.0 3587.0 3400.0
2248.0 1748.0 1693.0 1660.0 1701.0 1743.0 1915.0
2953.0 3587.0 3400.0 3422.0 2458.0 2233.0 2033.0
1748.0 1693.0 1660.0 1701.0 1743.0 1915.0 2342.0
1150.0 1150.0 853.0 859.0 914.0 1000.0 1000.0
1750.0 1737.0 1747.0 1840.0 1900.0 1720.0 1650.0
1900.0 1720.0 1650.0 1590.0 1624.0 1909.0 2550.0
1310.0 1260.0 1093.0 1100.0 1150.0 1157.0 1125.0
1942.0 1600.0 1697.0 1782.0 1541.0 1468.0 1418.0
1100.0 1100.0 1108.0 1109.0 1280.0 1400.0 1300.0
859.0 914.0 1000.0 1000.0 1000.0 985.0 1007.0
1210.0 1250.0 1250.0 1586.0 1635.0 1605.0 1844.0
985.0 1007.0 1050.0 1050.0 1050.0 1050.0 1050.0
1911.0 2403.0 2497.0 2456.0 2383.0 2550.0 2639.0
1454.0 1416.0 1293.0 1210.0 1250.0 1250.0 1586.0
1800.0 1946.0 2468.0 2248.0 1748.0 1693.0 1660.0
2468.0 2248.0 1748.0 1693.0 1660.0 1701.0 1743.0
1840.0 1900.0 1720.0 1650.0 1590.0 1624.0 1909.0
1461.0 1454.0 1416.0 1293.0 1210.0 1250.0 1250.0
1513.0 1400.0 1400.0 1300.0 1191.0 1100.0 1100.0
1605.0 1844.0 1580.0 1575.0 1703.0 1943.0 1732.0
853.0 859.0 914.0 1000.0 1000.0 1000.0 985.0
4619.0 3054.0 2581.0 2953.0 3587.0 3400.0 3422.0
1660.0 1701.0 1743.0 1915.0 2342.0 2308.0 2340.0
2340.0 2247.0 2060.0 1824.0 1750.0 1737.0 1747.0
1600.0 1697.0 1782.0 1541.0 1468.0 1418.0 1350.0
3422.0 2458.0 2233.0 2033.0 1942.0 1600.0 1697.0
1456.0 1400.0 1430.0 1400.0 1478.0 1488.0 1548.0
750.0 750.0 750.0 791.0 1050.0 1050.0 1096.0
1000.0 1000.0 1000.0 850.0 1000.0 950.0 950.0
1715.0 1622.0 1582.0 1561.0 1456.0 1400.0 1430.0
850.0 1000.0 950.0 950.0 869.0 1000.0 900.0
899.0 750.0 750.0 750.0 750.0 750.0 750.0
1609.0 1585.0 1694.0 1847.0 2254.0 2358.0 2412.0
948.0 818.0 701.0 862.0 900.0 1081.0 885.0
1568.0 1714.0 1700.0 1603.0 1148.0 1444.0 1232.0
1522.0 1500.0 1540.0 1495.0 1441.0 1325.0 1311.0
1100.0 1100.0 1000.0 1000.0 1000.0 1000.0 1000.0
1430.0 1400.0 1478.0 1488.0 1548.0 1500.0 1520.0
1488.0 1548.0 1500.0 1520.0 1419.0 1670.0 1522.0
1400.0 1430.0 1400.0 1478.0 1488.0 1548.0 1500.0
850.0 850.0 900.0 900.0 900.0 900.0 1050.0
1700.0 1715.0 1622.0 1582.0 1561.0 1456.0 1400.0
1322.0 1267.0 1156.0 1254.0 1144.0 1106.0 1163.0
2890.0 3000.0 2900.0 2784.0 2035.0 1950.0 1700.0
1254.0 1144.0 1106.0 1163.0 1081.0 1088.0 1045.0
910.0 899.0 750.0 750.0 750.0 750.0 750.0
1050.0 1050.0 1096.0 1118.0 1568.0 1714.0 1700.0
3337.0 3218.0 3273.0 3363.0 3300.0 2700.0 2491.0
2412.0 2560.0 3337.0 3218.0 3273.0 3363.0 3300.0
1200.0 1200.0 1363.0 1522.0 1450.0 1450.0 1450.0
950.0 869.0 1000.0 900.0 850.0 950.0 900.0
2035.0 1950.0 1700.0 1500.0 1328.0 1339.0 1050.0
750.0 750.0 750.0 750.0 750.0 791.0 1050.0
1100.0 1000.0 1000.0 1000.0 1000.0 1000.0 850.0
2560.0 3337.0 3218.0 3273.0 3363.0 3300.0 2700.0
1694.0 1847.0 2254.0 2358.0 2412.0 2560.0 3337.0
1232.0 1200.0 1200.0 1363.0 1522.0 1450.0 1450.0
1461.0 1609.0 1585.0 1694.0 1847.0 2254.0 2358.0
800.0 800.0 850.0 850.0 900.0 900.0 900.0
1267.0 1156.0 1254.0 1144.0 1106.0 1163.0 1081.0
1134.0 1195.0 1434.0 1461.0 1609.0 1585.0 1694.0
1714.0 1700.0 1603.0 1148.0 1444.0 1232.0 1200.0
900.0 800.0 800.0 800.0 800.0 800.0 800.0
1400.0 1478.0 1488.0 1548.0 1500.0 1520.0 1419.0
3363.0 3300.0 2700.0 2491.0 2890.0 3000.0 2900.0
701.0 862.0 900.0 1081.0 885.0 910.0 899.0
869.0 1000.0 900.0 850.0 950.0 900.0 800.0
950.0 950.0 869.0 1000.0 900.0 850.0 950.0
3000.0 2900.0 2784.0 2035.0 1950.0 1700.0 1500.0
791.0 1050.0 1050.0 1096.0 1118.0 1568.0 1714.0
1444.0 1232.0 1200.0 1200.0 1363.0 1522.0 1450.0
900.0 900.0 1050.0 900.0 800.0 836.0 800.0
850.0 750.0 750.0 1000.0 950.0 950.0 850.0
1500.0 1540.0 1495.0 1441.0 1325.0 1311.0 1322.0
1450.0 1450.0 1450.0 1700.0 1715.0 1622.0 1582.0
900.0 1050.0 900.0 800.0 836.0 800.0 850.0
3273.0 3363.0 3300.0 2700.0 2491.0 2890.0 3000.0
1045.0 1050.0 1134.0 1195.0 1434.0 1461.0 1609.0
1700.0 1500.0 1328.0 1339.0 1050.0 1100.0 1100.0
1585.0 1694.0 1847.0 2254.0 2358.0 2412.0 2560.0
1000.0 900.0 850.0 950.0 900.0 800.0 800.0
750.0 750.0 1000.0 950.0 950.0 850.0 900.0
800.0 800.0 800.0 800.0 800.0 800.0 850.0
850.0 900.0 900.0 1050.0 950.0 950.0 900.0
1700.0 1603.0 1148.0 1444.0 1232.0 1200.0 1200.0
1328.0 1339.0 1050.0 1100.0 1100.0 1000.0 1000.0
3218.0 3273.0 3363.0 3300.0 2700.0 2491.0 2890.0
1088.0 1045.0 1050.0 1134.0 1195.0 1434.0 1461.0
1540.0 1495.0 1441.0 1325.0 1311.0 1322.0 1267.0
1096.0 1118.0 1568.0 1714.0 1700.0 1603.0 1148.0
1000.0 1000.0 1000.0 1000.0 1000.0 850.0 1000.0
2254.0 2358.0 2412.0 2560.0 3337.0 3218.0 3273.0
950.0 850.0 900.0 900.0 1050.0 950.0 950.0
1500.0 1328.0 1339.0 1050.0 1100.0 1100.0 1000.0
1200.0 1363.0 1522.0 1450.0 1450.0 1450.0 1700.0
1603.0 1148.0 1444.0 1232.0 1200.0 1200.0 1363.0
850.0 900.0 900.0 900.0 900.0 1050.0 900.0
1050.0 1134.0 1195.0 1434.0 1461.0 1609.0 1585.0
750.0 1000.0 950.0 950.0 850.0 900.0 900.0
1441.0 1325.0 1311.0 1322.0 1267.0 1156.0 1254.0
1495.0 1441.0 1325.0 1311.0 1322.0 1267.0 1156.0
1000.0 1000.0 1000.0 1000.0 850.0 1000.0 950.0
1847.0 2254.0 2358.0 2412.0 2560.0 3337.0 3218.0
2358.0 2412.0 2560.0 3337.0 3218.0 3273.0 3363.0
850.0 950.0 900.0 800.0 800.0 800.0 800.0
900.0 900.0 900.0 900.0 1050.0 900.0 800.0
800.0 800.0 800.0 800.0 850.0 850.0 900.0
950.0 950.0 850.0 900.0 900.0 1050.0 950.0
800.0 800.0 800.0 800.0 800.0 850.0 850.0
862.0 900.0 1081.0 885.0 910.0 899.0 750.0
800.0 850.0 850.0 900.0 900.0 900.0 900.0
1148.0 1444.0 1232.0 1200.0 1200.0 1363.0 1522.0
3300.0 2700.0 2491.0 2890.0 3000.0 2900.0 2784.0
1000.0 950.0 950.0 869.0 1000.0 900.0 850.0
2784.0 2035.0 1950.0 1700.0 1500.0 1328.0 1339.0
1000.0 1000.0 850.0 1000.0 950.0 950.0 869.0
1363.0 1522.0 1450.0 1450.0 1450.0 1700.0 1715.0
1050.0 1096.0 1118.0 1568.0 1714.0 1700.0 1603.0
900.0 900.0 900.0 1050.0 900.0 800.0 836.0
1000.0 950.0 950.0 850.0 900.0 900.0 1050.0
1450.0 1700.0 1715.0 1622.0 1582.0 1561.0 1456.0
750.0 750.0 791.0 1050.0 1050.0 1096.0 1118.0
1144.0 1106.0 1163.0 1081.0 1088.0 1045.0 1050.0
750.0 750.0 750.0 750.0 750.0 750.0 791.0
1195.0 1434.0 1461.0 1609.0 1585.0 1694.0 1847.0
1622.0 1582.0 1561.0 1456.0 1400.0 1430.0 1400.0
1081.0 1088.0 1045.0 1050.0 1134.0 1195.0 1434.0
1311.0 1322.0 1267.0 1156.0 1254.0 1144.0 1106.0
1522.0 1450.0 1450.0 1450.0 1700.0 1715.0 1622.0
1419.0 1670.0 1522.0 1500.0 1540.0 1495.0 1441.0
750.0 750.0 750.0 750.0 791.0 1050.0 1050.0
1450.0 1450.0 1700.0 1715.0 1622.0 1582.0 1561.0
800.0 800.0 800.0 850.0 850.0 900.0 900.0
750.0 791.0 1050.0 1050.0 1096.0 1118.0 1568.0
750.0 750.0 750.0 750.0 750.0 750.0 750.0
1081.0 885.0 910.0 899.0 750.0 750.0 750.0
900.0 1081.0 885.0 910.0 899.0 750.0 750.0
1582.0 1561.0 1456.0 1400.0 1430.0 1400.0 1478.0
2700.0 2491.0 2890.0 3000.0 2900.0 2784.0 2035.0
1500.0 1520.0 1419.0 1670.0 1522.0 1500.0 1540.0
2900.0 2784.0 2035.0 1950.0 1700.0 1500.0 1328.0
1520.0 1419.0 1670.0 1522.0 1500.0 1540.0 1495.0
900.0 850.0 950.0 900.0 800.0 800.0 800.0
1156.0 1254.0 1144.0 1106.0 1163.0 1081.0 1088.0
1163.0 1081.0 1088.0 1045.0 1050.0 1134.0 1195.0
1000.0 850.0 1000.0 950.0 950.0 869.0 1000.0
1339.0 1050.0 1100.0 1100.0 1000.0 1000.0 1000.0
1434.0 1461.0 1609.0 1585.0 1694.0 1847.0 2254.0
818.0 701.0 862.0 900.0 1081.0 885.0 910.0
1050.0 1100.0 1100.0 1000.0 1000.0 1000.0 1000.0
1118.0 1568.0 1714.0 1700.0 1603.0 1148.0 1444.0
1478.0 1488.0 1548.0 1500.0 1520.0 1419.0 1670.0
1561.0 1456.0 1400.0 1430.0 1400.0 1478.0 1488.0
1106.0 1163.0 1081.0 1088.0 1045.0 1050.0 1134.0
1050.0 900.0 800.0 836.0 800.0 850.0 850.0
885.0 910.0 899.0 750.0 750.0 750.0 750.0
950.0 900.0 800.0 800.0 800.0 800.0 800.0
2491.0 2890.0 3000.0 2900.0 2784.0 2035.0 1950.0
1670.0 1522.0 1500.0 1540.0 1495.0 1441.0 1325.0
1325.0 1311.0 1322.0 1267.0 1156.0 1254.0 1144.0
1548.0 1500.0 1520.0 1419.0 1670.0 1522.0 1500.0
1950.0 1700.0 1500.0 1328.0 1339.0 1050.0 1100.0
1398.0 1229.0 1271.0 1226.0 1246.0 1506.0 1584.0
897.0 868.0 863.0 893.0 845.0 792.0 804.0
1395.0 1482.0 1380.0 1441.0 1398.0 1229.0 1271.0
921.0 900.0 869.0 935.0 928.0 897.0 868.0
1339.0 1341.0 1352.0 1562.0 1772.0 2414.0 2475.0
1104.0 1672.0 1776.0 1741.0 1627.0 1534.0 1395.0
1231.0 1269.0 1311.0 1499.0 1445.0 1304.0 1364.0
1096.0 1127.0 1000.0 925.0 1157.0 1019.0 980.0
1271.0 1226.0 1246.0 1506.0 1584.0 1334.0 1238.0
1506.0 1584.0 1334.0 1238.0 1146.0 1200.0 1231.0
1229.0 1271.0 1226.0 1246.0 1506.0 1584.0 1334.0
1202.0 1395.0 1482.0 1380.0 1441.0 1398.0 1229.0
1342.0 1169.0 1212.0 1111.0 1142.0 1167.0 1223.0
2699.0 2450.0 2519.0 2502.0 2066.0 2098.0 1818.0
935.0 921.0 900.0 869.0 935.0 928.0 897.0
845.0 792.0 804.0 1005.0 1104.0 1672.0 1776.0
3216.0 3959.0 3870.0 3602.0 3570.0 3222.0 2738.0
2475.0 2914.0 3216.0 3959.0 3870.0 3602.0 3570.0
1435.0 1305.0 1338.0 1330.0 1395.0 1310.0 1194.0
1584.0 1334.0 1238.0 1146.0 1200.0 1231.0 1269.0
953.0 877.0 862.0 856.0 835.0 802.0 834.0
2066.0 2098.0 1818.0 1510.0 1431.0 1096.0 1131.0
935.0 928.0 897.0 868.0 863.0 893.0 845.0
2914.0 3216.0 3959.0 3870.0 3602.0 3570.0 3222.0
1352.0 1562.0 1772.0 2414.0 2475.0 2914.0 3216.0
1395.0 1435.0 1305.0 1338.0 1330.0 1395.0 1310.0
1141.0 1339.0 1341.0 1352.0 1562.0 1772.0 2414.0
1169.0 1212.0 1111.0 1142.0 1167.0 1223.0 1201.0
1672.0 1776.0 1741.0 1627.0 1534.0 1395.0 1435.0
1226.0 1246.0 1506.0 1584.0 1334.0 1238.0 1146.0
3602.0 3570.0 3222.0 2738.0 2699.0 2450.0 2519.0
877.0 862.0 856.0 835.0 802.0 834.0 834.0
916.0 953.0 877.0 862.0 856.0 835.0 802.0
2450.0 2519.0 2502.0 2066.0 2098.0 1818.0 1510.0
893.0 845.0 792.0 804.0 1005.0 1104.0 1672.0
1534.0 1395.0 1435.0 1305.0 1338.0 1330.0 1395.0
1269.0 1311.0 1499.0 1445.0 1304.0 1364.0 1342.0
1395.0 1310.0 1194.0 1202.0 1395.0 1482.0 1380.0
3870.0 3602.0 3570.0 3222.0 2738.0 2699.0 2450.0
1818.0 1510.0 1431.0 1096.0 1131.0 1096.0 1127.0
1341.0 1352.0 1562.0 1772.0 2414.0 2475.0 2914.0
862.0 856.0 835.0 802.0 834.0 834.0 781.0
834.0 781.0 776.0 770.0 785.0 710.0 797.0
784.0 816.0 809.0 815.0 962.0 1069.0 900.0
1776.0 1741.0 1627.0 1534.0 1395.0 1435.0 1305.0
1431.0 1096.0 1131.0 1096.0 1127.0 1000.0 925.0
3959.0 3870.0 3602.0 3570.0 3222.0 2738.0 2699.0
1311.0 1499.0 1445.0 1304.0 1364.0 1342.0 1169.0
804.0 1005.0 1104.0 1672.0 1776.0 1741.0 1627.0
1772.0 2414.0 2475.0 2914.0 3216.0 3959.0 3870.0
701.0 784.0 816.0 809.0 815.0 962.0 1069.0
1510.0 1431.0 1096.0 1131.0 1096.0 1127.0 1000.0
1305.0 1338.0 1330.0 1395.0 1310.0 1194.0 1202.0
1741.0 1627.0 1534.0 1395.0 1435.0 1305.0 1338.0
800.0 675.0 750.0 701.0 784.0 816.0 809.0
1445.0 1304.0 1364.0 1342.0 1169.0 1212.0 1111.0
1499.0 1445.0 1304.0 1364.0 1342.0 1169.0 1212.0
1562.0 1772.0 2414.0 2475.0 2914.0 3216.0 3959.0
2414.0 2475.0 2914.0 3216.0 3959.0 3870.0 3602.0
835.0 802.0 834.0 834.0 781.0 776.0 770.0
776.0 770.0 785.0 710.0 797.0 682.0 672.0
750.0 701.0 784.0 816.0 809.0 815.0 962.0
781.0 776.0 770.0 785.0 710.0 797.0 682.0
1627.0 1534.0 1395.0 1435.0 1305.0 1338.0 1330.0
3570.0 3222.0 2738.0 2699.0 2450.0 2519.0 2502.0
906.0 916.0 953.0 877.0 862.0 856.0 835.0
2502.0 2066.0 2098.0 1818.0 1510.0 1431.0 1096.0
1338.0 1330.0 1395.0 1310.0 1194.0 1202.0 1395.0
792.0 804.0 1005.0 1104.0 1672.0 1776.0 1741.0
675.0 750.0 701.0 784.0 816.0 809.0 815.0
1194.0 1202.0 1395.0 1482.0 1380.0 1441.0 1398.0
868.0 863.0 893.0 845.0 792.0 804.0 1005.0
980.0 906.0 916.0 953.0 877.0 862.0 856.0
869.0 935.0 928.0 897.0 868.0 863.0 893.0
1482.0 1380.0 1441.0 1398.0 1229.0 1271.0 1226.0
1364.0 1342.0 1169.0 1212.0 1111.0 1142.0 1167.0
1330.0 1395.0 1310.0 1194.0 1202.0 1395.0 1482.0
1146.0 1200.0 1231.0 1269.0 1311.0 1499.0 1445.0
928.0 897.0 868.0 863.0 893.0 845.0 792.0
1310.0 1194.0 1202.0 1395.0 1482.0 1380.0 1441.0
770.0 785.0 710.0 797.0 682.0 672.0 778.0
863.0 893.0 845.0 792.0 804.0 1005.0 1104.0
900.0 869.0 935.0 928.0 897.0 868.0 863.0
1050.0 981.0 918.0 861.0 855.0 799.0 745.0
961.0 926.0 935.0 921.0 900.0 869.0 935.0
786.0 961.0 926.0 935.0 921.0 900.0 869.0
1380.0 1441.0 1398.0 1229.0 1271.0 1226.0 1246.0
3222.0 2738.0 2699.0 2450.0 2519.0 2502.0 2066.0
1334.0 1238.0 1146.0 1200.0 1231.0 1269.0 1311.0
2519.0 2502.0 2066.0 2098.0 1818.0 1510.0 1431.0
1238.0 1146.0 1200.0 1231.0 1269.0 1311.0 1499.0
856.0 835.0 802.0 834.0 834.0 781.0 776.0
1212.0 1111.0 1142.0 1167.0 1223.0 1201.0 1141.0
1096.0 1131.0 1096.0 1127.0 1000.0 925.0 1157.0
834.0 834.0 781.0 776.0 770.0 785.0 710.0
1005.0 1104.0 1672.0 1776.0 1741.0 1627.0 1534.0
1246.0 1506.0 1584.0 1334.0 1238.0 1146.0 1200.0
1441.0 1398.0 1229.0 1271.0 1226.0 1246.0 1506.0
981.0 918.0 861.0 855.0 799.0 745.0 786.0
926.0 935.0 921.0 900.0 869.0 935.0 928.0
802.0 834.0 834.0 781.0 776.0 770.0 785.0
2738.0 2699.0 2450.0 2519.0 2502.0 2066.0 2098.0
1200.0 1231.0 1269.0 1311.0 1499.0 1445.0 1304.0
1304.0 1364.0 1342.0 1169.0 1212.0 1111.0 1142.0
1131.0 1096.0 1127.0 1000.0 925.0 1157.0 1019.0
2098.0 1818.0 1510.0 1431.0 1096.0 1131.0 1096.0
1376.0 1344.0 1100.0 1154.0 745.0 1003.0 1200.0
708.0 759.0 680.0 634.0 646.0 679.0 713.0
1000.0 1071.0 945.0 780.0 679.0 783.0 1094.0
1464.0 1178.0 1361.0 1278.0 1376.0 1344.0 1100.0
780.0 679.0 783.0 1094.0 1000.0 800.0 846.0
537.0 542.0 548.0 569.0 563.0 600.0 765.0
604.0 700.0 707.0 716.0 724.0 708.0 759.0
569.0 563.0 600.0 765.0 804.0 661.0 556.0
1200.0 1152.0 1194.0 1269.0 953.0 2103.0 1485.0
630.0 603.0 653.0 683.0 700.0 799.0 764.0
1197.0 1429.0 1444.0 1442.0 1227.0 1371.0 1206.0
886.0 1340.0 693.0 974.0 1282.0 120.0 1064.0
1236.0 1064.0 846.0 951.0 1000.0 1071.0 945.0
1100.0 1154.0 745.0 1003.0 1200.0 1065.0 420.0
1003.0 1200.0 1065.0 420.0 1183.0 945.0 886.0
1344.0 1100.0 1154.0 745.0 1003.0 1200.0 1065.0
400.0 400.0 446.0 400.0 503.0 461.0 568.0
1179.0 1464.0 1178.0 1361.0 1278.0 1376.0 1344.0
1300.0 1044.0 770.0 224.0 601.0 777.0 644.0
850.0 1750.0 2350.0 2534.0 2600.0 1846.0 1340.0
224.0 601.0 777.0 644.0 437.0 517.0 172.0
729.0 604.0 700.0 707.0 716.0 724.0 708.0
646.0 679.0 713.0 784.0 1197.0 1429.0 1444.0
1485.0 1113.0 264.0 2002.0 3599.0 1999.0 3151.0
557.0 537.0 542.0 548.0 569.0 563.0 600.0
1094.0 1000.0 800.0 846.0 679.0 583.0 688.0
2600.0 1846.0 1340.0 1663.0 1646.0 1392.0 1188.0
716.0 724.0 708.0 759.0 680.0 634.0 646.0
1064.0 846.0 951.0 1000.0 1071.0 945.0 780.0
1113.0 264.0 2002.0 3599.0 1999.0 3151.0 2941.0
1194.0 1269.0 953.0 2103.0 1485.0 1113.0 264.0
563.0 600.0 765.0 804.0 661.0 556.0 634.0
867.0 1200.0 1152.0 1194.0 1269.0 953.0 2103.0
400.0 391.0 400.0 400.0 446.0 400.0 503.0
1044.0 770.0 224.0 601.0 777.0 644.0 437.0
436.0 900.0 1159.0 867.0 1200.0 1152.0 1194.0
1429.0 1444.0 1442.0 1227.0 1371.0 1206.0 1260.0
688.0 774.0 690.0 432.0 392.0 400.0 391.0
1154.0 745.0 1003.0 1200.0 1065.0 420.0 1183.0
1999.0 3151.0 2941.0 2052.0 850.0 1750.0 2350.0
653.0 683.0 700.0 799.0 764.0 729.0 604.0
1000.0 800.0 846.0 679.0 583.0 688.0 774.0
783.0 1094.0 1000.0 800.0 846.0 679.0 583.0
1750.0 2350.0 2534.0 2600.0 1846.0 1340.0 1663.0
634.0 646.0 679.0 713.0 784.0 1197.0 1429.0
503.0 461.0 568.0 629.0 557.0 537.0 542.0
542.0 548.0 569.0 563.0 600.0 765.0 804.0
1340.0 693.0 974.0 1282.0 120.0 1064.0 1300.0
1245.0 1144.0 1068.0 1179.0 1464.0 1178.0 1361.0
461.0 568.0 629.0 557.0 537.0 542.0 548.0
3599.0 1999.0 3151.0 2941.0 2052.0 850.0 1750.0
172.0 606.0 436.0 900.0 1159.0 867.0 1200.0
1340.0 1663.0 1646.0 1392.0 1188.0 1236.0 1064.0
1152.0 1194.0 1269.0 953.0 2103.0 1485.0 1113.0
800.0 846.0 679.0 583.0 688.0 774.0 690.0
600.0 765.0 804.0 661.0 556.0 634.0 662.0
774.0 690.0 432.0 392.0 400.0 391.0 400.0
634.0 662.0 603.0 600.0 656.0 601.0 582.0
1444.0 1442.0 1227.0 1371.0 1206.0 1260.0 1170.0
1646.0 1392.0 1188.0 1236.0 1064.0 846.0 951.0
2002.0 3599.0 1999.0 3151.0 2941.0 2052.0 850.0
517.0 172.0 606.0 436.0 900.0 1159.0 867.0
693.0 974.0 1282.0 120.0 1064.0 1300.0 1044.0
713.0 784.0 1197.0 1429.0 1444.0 1442.0 1227.0
846.0 951.0 1000.0 1071.0 945.0 780.0 679.0
953.0 2103.0 1485.0 1113.0 264.0 2002.0 3599.0
556.0 634.0 662.0 603.0 600.0 656.0 601.0
1663.0 1646.0 1392.0 1188.0 1236.0 1064.0 846.0
629.0 557.0 537.0 542.0 548.0 569.0 563.0
264.0 2002.0 3599.0 1999.0 3151.0 2941.0 2052.0
400.0 446.0 400.0 503.0 461.0 568.0 629.0
606.0 436.0 900.0 1159.0 867.0 1200.0 1152.0
765.0 804.0 661.0 556.0 634.0 662.0 603.0
1282.0 120.0 1064.0 1300.0 1044.0 770.0 224.0
974.0 1282.0 120.0 1064.0 1300.0 1044.0 770.0
951.0 1000.0 1071.0 945.0 780.0 679.0 783.0
1269.0 953.0 2103.0 1485.0 1113.0 264.0 2002.0
2103.0 1485.0 1113.0 264.0 2002.0 3599.0 1999.0
679.0 583.0 688.0 774.0 690.0 432.0 392.0
446.0 400.0 503.0 461.0 568.0 629.0 557.0
432.0 392.0 400.0 391.0 400.0 400.0 446.0
661.0 556.0 634.0 662.0 603.0 600.0 656.0
690.0 432.0 392.0 400.0 391.0 400.0 400.0
683.0 700.0 799.0 764.0 729.0 604.0 700.0
391.0 400.0 400.0 446.0 400.0 503.0 461.0
3151.0 2941.0 2052.0 850.0 1750.0 2350.0 2534.0
679.0 783.0 1094.0 1000.0 800.0 846.0 679.0
2534.0 2600.0 1846.0 1340.0 1663.0 1646.0 1392.0
1071.0 945.0 780.0 679.0 783.0 1094.0 1000.0
1170.0 1400.0 1245.0 1144.0 1068.0 1179.0 1464.0
679.0 713.0 784.0 1197.0 1429.0 1444.0 1442.0
400.0 503.0 461.0 568.0 629.0 557.0 537.0
804.0 661.0 556.0 634.0 662.0 603.0 600.0
1068.0 1179.0 1464.0 1178.0 1361.0 1278.0 1376.0
759.0 680.0 634.0 646.0 679.0 713.0 784.0
601.0 777.0 644.0 437.0 517.0 172.0 606.0
707.0 716.0 724.0 708.0 759.0 680.0 634.0
900.0 1159.0 867.0 1200.0 1152.0 1194.0 1269.0
1178.0 1361.0 1278.0 1376.0 1344.0 1100.0 1154.0
764.0 630.0 603.0 653.0 683.0 700.0 799.0
437.0 517.0 172.0 606.0 436.0 900.0 1159.0
1064.0 1300.0 1044.0 770.0 224.0 601.0 777.0
1400.0 1245.0 1144.0 1068.0 1179.0 1464.0 1178.0
1183.0 945.0 886.0 1340.0 693.0 974.0 1282.0
724.0 708.0 759.0 680.0 634.0 646.0 679.0
1144.0 1068.0 1179.0 1464.0 1178.0 1361.0 1278.0
392.0 400.0 391.0 400.0 400.0 446.0 400.0
680.0 634.0 646.0 679.0 713.0 784.0 1197.0
700.0 707.0 716.0 724.0 708.0 759.0 680.0
951.0 722.0 883.0 764.0 630.0 603.0 653.0
799.0 764.0 729.0 604.0 700.0 707.0 716.0
700.0 799.0 764.0 729.0 604.0 700.0 707.0
1361.0 1278.0 1376.0 1344.0 1100.0 1154.0 745.0
2941.0 2052.0 850.0 1750.0 2350.0 2534.0 2600.0
1065.0 420.0 1183.0 945.0 886.0 1340.0 693.0
2350.0 2534.0 2600.0 1846.0 1340.0 1663.0 1646.0
420.0 1183.0 945.0 886.0 1340.0 693.0 974.0
846.0 679.0 583.0 688.0 774.0 690.0 432.0
770.0 224.0 601.0 777.0 644.0 437.0 517.0
644.0 437.0 517.0 172.0 606.0 436.0 900.0
945.0 780.0 679.0 783.0 1094.0 1000.0 800.0
1392.0 1188.0 1236.0 1064.0 846.0 951.0 1000.0
548.0 569.0 563.0 600.0 765.0 804.0 661.0
1159.0 867.0 1200.0 1152.0 1194.0 1269.0 953.0
603.0 653.0 683.0 700.0 799.0 764.0 729.0
1188.0 1236.0 1064.0 846.0 951.0 1000.0 1071.0
784.0 1197.0 1429.0 1444.0 1442.0 1227.0 1371.0
883.0 764.0 630.0 603.0 653.0 683.0 700.0
745.0 1003.0 1200.0 1065.0 420.0 1183.0 945.0
1278.0 1376.0 1344.0 1100.0 1154.0 745.0 1003.0
777.0 644.0 437.0 517.0 172.0 606.0 436.0
722.0 883.0 764.0 630.0 603.0 653.0 683.0
568.0 629.0 557.0 537.0 542.0 548.0 569.0
764.0 729.0 604.0 700.0 707.0 716.0 724.0
583.0 688.0 774.0 690.0 432.0 392.0 400.0
2052.0 850.0 1750.0 2350.0 2534.0 2600.0 1846.0
945.0 886.0 1340.0 693.0 974.0 1282.0 120.0
120.0 1064.0 1300.0 1044.0 770.0 224.0 601.0
1200.0 1065.0 420.0 1183.0 945.0 886.0 1340.0
1846.0 1340.0 1663.0 1646.0 1392.0 1188.0 1236.0
1909.0 1773.0 1884.0 1832.0 1912.0 2022.0 2065.0
1289.0 1277.0 1223.0 1267.0 1243.0 1375.0 1514.0
1342.0 1309.0 1240.0 1093.0 1050.0 1232.0 1212.0
2290.0 2051.0 2050.0 2201.0 1909.0 1773.0 1884.0
1093.0 1050.0 1232.0 1212.0 1200.0 1200.0 1247.0
1160.0 1200.0 1129.0 1103.0 997.0 929.0 850.0
1250.0 1339.0 1280.0 1275.0 1367.0 1289.0 1277.0
1103.0 997.0 929.0 850.0 675.0 912.0 1200.0
2110.0 2106.0 2225.0 2332.0 3147.0 3519.0 3286.0
1944.0 2618.0 2346.0 2287.0 2245.0 2260.0 2084.0
1705.0 1734.0 1874.0 2007.0 2117.0 1979.0 2043.0
1369.0 1361.0 1309.0 1287.0 1342.0 1309.0 1240.0
1884.0 1832.0 1912.0 2022.0 2065.0 1811.0 1722.0
2022.0 2065.0 1811.0 1722.0 1673.0 1682.0 1705.0
1773.0 1884.0 1832.0 1912.0 2022.0 2065.0 1811.0
1761.0 2290.0 2051.0 2050.0 2201.0 1909.0 1773.0
1921.0 1350.0 1350.0 1599.0 1643.0 1454.0 1658.0
3562.0 2965.0 3574.0 3061.0 2921.0 2711.0 2205.0
1599.0 1643.0 1454.0 1658.0 1657.0 1692.0 1510.0
1354.0 1250.0 1339.0 1280.0 1275.0 1367.0 1289.0
1243.0 1375.0 1514.0 1903.0 1944.0 2618.0 2346.0
5394.0 4435.0 4157.0 4094.0 4100.0 3808.0 3982.0
3286.0 4258.0 5394.0 4435.0 4157.0 4094.0 4100.0
1182.0 1160.0 1200.0 1129.0 1103.0 997.0 929.0
2065.0 1811.0 1722.0 1673.0 1682.0 1705.0 1734.0
1212.0 1200.0 1200.0 1247.0 1233.0 1200.0 1235.0
2921.0 2711.0 2205.0 2116.0 1881.0 1556.0 1524.0
1275.0 1367.0 1289.0 1277.0 1223.0 1267.0 1243.0
1361.0 1309.0 1287.0 1342.0 1309.0 1240.0 1093.0
4258.0 5394.0 4435.0 4157.0 4094.0 4100.0 3808.0
2225.0 2332.0 3147.0 3519.0 3286.0 4258.0 5394.0
997.0 929.0 850.0 675.0 912.0 1200.0 1185.0
2002.0 2110.0 2106.0 2225.0 2332.0 3147.0 3519.0
1350.0 1350.0 1599.0 1643.0 1454.0 1658.0 1657.0
1679.0 2070.0 1970.0 2002.0 2110.0 2106.0 2225.0
2618.0 2346.0 2287.0 2245.0 2260.0 2084.0 2075.0
1235.0 1216.0 1208.0 1150.0 1160.0 1251.0 1062.0
1832.0 1912.0 2022.0 2065.0 1811.0 1722.0 1673.0
4094.0 4100.0 3808.0 3982.0 3562.0 2965.0 3574.0
1200.0 1200.0 1247.0 1233.0 1200.0 1235.0 1216.0
1232.0 1212.0 1200.0 1200.0 1247.0 1233.0 1200.0
2965.0 3574.0 3061.0 2921.0 2711.0 2205.0 2116.0
1267.0 1243.0 1375.0 1514.0 1903.0 1944.0 2618.0
2260.0 2084.0 2075.0 2072.0 1988.0 1980.0 1971.0
1075.0 1050.0 1131.0 1200.0 1182.0 1160.0 1200.0
1200.0 1129.0 1103.0 997.0 929.0 850.0 675.0
1734.0 1874.0 2007.0 2117.0 1979.0 2043.0 1921.0
950.0 1012.0 1023.0 1000.0 1075.0 1050.0 1131.0
1050.0 1131.0 1200.0 1182.0 1160.0 1200.0 1129.0
4157.0 4094.0 4100.0 3808.0 3982.0 3562.0 2965.0
1510.0 1578.0 1679.0 2070.0 1970.0 2002.0 2110.0
2205.0 2116.0 1881.0 1556.0 1524.0 1369.0 1361.0
2106.0 2225.0 2332.0 3147.0 3519.0 3286.0 4258.0
1200.0 1247.0 1233.0 1200.0 1235.0 1216.0 1208.0
929.0 850.0 675.0 912.0 1200.0 1185.0 1068.0
1216.0 1208.0 1150.0 1160.0 1251.0 1062.0 950.0
1185.0 1068.0 1112.0 1369.0 1476.0 1354.0 1267.0
2346.0 2287.0 2245.0 2260.0 2084.0 2075.0 2072.0
1881.0 1556.0 1524.0 1369.0 1361.0 1309.0 1287.0
4435.0 4157.0 4094.0 4100.0 3808.0 3982.0 3562.0
1692.0 1510.0 1578.0 1679.0 2070.0 1970.0 2002.0
1874.0 2007.0 2117.0 1979.0 2043.0 1921.0 1350.0
1514.0 1903.0 1944.0 2618.0 2346.0 2287.0 2245.0
1309.0 1287.0 1342.0 1309.0 1240.0 1093.0 1050.0
3147.0 3519.0 3286.0 4258.0 5394.0 4435.0 4157.0
1200.0 1185.0 1068.0 1112.0 1369.0 1476.0 1354.0
2116.0 1881.0 1556.0 1524.0 1369.0 1361.0 1309.0
1200.0 1182.0 1160.0 1200.0 1129.0 1103.0 997.0
2287.0 2245.0 2260.0 2084.0 2075.0 2072.0 1988.0
1012.0 1023.0 1000.0 1075.0 1050.0 1131.0 1200.0
1578.0 1679.0 2070.0 1970.0 2002.0 2110.0 2106.0
850.0 675.0 912.0 1200.0 1185.0 1068.0 1112.0
2117.0 1979.0 2043.0 1921.0 1350.0 1350.0 1599.0
2007.0 2117.0 1979.0 2043.0 1921.0 1350.0 1350.0
1287.0 1342.0 1309.0 1240.0 1093.0 1050.0 1232.0
2332.0 3147.0 3519.0 3286.0 4258.0 5394.0 4435.0
3519.0 3286.0 4258.0 5394.0 4435.0 4157.0 4094.0
1233.0 1200.0 1235.0 1216.0 1208.0 1150.0 1160.0
1023.0 1000.0 1075.0 1050.0 1131.0 1200.0 1182.0
1150.0 1160.0 1251.0 1062.0 950.0 1012.0 1023.0
912.0 1200.0 1185.0 1068.0 1112.0 1369.0 1476.0
1208.0 1150.0 1160.0 1251.0 1062.0 950.0 1012.0
1062.0 950.0 1012.0 1023.0 1000.0 1075.0 1050.0
2245.0 2260.0 2084.0 2075.0 2072.0 1988.0 1980.0
4100.0 3808.0 3982.0 3562.0 2965.0 3574.0 3061.0
1050.0 1232.0 1212.0 1200.0 1200.0 1247.0 1233.0
3061.0 2921.0 2711.0 2205.0 2116.0 1881.0 1556.0
1309.0 1240.0 1093.0 1050.0 1232.0 1212.0 1200.0
1251.0 1062.0 950.0 1012.0 1023.0 1000.0 1075.0
1375.0 1514.0 1903.0 1944.0 2618.0 2346.0 2287.0
1000.0 1075.0 1050.0 1131.0 1200.0 1182.0 1160.0
675.0 912.0 1200.0 1185.0 1068.0 1112.0 1369.0
1800.0 1761.0 2290.0 2051.0 2050.0 2201.0 1909.0
1277.0 1223.0 1267.0 1243.0 1375.0 1514.0 1903.0
1643.0 1454.0 1658.0 1657.0 1692.0 1510.0 1578.0
1280.0 1275.0 1367.0 1289.0 1277.0 1223.0 1267.0
2070.0 1970.0 2002.0 2110.0 2106.0 2225.0 2332.0
2051.0 2050.0 2201.0 1909.0 1773.0 1884.0 1832.0
1657.0 1692.0 1510.0 1578.0 1679.0 2070.0 1970.0
2043.0 1921.0 1350.0 1350.0 1599.0 1643.0 1454.0
1673.0 1682.0 1705.0 1734.0 1874.0 2007.0 2117.0
1367.0 1289.0 1277.0 1223.0 1267.0 1243.0 1375.0
1971.0 1800.0 1761.0 2290.0 2051.0 2050.0 2201.0
1160.0 1251.0 1062.0 950.0 1012.0 1023.0 1000.0
1223.0 1267.0 1243.0 1375.0 1514.0 1903.0 1944.0
1339.0 1280.0 1275.0 1367.0 1289.0 1277.0 1223.0
2050.0 2201.0 1909.0 1773.0 1884.0 1832.0 1912.0
3808.0 3982.0 3562.0 2965.0 3574.0 3061.0 2921.0
1811.0 1722.0 1673.0 1682.0 1705.0 1734.0 1874.0
3574.0 3061.0 2921.0 2711.0 2205.0 2116.0 1881.0
1722.0 1673.0 1682.0 1705.0 1734.0 1874.0 2007.0
1247.0 1233.0 1200.0 1235.0 1216.0 1208.0 1150.0
1350.0 1599.0 1643.0 1454.0 1658.0 1657.0 1692.0
1658.0 1657.0 1692.0 1510.0 1578.0 1679.0 2070.0
1240.0 1093.0 1050.0 1232.0 1212.0 1200.0 1200.0
1556.0 1524.0 1369.0 1361.0 1309.0 1287.0 1342.0
1129.0 1103.0 997.0 929.0 850.0 675.0 912.0
1970.0 2002.0 2110.0 2106.0 2225.0 2332.0 3147.0
1903.0 1944.0 2618.0 2346.0 2287.0 2245.0 2260.0
1912.0 2022.0 2065.0 1811.0 1722.0 1673.0 1682.0
2201.0 1909.0 1773.0 1884.0 1832.0 1912.0 2022.0
1454.0 1658.0 1657.0 1692.0 1510.0 1578.0 1679.0
1131.0 1200.0 1182.0 1160.0 1200.0 1129.0 1103.0
1200.0 1235.0 1216.0 1208.0 1150.0 1160.0 1251.0
3982.0 3562.0 2965.0 3574.0 3061.0 2921.0 2711.0
1682.0 1705.0 1734.0 1874.0 2007.0 2117.0 1979.0
1979.0 2043.0 1921.0 1350.0 1350.0 1599.0 1643.0
1524.0 1369.0 1361.0 1309.0 1287.0 1342.0 1309.0
2711.0 2205.0 2116.0 1881.0 1556.0 1524.0 1369.0
2298.0 1110.0 1200.0 1200.0 1200.0 1200.0 1291.0
1882.0 1800.0 1922.0 1857.0 1800.0 1889.0 1800.0
1110.0 1200.0 1200.0 1200.0 1200.0 1291.0 1200.0
2400.0 2298.0 1110.0 1200.0 1200.0 1200.0 1200.0
1800.0 1889.0 1800.0 1800.0 1800.0 1800.0 1964.0
1588.0 1882.0 1800.0 1922.0 1857.0 1800.0 1889.0
1889.0 1800.0 1800.0 1800.0 1800.0 1964.0 2800.0
1200.0 1588.0 1882.0 1800.0 1922.0 1857.0 1800.0
1922.0 1857.0 1800.0 1889.0 1800.0 1800.0 1800.0
1857.0 1800.0 1889.0 1800.0 1800.0 1800.0 1800.0
1800.0 1922.0 1857.0 1800.0 1889.0 1800.0 1800.0
1753.0 1704.0 1574.0 1618.0 1820.0 1956.0 2127.0
917.0 903.0 918.0 898.0 891.0 1012.0 1050.0
1392.0 1356.0 1325.0 1250.0 1306.0 1182.0 1077.0
1980.0 1814.0 1800.0 1929.0 1753.0 1704.0 1574.0
1250.0 1306.0 1182.0 1077.0 1085.0 1005.0 980.0
825.0 853.0 870.0 904.0 900.0 1000.0 918.0
1051.0 885.0 961.0 950.0 945.0 917.0 903.0
904.0 900.0 1000.0 918.0 931.0 869.0 850.0
1640.0 1709.0 1740.0 2144.0 2468.0 3204.0 3024.0
1308.0 1196.0 1054.0 1098.0 1108.0 1177.0 1092.0
1471.0 1756.0 1636.0 1811.0 1959.0 1902.0 1709.0
1700.0 1675.0 1831.0 1895.0 1850.0 1782.0 1786.0
1500.0 1549.0 1447.0 1458.0 1392.0 1356.0 1325.0
1574.0 1618.0 1820.0 1956.0 2127.0 1838.0 1797.0
1956.0 2127.0 1838.0 1797.0 1647.0 1630.0 1700.0
1704.0 1574.0 1618.0 1820.0 1956.0 2127.0 1838.0
800.0 800.0 816.0 800.0 855.0 785.0 800.0
1600.0 1980.0 1814.0 1800.0 1929.0 1753.0 1704.0
1770.0 1655.0 1436.0 1340.0 1322.0 1240.0 1121.0
3509.0 3186.0 3315.0 3043.0 2553.0 2509.0 2246.0
1340.0 1322.0 1240.0 1121.0 1075.0 1184.0 1267.0
1510.0 1051.0 885.0 961.0 950.0 945.0 917.0
891.0 1012.0 1050.0 1263.0 1471.0 1756.0 1636.0
4763.0 4459.0 4597.0 4469.0 4233.0 4072.0 3628.0
3024.0 3882.0 4763.0 4459.0 4597.0 4469.0 4233.0
1791.0 1719.0 1662.0 1625.0 1717.0 1733.0 1618.0
900.0 825.0 853.0 870.0 904.0 900.0 1000.0
1077.0 1085.0 1005.0 980.0 892.0 798.0 802.0
900.0 1000.0 918.0 931.0 869.0 850.0 932.0
2553.0 2509.0 2246.0 1770.0 1604.0 1542.0 1458.0
950.0 945.0 917.0 903.0 918.0 898.0 891.0
1549.0 1447.0 1458.0 1392.0 1356.0 1325.0 1250.0
3882.0 4763.0 4459.0 4597.0 4469.0 4233.0 4072.0
1740.0 2144.0 2468.0 3204.0 3024.0 3882.0 4763.0
1709.0 1791.0 1719.0 1662.0 1625.0 1717.0 1733.0
1586.0 1640.0 1709.0 1740.0 2144.0 2468.0 3204.0
800.0 800.0 800.0 800.0 816.0 800.0 855.0
1655.0 1436.0 1340.0 1322.0 1240.0 1121.0 1075.0
1272.0 1547.0 1604.0 1586.0 1640.0 1709.0 1740.0
1756.0 1636.0 1811.0 1959.0 1902.0 1709.0 1791.0
802.0 806.0 807.0 748.0 800.0 800.0 800.0
1618.0 1820.0 1956.0 2127.0 1838.0 1797.0 1647.0
4469.0 4233.0 4072.0 3628.0 3509.0 3186.0 3315.0
1054.0 1098.0 1108.0 1177.0 1092.0 1510.0 1051.0
1085.0 1005.0 980.0 892.0 798.0 802.0 806.0
1182.0 1077.0 1085.0 1005.0 980.0 892.0 798.0
3186.0 3315.0 3043.0 2553.0 2509.0 2246.0 1770.0
898.0 891.0 1012.0 1050.0 1263.0 1471.0 1756.0
1902.0 1709.0 1791.0 1719.0 1662.0 1625.0 1717.0
855.0 785.0 800.0 857.0 900.0 825.0 853.0
853.0 870.0 904.0 900.0 1000.0 918.0 931.0
1675.0 1831.0 1895.0 1850.0 1782.0 1786.0 1770.0
1717.0 1733.0 1618.0 1600.0 1980.0 1814.0 1800.0
785.0 800.0 857.0 900.0 825.0 853.0 870.0
4597.0 4469.0 4233.0 4072.0 3628.0 3509.0 3186.0
1267.0 1051.0 1272.0 1547.0 1604.0 1586.0 1640.0
2246.0 1770.0 1604.0 1542.0 1458.0 1500.0 1549.0
1709.0 1740.0 2144.0 2468.0 3204.0 3024.0 3882.0
1005.0 980.0 892.0 798.0 802.0 806.0 807.0
1000.0 918.0 931.0 869.0 850.0 932.0 851.0
806.0 807.0 748.0 800.0 800.0 800.0 800.0
932.0 851.0 955.0 870.0 1156.0 1155.0 1229.0
1636.0 1811.0 1959.0 1902.0 1709.0 1791.0 1719.0
1604.0 1542.0 1458.0 1500.0 1549.0 1447.0 1458.0
1959.0 1902.0 1709.0 1791.0 1719.0 1662.0 1625.0
1184.0 1267.0 1051.0 1272.0 1547.0 1604.0 1586.0
1831.0 1895.0 1850.0 1782.0 1786.0 1770.0 1655.0
1050.0 1263.0 1471.0 1756.0 1636.0 1811.0 1959.0
1447.0 1458.0 1392.0 1356.0 1325.0 1250.0 1306.0
2468.0 3204.0 3024.0 3882.0 4763.0 4459.0 4597.0
850.0 932.0 851.0 955.0 870.0 1156.0 1155.0
1770.0 1604.0 1542.0 1458.0 1500.0 1549.0 1447.0
857.0 900.0 825.0 853.0 870.0 904.0 900.0
1719.0 1662.0 1625.0 1717.0 1733.0 1618.0 1600.0
1811.0 1959.0 1902.0 1709.0 1791.0 1719.0 1662.0
800.0 816.0 800.0 855.0 785.0 800.0 857.0
1051.0 1272.0 1547.0 1604.0 1586.0 1640.0 1709.0
918.0 931.0 869.0 850.0 932.0 851.0 955.0
1850.0 1782.0 1786.0 1770.0 1655.0 1436.0 1340.0
1895.0 1850.0 1782.0 1786.0 1770.0 1655.0 1436.0
1458.0 1392.0 1356.0 1325.0 1250.0 1306.0 1182.0
2144.0 2468.0 3204.0 3024.0 3882.0 4763.0 4459.0
3204.0 3024.0 3882.0 4763.0 4459.0 4597.0 4469.0
892.0 798.0 802.0 806.0 807.0 748.0 800.0
816.0 800.0 855.0 785.0 800.0 857.0 900.0
748.0 800.0 800.0 800.0 800.0 800.0 816.0
869.0 850.0 932.0 851.0 955.0 870.0 1156.0
807.0 748.0 800.0 800.0 800.0 800.0 800.0
1098.0 1108.0 1177.0 1092.0 1510.0 1051.0 885.0
800.0 800.0 800.0 816.0 800.0 855.0 785.0
4459.0 4597.0 4469.0 4233.0 4072.0 3628.0 3509.0
4233.0 4072.0 3628.0 3509.0 3186.0 3315.0 3043.0
1306.0 1182.0 1077.0 1085.0 1005.0 980.0 892.0
3043.0 2553.0 2509.0 2246.0 1770.0 1604.0 1542.0
1356.0 1325.0 1250.0 1306.0 1182.0 1077.0 1085.0
1662.0 1625.0 1717.0 1733.0 1618.0 1600.0 1980.0
1012.0 1050.0 1263.0 1471.0 1756.0 1636.0 1811.0
800.0 855.0 785.0 800.0 857.0 900.0 825.0
931.0 869.0 850.0 932.0 851.0 955.0 870.0
1618.0 1600.0 1980.0 1814.0 1800.0 1929.0 1753.0
903.0 918.0 898.0 891.0 1012.0 1050.0 1263.0
1322.0 1240.0 1121.0 1075.0 1184.0 1267.0 1051.0
961.0 950.0 945.0 917.0 903.0 918.0 898.0
1547.0 1604.0 1586.0 1640.0 1709.0 1740.0 2144.0
1814.0 1800.0 1929.0 1753.0 1704.0 1574.0 1618.0
1290.0 1308.0 1196.0 1054.0 1098.0 1108.0 1177.0
1075.0 1184.0 1267.0 1051.0 1272.0 1547.0 1604.0
1786.0 1770.0 1655.0 1436.0 1340.0 1322.0 1240.0
1625.0 1717.0 1733.0 1618.0 1600.0 1980.0 1814.0
1647.0 1630.0 1700.0 1675.0 1831.0 1895.0 1850.0
945.0 917.0 903.0 918.0 898.0 891.0 1012.0
1733.0 1618.0 1600.0 1980.0 1814.0 1800.0 1929.0
800.0 800.0 800.0 800.0 800.0 816.0 800.0
918.0 898.0 891.0 1012.0 1050.0 1263.0 1471.0
885.0 961.0 950.0 945.0 917.0 903.0 918.0
1494.0 1489.0 1397.0 1290.0 1308.0 1196.0 1054.0
1177.0 1092.0 1510.0 1051.0 885.0 961.0 950.0
1108.0 1177.0 1092.0 1510.0 1051.0 885.0 961.0
1800.0 1929.0 1753.0 1704.0 1574.0 1618.0 1820.0
4072.0 3628.0 3509.0 3186.0 3315.0 3043.0 2553.0
1838.0 1797.0 1647.0 1630.0 1700.0 1675.0 1831.0
3315.0 3043.0 2553.0 2509.0 2246.0 1770.0 1604.0
1797.0 1647.0 1630.0 1700.0 1675.0 1831.0 1895.0
980.0 892.0 798.0 802.0 806.0 807.0 748.0
1436.0 1340.0 1322.0 1240.0 1121.0 1075.0 1184.0
1121.0 1075.0 1184.0 1267.0 1051.0 1272.0 1547.0
1325.0 1250.0 1306.0 1182.0 1077.0 1085.0 1005.0
1542.0 1458.0 1500.0 1549.0 1447.0 1458.0 1392.0
870.0 904.0 900.0 1000.0 918.0 931.0 869.0
1604.0 1586.0 1640.0 1709.0 1740.0 2144.0 2468.0
1196.0 1054.0 1098.0 1108.0 1177.0 1092.0 1510.0
1458.0 1500.0 1549.0 1447.0 1458.0 1392.0 1356.0
1263.0 1471.0 1756.0 1636.0 1811.0 1959.0 1902.0
1397.0 1290.0 1308.0 1196.0 1054.0 1098.0 1108.0
1820.0 1956.0 2127.0 1838.0 1797.0 1647.0 1630.0
1929.0 1753.0 1704.0 1574.0 1618.0 1820.0 1956.0
1240.0 1121.0 1075.0 1184.0 1267.0 1051.0 1272.0
1489.0 1397.0 1290.0 1308.0 1196.0 1054.0 1098.0
800.0 857.0 900.0 825.0 853.0 870.0 904.0
1092.0 1510.0 1051.0 885.0 961.0 950.0 945.0
798.0 802.0 806.0 807.0 748.0 800.0 800.0
3628.0 3509.0 3186.0 3315.0 3043.0 2553.0 2509.0
1630.0 1700.0 1675.0 1831.0 1895.0 1850.0 1782.0
1782.0 1786.0 1770.0 1655.0 1436.0 1340.0 1322.0
2127.0 1838.0 1797.0 1647.0 1630.0 1700.0 1675.0
2509.0 2246.0 1770.0 1604.0 1542.0 1458.0 1500.0
3750.0 3750.0 3750.0 4250.0 4250.0 4250.0 4250.0
3750.0 4250.0 4250.0 4250.0 4250.0 4250.0 4750.0
3904.0 3750.0 3750.0 3750.0 3750.0 3750.0 3750.0
3750.0 3750.0 3750.0 3750.0 3750.0 4250.0 4250.0
3150.0 3614.0 3750.0 3904.0 3750.0 3750.0 3750.0
4750.0 5083.0 5250.0 5667.0 5750.0 5250.0 5250.0
4250.0 3150.0 3614.0 3750.0 3904.0 3750.0 3750.0
3750.0 3904.0 3750.0 3750.0 3750.0 3750.0 3750.0
4250.0 4250.0 3150.0 3614.0 3750.0 3904.0 3750.0
3750.0 3750.0 3750.0 3750.0 4250.0 4250.0 4250.0
3750.0 3750.0 4250.0 4250.0 4250.0 4250.0 4250.0
5250.0 4250.0 4250.0 3150.0 3614.0 3750.0 3904.0
3750.0 3750.0 3750.0 3750.0 3750.0 3750.0 3750.0
3614.0 3750.0 3904.0 3750.0 3750.0 3750.0 3750.0
3750.0 3750.0 3750.0 3750.0 3750.0 3750.0 4250.0
3750.0 3750.0 3750.0 3750.0 3750.0 3750.0 3750.0
