0.000000 0.000000 0.000000 0.000000 
0.000000 0.000000 0.000000 0.000000 
0.000000 0.000000 0.000000 0.000000 
0.000000 0.000000 0.000000 0.000000 
1.000000 0.000000 0.000000 0.000000 
0.000000 0.000000 0.000000 0.000000 
1.711000 0.689200 0.000000 0.289000 
0.000000 0.000000 0.000000 0.000000 
0.000000 0.000000 0.000000 0.000000 
0.000000 0.000000 0.000000 0.000000 
0.000000 0.000000 0.000000 0.000000 
1.000000 0.000000 0.000000 0.000000 
0.000000 0.000000 0.000000 0.000000 
0.834000 0.584900 0.000000 0.166000 
0.000000 0.000000 0.000000 0.000000 
2.000000 0.000000 0.000000 0.000000 
2.000000 0.000000 0.000000 0.000000 
4.667000 -0.492600 0.226000 0.107000 
1.000000 0.000000 0.000000 0.000000 
5.000000 2.294000 0.000000 1.000000 
3.000000 0.000000 0.000000 0.000000 
4.555000 -0.140900 0.257000 0.188000 
1.000000 0.000000 0.000000 0.000000 
1.693000 0.324400 0.122000 0.185000 
0.000000 0.000000 0.000000 0.000000 
2.870000 -0.400300 0.130000 0.000000 
3.730000 0.571900 0.000000 0.270000 
0.759000 0.585900 0.000000 0.241000 
0.847000 0.440400 0.000000 0.153000 
2.870000 0.401900 0.000000 0.130000 
0.756000 0.775700 0.000000 0.244000 
1.000000 0.000000 0.000000 0.000000 
2.718000 -0.069100 0.130000 0.152000 
0.000000 0.000000 0.000000 0.000000 
1.520000 0.872700 0.099000 0.382000 
0.763000 0.051600 0.114000 0.123000 
0.000000 0.000000 0.000000 0.000000 
1.000000 0.000000 0.000000 0.000000 
0.803000 0.260700 0.077000 0.121000 
121.546000 13.413300 8.451000 15.001000 
239.160000 17.425200 24.182000 31.650000 
167.742000 8.187100 16.867000 21.397000 
165.840000 15.339700 11.820000 20.344000 
155.684000 2.860900 15.484000 17.838000 
331.392000 7.777600 35.123000 39.483000 
555.678000 86.303600 45.858000 99.464000 
403.360000 15.570800 40.335000 48.298000 
586.133000 24.320600 48.822000 61.051000 
376.810000 15.255900 39.236000 46.955000 
403.060000 24.729000 38.010000 48.930000 
357.758000 36.798900 31.432000 49.814000 
352.070000 12.547000 35.585000 41.347000 
563.223000 15.654700 60.304000 69.451000 
379.594000 18.257300 38.149000 49.256000 
448.384000 14.543000 45.901000 54.715000 
419.574000 35.661800 39.721000 58.708000 
391.882000 8.865100 40.012000 44.102000 
468.819000 24.408300 45.120000 59.056000 
434.834000 1.590100 42.335000 45.830000 
464.238000 1.362600 46.911000 48.850000 
351.253000 3.896600 36.537000 41.216000 
435.365000 32.452900 37.994000 52.637000 
456.352000 42.647000 35.379000 56.270000 
479.634000 43.936800 38.229000 60.137000 
357.969000 30.849200 29.490000 47.541000 
360.461000 9.543700 42.057000 48.488000 
353.308000 17.631400 35.216000 43.473000 
450.957000 23.083500 39.660000 52.381000 
386.220000 13.592500 40.486000 47.294000 
211.690000 2.778100 24.785000 27.530000 
0.000000 0.000000 0.000000 0.000000 
0.000000 0.000000 0.000000 0.000000 
0.000000 0.000000 0.000000 0.000000 
0.000000 0.000000 0.000000 0.000000 
2.909000 0.077200 0.000000 0.091000 
3.238000 2.588900 0.206000 1.557000 
2.940000 1.583700 0.000000 1.060000 
2.812000 2.016300 0.179000 1.009000 
2.488000 0.266500 0.210000 0.302000 
15.358000 0.205100 1.867000 1.774000 
6.644000 0.486100 0.973000 1.383000 
7.294000 1.054800 0.725000 0.981000 
4.433000 0.740100 0.203000 0.364000 
16.371000 2.198300 1.137000 1.493000 
17.046000 0.677900 1.301000 1.653000 
36.126000 6.742200 1.602000 5.272000 
8.534000 1.546200 0.877000 1.589000 
19.920000 4.036500 0.687000 3.393000 
13.184000 2.246700 0.681000 2.134000 
27.513000 1.963400 1.394000 3.091000 
10.450000 1.262500 0.524000 1.026000 
31.988000 3.618000 0.504000 2.508000 
12.298000 1.407000 0.450000 1.252000 
12.796000 -0.834300 0.770000 1.434000 
12.205000 0.644300 0.776000 1.019000 
23.281000 2.414100 0.298000 1.421000 
19.378000 0.117900 0.227000 0.395000 
26.348000 4.076400 0.937000 2.715000 
24.461000 -1.050900 2.597000 1.943000 
17.260000 1.474500 0.577000 1.164000 
12.270000 1.869100 0.345000 1.385000 
20.817000 3.601400 0.971000 3.212000 
31.038000 -0.045400 1.644000 1.318000 
51.942000 2.795500 1.457000 2.601000 
34.215000 0.322000 3.095000 2.689000 
0.625000 0.636900 0.000000 0.375000 
1.000000 0.000000 0.000000 0.000000 
0.000000 0.000000 0.000000 0.000000 
0.000000 0.000000 0.000000 0.000000 
19.263000 0.315100 0.856000 0.881000 
19.828000 2.114300 1.595000 2.578000 
6.456000 -0.347600 0.969000 0.574000 
15.036000 -0.661800 2.398000 2.567000 
18.218000 2.686700 0.496000 1.286000 
53.881000 10.665600 3.019000 8.100000 
25.541000 3.611100 2.162000 3.297000 
41.082000 7.178600 1.660000 5.257000 
46.043000 9.483300 2.031000 5.926000 
36.558000 1.195100 2.386000 3.057000 
38.946000 2.605300 2.569000 3.484000 
35.735000 6.035900 1.096000 4.170000 
39.458000 3.743100 3.338000 5.205000 
42.988000 4.878000 2.654000 4.361000 
38.977000 9.197200 1.471000 5.552000 
43.013000 1.651400 3.463000 4.524000 
40.629000 9.142700 2.672000 6.697000 
42.317000 5.855800 1.453000 4.231000 
29.076000 4.619500 2.125000 4.799000 
37.162000 4.317400 2.090000 4.748000 
41.318000 4.473100 2.320000 4.363000 
29.406000 6.139300 0.868000 3.725000 
36.017000 1.330800 1.748000 3.236000 
38.519000 4.408300 2.258000 5.225000 
36.737000 3.353000 3.147000 4.115000 
28.659000 5.414500 2.441000 4.899000 
46.681000 11.276300 1.706000 6.612000 
39.110000 1.517200 3.813000 5.077000 
31.056000 1.954800 1.689000 2.255000 
30.113000 4.484700 2.103000 3.785000 
106.905000 3.585900 9.024000 12.073000 
0.000000 0.000000 0.000000 0.000000 
0.000000 0.000000 0.000000 0.000000 
0.000000 0.000000 0.000000 0.000000 
0.000000 0.000000 0.000000 0.000000 
0.000000 0.000000 0.000000 0.000000 
0.000000 0.000000 0.000000 0.000000 
0.000000 0.000000 0.000000 0.000000 
0.000000 0.000000 0.000000 0.000000 
0.000000 0.000000 0.000000 0.000000 
2.252000 -0.951500 0.748000 0.000000 
0.841000 -0.556200 0.159000 0.000000 
0.831000 0.502300 0.000000 0.169000 
0.000000 0.000000 0.000000 0.000000 
0.000000 0.000000 0.000000 0.000000 
1.847000 0.202300 0.000000 0.153000 
0.810000 0.509300 0.000000 0.190000 
0.000000 0.000000 0.000000 0.000000 
1.000000 0.000000 0.000000 0.000000 
0.940000 -0.102700 0.060000 0.000000 
9.000000 0.000000 0.000000 0.000000 
0.847000 0.440400 0.000000 0.153000 
8.625000 0.718400 0.000000 0.375000 
0.000000 0.000000 0.000000 0.000000 
0.000000 0.000000 0.000000 0.000000 
0.744000 -0.476700 0.256000 0.000000 
1.706000 0.526700 0.076000 0.218000 
0.000000 0.000000 0.000000 0.000000 
0.000000 0.000000 0.000000 0.000000 
1.000000 0.000000 0.000000 0.000000 
3.000000 0.000000 0.000000 0.000000 
1.000000 0.000000 0.000000 0.000000 
0.000000 0.000000 0.000000 0.000000 
3.000000 0.000000 0.000000 0.000000 
0.000000 0.000000 0.000000 0.000000 
1.761000 0.419000 0.000000 0.239000 
3.312000 0.144400 0.268000 0.420000 
0.000000 0.000000 0.000000 0.000000 
0.000000 0.000000 0.000000 0.000000 
0.000000 0.000000 0.000000 0.000000 
121.981000 10.893200 0.949000 6.070000 
56.562000 10.592400 2.773000 7.664000 
56.848000 10.039000 1.711000 7.441000 
50.247000 8.469200 2.380000 6.374000 
42.571000 -1.163100 3.012000 2.416000 
81.767000 7.377200 4.940000 9.292000 
94.565000 9.566500 4.572000 9.862000 
66.749000 7.400700 3.401000 6.851000 
88.922000 10.930300 3.865000 10.214000 
93.795000 17.068000 2.230000 10.976000 
108.319000 11.978200 5.837000 10.843000 
121.987000 20.492300 8.299000 17.715000 
90.386000 13.212600 4.859000 10.753000 
160.704000 14.311900 7.549000 13.746000 
102.974000 11.301000 5.013000 11.011000 
145.937000 3.520300 9.342000 10.720000 
181.984000 83.401200 6.532000 68.480000 
138.704000 19.037700 8.102000 18.193000 
169.206000 22.744500 6.045000 16.751000 
120.302000 6.131300 9.278000 11.418000 
90.976000 18.405000 5.237000 13.788000 
133.093000 10.590400 5.263000 10.646000 
140.369000 46.879600 7.708000 32.926000 
152.579000 17.508200 13.802000 21.621000 
121.960000 15.435400 4.476000 12.565000 
87.488000 15.508300 3.094000 13.419000 
95.909000 14.345500 3.812000 10.280000 
121.271000 20.776600 7.710000 18.018000 
85.100000 8.126100 5.046000 9.854000 
132.007000 21.400500 7.282000 17.712000 
114.321000 15.552100 6.275000 13.406000 
0.000000 0.000000 0.000000 0.000000 
0.000000 0.000000 0.000000 0.000000 
0.000000 0.000000 0.000000 0.000000 
0.000000 0.000000 0.000000 0.000000 
19.427000 2.159700 0.866000 1.707000 
29.248000 6.399400 1.732000 5.021000 
28.830000 3.480200 2.319000 3.850000 
12.743000 1.136000 1.146000 2.111000 
19.706000 7.183900 1.720000 4.576000 
47.748000 8.423300 3.280000 6.972000 
51.001000 1.628700 2.852000 4.147000 
61.370000 24.746100 3.853000 15.779000 
59.787000 18.477200 2.226000 11.988000 
57.696000 8.771000 3.461000 6.842000 
63.253000 12.556800 4.619000 10.127000 
63.102000 9.456200 4.119000 8.778000 
67.400000 11.313600 4.299000 10.303000 
72.716000 27.326800 3.271000 16.014000 
41.869000 10.416500 2.573000 7.557000 
54.192000 6.424500 3.006000 6.801000 
60.027000 7.618700 4.749000 8.223000 
72.877000 1.048800 8.118000 9.006000 
76.300000 15.793800 4.287000 12.411000 
79.366000 11.281400 3.975000 9.661000 
56.235000 7.525200 4.643000 8.122000 
68.123000 11.585000 2.883000 7.993000 
78.815000 15.605500 5.652000 14.532000 
121.538000 15.479600 8.928000 18.536000 
97.495000 22.616200 4.847000 14.658000 
61.336000 2.216700 6.167000 7.497000 
57.247000 3.169800 3.124000 5.628000 
78.871000 6.929500 3.589000 6.540000 
51.548000 16.073400 2.268000 9.183000 
99.311000 17.235900 3.723000 11.965000 
38.802000 5.745900 1.042000 4.155000 
0.000000 0.000000 0.000000 0.000000 
0.000000 0.000000 0.000000 0.000000 
0.000000 0.000000 0.000000 0.000000 
0.000000 0.000000 0.000000 0.000000 
0.000000 0.000000 0.000000 0.000000 
2.000000 0.000000 0.000000 0.000000 
2.562000 -1.220000 0.438000 0.000000 
0.000000 0.000000 0.000000 0.000000 
0.000000 0.000000 0.000000 0.000000 
0.000000 0.000000 0.000000 0.000000 
3.693000 1.094600 0.000000 0.307000 
0.792000 0.636900 0.000000 0.208000 
0.713000 0.703400 0.000000 0.287000 
0.000000 0.000000 0.000000 0.000000 
1.803000 0.401900 0.000000 0.197000 
0.825000 0.526700 0.000000 0.175000 
0.000000 0.000000 0.000000 0.000000 
0.000000 0.000000 0.000000 0.000000 
0.827000 0.680800 0.000000 0.173000 
0.694000 0.475400 0.000000 0.306000 
2.237000 2.038800 0.000000 0.763000 
0.000000 0.000000 0.000000 0.000000 
0.709000 0.570700 0.000000 0.291000 
0.638000 0.177900 0.156000 0.206000 
0.766000 0.699700 0.000000 0.234000 
0.000000 0.000000 0.000000 0.000000 
2.748000 0.401900 0.000000 0.252000 
1.000000 0.000000 0.000000 0.000000 
0.691000 0.051600 0.149000 0.160000 
0.000000 0.000000 0.000000 0.000000 
0.000000 0.000000 0.000000 0.000000 
0.000000 0.000000 0.000000 0.000000 
1.000000 0.000000 0.000000 0.000000 
0.000000 0.000000 0.000000 0.000000 
0.893000 0.202300 0.000000 0.107000 
1.942000 0.025800 0.000000 0.058000 
0.000000 0.000000 0.000000 0.000000 
0.000000 0.000000 0.000000 0.000000 
0.730000 0.812200 0.000000 0.270000 
1.117000 0.634700 0.000000 0.883000 
14.508000 1.493700 0.649000 1.842000 
26.190000 1.778600 1.542000 2.269000 
7.935000 1.363100 0.216000 0.848000 
11.336000 0.988900 0.757000 0.907000 
23.887000 4.143300 0.856000 3.257000 
24.589000 2.094600 1.021000 2.391000 
21.233000 4.069700 1.802000 2.966000 
36.349000 9.903200 0.616000 5.035000 
19.148000 2.891800 0.253000 1.599000 
26.304000 0.873300 2.709000 3.988000 
29.052000 6.678500 1.419000 4.529000 
36.591000 5.222000 1.434000 3.975000 
27.220000 5.033900 0.785000 2.996000 
17.978000 -0.360100 1.225000 0.797000 
21.719000 2.259000 2.666000 3.615000 
31.217000 5.107100 1.315000 4.468000 
19.448000 4.232400 1.809000 3.743000 
30.079000 6.016000 0.972000 3.949000 
23.207000 5.517900 1.027000 3.765000 
26.773000 3.218500 1.403000 2.824000 
28.811000 2.457500 1.713000 3.476000 
46.433000 3.518100 1.331000 3.235000 
19.391000 3.391500 0.964000 2.645000 
36.669000 6.729400 1.709000 5.620000 
30.369000 7.092300 1.087000 4.545000 
23.603000 2.110800 0.652000 1.745000 
18.146000 4.213900 0.000000 1.854000 
26.400000 7.851000 0.457000 4.143000 
48.884000 10.341400 1.707000 6.409000 
7.082000 -0.822500 0.573000 0.345000 
1.638000 0.526700 0.000000 0.362000 
0.000000 0.000000 0.000000 0.000000 
0.000000 0.000000 0.000000 0.000000 
0.000000 0.000000 0.000000 0.000000 
4.474000 0.116100 0.269000 0.257000 
3.786000 0.458800 0.000000 0.214000 
3.110000 1.307400 0.000000 0.890000 
7.701000 -0.083000 0.684000 0.615000 
3.561000 1.177200 0.000000 0.439000 
16.629000 4.911500 0.442000 2.929000 
9.034000 1.912500 0.241000 0.725000 
11.121000 3.584100 0.750000 2.129000 
17.522000 3.595000 0.141000 2.337000 
8.382000 1.337000 0.239000 1.379000 
17.236000 0.465200 0.806000 0.958000 
29.977000 0.087700 0.485000 0.538000 
16.116000 1.787400 0.099000 0.785000 
17.915000 4.675700 0.533000 2.552000 
12.424000 1.091800 0.488000 1.087000 
8.398000 0.544300 0.098000 0.504000 
16.872000 3.177400 0.265000 1.863000 
16.280000 2.543800 0.076000 1.645000 
32.216000 8.296100 0.403000 4.381000 
37.381000 3.631300 0.859000 2.760000 
12.980000 1.559700 0.200000 0.820000 
19.456000 0.802100 0.663000 0.881000 
18.131000 3.530500 0.640000 2.229000 
19.880000 2.552000 0.516000 1.605000 
12.014000 2.611900 0.373000 1.612000 
11.464000 1.470100 1.056000 1.480000 
11.257000 3.478200 0.073000 1.670000 
15.311000 6.895100 0.820000 4.869000 
7.284000 0.236400 0.318000 0.398000 
52.738000 3.082300 1.415000 2.846000 
30.278000 8.675100 0.463000 4.259000 
2.216000 -0.139900 0.550000 0.234000 
2.589000 -0.788700 0.411000 0.000000 
0.000000 0.000000 0.000000 0.000000 
1.703000 0.510700 0.077000 0.221000 
116.650000 20.513000 6.465000 14.885000 
326.147000 13.955600 28.154000 33.695000 
250.079000 26.793600 18.170000 28.748000 
205.082000 30.602300 14.843000 28.076000 
220.638000 43.711300 14.081000 31.285000 
561.172000 83.664300 42.326000 79.503000 
407.097000 44.889200 33.378000 64.532000 
410.558000 36.962400 41.655000 59.785000 
497.730000 20.450200 42.610000 56.663000 
735.783000 308.002900 38.908000 181.316000 
1121.235000 827.392800 36.129000 418.640000 
519.572000 133.507000 38.862000 96.564000 
493.584000 62.309800 31.650000 63.757000 
614.824000 212.278800 26.894000 127.281000 
934.438000 292.058200 45.889000 180.682000 
871.891000 195.029700 54.693000 155.416000 
627.964000 149.296800 36.759000 106.275000 
821.469000 196.027300 47.492000 147.038000 
617.270000 121.482700 43.773000 101.966000 
597.085000 80.672400 47.993000 84.909000 
677.539000 134.580700 44.456000 109.001000 
531.918000 56.990700 43.331000 67.748000 
827.544000 133.688500 46.375000 108.073000 
598.764000 77.353900 34.895000 74.342000 
686.852000 109.760400 33.053000 90.099000 
563.794000 45.056000 37.049000 60.162000 
575.235000 74.473200 45.868000 77.891000 
462.477000 69.970700 28.346000 61.174000 
481.236000 40.388000 38.687000 57.079000 
532.224000 73.628900 35.729000 72.045000 
269.273000 26.647500 20.442000 33.279000 
1.000000 0.000000 0.000000 0.000000 
0.000000 0.000000 0.000000 0.000000 
0.000000 0.000000 0.000000 0.000000 
0.000000 0.000000 0.000000 0.000000 
0.703000 0.670500 0.000000 0.297000 
6.373000 0.249600 0.786000 0.839000 
12.320000 0.261800 0.680000 0.999000 
1.776000 0.101200 0.104000 0.121000 
0.722000 0.401900 0.000000 0.278000 
3.602000 -0.315500 0.219000 0.179000 
3.332000 0.201100 0.388000 0.280000 
9.988000 1.922400 0.147000 0.865000 
5.085000 1.249000 0.206000 0.709000 
5.814000 1.692200 0.307000 0.879000 
4.844000 1.285900 0.254000 0.902000 
9.304000 1.318300 0.000000 0.696000 
8.322000 -0.579800 0.497000 0.181000 
4.124000 -0.800300 0.607000 0.269000 
7.676000 1.347800 0.435000 0.891000 
77.161000 -0.270200 7.338000 7.500000 
146.185000 -11.384900 15.295000 10.521000 
63.653000 -6.802200 5.528000 3.819000 
12.114000 -0.233300 0.437000 0.449000 
6.459000 -0.029400 0.855000 0.686000 
10.595000 1.441700 0.958000 1.447000 
10.288000 2.408000 0.853000 1.859000 
6.261000 -1.185000 0.570000 0.169000 
12.792000 0.520300 0.425000 0.783000 
10.328000 1.177000 0.602000 1.071000 
7.492000 -1.012300 1.035000 0.474000 
8.195000 1.265600 0.733000 1.072000 
15.534000 1.544900 0.389000 1.077000 
7.087000 -0.154200 1.130000 0.784000 
6.301000 1.296800 0.079000 0.620000 
1.659000 -0.772700 0.341000 0.000000 
0.000000 0.000000 0.000000 0.000000 
0.000000 0.000000 0.000000 0.000000 
0.000000 0.000000 0.000000 0.000000 
0.000000 0.000000 0.000000 0.000000 
0.000000 0.000000 0.000000 0.000000 
13.404000 2.950900 0.204000 1.392000 
25.643000 0.759000 1.910000 2.447000 
18.336000 -0.172100 3.040000 2.623000 
9.280000 1.010000 0.621000 1.100000 
22.440000 1.507600 1.305000 2.255000 
10.874000 0.405700 0.579000 0.548000 
12.580000 0.698500 0.610000 0.810000 
36.692000 7.084000 1.621000 4.687000 
199.495000 5.496700 0.540000 2.965000 
21.906000 0.891600 0.695000 1.399000 
15.055000 2.830000 1.072000 1.873000 
19.289000 2.936100 0.244000 1.467000 
42.970000 5.038700 0.895000 3.136000 
17.190000 4.189300 0.543000 2.266000 
45.610000 0.350200 3.026000 3.362000 
30.593000 3.389000 1.259000 3.149000 
17.742000 4.121900 0.940000 3.318000 
31.380000 5.075300 1.173000 3.446000 
17.841000 4.104100 0.817000 2.342000 
23.130000 7.622100 0.617000 4.253000 
30.199000 7.148600 1.305000 4.496000 
16.124000 2.114000 0.344000 1.532000 
45.842000 11.295400 1.036000 7.123000 
30.773000 5.572400 0.874000 3.354000 
87.529000 0.665200 4.923000 5.547000 
25.261000 3.313800 0.765000 1.973000 
20.918000 0.184700 1.656000 1.425000 
21.961000 2.980900 0.425000 1.614000 
18.183000 3.294600 0.845000 1.972000 
8.172000 -1.138300 1.913000 0.915000 
