0
0
0
0
1
0
2
0
0
0
0
1
0
1
0
2
2
5
1
6
3
5
1
2
0
3
4
1
1
3
1
1
3
0
2
1
0
1
1
145
295
206
198
189
406
701
492
696
463
490
439
429
693
467
549
518
476
573
523
560
429
526
548
578
435
451
432
543
474
264
0
0
0
0
3
5
4
4
3
19
9
9
5
19
20
43
11
24
16
32
12
35
14
15
14
25
20
30
29
19
14
25
34
56
40
1
1
0
0
21
24
8
20
20
65
31
48
54
42
45
41
48
50
46
51
50
48
36
44
48
34
41
46
44
36
55
48
35
36
128
0
0
0
0
0
0
0
0
0
3
1
1
0
0
2
1
0
1
1
9
1
9
0
0
1
2
0
0
1
3
1
0
3
0
2
4
0
0
0
129
67
66
59
48
96
109
77
103
107
125
148
106
182
119
166
257
165
192
141
110
149
181
188
139
104
110
147
100
157
134
0
0
0
0
22
36
35
16
26
58
58
81
74
68
78
76
82
92
52
64
73
90
93
93
69
79
99
149
117
75
66
89
63
115
44
0
0
0
0
0
2
3
0
0
0
4
1
1
0
2
1
0
0
1
1
3
0
1
1
1
0
3
1
1
0
0
0
1
0
1
2
0
0
1
2
17
30
9
13
28
28
26
42
21
33
35
42
31
20
28
37
25
35
28
31
34
51
23
44
36
26
20
31
57
8
2
0
0
0
5
4
4
9
4
20
10
14
20
10
19
31
17
21
14
9
19
18
37
41
14
21
21
22
14
14
13
21
8
57
35
3
3
0
2
138
388
297
248
266
683
505
512
597
956
1576
655
589
769
1161
1082
771
1016
763
730
831
643
982
708
810
661
699
552
577
640
323
1
0
0
0
1
8
14
2
1
4
4
11
6
7
6
10
9
5
9
92
172
73
13
8
13
13
7
14
12
9
10
17
9
7
2
0
0
0
0
0
15
30
24
11
26
12
14
43
203
24
18
21
47
20
52
35
22
36
21
28
36
18
54
35
98
28
24
24
21
11
