0.0000444761 0.0563575543 0.7166165607 0.1532867706 0.1359304450 1 0
0.0001129961 0.0490645619 0.7255281591 0.1622252937 0.1659365691 2 0
0.0000594106 0.0322056202 0.6714394011 0.1085608365 0.1034723919 1 0
0.0002334997 0.0490142111 0.7245079911 0.1527550373 0.1496937616 0 1
0.0001664795 0.0461676590 0.7323315351 0.1695726577 0.1858858694 0 1
0.0001984030 0.0483944670 0.7310057606 0.1666255334 0.1742987027 0 1
0.0002604687 0.0473264922 0.7273557895 0.1689441776 0.1836190171 0 1
0.0009801095 0.0262595561 0.7522138945 0.1083545690 0.1093856443 2 0
0.0002744237 0.0385989297 0.7094414791 0.1292917810 0.1331261320 0 1
0.0001488021 0.0362762760 0.7023372849 0.1468087892 0.1596000000 1 0
0.0001847518 0.0361971302 0.6554897155 0.1322475674 0.1345179948 0 1
0.0000700315 0.0601560102 0.7203904557 0.1493542294 0.1206234536 0 0
0.0002297134 0.0448611382 0.7155707230 0.1403325102 0.1184158330 1 0
0.0015513497 0.0370498759 0.6409792895 0.1915813683 0.1859656919 1 0
0.0000000000 0.0411407027 0.7001175008 0.1216880179 0.0973225804 1 0
0.0001046792 0.0358499948 0.6262175233 0.1257498168 0.1124163195 2 1
0.0000500450 0.0280372335 0.6993428586 0.1135264738 0.1283672705 0 1
0.0000000000 0.0299883504 0.6289420394 0.1086517331 0.0966972817 0 1
0.0001845018 0.0361127306 0.7246153137 0.1532050738 0.1654074262 2 1
0.0001898614 0.0490086882 0.7066725923 0.1470009534 0.1366757143 0 1
0.0000698422 0.0427298505 0.6999629138 0.1704269451 0.1977380989 1 0
0.0000519751 0.0485843295 0.7104224272 0.1444264293 0.1306291944 2 0
0.0000677323 0.0462615145 0.7041505690 0.1895130046 0.2132268491 1 0
0.0000656082 0.0416960373 0.7031165857 0.1499558457 0.1505085750 2 1
0.0001483239 0.0495806141 0.7123250519 0.1597076535 0.1595195194 1 0
0.0001729954 0.0379691203 0.7112073350 0.1486734712 0.1588040308 2 0
0.0000667824 0.0352429545 0.7009543876 0.1540806732 0.1743050755 2 0
0.0003302237 0.0323729877 0.6952785437 0.1272986048 0.1335933047 0 1
0.0000000000 0.0352932270 0.7324036772 0.1768779235 0.2215900771 2 1
0.0001421565 0.0411200512 0.7031587177 0.1769680859 0.2256913924 0 1
0.0001462630 0.0402787041 0.7015477549 0.1664678221 0.1750583443 1 0
0.0000577101 0.0555009522 0.7008852724 0.1633975358 0.1481796659 0 0
0.0002056888 0.0535378232 0.7061093970 0.1492359838 0.1342414263 2 0
0.0002212702 0.0466482456 0.7181601597 0.1571760223 0.1566436795 0 0
0.0000000000 0.0395947995 0.7045640985 0.1302607187 0.1194719259 0 1
0.0001146000 0.0394651616 0.6655043548 0.1478266101 0.1432266560 0 1
0.0000000000 0.0428741531 0.7075152613 0.1099472060 0.0932893473 2 0
0.0000605107 0.0506029892 0.6760490742 0.1246134576 0.1033136331 0 0
0.0001533292 0.0458294947 0.7245942322 0.1631122533 0.1730995230 0 0
0.0001965872 0.0480852206 0.7284685146 0.1615087285 0.1644365715 0 1
0.0000545019 0.0372950730 0.7103757358 0.1386483540 0.1565610257 0 0
0.0000979226 0.0450623208 0.6874558159 0.1866551584 0.2096351221 1 0
0.0002490795 0.0477792975 0.7189500614 0.1554012851 0.1532284146 2 0
0.0004441483 0.0439142794 0.6880470797 0.2307466134 0.2483521652 2 1
0.0001930502 0.0517932432 0.6985799228 0.1629498069 0.1571608687 2 0
0.0000000000 0.0550808044 0.7026394881 0.1782968921 0.1668242413 2 1
0.0002846469 0.0580787404 0.7460633695 0.1649231453 0.1546867159 2 1
0.0001339508 0.0555465192 0.7479529259 0.1655973057 0.1629260726 2 1
0.0000758438 0.0366437619 0.7022179750 0.1474475540 0.1533638301 2 0
0.0001428435 0.0510448433 0.7313064089 0.1747489572 0.1744005571 0 1
0.0001076426 0.0512917833 0.7494369932 0.1361247578 0.1189876067 1 0
0.0001118506 0.0392946144 0.7581929982 0.1343713718 0.1476265393 1 0
0.0000972763 0.0594399265 0.7229863705 0.1463595655 0.1165262268 2 0
0.0000696515 0.0447876048 0.7197775193 0.1697137603 0.1789738905 0 0
0.0000665657 0.0468095222 0.7006548734 0.1969049275 0.2232455309 0 1
0.0000610389 0.0440150766 0.6413756943 0.1285046084 0.1029146310 2 1
0.0000000000 0.0480130628 0.6326152590 0.1263739233 0.1053937747 0 1
0.0000000000 0.0359794650 0.6124347319 0.1140612166 0.1072299367 0 1
0.0001263184 0.0376495926 0.6392768269 0.1102286364 0.0934820438 2 0
0.0004378284 0.0445640981 0.7145986865 0.1474112960 0.1550693433 0 1
0.0001458683 0.0475590037 0.7338316315 0.1504548173 0.1453069798 1 0
0.0001252348 0.0430655917 0.7298896994 0.1638967752 0.1514775611 1 0
0.0005569338 0.0535570857 0.7453229457 0.1395789074 0.1162019037 0 1
0.0001294858 0.0535947743 0.6951537551 0.1331853866 0.1054408736 2 0
0.0001209658 0.0399235496 0.7685374026 0.1337427783 0.1279463783 0 1
0.0002413645 0.0449662894 0.7679259547 0.1319974523 0.1247919411 0 1
0.0000293436 0.0577339417 0.7494157399 0.1434674139 0.1189018193 0 1
0.0000901266 0.0347566356 0.7468313505 0.1635710198 0.1872324050 0 0
0.0000213625 0.0430740211 0.7336003290 0.1544799299 0.1637903228 0 1
0.0002787845 0.0346095623 0.6814045860 0.1567896571 0.1746641623 0 1
0.0002606542 0.0511051219 0.6967091881 0.1485008211 0.1327957227 0 1
0.0005628166 0.0362875993 0.6983008567 0.1167035833 0.0999536489 2 1
0.0001903030 0.0480337153 0.7195880151 0.1759691921 0.1795371288 2 0
0.0000375803 0.0439602275 0.7285231683 0.1850024051 0.2147301369 0 1
0.0000961499 0.0465651828 0.7288817494 0.1750101232 0.1884858742 0 1
0.0000946048 0.0405769948 0.7351875203 0.1787598659 0.2058767569 0 1
0.0003629191 0.0420210493 0.7316620434 0.1792808994 0.2056730178 2 1
0.0001467174 0.0528312059 0.7400824207 0.1732572301 0.1768710190 2 1
0.0002578509 0.0577110238 0.7370891893 0.1727540238 0.1639303178 2 0
0.0004635736 0.0563803784 0.7315543556 0.1655459917 0.1602757231 1 0
0.0001757818 0.0506860536 0.7231875898 0.1751735999 0.1858832682 1 0
0.0000417014 0.0452149430 0.7232861551 0.1696716986 0.1825388991 1 0
0.0002959393 0.0563443254 0.6983618915 0.1447413913 0.1202073308 0 1
0.0000550168 0.0607762190 0.7515849804 0.1453307338 0.1272434922 2 0
0.0000000000 0.0329666723 0.6509875127 0.2073746203 0.2057490972 1 0
0.0000000000 0.0568706497 0.7049617169 0.1552151972 0.1224883701 0 1
0.0001967600 0.0835589296 0.7102305372 0.1614827835 0.0788859907 0 0
0.0000000000 0.0558864865 0.6955003964 0.1914664505 0.1948504288 0 0
0.0001174191 0.0384227676 0.7660868902 0.1420673986 0.1461997769 1 0
0.0004576921 0.0349171577 0.7735491161 0.1477678929 0.1634733966 2 1
0.0000761789 0.0488867982 0.6908682106 0.1800319189 0.1788855870 0 0
0.0000000000 0.0462774451 0.6980218729 0.1781911178 0.1839307302 0 0
0.0000000000 0.0436863954 0.6857748527 0.1721457106 0.1756622883 2 1
0.0004138388 0.0379729349 0.6916220824 0.1532083264 0.1590892567 2 1
0.0000798467 0.0705938199 0.7284068988 0.1387223730 0.0491861067 1 0
0.0000000000 0.0326312563 0.7731878236 0.1211002202 0.1289979885 1 0
0.0003061180 0.0546621988 0.7263893821 0.1625805236 0.1562784799 0 1
0.0000747731 0.0592204534 0.7063013579 0.1219457895 0.0807823364 2 0
0.0001550580 0.0505157353 0.7368188737 0.1565305650 0.1545499746 0 0
0.0002190365 0.0637055274 0.7339387793 0.1514522884 0.1279421963 0 0
0.0002125457 0.0498783222 0.6956181154 0.1491474652 0.1363837199 1 0
0.0001217706 0.0526898161 0.6904102843 0.1409813691 0.1178256946 2 0
0.0001071418 0.0451043255 0.7074067714 0.1794875869 0.1862633238 0 0
0.0001079397 0.0475153043 0.6878287767 0.1634571402 0.1671343187 2 1
0.0001375800 0.0350548944 0.7453222123 0.1687198872 0.2042705716 1 0
0.0002472855 0.0551226686 0.7257917182 0.1652616205 0.1534107464 2 1
0.0001221971 0.0532130031 0.7198884205 0.1685814138 0.1580548970 2 0
0.0000000000 0.0514433095 0.7389673136 0.1457524685 0.1130131597 2 1
0.0001307228 0.0544562878 0.7041995410 0.1791808477 0.1668827693 1 0
0.0001288903 0.0509248483 0.7399308117 0.1682617763 0.1733312782 1 0
0.0000000000 0.0435985258 0.7748010530 0.1367469287 0.1249796490 1 0
0.0001260758 0.0489684642 0.7380219792 0.1750106912 0.1858280821 2 1
0.0000000000 0.0394033736 0.7196420070 0.1424878842 0.1307397894 1 0
0.0001675906 0.0515948111 0.7202376692 0.1580008508 0.1525683583 0 1
0.0009357343 0.0537561448 0.7260969949 0.1646902791 0.1588654193 2 1
0.0001646924 0.0500618882 0.7063357515 0.1367990512 0.1218714186 0 0
0.0002405669 0.0484160095 0.7006045977 0.1424659047 0.1369950268 0 0
0.0000840622 0.0465884315 0.7080491917 0.1413829530 0.1392384355 1 0
0.0001420152 0.0506362636 0.7349657743 0.1423623518 0.1409715615 1 0
0.0001378930 0.0470482869 0.7101231506 0.1362002896 0.1269180648 0 1
0.0001498352 0.0562292478 0.7428620018 0.1405016732 0.1201819449 0 1
0.0001230133 0.0535863800 0.7469120209 0.1465334842 0.1337697166 1 0
0.0005248736 0.0487130871 0.6983666165 0.1428720350 0.1269641616 0 0
0.0012134411 0.0470014385 0.6906546474 0.1469723721 0.1335014445 2 0
0.0000544070 0.0445286725 0.7603563112 0.1535512514 0.1615723123 2 0
0.0002091019 0.0511812540 0.7224304512 0.1613600959 0.1594475468 2 0
0.0000609162 0.0376201267 0.6759968324 0.1499932992 0.1794387488 0 1
0.0000797830 0.0444370512 0.7129706399 0.1403933301 0.1427255066 0 1
0.0000000000 0.0478372658 0.6607805344 0.1397546842 0.1304459403 2 0
0.0001762037 0.0538197436 0.7253317695 0.1313171446 0.1103269988 1 0
0.0002152636 0.0462912863 0.7266938153 0.1568619952 0.1629931143 0 1
0.0001097695 0.0561465148 0.7184943880 0.1528364229 0.1314566932 0 1
0.0001304855 0.0496294279 0.7341676602 0.1619718357 0.1674534867 0 1
0.0001410495 0.0445784804 0.7275411023 0.1770137774 0.1987909141 1 0
0.0001382552 0.0464549288 0.6986211807 0.1579391677 0.1649677174 1 0
0.0008580254 0.0407042529 0.7179026570 0.1858380763 0.2119273338 2 1
0.0001905555 0.0494128067 0.7446763521 0.1613942029 0.1642102992 0 1
0.0001457301 0.0560799038 0.7476206572 0.1512054212 0.1378005953 0 1
0.0001973543 0.0495006399 0.7111129225 0.1546818171 0.1521648165 2 0
0.0001973509 0.0513735853 0.7343965539 0.1517699419 0.1446107268 0 0
0.0001871950 0.0424171016 0.7173036837 0.1448021884 0.1438716819 1 0
0.0000660825 0.0429063082 0.7177887959 0.1498571076 0.1593524250 1 0
0.0001375271 0.0483052591 0.7094113740 0.1555518706 0.1487278182 0 0
0.0001197835 0.0500036705 0.7041168446 0.1477142649 0.1374751770 1 0
0.0001411781 0.0476576626 0.7128185155 0.1574935587 0.1583506331 2 1
0.0000608043 0.0474051959 0.7027175720 0.1478408183 0.1409508194 0 0
0.0001299222 0.0412728040 0.7404090599 0.1836095623 0.2152720732 0 0
0.0001259414 0.0527710637 0.6900242311 0.1446141911 0.1166860835 1 0
0.0001151384 0.0500777645 0.6984739557 0.1426209644 0.1287131212 1 0
0.0010480693 0.0473353676 0.6973582796 0.1486970752 0.1384477414 2 1
0.0001549735 0.0482198189 0.6967825500 0.1823816777 0.1983862317 0 1
0.0005962720 0.0507979156 0.7211015996 0.1403201462 0.1345028154 1 0
0.0001211658 0.0526746605 0.7375493191 0.1646200800 0.1584104184 1 0
0.0002540489 0.0497551392 0.7102776966 0.1490400974 0.1461996846 1 0
0.0002371691 0.0500199459 0.7202833697 0.1348321080 0.1193037923 0 1
0.0000000000 0.0402363222 0.7061349544 0.1571259119 0.1649897112 1 0
0.0001346529 0.0641918131 0.7272651989 0.1133460580 0.0380876456 2 1
0.0001105828 0.0460573925 0.6928611080 0.1526067677 0.1376595931 2 1
0.0000934929 0.0402337322 0.6746406133 0.1339498878 0.1250520942 1 0
0.0000895817 0.0523153946 0.7264892278 0.1414468781 0.1281682343 1 0
0.0001102223 0.0504919735 0.7032137526 0.1451460013 0.1314485935 2 1
0.0002031842 0.0546526494 0.7038914488 0.1487117252 0.1278116795 2 0
0.0000594742 0.0479827525 0.6761919829 0.1634251814 0.1773886702 2 1
0.0002758691 0.0516760934 0.7197879075 0.1551827705 0.1402326059 2 1
0.0000000000 0.0519021571 0.7236054428 0.1624174024 0.1396454992 2 0
0.0002287587 0.0461558584 0.7085353285 0.1600582929 0.1662487651 0 0
0.0001438676 0.0527366982 0.6604984294 0.1363289534 0.1190750198 1 0
0.0000000000 0.0334923342 0.7209451288 0.1533045887 0.1628039486 1 0
0.0000564908 0.0368458366 0.7286023048 0.1254149814 0.1237518416 1 0
0.0000703482 0.0394817446 0.7113200141 0.1399488568 0.1529141892 0 1
0.0000672269 0.0338540504 0.7099044706 0.1482753613 0.1630640807 2 1
0.0001365241 0.0443039075 0.7212065415 0.1719482769 0.1870151001 1 0
0.0000000000 0.0601688089 0.7140522717 0.1356659626 0.1012282697 1 0
0.0000638407 0.0360462206 0.6507499362 0.1332402324 0.1383229954 2 1
0.0001091465 0.0310602489 0.7159196136 0.1195891181 0.1142052117 2 1
0.0001819916 0.0496981561 0.7355512233 0.1600211074 0.1614957035 0 1
0.0001567521 0.0433415106 0.7380819291 0.1382716775 0.1414118505 1 0
0.0001096251 0.0556406216 0.7573968976 0.1414723197 0.1219191734 1 0
0.0000288351 0.0485225779 0.7206908304 0.1386940311 0.1238509170 1 0
0.0000228467 0.0404332648 0.6811991318 0.1350998858 0.1464995408 1 0
0.0000441608 0.0458183002 0.6920002650 0.1468570072 0.1384549184 1 0
0.0004133085 0.0533159744 0.7201663567 0.1740264517 0.1781651374 2 1
0.0004541326 0.0455624552 0.7761759644 0.1247945647 0.1057472943 2 1
0.0000499888 0.0499038716 0.7073068310 0.1517613537 0.1399476393 2 1
0.0000837205 0.0548816610 0.7211690318 0.2009305957 0.2293684374 2 1
0.0002460025 0.0490014760 0.7239887249 0.1910137351 0.2272124067 2 1
